UNITID,EFALEVEL,EFTOTLT,EFTOTLM,EFTOTLW
100654,1,5020,2268,2752
100654,2,4051,1969,2082
100654,3,4051,1969,2082
100654,4,1103,541,562
100654,5,2948,1428,1520
100654,12,969,299,670
100654,19,166,77,89
100654,20,2782,1351,1431
100654,21,4439,2013,2426
100654,22,3799,1836,1963
100654,23,3799,1836,1963
100654,24,1088,532,556
100654,25,2711,1304,1407
100654,32,640,177,463
100654,39,152,72,80
100654,40,2559,1232,1327
100654,41,581,255,326
100654,42,252,133,119
100654,43,252,133,119
100654,44,15,9,6
100654,45,237,124,113
100654,52,329,122,207
100654,59,14,5,9
100654,60,223,119,104
100663,1,18568,7309,11259
100663,2,11502,4780,6722
100663,3,11200,4631,6569
100663,4,1773,717,1056
100663,5,9427,3914,5513
100663,11,302,149,153
100663,12,7066,2529,4537
100663,19,1397,550,847
100663,20,8030,3364,4666
100663,21,11961,5042,6919
100663,22,8357,3501,4856
100663,23,8312,3470,4842
100663,24,1732,697,1035
100663,25,6580,2773,3807
100663,31,45,31,14
100663,32,3604,1541,2063
100663,39,887,375,512
100663,40,5693,2398,3295
100663,41,6607,2267,4340
100663,42,3145,1279,1866
100663,43,2888,1161,1727
100663,44,41,20,21
100663,45,2847,1141,1706
100663,51,257,118,139
100663,52,3462,988,2474
100663,59,510,175,335
100663,60,2337,966,1371
100690,1,631,264,367
100690,2,322,126,196
100690,3,322,126,196
100690,4,7,2,5
100690,5,315,124,191
100690,12,309,138,171
100690,20,315,124,191
100690,21,323,133,190
100690,22,202,74,128
100690,23,202,74,128
100690,24,3,0,3
100690,25,199,74,125
100690,32,121,59,62
100690,40,199,74,125
100690,41,308,131,177
100690,42,120,52,68
100690,43,120,52,68
100690,44,4,2,2
100690,45,116,50,66
100690,52,188,79,109
100690,60,116,50,66
100706,1,7376,4136,3240
100706,2,5696,3177,2519
100706,3,5525,3083,2442
100706,4,651,396,255
100706,5,4874,2687,2187
100706,11,171,94,77
100706,12,1680,959,721
100706,19,705,380,325
100706,20,4169,2307,1862
100706,21,4802,2653,2149
100706,22,4237,2331,1906
100706,23,4202,2311,1891
100706,24,638,387,251
100706,25,3564,1924,1640
100706,31,35,20,15
100706,32,565,322,243
100706,39,546,285,261
100706,40,3018,1639,1379
100706,41,2574,1483,1091
100706,42,1459,846,613
100706,43,1323,772,551
100706,44,13,9,4
100706,45,1310,763,547
100706,51,136,74,62
100706,52,1115,637,478
100706,59,159,95,64
100706,60,1151,668,483
100724,1,6075,2399,3676
100724,2,5356,2188,3168
100724,3,5354,2187,3167
100724,4,1545,628,917
100724,5,3809,1559,2250
100724,11,2,1,1
100724,12,719,211,508
100724,19,223,95,128
100724,20,3586,1464,2122
100724,21,5182,2080,3102
100724,22,4872,1975,2897
100724,23,4871,1974,2897
100724,24,1520,621,899
100724,25,3351,1353,1998
100724,31,1,1,0
100724,32,310,105,205
100724,39,198,86,112
100724,40,3153,1267,1886
100724,41,893,319,574
100724,42,484,213,271
100724,43,483,213,270
100724,44,25,7,18
100724,45,458,206,252
100724,51,1,0,1
100724,52,409,106,303
100724,59,25,9,16
100724,60,433,197,236
100751,1,34752,15763,18989
100751,2,29440,13556,15884
100751,3,28692,13214,15478
100751,4,6454,2830,3624
100751,5,22238,10384,11854
100751,11,748,342,406
100751,12,5312,2207,3105
100751,19,1474,702,772
100751,20,20764,9682,11082
100751,21,29498,13662,15836
100751,22,26548,12353,14195
100751,23,26247,12160,14087
100751,24,6428,2820,3608
100751,25,19819,9340,10479
100751,31,301,193,108
100751,32,2950,1309,1641
100751,39,1144,586,558
100751,40,18675,8754,9921
100751,41,5254,2101,3153
100751,42,2892,1203,1689
100751,43,2445,1054,1391
100751,44,26,10,16
100751,45,2419,1044,1375
100751,51,447,149,298
100751,52,2362,898,1464
100751,59,330,116,214
100751,60,2089,928,1161
100760,1,1906,738,1168
100760,2,1906,738,1168
100760,3,1779,656,1123
100760,4,561,258,303
100760,5,1218,398,820
100760,11,127,82,45
100760,19,90,32,58
100760,20,1128,366,762
100760,21,953,421,532
100760,22,953,421,532
100760,23,950,419,531
100760,24,470,216,254
100760,25,480,203,277
100760,31,3,2,1
100760,39,45,24,21
100760,40,435,179,256
100760,41,953,317,636
100760,42,953,317,636
100760,43,829,237,592
100760,44,91,42,49
100760,45,738,195,543
100760,51,124,80,44
100760,59,45,8,37
100760,60,693,187,506
100812,1,3170,1107,2063
100812,2,3170,1107,2063
100812,3,2999,1049,1950
100812,5,2999,1049,1950
100812,11,171,58,113
100812,19,738,259,479
100812,20,2261,790,1471
100812,21,1350,419,931
100812,22,1350,419,931
100812,23,1349,419,930
100812,25,1349,419,930
100812,31,1,0,1
100812,39,421,143,278
100812,40,928,276,652
100812,41,1820,688,1132
100812,42,1820,688,1132
100812,43,1650,630,1020
100812,45,1650,630,1020
100812,51,170,58,112
100812,59,317,116,201
100812,60,1333,514,819
100830,1,5084,1884,3200
100830,2,4322,1645,2677
100830,3,4322,1645,2677
100830,4,671,264,407
100830,5,3651,1381,2270
100830,12,762,239,523
100830,19,434,156,278
100830,20,3217,1225,1992
100830,21,3223,1220,2003
100830,22,2999,1138,1861
100830,23,2999,1138,1861
100830,24,589,229,360
100830,25,2410,909,1501
100830,32,224,82,142
100830,39,315,121,194
100830,40,2095,788,1307
100830,41,1861,664,1197
100830,42,1323,507,816
100830,43,1323,507,816
100830,44,82,35,47
100830,45,1241,472,769
100830,52,538,157,381
100830,59,119,35,84
100830,60,1122,437,685
100858,1,24864,12628,12236
100858,2,19799,10108,9691
100858,3,19761,10091,9670
100858,4,3726,1791,1935
100858,5,16035,8300,7735
100858,11,38,17,21
100858,12,5065,2520,2545
100858,19,1052,610,442
100858,20,14983,7690,7293
100858,21,21093,10379,10714
100858,22,18011,8973,9038
100858,23,17978,8956,9022
100858,24,3696,1780,1916
100858,25,14282,7176,7106
100858,31,33,17,16
100858,32,3082,1406,1676
100858,39,942,549,393
100858,40,13340,6627,6713
100858,41,3771,2249,1522
100858,42,1788,1135,653
100858,43,1783,1135,648
100858,44,30,11,19
100858,45,1753,1124,629
100858,51,5,0,5
100858,52,1983,1114,869
100858,59,110,61,49
100858,60,1643,1063,580
100937,1,1188,643,545
100937,2,1188,643,545
100937,3,1181,641,540
100937,4,356,202,154
100937,5,825,439,386
100937,11,7,2,5
100937,19,27,8,19
100937,20,798,431,367
100937,21,1167,632,535
100937,22,1167,632,535
100937,23,1167,632,535
100937,24,356,202,154
100937,25,811,430,381
100937,39,27,8,19
100937,40,784,422,362
100937,41,21,11,10
100937,42,21,11,10
100937,43,14,9,5
100937,45,14,9,5
100937,51,7,2,5
100937,60,14,9,5
101028,1,1837,680,1157
101028,2,1837,680,1157
101028,3,1769,653,1116
101028,4,421,185,236
101028,5,1348,468,880
101028,11,68,27,41
101028,19,328,118,210
101028,20,1020,350,670
101028,21,1053,419,634
101028,22,1053,419,634
101028,23,1051,418,633
101028,24,333,141,192
101028,25,718,277,441
101028,31,2,1,1
101028,39,167,75,92
101028,40,551,202,349
101028,41,784,261,523
101028,42,784,261,523
101028,43,718,235,483
101028,44,88,44,44
101028,45,630,191,439
101028,51,66,26,40
101028,59,161,43,118
101028,60,469,148,321
101073,1,600,349,251
101073,2,600,349,251
101073,3,523,305,218
101073,4,149,105,44
101073,5,374,200,174
101073,11,77,44,33
101073,19,42,39,3
101073,20,332,161,171
101073,21,543,338,205
101073,22,543,338,205
101073,23,490,299,191
101073,24,147,105,42
101073,25,343,194,149
101073,31,53,39,14
101073,39,39,39,0
101073,40,304,155,149
101073,41,57,11,46
101073,42,57,11,46
101073,43,33,6,27
101073,44,2,0,2
101073,45,31,6,25
101073,51,24,5,19
101073,59,3,0,3
101073,60,28,6,22
101116,1,682,177,505
101116,2,599,160,439
101116,3,599,160,439
101116,4,43,11,32
101116,5,556,149,407
101116,12,83,17,66
101116,19,144,42,102
101116,20,412,107,305
101116,21,313,92,221
101116,22,311,92,219
101116,23,311,92,219
101116,24,27,7,20
101116,25,284,85,199
101116,32,2,0,2
101116,39,63,20,43
101116,40,221,65,156
101116,41,369,85,284
101116,42,288,68,220
101116,43,288,68,220
101116,44,16,4,12
101116,45,272,64,208
101116,52,81,17,64
101116,59,81,22,59
101116,60,191,42,149
101143,1,2333,1336,997
101143,2,2333,1336,997
101143,3,1984,1111,873
101143,4,414,234,180
101143,5,1570,877,693
101143,11,349,225,124
101143,19,329,172,157
101143,20,1241,705,536
101143,21,1318,771,547
101143,22,1318,771,547
111434,11,1403,589,814
111434,19,846,331,515
111434,20,3688,1253,2435
111434,21,1202,508,694
111434,22,1202,508,694
111434,23,1147,486,661
111434,24,279,134,145
111434,25,868,352,516
111434,31,55,22,33
111434,39,89,39,50
111434,40,779,313,466
111434,41,5418,1961,3457
111434,42,5418,1961,3457
111434,43,4070,1394,2676
111434,44,404,162,242
111434,45,3666,1232,2434
111434,51,1348,567,781
111434,59,757,292,465
111434,60,2909,940,1969
111461,1,18508,9658,8850
111461,2,18508,9658,8850
111461,3,16784,8735,8049
111461,4,3092,1605,1487
111461,5,13692,7130,6562
111461,11,1724,923,801
111461,19,1388,695,693
111461,20,12304,6435,5869
111461,21,6446,3332,3114
111461,22,6446,3332,3114
111461,23,6329,3266,3063
111461,24,1611,825,786
111461,25,4718,2441,2277
111461,31,117,66,51
111461,39,448,229,219
111461,40,4270,2212,2058
111461,41,12062,6326,5736
111461,42,12062,6326,5736
111461,43,10455,5469,4986
111461,44,1481,780,701
111461,45,8974,4689,4285
111461,51,1607,857,750
111461,59,940,466,474
111461,60,8034,4223,3811
111513,1,167,4,163
111513,2,167,4,163
111513,3,167,4,163
111513,4,79,1,78
111513,5,88,3,85
111513,20,88,3,85
111513,21,74,2,72
111513,22,74,2,72
111513,23,74,2,72
111513,24,44,1,43
111513,25,30,1,29
111513,40,30,1,29
111513,41,93,2,91
111513,42,93,2,91
111513,43,93,2,91
111513,44,35,0,35
111513,45,58,2,56
111513,60,58,2,56
111638,1,606,128,478
111638,2,606,128,478
111638,3,606,128,478
111638,4,46,7,39
111638,5,560,121,439
111638,19,79,18,61
111638,20,481,103,378
111638,21,606,128,478
111638,22,606,128,478
111638,23,606,128,478
111638,24,46,7,39
111638,25,560,121,439
111638,39,79,18,61
111638,40,481,103,378
111708,1,267,224,43
111708,2,267,224,43
111708,3,267,224,43
111708,4,73,59,14
111708,5,194,165,29
111708,20,194,165,29
111708,21,158,123,35
111708,22,158,123,35
111708,23,158,123,35
111708,24,41,29,12
111708,25,117,94,23
111708,40,117,94,23
111708,41,109,101,8
111708,42,109,101,8
111708,43,109,101,8
111708,44,32,30,2
111708,45,77,71,6
111708,60,77,71,6
111717,1,345,173,172
111717,2,345,173,172
111717,3,345,173,172
111717,4,103,45,58
111717,5,242,128,114
111717,20,242,128,114
111717,21,324,172,152
111717,22,324,172,152
111717,23,324,172,152
111717,24,103,45,58
111717,25,221,127,94
111717,40,221,127,94
111717,41,21,1,20
111717,42,21,1,20
111717,43,21,1,20
111717,45,21,1,20
111717,60,21,1,20
111726,1,234,151,83
111726,2,234,151,83
111726,3,234,151,83
111726,4,83,53,30
111726,5,151,98,53
111726,20,151,98,53
111726,21,234,151,83
111726,22,234,151,83
111726,23,234,151,83
111726,24,83,53,30
111726,25,151,98,53
111726,40,151,98,53
111744,1,103,100,3
111744,2,103,100,3
111744,3,103,100,3
111744,4,28,25,3
111744,5,75,75,0
111744,20,75,75,0
111744,21,103,100,3
111744,22,103,100,3
111744,23,103,100,3
111744,24,28,25,3
111744,25,75,75,0
111744,40,75,75,0
111762,1,88,45,43
111762,2,88,45,43
111762,3,88,45,43
111762,4,30,14,16
111762,5,58,31,27
111762,20,58,31,27
111762,21,88,45,43
111762,22,88,45,43
111762,23,88,45,43
111762,24,30,14,16
111762,25,58,31,27
111762,40,58,31,27
111771,1,104,67,37
111771,2,104,67,37
111771,3,104,67,37
111771,4,32,16,16
111771,5,72,51,21
111771,20,72,51,21
111771,21,104,67,37
111771,22,104,67,37
111771,23,104,67,37
111771,24,32,16,16
111771,25,72,51,21
111771,40,72,51,21
111799,1,65,18,47
111799,2,65,18,47
111799,3,65,18,47
111799,4,28,10,18
111799,5,37,8,29
111799,20,37,8,29
111799,21,65,18,47
111799,22,65,18,47
111799,23,65,18,47
111799,24,28,10,18
111799,25,37,8,29
111799,40,37,8,29
111887,1,21404,9717,11687
111887,2,21404,9717,11687
111887,3,20011,9127,10884
111887,4,3497,1768,1729
111887,5,16514,7359,9155
111887,11,1393,590,803
111887,19,1679,796,883
111887,20,14835,6563,8272
111887,21,6958,3298,3660
111887,22,6958,3298,3660
111887,23,6844,3246,3598
111887,24,1435,716,719
111887,25,5409,2530,2879
111887,31,114,52,62
111887,39,471,235,236
111887,40,4938,2295,2643
111887,41,14446,6419,8027
111887,42,14446,6419,8027
111887,43,13167,5881,7286
111887,44,2062,1052,1010
111887,45,11105,4829,6276
111887,51,1279,538,741
111887,59,1208,561,647
111887,60,9897,4268,5629
111896,1,4523,1631,2892
111896,2,4523,1631,2892
111896,3,4029,1461,2568
111896,4,594,272,322
111896,5,3435,1189,2246
111896,11,494,170,324
111896,19,815,262,553
111896,20,2620,927,1693
111896,21,944,396,548
111896,22,944,396,548
111896,23,933,390,543
111896,24,225,113,112
111896,25,708,277,431
111896,31,11,6,5
111896,39,97,53,44
111896,40,611,224,387
111896,41,3579,1235,2344
111896,42,3579,1235,2344
111896,43,3096,1071,2025
111896,44,369,159,210
111896,45,2727,912,1815
111896,51,483,164,319
111896,59,718,209,509
111896,60,2009,703,1306
111920,1,13142,6108,7034
111920,2,13142,6108,7034
111920,3,12082,5654,6428
111920,4,1961,1072,889
111920,5,10121,4582,5539
111920,11,1060,454,606
111920,19,1323,607,716
111920,20,8798,3975,4823
111920,21,3939,1920,2019
111920,22,3939,1920,2019
111920,23,3889,1897,1992
111920,24,823,450,373
111920,25,3066,1447,1619
111920,31,50,23,27
111920,39,236,100,136
111920,40,2830,1347,1483
111920,41,9203,4188,5015
111920,42,9203,4188,5015
111920,43,8193,3757,4436
111920,44,1138,622,516
111920,45,7055,3135,3920
111920,51,1010,431,579
111920,59,1087,507,580
111920,60,5968,2628,3340
111939,1,19211,8135,11076
111939,2,19211,8135,11076
111939,3,17217,7233,9984
111939,4,3656,1686,1970
111939,5,13561,5547,8014
111939,11,1994,902,1092
111939,19,1252,520,732
111939,20,12309,5027,7282
111939,21,5664,2483,3181
111939,22,5664,2483,3181
111939,23,5534,2428,3106
111939,24,1247,564,683
111939,25,4287,1864,2423
111939,31,130,55,75
111939,39,316,133,183
111939,40,3971,1731,2240
111939,41,13547,5652,7895
111939,42,13547,5652,7895
111939,43,11683,4805,6878
111939,44,2409,1122,1287
111939,45,9274,3683,5591
111939,51,1864,847,1017
111939,59,936,387,549
111939,60,8338,3296,5042
111948,1,7892,3269,4623
111948,2,6005,2473,3532
111948,3,5940,2442,3498
111948,4,1289,484,805
111948,5,4651,1958,2693
111948,11,65,31,34
111948,12,1887,796,1091
111948,19,394,164,230
111948,20,4257,1794,2463
111948,21,7071,2906,4165
111948,22,5753,2331,3422
111948,23,5733,2321,3412
111948,24,1284,480,804
111948,25,4449,1841,2608
111948,31,20,10,10
111948,32,1318,575,743
111948,39,382,158,224
111948,40,4067,1683,2384
111948,41,821,363,458
111948,42,252,142,110
111948,43,207,121,86
111948,44,5,4,1
111948,45,202,117,85
111948,51,45,21,24
111948,52,569,221,348
111948,59,12,6,6
111948,60,190,111,79
111966,1,515,167,348
111966,2,85,42,43
111966,3,83,41,42
111966,4,5,0,5
111966,5,78,41,37
111966,11,2,1,1
111966,12,430,125,305
111966,19,28,17,11
111966,20,50,24,26
111966,21,390,118,272
111966,22,41,20,21
111966,23,41,20,21
111966,24,4,0,4
111966,25,37,20,17
111966,32,349,98,251
111966,39,24,17,7
111966,40,13,3,10
111966,41,125,49,76
111966,42,44,22,22
111966,43,42,21,21
111966,44,1,0,1
111966,45,41,21,20
111966,51,2,1,1
111966,52,81,27,54
111966,59,4,0,4
111966,60,37,21,16
112075,1,4046,1730,2316
112075,2,1944,735,1209
112075,3,1916,723,1193
112075,4,373,137,236
112075,5,1543,586,957
112075,11,28,12,16
112075,12,2102,995,1107
112075,19,224,108,116
112075,20,1319,478,841
112075,21,3345,1361,1984
112075,22,1746,672,1074
112075,23,1742,672,1070
112075,24,373,137,236
112075,25,1369,535,834
112075,31,4,0,4
112075,32,1599,689,910
112075,39,220,106,114
112075,40,1149,429,720
112075,41,701,369,332
112075,42,198,63,135
112075,43,174,51,123
112075,45,174,51,123
112075,51,24,12,12
112075,52,503,306,197
112075,59,4,2,2
112075,60,170,49,121
112084,1,914,429,485
112084,2,892,422,470
112084,3,889,420,469
112084,4,125,53,72
112084,5,764,367,397
112084,11,3,2,1
112084,12,22,7,15
112084,19,155,61,94
112084,20,609,306,303
112084,21,817,385,432
112084,22,795,378,417
112084,23,795,378,417
112084,24,125,53,72
112084,25,670,325,345
112084,32,22,7,15
112084,39,131,50,81
112084,40,539,275,264
112084,41,97,44,53
112084,42,97,44,53
112084,43,94,42,52
112084,45,94,42,52
112084,51,3,2,1
112084,59,24,11,13
112084,60,70,31,39
112127,1,79,32,47
112127,12,79,32,47
112127,21,45,16,29
112127,32,45,16,29
112127,41,34,16,18
112127,52,34,16,18
112172,1,12920,6026,6894
112172,2,12920,6026,6894
112172,3,11494,5300,6194
112172,4,2312,1128,1184
112172,5,9182,4172,5010
112172,11,1426,726,700
112172,19,938,414,524
112172,20,8244,3758,4486
112172,21,4931,2328,2603
112172,22,4931,2328,2603
112172,23,4764,2233,2531
112172,24,1217,582,635
112172,25,3547,1651,1896
112172,31,167,95,72
112172,39,343,147,196
112172,40,3204,1504,1700
112172,41,7989,3698,4291
112172,42,7989,3698,4291
112172,43,6730,3067,3663
112172,44,1095,546,549
112172,45,5635,2521,3114
112172,51,1259,631,628
112172,59,595,267,328
112172,60,5040,2254,2786
112181,1,96,4,92
112181,2,96,4,92
112181,3,96,4,92
112181,4,28,0,28
112181,5,68,4,64
112181,20,68,4,64
112181,21,89,3,86
112181,22,89,3,86
112181,23,89,3,86
112181,24,28,0,28
112181,25,61,3,58
112181,40,61,3,58
112181,41,7,1,6
112181,42,7,1,6
112181,43,7,1,6
112181,45,7,1,6
112181,60,7,1,6
112190,1,26706,12917,13789
112190,2,26706,12917,13789
112190,3,24662,11917,12745
112190,4,3505,1759,1746
112190,5,21157,10158,10999
112190,11,2044,1000,1044
112190,19,1743,833,910
112190,20,19414,9325,10089
112190,21,9198,4703,4495
112190,22,9198,4703,4495
112190,23,9086,4636,4450
112190,24,1572,786,786
112190,25,7514,3850,3664
112190,31,112,67,45
112190,39,469,246,223
112190,40,7045,3604,3441
112190,41,17508,8214,9294
112190,42,17508,8214,9294
112190,43,15576,7281,8295
112190,44,1933,973,960
112190,45,13643,6308,7335
112190,51,1932,933,999
112190,59,1274,587,687
112190,60,12369,5721,6648
112251,1,2204,1036,1168
112251,12,2204,1036,1168
112251,21,1532,720,812
112251,32,1532,720,812
112251,41,672,316,356
112251,52,672,316,356
112260,1,1328,686,642
112260,2,1316,678,638
112260,3,1311,676,635
112260,4,337,165,172
112260,5,974,511,463
112260,11,5,2,3
112260,12,12,8,4
112260,19,18,9,9
112260,20,956,502,454
112260,21,1324,685,639
112260,22,1312,677,635
112260,23,1307,675,632
112260,24,337,165,172
112260,25,970,510,460
112260,31,5,2,3
112260,32,12,8,4
112260,39,18,9,9
112260,40,952,501,451
112260,41,4,1,3
112260,42,4,1,3
112260,43,4,1,3
112260,45,4,1,3
112260,60,4,1,3
112288,1,354,44,310
112288,2,354,44,310
112288,3,354,44,310
112288,4,126,17,109
112288,5,228,27,201
112288,20,228,27,201
112288,21,354,44,310
112288,22,354,44,310
112288,23,354,44,310
112288,24,126,17,109
112288,25,228,27,201
112288,40,228,27,201
112367,1,608,53,555
112367,2,608,53,555
112367,3,608,53,555
112367,4,446,40,406
112367,5,162,13,149
112367,20,162,13,149
112367,21,366,29,337
112367,22,366,29,337
112367,23,366,29,337
112367,24,251,21,230
112367,25,115,8,107
112367,40,115,8,107
112367,41,242,24,218
112367,42,242,24,218
112367,43,242,24,218
112367,44,195,19,176
112367,45,47,5,42
112367,60,47,5,42
112385,1,10378,5709,4669
112385,2,10378,5709,4669
112385,3,8999,4951,4048
112385,4,1279,883,396
112385,5,7720,4068,3652
112385,11,1379,758,621
112385,19,2177,1097,1080
112385,20,5543,2971,2572
112385,21,1476,716,760
112385,22,1476,716,760
112385,23,1381,669,712
112385,24,182,86,96
112385,25,1199,583,616
112385,31,95,47,48
112385,39,218,89,129
112385,40,981,494,487
112385,41,8902,4993,3909
112385,42,8902,4993,3909
112385,43,7618,4282,3336
112385,44,1097,797,300
112385,45,6521,3485,3036
112385,51,1284,711,573
112385,59,1959,1008,951
112385,60,4562,2477,2085
112394,1,472,354,118
112394,2,462,349,113
112394,3,457,346,111
112394,4,103,69,34
112394,5,354,277,77
112394,11,5,3,2
112394,12,10,5,5
112394,19,43,36,7
112394,20,311,241,70
112394,21,322,229,93
112394,22,315,225,90
112394,23,314,224,90
112394,24,73,44,29
112394,25,241,180,61
112394,31,1,1,0
112394,32,7,4,3
112394,39,31,25,6
112394,40,210,155,55
112394,41,150,125,25
112394,42,147,124,23
112394,43,143,122,21
112394,44,30,25,5
112394,45,113,97,16
112394,51,4,2,2
112394,52,3,1,2
112394,59,12,11,1
112394,60,101,86,15
112446,1,833,688,145
112446,2,532,489,43
112446,3,532,489,43
112446,4,65,54,11
112446,5,467,435,32
112446,12,301,199,102
112446,19,3,3,0
112446,20,464,432,32
112446,21,734,596,138
112446,22,433,397,36
112446,23,433,397,36
112446,24,65,54,11
112446,25,368,343,25
112446,32,301,199,102
112446,39,3,3,0
112446,40,365,340,25
112446,41,99,92,7
112446,42,99,92,7
112446,43,99,92,7
112446,45,99,92,7
112446,60,99,92,7
112455,1,40,3,37
112455,2,40,3,37
112455,3,40,3,37
112455,4,10,0,10
112455,5,30,3,27
112455,20,30,3,27
112455,21,40,3,37
112455,22,40,3,37
112455,23,40,3,37
112455,24,10,0,10
112455,25,30,3,27
112455,40,30,3,27
112525,1,3748,1440,2308
112525,12,3748,1440,2308
112525,21,3684,1424,2260
112525,32,3684,1424,2260
112525,41,64,16,48
112525,52,64,16,48
112561,1,2626,1153,1473
112561,2,2626,1153,1473
112561,3,2425,1055,1370
112561,4,592,269,323
112561,5,1833,786,1047
112561,11,201,98,103
112561,19,227,97,130
112561,20,1606,689,917
112561,21,843,406,437
112561,22,843,406,437
112561,23,834,401,433
112561,24,298,152,146
112561,25,536,249,287
112561,31,9,5,4
112561,39,47,21,26
112561,40,489,228,261
112561,41,1783,747,1036
112561,42,1783,747,1036
112561,43,1591,654,937
112561,44,294,117,177
112561,45,1297,537,760
112561,51,192,93,99
112561,59,180,76,104
112561,60,1117,461,656
112570,1,314,210,104
112570,2,314,210,104
112570,3,314,210,104
112570,4,44,30,14
112570,5,270,180,90
112570,19,26,19,7
112570,20,244,161,83
112570,21,285,190,95
112570,22,285,190,95
112570,23,285,190,95
112570,24,44,30,14
112570,25,241,160,81
112570,39,25,18,7
112570,40,216,142,74
112570,41,29,20,9
112570,42,29,20,9
112570,43,29,20,9
112570,45,29,20,9
112570,59,1,1,0
112570,60,28,19,9
112686,1,7693,2762,4931
112686,2,7693,2762,4931
112686,3,6846,2449,4397
112686,4,943,433,510
112686,5,5903,2016,3887
112686,11,847,313,534
112686,19,1204,447,757
112686,20,4699,1569,3130
112686,21,1896,748,1148
112686,22,1896,748,1148
112686,23,1858,733,1125
112686,24,412,194,218
112686,25,1446,539,907
112686,31,38,15,23
112686,39,220,92,128
112686,40,1226,447,779
112686,41,5797,2014,3783
112686,42,5797,2014,3783
112686,43,4988,1716,3272
112686,44,531,239,292
112686,45,4457,1477,2980
112686,51,809,298,511
112686,59,984,355,629
112686,60,3473,1122,2351
112783,1,268,120,148
112783,2,268,120,148
112783,3,268,120,148
112783,4,73,32,41
112783,5,195,88,107
112783,20,195,88,107
112783,21,266,119,147
112783,22,266,119,147
112783,23,266,119,147
112783,24,72,32,40
112783,25,194,87,107
112783,40,194,87,107
112783,41,2,1,1
112783,42,2,1,1
112783,43,2,1,1
112783,44,1,0,1
112783,45,1,1,0
112783,60,1,1,0
112826,1,6865,2853,4012
112826,2,6865,2853,4012
112826,3,5468,2278,3190
112826,4,683,350,333
112826,5,4785,1928,2857
112826,11,1397,575,822
112826,19,512,236,276
112826,20,4273,1692,2581
112826,21,2153,990,1163
112826,22,2153,990,1163
112826,23,1980,902,1078
112826,24,313,162,151
112826,25,1667,740,927
112826,31,173,88,85
112826,39,122,67,55
112826,40,1545,673,872
112826,41,4712,1863,2849
112826,42,4712,1863,2849
112826,43,3488,1376,2112
112826,44,370,188,182
112826,45,3118,1188,1930
112826,51,1224,487,737
112826,59,390,169,221
112826,60,2728,1019,1709
113096,1,13949,6173,7776
113096,2,13949,6173,7776
113096,3,12852,5707,7145
113096,4,2171,1074,1097
113096,5,10681,4633,6048
101143,23,1282,757,525
101143,24,340,190,150
101143,25,942,567,375
101143,31,36,14,22
101143,39,205,109,96
101143,40,737,458,279
101143,41,1015,565,450
101143,42,1015,565,450
101143,43,702,354,348
101143,44,74,44,30
101143,45,628,310,318
101143,51,313,211,102
101143,59,124,63,61
101143,60,504,247,257
101161,1,4362,1593,2769
101161,2,4362,1593,2769
101161,3,4182,1534,2648
101161,4,1288,518,770
101161,5,2894,1016,1878
101161,11,180,59,121
101161,19,498,177,321
101161,20,2396,839,1557
101161,21,2573,992,1581
101161,22,2573,992,1581
101161,23,2565,987,1578
101161,24,1078,426,652
101161,25,1487,561,926
101161,31,8,5,3
101161,39,292,111,181
101161,40,1195,450,745
101161,41,1789,601,1188
101161,42,1789,601,1188
101161,43,1617,547,1070
101161,44,210,92,118
101161,45,1407,455,952
101161,51,172,54,118
101161,59,206,66,140
101161,60,1201,389,812
101189,1,3193,1203,1990
101189,2,2617,962,1655
101189,3,2358,844,1514
101189,4,298,156,142
101189,5,2060,688,1372
101189,11,259,118,141
101189,12,576,241,335
101189,19,460,148,312
101189,20,1600,540,1060
101189,21,2321,925,1396
101189,22,1803,713,1090
101189,23,1803,713,1090
101189,24,287,152,135
101189,25,1516,561,955
101189,32,518,212,306
101189,39,303,107,196
101189,40,1213,454,759
101189,41,872,278,594
101189,42,814,249,565
101189,43,555,131,424
101189,44,11,4,7
101189,45,544,127,417
101189,51,259,118,141
101189,52,58,29,29
101189,59,157,41,116
101189,60,387,86,301
101240,1,5797,2364,3433
101240,2,5797,2364,3433
101240,3,5480,2223,3257
101240,4,1388,641,747
101240,5,4092,1582,2510
101240,11,317,141,176
101240,19,381,151,230
101240,20,3711,1431,2280
101240,21,3185,1480,1705
101240,22,3185,1480,1705
101240,23,3099,1428,1671
101240,24,1143,541,602
101240,25,1956,887,1069
101240,31,86,52,34
101240,39,209,93,116
101240,40,1747,794,953
101240,41,2612,884,1728
101240,42,2612,884,1728
101240,43,2381,795,1586
101240,44,245,100,145
101240,45,2136,695,1441
101240,51,231,89,142
101240,59,172,58,114
101240,60,1964,637,1327
101277,1,89,1,88
101277,2,89,1,88
101277,3,89,1,88
101277,4,32,0,32
101277,5,57,1,56
101277,20,57,1,56
101277,21,89,1,88
101277,22,89,1,88
101277,23,89,1,88
101277,24,32,0,32
101277,25,57,1,56
101277,40,57,1,56
101286,1,4686,1590,3096
101286,2,4686,1590,3096
101286,3,4293,1456,2837
101286,4,1044,450,594
101286,5,3249,1006,2243
101286,11,393,134,259
101286,19,352,131,221
101286,20,2897,875,2022
101286,21,2294,884,1410
101286,22,2294,884,1410
101286,23,2286,878,1408
101286,24,840,362,478
101286,25,1446,516,930
101286,31,8,6,2
101286,39,193,80,113
101286,40,1253,436,817
101286,41,2392,706,1686
101286,42,2392,706,1686
101286,43,2007,578,1429
101286,44,204,88,116
101286,45,1803,490,1313
101286,51,385,128,257
101286,59,159,51,108
101286,60,1644,439,1205
101295,1,5281,1998,3283
101295,2,5281,1998,3283
101295,3,4904,1847,3057
101295,4,1194,544,650
101295,5,3710,1303,2407
101295,11,377,151,226
101295,19,327,87,240
101295,20,3383,1216,2167
101295,21,2954,1250,1704
101295,22,2954,1250,1704
101295,23,2917,1241,1676
101295,24,997,456,541
101295,25,1920,785,1135
101295,31,37,9,28
101295,39,196,61,135
101295,40,1724,724,1000
101295,41,2327,748,1579
101295,42,2327,748,1579
101295,43,1987,606,1381
101295,44,197,88,109
101295,45,1790,518,1272
101295,51,340,142,198
101295,59,131,26,105
101295,60,1659,492,1167
101301,1,1745,590,1155
101301,2,1745,590,1155
101301,3,1604,551,1053
101301,4,408,195,213
101301,5,1196,356,840
101301,11,141,39,102
101301,19,178,52,126
101301,20,1018,304,714
101301,21,1068,406,662
101301,22,1068,406,662
101301,23,1067,405,662
101301,24,371,178,193
101301,25,696,227,469
101301,31,1,1,0
101301,39,110,34,76
101301,40,586,193,393
101301,41,677,184,493
101301,42,677,184,493
101301,43,537,146,391
101301,44,37,17,20
101301,45,500,129,371
101301,51,140,38,102
101301,59,68,18,50
101301,60,432,111,321
101365,1,320,100,220
101365,2,320,100,220
101365,3,318,98,220
101365,4,51,28,23
101365,5,267,70,197
101365,11,2,2,0
101365,19,65,7,58
101365,20,202,63,139
101365,21,160,38,122
101365,22,160,38,122
101365,23,160,38,122
101365,24,25,7,18
101365,25,135,31,104
101365,39,18,3,15
101365,40,117,28,89
101365,41,160,62,98
101365,42,160,62,98
101365,43,158,60,98
101365,44,26,21,5
101365,45,132,39,93
101365,51,2,2,0
101365,59,47,4,43
101365,60,85,35,50
101435,1,1110,553,557
101435,2,1110,553,557
101435,3,1100,545,555
101435,4,261,148,113
101435,5,839,397,442
101435,11,10,8,2
101435,19,51,30,21
101435,20,788,367,421
101435,21,902,491,411
101435,22,902,491,411
101435,23,898,487,411
101435,24,261,148,113
101435,25,637,339,298
101435,31,4,4,0
101435,39,51,30,21
101435,40,586,309,277
101435,41,208,62,146
101435,42,208,62,146
101435,43,202,58,144
101435,45,202,58,144
101435,51,6,4,2
101435,60,202,58,144
101453,1,94,81,13
101453,2,69,58,11
101453,3,67,57,10
101453,4,8,6,2
101453,5,59,51,8
101453,11,2,1,1
101453,12,25,23,2
101453,19,17,16,1
101453,20,42,35,7
101453,21,33,27,6
101453,22,32,26,6
101453,23,32,26,6
101453,24,7,5,2
101453,25,25,21,4
101453,32,1,1,0
101453,39,8,8,0
101453,40,17,13,4
101453,41,61,54,7
101453,42,37,32,5
101453,43,35,31,4
101453,44,1,1,0
101453,45,34,30,4
101453,51,2,1,1
101453,52,24,22,2
101453,59,9,8,1
101453,60,25,22,3
101462,1,1383,642,741
101462,2,1383,642,741
101462,3,1040,463,577
101462,4,213,115,98
101462,5,827,348,479
101462,11,343,179,164
101462,19,232,102,130
101462,20,595,246,349
101462,21,635,298,337
101462,22,635,298,337
101462,23,635,298,337
101462,24,142,78,64
101462,25,493,220,273
101462,39,144,66,78
101462,40,349,154,195
101462,41,748,344,404
101462,42,748,344,404
101462,43,405,165,240
101462,44,71,37,34
101462,45,334,128,206
101462,51,343,179,164
101462,59,88,36,52
101462,60,246,92,154
101471,1,513,385,128
101471,2,513,385,128
101471,3,504,385,119
101471,4,284,215,69
101471,5,220,170,50
101471,11,9,0,9
101471,19,1,1,0
101471,20,219,169,50
101471,21,421,301,120
101471,22,421,301,120
101471,23,412,301,111
101471,24,246,177,69
101471,25,166,124,42
101471,31,9,0,9
101471,40,166,124,42
101471,41,92,84,8
101471,42,92,84,8
101471,43,92,84,8
101471,44,38,38,0
101471,45,54,46,8
101471,59,1,1,0
101471,60,53,45,8
101480,1,8693,3632,5061
101480,2,7588,3207,4381
101480,3,7195,3001,4194
101480,4,1158,561,597
101480,5,6037,2440,3597
101480,11,393,206,187
101480,12,1105,425,680
101480,19,634,203,431
101480,20,5403,2237,3166
101480,21,5982,2602,3380
101480,22,5779,2522,3257
101480,23,5664,2425,3239
101480,24,1142,552,590
101480,25,4522,1873,2649
101480,31,115,97,18
101480,32,203,80,123
101480,39,409,147,262
101480,40,4113,1726,2387
101480,41,2711,1030,1681
101480,42,1809,685,1124
101480,43,1531,576,955
101480,44,16,9,7
101480,45,1515,567,948
101480,51,278,109,169
101480,52,902,345,557
101480,59,225,56,169
101480,60,1290,511,779
101499,1,1091,460,631
101499,2,1091,460,631
101499,3,1037,428,609
101499,4,299,154,145
101499,5,738,274,464
101499,11,54,32,22
101499,19,130,44,86
101499,20,608,230,378
101499,21,618,282,336
101499,22,618,282,336
101499,23,613,278,335
101499,24,246,120,126
101499,25,367,158,209
101499,31,5,4,1
101499,39,73,30,43
101499,40,294,128,166
101499,41,473,178,295
101499,42,473,178,295
101499,43,424,150,274
101499,44,53,34,19
101499,45,371,116,255
101499,51,49,28,21
101499,59,57,14,43
101499,60,314,102,212
101505,1,8542,3328,5214
101505,2,8542,3328,5214
101505,3,7494,2937,4557
101505,4,1658,710,948
101505,5,5836,2227,3609
101505,11,1048,391,657
101505,19,935,378,557
101505,20,4901,1849,3052
101505,21,2891,1229,1662
101505,22,2891,1229,1662
101505,23,2861,1211,1650
101505,24,1053,446,607
101505,25,1808,765,1043
101505,31,30,18,12
101505,39,385,170,215
101505,40,1423,595,828
101505,41,5651,2099,3552
101505,42,5651,2099,3552
101505,43,4633,1726,2907
101505,44,605,264,341
101505,45,4028,1462,2566
101505,51,1018,373,645
101505,59,550,208,342
101505,60,3478,1254,2224
101514,1,11186,4886,6300
101514,2,11186,4886,6300
101514,3,9970,4300,5670
101514,4,2081,954,1127
101514,5,7889,3346,4543
101514,11,1216,586,630
101514,19,839,322,517
101514,20,7050,3024,4026
101514,21,4254,2001,2253
101514,22,4254,2001,2253
101514,23,4202,1971,2231
101514,24,1225,559,666
101514,25,2977,1412,1565
101514,31,52,30,22
101514,39,346,157,189
101514,40,2631,1255,1376
101514,41,6932,2885,4047
101514,42,6932,2885,4047
101514,43,5768,2329,3439
101514,44,856,395,461
101514,45,4912,1934,2978
101514,51,1164,556,608
101514,59,493,165,328
101514,60,4419,1769,2650
101541,1,347,16,331
101541,2,347,16,331
101541,3,331,10,321
101541,4,67,0,67
101541,5,264,10,254
101541,11,16,6,10
101541,19,38,1,37
101541,20,226,9,217
101541,21,262,1,261
101541,22,262,1,261
101541,23,261,1,260
101541,24,66,0,66
101541,25,195,1,194
101541,31,1,0,1
101541,39,22,1,21
101541,40,173,0,173
101541,41,85,15,70
101541,42,85,15,70
101541,43,70,9,61
101541,44,1,0,1
101541,45,69,9,60
101541,51,15,6,9
101541,59,16,0,16
101541,60,53,9,44
101569,1,3028,1233,1795
101569,2,3028,1233,1795
101569,3,2894,1197,1697
101569,4,699,344,355
101569,5,2195,853,1342
101569,11,134,36,98
101569,19,318,154,164
101569,20,1877,699,1178
101569,21,1788,762,1026
101569,22,1788,762,1026
101569,23,1787,762,1025
101569,24,585,272,313
101569,25,1202,490,712
101569,31,1,0,1
101569,39,182,99,83
101569,40,1020,391,629
101569,41,1240,471,769
101569,42,1240,471,769
101569,43,1107,435,672
101569,44,114,72,42
101569,45,993,363,630
101569,51,133,36,97
101569,59,136,55,81
101569,60,857,308,549
101587,1,4427,1219,3208
101587,2,1999,857,1142
101587,3,1988,851,1137
101587,4,380,158,222
101587,5,1608,693,915
101587,11,11,6,5
101587,12,2428,362,2066
101587,19,252,114,138
101587,20,1356,579,777
101587,21,3890,1059,2831
101587,22,1696,749,947
101587,23,1694,748,946
101587,24,375,155,220
101587,25,1319,593,726
101587,31,2,1,1
101587,32,2194,310,1884
101587,39,219,104,115
101587,40,1100,489,611
101587,41,537,160,377
101587,42,303,108,195
101587,43,294,103,191
101587,44,5,3,2
101587,45,289,100,189
101587,51,9,5,4
101587,52,234,52,182
101587,59,33,10,23
101587,60,256,90,166
101602,1,1570,606,964
101602,2,1570,606,964
101602,3,1372,501,871
101602,4,464,194,270
101602,5,908,307,601
101602,11,198,105,93
101602,19,124,37,87
101602,20,784,270,514
101602,21,972,394,578
101602,22,972,394,578
101602,23,969,393,576
101602,24,410,173,237
101602,25,559,220,339
101602,31,3,1,2
101602,39,82,27,55
101602,40,477,193,284
101602,41,598,212,386
101602,42,598,212,386
101602,43,403,108,295
101602,44,54,21,33
101602,45,349,87,262
101602,51,195,104,91
101602,59,42,10,32
101602,60,307,77,230
101648,1,418,340,78
101648,2,418,340,78
101648,3,411,339,72
101648,4,249,205,44
101648,5,162,134,28
101648,11,7,1,6
101648,19,27,23,4
101648,20,135,111,24
101648,21,411,339,72
101648,22,411,339,72
101648,23,411,339,72
101648,24,249,205,44
101648,25,162,134,28
101648,39,27,23,4
101648,40,135,111,24
101648,41,7,1,6
101648,42,7,1,6
101648,51,7,1,6
101675,1,1666,874,792
101675,2,1666,874,792
101675,3,1663,873,790
101675,4,406,245,161
101675,5,1257,628,629
101675,11,3,1,2
101675,19,156,85,71
101675,20,1101,543,558
101675,21,1577,834,743
101675,22,1577,834,743
101675,23,1576,834,742
101675,24,404,243,161
101675,25,1172,591,581
101675,31,1,0,1
101675,39,147,80,67
101675,40,1025,511,514
101675,41,89,40,49
101675,42,89,40,49
101675,43,87,39,48
101675,44,2,2,0
101675,45,85,37,48
101675,51,2,1,1
101675,59,9,5,4
101675,60,76,32,44
101693,1,1610,513,1097
101693,2,1481,489,992
101693,3,1472,486,986
101693,4,259,106,153
101693,5,1213,380,833
101693,11,9,3,6
101693,12,129,24,105
101693,19,128,46,82
101693,20,1085,334,751
101693,21,1288,461,827
101693,22,1257,456,801
101693,23,1257,456,801
101693,24,258,106,152
101693,25,999,350,649
101693,32,31,5,26
101693,39,113,45,68
101693,40,886,305,581
101693,41,322,52,270
101693,42,224,33,191
101693,43,215,30,185
101693,44,1,0,1
101693,45,214,30,184
101693,51,9,3,6
101693,52,98,19,79
101693,59,15,1,14
101693,60,199,29,170
101709,1,3062,1003,2059
101709,2,2618,890,1728
101709,3,2610,886,1724
101709,4,531,176,355
101709,5,2079,710,1369
101709,11,8,4,4
101709,12,444,113,331
101709,19,173,65,108
101709,20,1906,645,1261
101709,21,2526,802,1724
101709,22,2350,770,1580
101709,23,2348,769,1579
101709,24,519,172,347
101709,25,1829,597,1232
101709,31,2,1,1
101709,32,176,32,144
101709,39,158,58,100
101709,40,1671,539,1132
101709,41,536,201,335
101709,42,268,120,148
101709,43,262,117,145
101709,44,12,4,8
101709,45,250,113,137
101709,51,6,3,3
101709,52,268,81,187
101709,59,15,7,8
101709,60,235,106,129
101736,1,3854,1667,2187
101736,2,3854,1667,2187
101736,3,3235,1320,1915
101736,4,811,370,441
101736,5,2424,950,1474
101736,11,619,347,272
101736,19,237,89,148
101736,20,2187,861,1326
101736,21,1840,856,984
101736,22,1840,856,984
101736,23,1834,851,983
101736,24,668,308,360
101736,25,1166,543,623
101736,31,6,5,1
101736,39,138,61,77
101736,40,1028,482,546
101736,41,2014,811,1203
101736,42,2014,811,1203
101736,43,1401,469,932
101736,44,143,62,81
101736,45,1258,407,851
101736,51,613,342,271
101736,59,99,28,71
101736,60,1159,379,780
101879,1,6931,2915,4016
101879,2,5881,2504,3377
101879,3,5536,2382,3154
101879,4,970,398,572
101879,5,4566,1984,2582
101879,11,345,122,223
101879,12,1050,411,639
101879,19,523,230,293
101879,20,4043,1754,2289
101879,21,5133,2192,2941
101879,22,4795,2043,2752
101879,23,4784,2040,2744
101879,24,953,388,565
101879,25,3831,1652,2179
101879,31,11,3,8
101879,32,338,149,189
101879,39,449,205,244
101879,40,3382,1447,1935
101879,41,1798,723,1075
101879,42,1086,461,625
101879,43,752,342,410
101879,44,17,10,7
101879,45,735,332,403
101879,51,334,119,215
101879,52,712,262,450
101879,59,74,25,49
101879,60,661,307,354
101897,1,2834,1113,1721
101897,2,2834,1113,1721
101897,3,2376,897,1479
101897,4,664,280,384
101897,5,1712,617,1095
101897,11,458,216,242
101897,19,102,42,60
101897,20,1610,575,1035
101897,21,1450,609,841
101897,22,1450,609,841
101897,23,1432,600,832
101897,24,538,223,315
101897,25,894,377,517
101897,31,18,9,9
101897,39,69,31,38
101897,40,825,346,479
101897,41,1384,504,880
101897,42,1384,504,880
101897,43,944,297,647
101897,44,126,57,69
101897,45,818,240,578
101897,51,440,207,233
101897,59,33,11,22
101897,60,785,229,556
101912,1,1903,807,1096
101912,2,1861,791,1070
101912,3,1854,789,1065
101912,4,365,151,214
101912,5,1489,638,851
101912,11,7,2,5
101912,12,42,16,26
101912,19,75,37,38
101912,20,1414,601,813
101912,21,1810,761,1049
101912,22,1771,747,1024
101912,23,1770,747,1023
101912,24,364,151,213
101912,25,1406,596,810
101912,31,1,0,1
101912,32,39,14,25
101912,39,74,36,38
101912,40,1332,560,772
101912,41,93,46,47
101912,42,90,44,46
101912,43,84,42,42
101912,44,1,0,1
101912,45,83,42,41
101912,51,6,2,4
101912,52,3,2,1
101912,59,1,1,0
101912,60,82,41,41
101949,1,1349,522,827
101949,2,1349,522,827
101949,3,1218,444,774
101949,4,469,220,249
101949,5,749,224,525
101949,11,131,78,53
101949,19,112,38,74
101949,20,637,186,451
101949,21,886,369,517
101949,22,886,369,517
101949,23,886,369,517
101949,24,427,207,220
101949,25,459,162,297
101949,39,79,29,50
101949,40,380,133,247
101949,41,463,153,310
101949,42,463,153,310
101949,43,332,75,257
101949,44,42,13,29
101949,45,290,62,228
101949,51,131,78,53
101949,59,33,9,24
101949,60,257,53,204
101958,1,102,4,98
101958,2,102,4,98
101958,3,102,4,98
101958,4,4,0,4
101958,5,98,4,94
101958,20,98,4,94
101958,21,102,4,98
101958,22,102,4,98
101958,23,102,4,98
101958,24,4,0,4
101958,25,98,4,94
101958,40,98,4,94
101994,1,517,196,321
101994,2,517,196,321
101994,3,414,138,276
101994,4,77,38,39
101994,5,337,100,237
101994,11,103,58,45
101994,19,74,23,51
101994,20,263,77,186
101994,21,260,100,160
101994,22,260,100,160
101994,23,260,100,160
101994,24,68,32,36
101994,25,192,68,124
101994,39,47,15,32
101994,40,145,53,92
101994,41,257,96,161
101994,42,257,96,161
101994,43,154,38,116
101994,44,9,6,3
101994,45,145,32,113
101994,51,103,58,45
101994,59,27,8,19
101994,60,118,24,94
102030,1,3896,1570,2326
102030,2,3896,1570,2326
102030,3,3363,1337,2026
102030,4,965,482,483
102030,5,2398,855,1543
102030,11,533,233,300
102030,19,399,152,247
102030,20,1999,703,1296
102030,21,2171,961,1210
102030,22,2171,961,1210
102030,23,2170,960,1210
102030,24,835,419,416
102030,25,1335,541,794
102030,31,1,1,0
102030,39,276,109,167
102030,40,1059,432,627
102030,41,1725,609,1116
102030,42,1725,609,1116
102030,43,1193,377,816
102030,44,130,63,67
102030,45,1063,314,749
102030,51,532,232,300
102030,59,123,43,80
102030,60,940,271,669
102049,1,4833,1826,3007
102049,2,3013,1047,1966
102049,3,2995,1039,1956
102049,4,765,267,498
102049,5,2230,772,1458
102049,11,18,8,10
102049,12,1820,779,1041
102049,19,148,47,101
102049,20,2082,725,1357
102049,21,4361,1688,2673
102049,22,2850,998,1852
102049,23,2844,996,1848
102049,24,755,263,492
102049,25,2089,733,1356
102049,31,6,2,4
102049,32,1511,690,821
102049,39,127,44,83
102049,40,1962,689,1273
102049,41,472,138,334
102049,42,163,49,114
102049,43,151,43,108
102049,44,10,4,6
102049,45,141,39,102
102049,51,12,6,6
102049,52,309,89,220
102049,59,21,3,18
102049,60,120,36,84
102058,1,611,336,275
102058,2,582,320,262
102058,3,447,255,192
102058,4,240,130,110
102058,5,207,125,82
102058,11,135,65,70
102058,12,29,16,13
102058,19,97,65,32
102058,20,110,60,50
102058,21,478,257,221
102058,22,455,245,210
102058,23,320,180,140
102058,24,190,100,90
102058,25,130,80,50
102058,31,135,65,70
102058,32,23,12,11
102058,39,60,40,20
102058,40,70,40,30
102058,41,133,79,54
102058,42,127,75,52
102058,43,127,75,52
102058,44,50,30,20
102058,45,77,45,32
102058,52,6,4,2
102058,59,37,25,12
102058,60,40,20,20
102067,1,5068,2209,2859
102067,2,5068,2209,2859
102067,3,4859,2122,2737
102067,4,1356,655,701
102067,5,3503,1467,2036
102067,11,209,87,122
102067,19,445,221,224
102067,20,3058,1246,1812
102067,21,2468,1211,1257
102067,22,2468,1211,1257
102067,23,2454,1203,1251
102067,24,877,447,430
102067,25,1577,756,821
102067,31,14,8,6
102067,39,227,128,99
102067,40,1350,628,722
102067,41,2600,998,1602
102067,42,2600,998,1602
102067,43,2405,919,1486
102067,44,479,208,271
102067,45,1926,711,1215
102067,51,195,79,116
102067,59,218,93,125
102067,60,1708,618,1090
102076,1,2295,907,1388
102076,2,2295,907,1388
102076,3,2161,846,1315
102076,4,716,298,418
102076,5,1445,548,897
102076,11,134,61,73
102076,19,177,65,112
102076,20,1268,483,785
102076,21,1541,648,893
102076,22,1541,648,893
102076,23,1538,647,891
102076,24,656,277,379
102076,25,882,370,512
102076,31,3,1,2
102076,39,111,46,65
102076,40,771,324,447
102076,41,754,259,495
102076,42,754,259,495
102076,43,623,199,424
102076,44,60,21,39
102076,45,563,178,385
102076,51,131,60,71
102076,59,66,19,47
102076,60,497,159,338
102094,1,15065,5806,9259
102094,2,11307,4896,6411
102094,3,11048,4787,6261
102094,4,1878,823,1055
102094,5,9170,3964,5206
102094,11,259,109,150
102094,12,3758,910,2848
102094,19,952,395,557
102094,20,8218,3569,4649
102094,21,12028,4633,7395
102094,22,8767,3838,4929
102094,23,8754,3830,4924
102094,24,1834,804,1030
102094,25,6920,3026,3894
102094,31,13,8,5
102094,32,3261,795,2466
102094,39,779,332,447
102094,40,6141,2694,3447
102094,41,3037,1173,1864
102094,42,2540,1058,1482
102094,43,2294,957,1337
102094,44,44,19,25
102094,45,2250,938,1312
102094,51,246,101,145
102094,52,497,115,382
102094,59,173,63,110
102094,60,2077,875,1202
102234,1,1422,563,859
102234,2,1292,520,772
102234,3,1269,504,765
102234,4,435,172,263
102234,5,834,332,502
102234,11,23,16,7
102234,12,130,43,87
102234,19,47,29,18
102234,20,787,303,484
102234,21,1210,488,722
102234,22,1205,488,717
102234,23,1205,488,717
102234,24,432,172,260
102234,25,773,316,457
102234,32,5,0,5
102234,39,44,28,16
102234,40,729,288,441
102234,41,212,75,137
102234,42,87,32,55
102234,43,64,16,48
102234,44,3,0,3
102234,45,61,16,45
102234,51,23,16,7
102234,52,125,43,82
102234,59,3,1,2
102234,60,58,15,43
102261,1,161,94,67
102261,2,161,94,67
102261,3,160,94,66
102261,4,17,8,9
102261,5,143,86,57
102261,11,1,0,1
102261,19,30,17,13
102261,20,113,69,44
102261,21,130,79,51
102261,22,130,79,51
102261,23,130,79,51
102261,24,16,8,8
102261,25,114,71,43
102261,39,25,15,10
102261,40,89,56,33
102261,41,31,15,16
102261,42,31,15,16
102261,43,30,15,15
102261,44,1,0,1
102261,45,29,15,14
102261,51,1,0,1
102261,59,5,2,3
102261,60,24,13,11
102270,1,863,443,420
102270,2,863,443,420
102270,3,863,443,420
102270,4,163,77,86
102270,5,700,366,334
102270,19,81,52,29
102270,20,619,314,305
102270,21,808,411,397
102270,22,808,411,397
102270,23,808,411,397
102270,24,163,77,86
102270,25,645,334,311
102270,39,62,40,22
102270,40,583,294,289
102270,41,55,32,23
102270,42,55,32,23
102270,43,55,32,23
102270,45,55,32,23
102270,59,19,12,7
102270,60,36,20,16
102298,1,932,440,492
102298,2,932,440,492
102298,3,894,411,483
102298,4,276,149,127
102298,5,618,262,356
102298,11,38,29,9
102298,19,5,0,5
102298,20,613,262,351
102298,21,849,386,463
102298,22,849,386,463
102298,23,849,386,463
102298,24,256,136,120
102298,25,593,250,343
102298,39,5,0,5
102298,40,588,250,338
102298,41,83,54,29
102298,42,83,54,29
102298,43,45,25,20
102298,44,20,13,7
102298,45,25,12,13
102298,51,38,29,9
102298,60,25,12,13
102313,1,1351,673,678
102313,2,1351,673,678
102313,3,1262,643,619
102313,4,270,149,121
102313,5,992,494,498
102313,11,89,30,59
102313,19,183,92,91
102313,20,809,402,407
102313,21,711,394,317
102313,22,711,394,317
102313,23,710,393,317
102313,24,201,110,91
102313,25,509,283,226
102313,31,1,1,0
102313,39,112,65,47
102313,40,397,218,179
102313,41,640,279,361
102313,42,640,279,361
102313,43,552,250,302
102313,44,69,39,30
102313,45,483,211,272
102313,51,88,29,59
102313,59,71,27,44
102313,60,412,184,228
102368,1,20573,7506,13067
102368,2,16316,6221,10095
102368,3,16208,6175,10033
102368,4,2121,862,1259
102368,5,14087,5313,8774
102368,11,108,46,62
102368,12,4257,1285,2972
102368,19,1331,445,886
102368,20,12756,4868,7888
102368,21,10334,3975,6359
102368,22,9141,3614,5527
102368,23,9109,3602,5507
102368,24,1613,674,939
102368,25,7496,2928,4568
102368,31,32,12,20
102368,32,1193,361,832
102368,39,647,229,418
102368,40,6849,2699,4150
102368,41,10239,3531,6708
102368,42,7175,2607,4568
102368,43,7099,2573,4526
102368,44,508,188,320
102368,45,6591,2385,4206
102368,51,76,34,42
102368,52,3064,924,2140
102368,59,684,216,468
102368,60,5907,2169,3738
102377,1,3118,1258,1860
102377,2,2584,1093,1491
102377,3,2584,1093,1491
102377,4,659,246,413
102377,5,1925,847,1078
102377,12,534,165,369
102377,19,55,27,28
102377,20,1870,820,1050
102377,21,2954,1183,1771
102377,22,2468,1038,1430
102377,23,2468,1038,1430
102377,24,645,244,401
102377,25,1823,794,1029
102377,32,486,145,341
102377,39,54,27,27
102377,40,1769,767,1002
102377,41,164,75,89
102377,42,116,55,61
102377,43,116,55,61
102377,44,14,2,12
102377,45,102,53,49
102377,52,48,20,28
102377,59,1,0,1
102377,60,101,53,48
102395,1,347,241,106
102395,2,95,79,16
102395,3,80,68,12
102395,5,80,68,12
102395,11,15,11,4
102395,12,252,162,90
102395,19,26,23,3
102395,20,54,45,9
102395,21,89,61,28
102395,22,14,12,2
102395,23,14,12,2
102395,25,14,12,2
102395,32,75,49,26
102395,39,2,2,0
102395,40,12,10,2
102395,41,258,180,78
102395,42,81,67,14
102395,43,66,56,10
102395,45,66,56,10
102395,51,15,11,4
102395,52,177,113,64
102395,59,24,21,3
102395,60,42,35,7
102429,1,3490,1265,2225
102429,2,3490,1265,2225
102429,3,3212,1141,2071
102429,4,905,395,510
102429,5,2307,746,1561
102429,11,278,124,154
102429,19,264,86,178
102429,20,2043,660,1383
102429,21,1808,710,1098
102429,22,1808,710,1098
102429,23,1804,707,1097
102429,24,753,322,431
102429,25,1051,385,666
102429,31,4,3,1
102429,39,115,43,72
102429,40,936,342,594
102429,41,1682,555,1127
102429,42,1682,555,1127
102429,43,1408,434,974
102429,44,152,73,79
102429,45,1256,361,895
102429,51,274,121,153
102429,59,149,43,106
102429,60,1107,318,789
102553,1,17363,7086,10277
102553,2,16380,6762,9618
102553,3,13116,5470,7646
102553,4,1965,821,1144
102553,5,11151,4649,6502
102553,11,3264,1292,1972
102553,12,983,324,659
102553,19,613,257,356
102553,20,10538,4392,6146
102553,21,7904,3593,4311
102553,22,7679,3519,4160
102553,23,7193,3245,3948
102553,24,1411,603,808
102553,25,5782,2642,3140
102553,31,486,274,212
102553,32,225,74,151
102553,39,359,171,188
102553,40,5423,2471,2952
102553,41,9459,3493,5966
102553,42,8701,3243,5458
102553,43,5923,2225,3698
102553,44,554,218,336
102553,45,5369,2007,3362
102553,51,2778,1018,1760
102553,52,758,250,508
102553,59,254,86,168
102553,60,5115,1921,3194
102580,1,42,22,20
102580,2,42,22,20
102580,3,26,16,10
102580,4,13,5,8
102580,5,13,11,2
102580,11,16,6,10
102580,20,13,11,2
102580,21,21,13,8
102580,22,21,13,8
102580,23,21,13,8
102580,24,12,5,7
102580,25,9,8,1
102580,40,9,8,1
102580,41,21,9,12
102580,42,21,9,12
102580,43,5,3,2
102580,44,1,0,1
102580,45,4,3,1
102580,51,16,6,10
102580,60,4,3,1
102614,1,9166,3892,5274
102614,2,7989,3411,4578
102614,3,5729,2530,3199
102614,4,981,480,501
102614,5,4748,2050,2698
102614,11,2260,881,1379
102614,12,1177,481,696
102614,19,462,209,253
102614,20,4286,1841,2445
102614,21,4283,2097,2186
102614,22,3654,1824,1830
102614,23,3555,1772,1783
102614,24,775,403,372
102614,25,2780,1369,1411
102614,31,99,52,47
102614,32,629,273,356
102614,39,288,137,151
102614,40,2492,1232,1260
102614,41,4883,1795,3088
102614,42,4335,1587,2748
102614,43,2174,758,1416
102614,44,206,77,129
102614,45,1968,681,1287
102614,51,2161,829,1332
102614,52,548,208,340
102614,59,174,72,102
102614,60,1794,609,1185
102632,1,2996,1040,1956
102632,2,2645,945,1700
102632,3,1488,520,968
102632,4,228,105,123
102632,5,1260,415,845
102632,11,1157,425,732
102632,12,351,95,256
102632,19,174,55,119
102632,20,1086,360,726
102632,21,889,381,508
102632,22,821,358,463
102632,23,759,327,432
102632,24,159,78,81
102632,25,600,249,351
102632,31,62,31,31
102632,32,68,23,45
102632,39,101,42,59
102632,40,499,207,292
102632,41,2107,659,1448
102632,42,1824,587,1237
102632,43,729,193,536
102632,44,69,27,42
102632,45,660,166,494
102632,51,1095,394,701
102632,52,283,72,211
102632,59,73,13,60
102632,60,587,153,434
102669,1,669,235,434
102669,2,387,132,255
102669,3,340,118,222
102669,4,32,16,16
102669,5,308,102,206
102669,11,47,14,33
102669,12,282,103,179
102669,19,63,21,42
102669,20,245,81,164
102669,21,323,124,199
102669,22,245,92,153
102669,23,209,82,127
102669,24,31,16,15
102669,25,178,66,112
102669,31,36,10,26
102669,32,78,32,46
102669,39,33,10,23
102669,40,145,56,89
102669,41,346,111,235
102669,42,142,40,102
102669,43,131,36,95
102669,44,1,0,1
102669,45,130,36,94
102669,51,11,4,7
102669,52,204,71,133
102669,59,30,11,19
102669,60,100,25,75
102711,1,1347,1032,315
102711,2,1347,1032,315
102711,3,1347,1032,315
102711,4,359,256,103
102711,5,988,776,212
102711,20,988,776,212
102711,21,301,149,152
102711,22,301,149,152
102711,23,301,149,152
102711,24,180,107,73
102711,25,121,42,79
102711,40,121,42,79
102711,41,1046,883,163
102711,42,1046,883,163
102711,43,1046,883,163
102711,44,179,149,30
102711,45,867,734,133
102711,60,867,734,133
102845,1,2191,611,1580
102845,2,2191,611,1580
102845,3,2191,611,1580
102845,4,1053,302,751
102845,5,1138,309,829
102845,20,1138,309,829
102845,21,2191,611,1580
102845,22,2191,611,1580
102845,23,2191,611,1580
102845,24,1053,302,751
102845,25,1138,309,829
102845,40,1138,309,829
103361,1,471,182,289
103361,2,471,182,289
103361,3,134,42,92
103361,4,8,3,5
103361,5,126,39,87
103361,11,337,140,197
103361,19,4,0,4
103361,20,122,39,83
103361,21,55,24,31
103361,22,55,24,31
103361,23,47,18,29
103361,24,5,1,4
103361,25,42,17,25
103361,31,8,6,2
103361,39,1,0,1
103361,40,41,17,24
103361,41,416,158,258
103361,42,416,158,258
103361,43,87,24,63
103361,44,3,2,1
103361,45,84,22,62
103361,51,329,134,195
103361,59,3,0,3
103361,60,81,22,59
103501,1,335,60,275
103501,2,335,60,275
103501,3,335,60,275
103501,4,102,19,83
103501,5,233,41,192
103501,19,4,2,2
103501,20,229,39,190
103501,21,335,60,275
103501,22,335,60,275
103501,23,335,60,275
103501,24,102,19,83
103501,25,233,41,192
103501,39,4,2,2
103501,40,229,39,190
103644,1,2761,742,2019
103644,2,2761,742,2019
103644,3,2761,742,2019
103644,4,110,26,84
103644,5,2651,716,1935
103644,19,712,204,508
103644,20,1939,512,1427
103644,21,1488,350,1138
103644,22,1488,350,1138
103644,23,1488,350,1138
103644,24,97,17,80
103644,25,1391,333,1058
103644,39,351,95,256
103644,40,1040,238,802
103644,41,1273,392,881
103644,42,1273,392,881
103644,43,1273,392,881
103644,44,13,9,4
103644,45,1260,383,877
103644,59,361,109,252
103644,60,899,274,625
103723,1,254,189,65
103723,2,254,189,65
103723,3,254,189,65
103723,5,254,189,65
103723,20,254,189,65
103723,21,206,150,56
103723,22,206,150,56
103723,23,206,150,56
103723,25,206,150,56
103723,40,206,150,56
103723,41,48,39,9
103723,42,48,39,9
103723,43,48,39,9
103723,45,48,39,9
103723,60,48,39,9
103732,1,43,8,35
103732,2,43,8,35
103732,3,43,8,35
103732,4,13,2,11
103732,5,30,6,24
103732,20,30,6,24
103732,21,34,6,28
103732,22,34,6,28
103732,23,34,6,28
103732,24,10,2,8
103732,25,24,4,20
103732,40,24,4,20
103732,41,9,2,7
103732,42,9,2,7
103732,43,9,2,7
103732,44,3,0,3
103732,45,6,2,4
103732,60,6,2,4
103741,1,175,10,165
103741,2,175,10,165
103741,3,175,10,165
103741,4,65,4,61
103741,5,110,6,104
103741,20,110,6,104
103741,21,140,9,131
103741,22,140,9,131
103741,23,140,9,131
103741,24,58,4,54
103741,25,82,5,77
103741,40,82,5,77
103741,41,35,1,34
103741,42,35,1,34
103741,43,35,1,34
103741,44,7,0,7
103741,45,28,1,27
103741,60,28,1,27
103778,1,1022,722,300
103778,2,2,2,0
103778,3,2,2,0
103778,4,2,2,0
103778,12,1020,720,300
103778,21,534,371,163
103778,32,534,371,163
103778,41,488,351,137
103778,42,2,2,0
103778,43,2,2,0
103778,44,2,2,0
103778,52,486,349,137
103787,1,79,34,45
103787,2,79,34,45
103787,3,77,33,44
103787,4,15,5,10
103787,5,62,28,34
103787,11,2,1,1
103787,19,4,0,4
103787,20,58,28,30
103787,21,68,29,39
103787,22,68,29,39
103787,23,68,29,39
103787,24,15,5,10
103787,25,53,24,29
103787,39,4,0,4
103787,40,49,24,25
103787,41,11,5,6
103787,42,11,5,6
103787,43,9,4,5
103787,45,9,4,5
103787,51,2,1,1
103787,60,9,4,5
103811,1,278,250,28
103811,2,278,250,28
103811,3,278,250,28
103811,4,15,13,2
103811,5,263,237,26
103811,20,263,237,26
103811,21,278,250,28
103811,22,278,250,28
103811,23,278,250,28
103811,24,15,13,2
103811,25,263,237,26
103811,40,263,237,26
103893,1,676,111,565
103893,2,676,111,565
103893,3,676,111,565
103893,4,132,21,111
103893,5,544,90,454
103893,19,57,7,50
103893,20,487,83,404
103893,21,676,111,565
103893,22,676,111,565
103893,23,676,111,565
103893,24,132,21,111
103893,25,544,90,454
103893,39,57,7,50
103893,40,487,83,404
103909,1,691,128,563
103909,2,691,128,563
103909,3,691,128,563
103909,4,100,11,89
103909,5,591,117,474
103909,19,64,14,50
103909,20,527,103,424
103909,21,624,112,512
103909,22,624,112,512
103909,23,624,112,512
103909,24,100,11,89
103909,25,524,101,423
103909,39,64,14,50
103909,40,460,87,373
103909,41,67,16,51
103909,42,67,16,51
103909,43,67,16,51
103909,45,67,16,51
103909,60,67,16,51
103927,1,440,93,347
103927,2,440,93,347
103927,3,440,93,347
103927,4,84,12,72
103927,5,356,81,275
103927,19,33,7,26
103927,20,323,74,249
103927,21,437,92,345
103927,22,437,92,345
103927,23,437,92,345
103927,24,84,12,72
103927,25,353,80,273
103927,39,33,7,26
103927,40,320,73,247
103927,41,3,1,2
103927,42,3,1,2
103927,43,3,1,2
103927,45,3,1,2
103927,60,3,1,2
103945,1,209,53,156
103945,2,209,53,156
103945,3,209,53,156
103945,4,126,32,94
103945,5,83,21,62
103945,20,83,21,62
103945,21,209,53,156
103945,22,209,53,156
103945,23,209,53,156
103945,24,126,32,94
103945,25,83,21,62
103945,40,83,21,62
103954,1,47,2,45
103954,2,47,2,45
103954,3,47,2,45
103954,4,3,0,3
103954,5,44,2,42
103954,20,44,2,42
103954,21,47,2,45
103954,22,47,2,45
103954,23,47,2,45
103954,24,3,0,3
103954,25,44,2,42
103954,40,44,2,42
103963,1,505,481,24
103963,2,505,481,24
103963,3,505,481,24
103963,4,162,154,8
103963,5,343,327,16
103963,20,343,327,16
103963,21,505,481,24
103963,22,505,481,24
103963,23,505,481,24
103963,24,162,154,8
103963,25,343,327,16
103963,40,343,327,16
104090,1,844,158,686
104090,2,828,157,671
104090,3,828,157,671
104090,4,402,81,321
104090,5,426,76,350
104090,12,16,1,15
104090,20,426,76,350
104090,21,844,158,686
104090,22,828,157,671
104090,23,828,157,671
104090,24,402,81,321
104090,25,426,76,350
104090,32,16,1,15
104090,40,426,76,350
104151,1,48702,27532,21170
104151,2,38730,21588,17142
104151,3,38480,21471,17009
104151,4,7171,4019,3152
104151,5,31309,17452,13857
104151,11,250,117,133
104151,12,9972,5944,4028
104151,19,3354,1826,1528
104151,20,27955,15626,12329
104151,21,42498,24011,18487
104151,22,34989,19401,15588
104151,23,34852,19336,15516
104151,24,7114,3982,3132
104151,25,27738,15354,12384
104151,31,137,65,72
104151,32,7509,4610,2899
104151,39,2863,1559,1304
104151,40,24875,13795,11080
104151,41,6204,3521,2683
104151,42,3741,2187,1554
104151,43,3628,2135,1493
104151,44,57,37,20
104151,45,3571,2098,1473
104151,51,113,52,61
104151,52,2463,1334,1129
104151,59,491,267,224
104151,60,3080,1831,1249
104160,1,8000,3459,4541
104160,2,8000,3459,4541
104160,3,7442,3247,4195
104160,4,1786,911,875
104160,5,5656,2336,3320
104160,11,558,212,346
104160,19,270,140,130
104160,20,5386,2196,3190
104160,21,2803,1293,1510
104160,22,2803,1293,1510
104160,23,2740,1267,1473
104160,24,844,417,427
104160,25,1896,850,1046
104160,31,63,26,37
104160,39,102,63,39
104160,40,1794,787,1007
104160,41,5197,2166,3031
104160,42,5197,2166,3031
104160,43,4702,1980,2722
104160,44,942,494,448
104160,45,3760,1486,2274
104160,51,495,186,309
104160,59,168,77,91
104160,60,3592,1409,2183
104179,1,40621,19520,21101
104179,2,31670,15111,16559
104179,3,31399,14954,16445
104179,4,6881,3184,3697
104179,5,24518,11770,12748
104179,11,271,157,114
104179,12,8951,4409,4542
104179,19,1984,1024,960
104179,20,22534,10746,11788
104179,21,35388,16947,18441
104179,22,28401,13448,14953
104179,23,28289,13385,14904
104179,24,6272,2913,3359
104179,25,22017,10472,11545
104179,31,112,63,49
104179,32,6987,3499,3488
104179,39,1549,802,747
104179,40,20468,9670,10798
104179,41,5233,2573,2660
104179,42,3269,1663,1606
104179,43,3110,1569,1541
104179,44,609,271,338
104179,45,2501,1298,1203
104179,51,159,94,65
104179,52,1964,910,1054
104179,59,435,222,213
104179,60,2066,1076,990
104188,1,221,104,117
104188,2,216,100,116
104188,3,216,100,116
104188,4,48,31,17
104188,5,168,69,99
104188,12,5,4,1
104188,19,7,1,6
104188,20,161,68,93
104188,21,131,63,68
104188,22,126,59,67
104188,23,126,59,67
104188,24,30,20,10
104188,25,96,39,57
104188,32,5,4,1
104188,39,2,1,1
104188,40,94,38,56
104188,41,90,41,49
104188,42,90,41,49
104188,43,90,41,49
104188,44,18,11,7
104188,45,72,30,42
104188,59,5,0,5
104188,60,67,30,37
104294,1,226,20,206
104294,2,226,20,206
104294,3,226,20,206
104294,4,99,11,88
104294,5,127,9,118
104294,20,127,9,118
104294,21,129,13,116
104294,22,129,13,116
104294,23,129,13,116
104294,24,62,8,54
104294,25,67,5,62
104294,40,67,5,62
104294,41,97,7,90
104294,42,97,7,90
104294,43,97,7,90
104294,44,37,3,34
104294,45,60,4,56
104294,60,60,4,56
104346,1,6445,2377,4068
104346,2,6445,2377,4068
104346,3,5462,2001,3461
104346,4,1270,569,701
104346,5,4192,1432,2760
104346,11,983,376,607
104346,19,822,261,561
104346,20,3370,1171,2199
104346,21,2129,905,1224
104346,22,2129,905,1224
104346,23,2002,842,1160
104346,24,544,279,265
104346,25,1458,563,895
104346,31,127,63,64
104346,39,244,106,138
104346,40,1214,457,757
104346,41,4316,1472,2844
104346,42,4316,1472,2844
104346,43,3460,1159,2301
104346,44,726,290,436
104346,45,2734,869,1865
104346,51,856,313,543
104346,59,578,155,423
104346,60,2156,714,1442
104364,1,684,288,396
104364,2,684,288,396
104364,3,684,288,396
104364,4,80,39,41
104364,5,604,249,355
104364,19,116,43,73
104364,20,488,206,282
104364,21,684,288,396
104364,22,684,288,396
104364,23,684,288,396
104364,24,80,39,41
104364,25,604,249,355
104364,39,116,43,73
104364,40,488,206,282
104391,1,83,8,75
104391,2,83,8,75
104391,3,83,8,75
104391,4,73,7,66
104391,5,10,1,9
104391,20,10,1,9
104391,21,83,8,75
104391,22,83,8,75
104391,23,83,8,75
104391,24,73,7,66
104391,25,10,1,9
104391,40,10,1,9
104425,1,4453,2085,2368
104425,2,4453,2085,2368
104425,3,3787,1779,2008
104425,4,803,403,400
104425,5,2984,1376,1608
104425,11,666,306,360
104425,19,301,145,156
104425,20,2683,1231,1452
104425,21,1649,768,881
104425,22,1649,768,881
104425,23,1567,715,852
104425,24,494,251,243
104425,25,1073,464,609
104425,31,82,53,29
104425,39,129,60,69
104425,40,944,404,540
104425,41,2804,1317,1487
104425,42,2804,1317,1487
104425,43,2220,1064,1156
104425,44,309,152,157
104425,45,1911,912,999
104425,51,584,253,331
104425,59,172,85,87
104425,60,1739,827,912
104434,1,53,1,52
104434,2,53,1,52
104434,3,53,1,52
104434,4,29,0,29
104434,5,24,1,23
104434,20,24,1,23
104434,21,53,1,52
104434,22,53,1,52
104434,23,53,1,52
104434,24,29,0,29
104434,25,24,1,23
104434,40,24,1,23
104443,1,113,15,98
104443,2,113,15,98
104443,3,113,15,98
104443,4,32,6,26
104443,5,81,9,72
104443,20,81,9,72
104443,21,86,12,74
104443,22,86,12,74
104443,23,86,12,74
104443,24,27,5,22
104443,25,59,7,52
104443,40,59,7,52
104443,41,27,3,24
104443,42,27,3,24
104443,43,27,3,24
104443,44,5,1,4
104443,45,22,2,20
104443,60,22,2,20
104504,1,143,38,105
104504,2,143,38,105
104504,3,143,38,105
104504,4,67,24,43
104504,5,76,14,62
104504,20,76,14,62
104504,21,96,25,71
104504,22,96,25,71
104504,23,96,25,71
104504,24,41,15,26
104504,25,55,10,45
104504,40,55,10,45
104504,41,47,13,34
104504,42,47,13,34
104504,43,47,13,34
104504,44,26,9,17
104504,45,21,4,17
104504,60,21,4,17
104568,1,273,10,263
104568,2,273,10,263
104568,3,273,10,263
104568,4,243,8,235
104568,5,30,2,28
104568,20,30,2,28
104568,21,177,7,170
104568,22,177,7,170
104568,23,177,7,170
104568,24,159,5,154
104568,25,18,2,16
104568,40,18,2,16
104568,41,96,3,93
104568,42,96,3,93
104568,43,96,3,93
104568,44,84,3,81
104568,45,12,0,12
104568,60,12,0,12
104577,1,6602,2945,3657
104577,2,6602,2945,3657
104577,3,4812,2306,2506
104577,4,1297,748,549
104577,5,3515,1558,1957
104577,11,1790,639,1151
104577,19,76,36,40
104577,20,3439,1522,1917
104577,21,1953,1027,926
104577,22,1953,1027,926
104577,23,1924,1007,917
104577,24,502,310,192
104577,25,1422,697,725
104577,31,29,20,9
104577,39,31,22,9
104577,40,1391,675,716
104577,41,4649,1918,2731
104577,42,4649,1918,2731
104577,43,2888,1299,1589
104577,44,795,438,357
104577,45,2093,861,1232
104577,51,1761,619,1142
104577,59,45,14,31
104577,60,2048,847,1201
104586,1,1921,1517,404
104586,2,1879,1485,394
104586,3,1802,1411,391
104586,4,448,329,119
104586,5,1354,1082,272
104586,11,77,74,3
104586,12,42,32,10
104586,19,109,79,30
104586,20,1245,1003,242
104586,21,1786,1411,375
104586,22,1753,1386,367
104586,23,1687,1320,367
104586,24,443,324,119
104586,25,1244,996,248
104586,31,66,66,0
104586,32,33,25,8
104586,39,107,77,30
104586,40,1137,919,218
104586,41,135,106,29
104586,42,126,99,27
104586,43,115,91,24
104586,44,5,5,0
104586,45,110,86,24
104586,51,11,8,3
104586,52,9,7,2
104586,59,2,2,0
104586,60,108,84,24
104665,1,10,7,3
104665,2,2,2,0
104665,3,2,2,0
104665,5,2,2,0
104665,12,8,5,3
104665,20,2,2,0
104665,21,10,7,3
104665,22,2,2,0
104665,23,2,2,0
104665,25,2,2,0
104665,32,8,5,3
104665,40,2,2,0
104708,1,20872,9673,11199
104708,2,20872,9673,11199
104708,3,16623,7750,8873
104708,4,3519,1790,1729
104708,5,13104,5960,7144
104708,11,4249,1923,2326
104708,19,1335,580,755
104708,20,11769,5380,6389
104708,21,7224,3660,3564
104708,22,7224,3660,3564
104708,23,6512,3304,3208
104708,24,2057,1045,1012
104708,25,4455,2259,2196
104708,31,712,356,356
104708,39,428,215,213
104708,40,4027,2044,1983
104708,41,13648,6013,7635
104708,42,13648,6013,7635
104708,43,10111,4446,5665
104708,44,1462,745,717
104708,45,8649,3701,4948
104708,51,3537,1567,1970
104708,59,907,365,542
104708,60,7742,3336,4406
104717,1,55497,13704,41793
104717,2,35205,8628,26577
104717,3,34643,8378,26265
104717,4,3264,946,2318
104717,5,31379,7432,23947
104717,11,562,250,312
104717,12,20292,5076,15216
104717,19,8919,2087,6832
104717,20,22460,5345,17115
104717,21,8023,2573,5450
104717,22,7984,2557,5427
104717,23,7975,2557,5418
104717,24,1554,547,1007
104717,25,6421,2010,4411
104717,31,9,0,9
104717,32,39,16,23
104717,39,2339,711,1628
104717,40,4082,1299,2783
104717,41,47474,11131,36343
104717,42,27221,6071,21150
104717,43,26668,5821,20847
104717,44,1710,399,1311
104717,45,24958,5422,19536
104717,51,553,250,303
104717,52,20253,5060,15193
104717,59,6580,1376,5204
104717,60,18378,4046,14332
104805,1,2238,429,1809
104805,2,2238,429,1809
104805,3,2238,429,1809
104805,4,918,184,734
104805,5,1320,245,1075
104805,20,1320,245,1075
104805,21,2238,429,1809
104805,22,2238,429,1809
104805,23,2238,429,1809
104805,24,918,184,734
104805,25,1320,245,1075
104805,40,1320,245,1075
104911,1,210,11,199
104911,2,210,11,199
104911,3,210,11,199
104911,4,71,5,66
104911,5,139,6,133
104911,20,139,6,133
104911,21,210,11,199
104911,22,210,11,199
104911,23,210,11,199
104911,24,71,5,66
104911,25,139,6,133
104911,40,139,6,133
105118,1,93,21,72
105118,2,93,21,72
105118,3,93,21,72
105118,5,93,21,72
105118,20,93,21,72
105118,21,93,21,72
105118,22,93,21,72
105118,23,93,21,72
105118,25,93,21,72
105118,40,93,21,72
105145,1,6440,3180,3260
105145,2,6440,3180,3260
105145,3,5653,2798,2855
105145,4,782,419,363
105145,5,4871,2379,2492
105145,11,787,382,405
105145,19,939,386,553
105145,20,3932,1993,1939
105145,21,1345,568,777
105145,22,1345,568,777
105145,23,1289,544,745
105145,24,334,146,188
105145,25,955,398,557
105145,31,56,24,32
105145,39,176,73,103
105145,40,779,325,454
105145,41,5095,2612,2483
105145,42,5095,2612,2483
105145,43,4364,2254,2110
105145,44,448,273,175
105145,45,3916,1981,1935
105145,51,731,358,373
105145,59,763,313,450
105145,60,3153,1668,1485
105154,1,23678,11519,12159
105154,2,23678,11519,12159
105154,3,20120,9813,10307
105154,4,3474,1797,1677
105154,5,16646,8016,8630
105154,11,3558,1706,1852
105154,19,1744,807,937
105154,20,14902,7209,7693
105154,21,7550,4068,3482
105154,22,7550,4068,3482
105154,23,7040,3753,3287
105154,24,1942,1011,931
105154,25,5098,2742,2356
105154,31,510,315,195
105154,39,496,254,242
105154,40,4602,2488,2114
105154,41,16128,7451,8677
105154,42,16128,7451,8677
105154,43,13080,6060,7020
105154,44,1532,786,746
105154,45,11548,5274,6274
105154,51,3048,1391,1657
105154,59,1248,553,695
105154,60,10300,4721,5579
105163,1,409,353,56
105163,2,409,353,56
105163,3,409,353,56
105163,4,58,49,9
105163,5,351,304,47
105163,19,10,8,2
105163,20,341,296,45
105163,21,305,263,42
105163,22,305,263,42
105163,23,305,263,42
105163,24,44,37,7
105163,25,261,226,35
105163,39,9,7,2
105163,40,252,219,33
105163,41,104,90,14
105163,42,104,90,14
105163,43,104,90,14
105163,44,14,12,2
105163,45,90,78,12
105163,59,1,1,0
105163,60,89,77,12
105172,1,498,428,70
105172,2,498,428,70
105172,3,498,428,70
105172,4,76,69,7
105172,5,422,359,63
105172,19,15,12,3
105172,20,407,347,60
105172,21,392,340,52
105172,22,392,340,52
105172,23,392,340,52
105172,24,73,66,7
105172,25,319,274,45
105172,39,11,9,2
105172,40,308,265,43
105172,41,106,88,18
105172,42,106,88,18
105172,43,106,88,18
105172,44,3,3,0
105172,45,103,85,18
105172,59,4,3,1
105172,60,99,82,17
105206,1,5227,1894,3333
105206,2,5227,1894,3333
105206,3,4759,1704,3055
105206,4,981,445,536
105206,5,3778,1259,2519
105206,11,468,190,278
105206,19,215,78,137
105206,20,3563,1181,2382
105206,21,1433,614,819
105206,22,1433,614,819
105206,23,1366,582,784
105206,24,231,117,114
105206,25,1135,465,670
105206,31,67,32,35
105206,39,71,40,31
105206,40,1064,425,639
105206,41,3794,1280,2514
105206,42,3794,1280,2514
105206,43,3393,1122,2271
105206,44,750,328,422
105206,45,2643,794,1849
105206,51,401,158,243
105206,59,144,38,106
105206,60,2499,756,1743
105215,1,2049,1948,101
105215,2,2049,1948,101
105215,3,2049,1948,101
105215,4,277,265,12
105215,5,1772,1683,89
105215,20,1772,1683,89
105215,21,2049,1948,101
105215,22,2049,1948,101
105215,23,2049,1948,101
105215,24,277,265,12
105215,25,1772,1683,89
105215,40,1772,1683,89
105297,1,1466,467,999
105297,2,1466,467,999
105297,3,1402,441,961
105297,4,232,91,141
105297,5,1170,350,820
105297,11,64,26,38
105297,19,32,12,20
105297,20,1138,338,800
105297,21,912,313,599
105297,22,912,313,599
105297,23,904,309,595
105297,24,187,77,110
105297,25,717,232,485
105297,31,8,4,4
105297,39,25,10,15
105297,40,692,222,470
105297,41,554,154,400
105297,42,554,154,400
105297,43,498,132,366
105297,44,45,14,31
105297,45,453,118,335
105297,51,56,22,34
105297,59,7,2,5
105297,60,446,116,330
105330,1,26594,10799,15795
105330,2,22160,9343,12817
105330,3,22011,9275,12736
105330,4,4728,1971,2757
105330,5,17283,7304,9979
105330,11,149,68,81
105330,12,4434,1456,2978
105330,19,2478,943,1535
105330,20,14805,6361,8444
105330,21,20533,8706,11827
105330,22,18577,7984,10593
105330,23,18575,7983,10592
105330,24,4348,1814,2534
105330,25,14227,6169,8058
105330,31,2,1,1
105330,32,1956,722,1234
105330,39,1733,743,990
105330,40,12494,5426,7068
105330,41,6061,2093,3968
105330,42,3583,1359,2224
105330,43,3436,1292,2144
105330,44,380,157,223
105330,45,3056,1135,1921
105330,51,147,67,80
105330,52,2478,734,1744
105330,59,745,200,545
105330,60,2311,935,1376
105349,1,3233,1284,1949
105349,2,3233,1284,1949
105349,3,1641,554,1087
105349,4,181,64,117
105349,5,1460,490,970
105349,11,1592,730,862
105349,19,530,151,379
105349,20,930,339,591
105349,21,674,335,339
105349,22,674,335,339
105349,23,441,189,252
105349,24,54,20,34
105349,25,387,169,218
105349,31,233,146,87
105349,39,127,51,76
105349,40,260,118,142
105349,41,2559,949,1610
105349,42,2559,949,1610
105349,43,1200,365,835
105349,44,127,44,83
105349,45,1073,321,752
105349,51,1359,584,775
105349,59,403,100,303
105349,60,670,221,449
105367,1,653,178,475
105367,2,345,108,237
105367,3,335,105,230
105367,5,335,105,230
105367,11,10,3,7
105367,12,308,70,238
105367,19,70,27,43
105367,20,265,78,187
105367,21,6,2,4
105367,22,2,0,2
105367,23,2,0,2
105367,25,2,0,2
105367,32,4,2,2
105367,40,2,0,2
105367,41,647,176,471
105367,42,343,108,235
105367,43,333,105,228
105367,45,333,105,228
105367,51,10,3,7
105367,52,304,68,236
105367,59,70,27,43
105367,60,263,78,185
105428,1,12676,4965,7711
105428,2,12676,4965,7711
105428,3,10234,3921,6313
105428,4,1786,853,933
105428,5,8448,3068,5380
105428,11,2442,1044,1398
105428,19,1367,468,899
105428,20,7081,2600,4481
105428,21,3421,1477,1944
105428,22,3421,1477,1944
105428,23,3115,1326,1789
105428,24,733,359,374
105428,25,2382,967,1415
105428,31,306,151,155
105428,39,348,144,204
105428,40,2034,823,1211
105428,41,9255,3488,5767
105428,42,9255,3488,5767
105428,43,7119,2595,4524
105428,44,1053,494,559
105428,45,6066,2101,3965
105428,51,2136,893,1243
105428,59,1019,324,695
105428,60,5047,1777,3270
105482,1,87,28,59
105482,2,87,28,59
105482,3,87,28,59
105482,4,21,6,15
105482,5,66,22,44
105482,20,66,22,44
105482,21,48,15,33
105482,22,48,15,33
105482,23,48,15,33
105482,24,12,3,9
105482,25,36,12,24
105482,40,36,12,24
105482,41,39,13,26
105482,42,39,13,26
105482,43,39,13,26
105482,44,9,3,6
105482,45,30,10,20
105482,60,30,10,20
105516,1,4480,1991,2489
105516,2,3099,1431,1668
105516,3,3044,1416,1628
105516,4,44,23,21
105516,5,3000,1393,1607
105516,11,55,15,40
105516,12,1381,560,821
105516,19,196,105,91
105516,20,2804,1288,1516
105516,21,4480,1991,2489
105516,22,3099,1431,1668
105516,23,3044,1416,1628
105516,24,44,23,21
105516,25,3000,1393,1607
105516,31,55,15,40
105516,32,1381,560,821
105516,39,196,105,91
105516,40,2804,1288,1516
105525,1,30082,14119,15963
105525,2,30082,14119,15963
105525,3,26600,12168,14432
105525,4,5264,2638,2626
105525,5,21336,9530,11806
105525,11,3482,1951,1531
105525,19,1844,836,1008
105525,20,19492,8694,10798
105525,21,10776,5445,5331
105525,22,10776,5445,5331
105525,23,10427,5203,5224
105525,24,2675,1370,1305
105525,25,7752,3833,3919
105525,31,349,242,107
105525,39,731,367,364
105525,40,7021,3466,3555
105525,41,19306,8674,10632
105525,42,19306,8674,10632
105525,43,16173,6965,9208
105525,44,2589,1268,1321
105525,45,13584,5697,7887
105525,51,3133,1709,1424
105525,59,1113,469,644
105525,60,12471,5228,7243
105534,1,1726,441,1285
105534,2,1726,441,1285
105534,3,1726,441,1285
105534,4,416,97,319
105534,5,1310,344,966
105534,20,1310,344,966
105534,21,1726,441,1285
105534,22,1726,441,1285
105534,23,1726,441,1285
105534,24,416,97,319
105534,25,1310,344,966
105534,40,1310,344,966
105543,1,930,165,765
105543,2,930,165,765
105543,3,930,165,765
105543,4,250,42,208
105543,5,680,123,557
105543,20,680,123,557
105543,21,930,165,765
105543,22,930,165,765
105543,23,930,165,765
105543,24,250,42,208
105543,25,680,123,557
105543,40,680,123,557
105589,1,943,334,609
105589,2,545,244,301
105589,3,540,242,298
105589,4,40,11,29
105589,5,500,231,269
105589,11,5,2,3
105589,12,398,90,308
105589,19,96,43,53
105589,20,404,188,216
105589,21,572,232,340
105589,22,444,204,240
105589,23,439,202,237
105589,24,40,11,29
105589,25,399,191,208
105589,31,5,2,3
105589,32,128,28,100
105589,39,78,34,44
105589,40,321,157,164
105589,41,371,102,269
105589,42,101,40,61
105589,43,101,40,61
105589,45,101,40,61
105589,52,270,62,208
105589,59,18,9,9
105589,60,83,31,52
105659,1,621,609,12
105659,2,621,609,12
105659,3,621,609,12
105659,4,201,197,4
105659,5,420,412,8
105659,20,420,412,8
105659,21,621,609,12
105659,22,621,609,12
105659,23,621,609,12
105659,24,201,197,4
105659,25,420,412,8
105659,40,420,412,8
105668,1,21472,8163,13309
105668,2,21472,8163,13309
105668,3,10217,3493,6724
105668,4,572,222,350
105668,5,9645,3271,6374
105668,11,11255,4670,6585
105668,19,2093,765,1328
105668,20,7552,2506,5046
105668,21,3054,1186,1868
105668,22,3054,1186,1868
105668,23,1988,753,1235
105668,24,172,76,96
105668,25,1816,677,1139
105668,31,1066,433,633
105668,39,430,155,275
105668,40,1386,522,864
105668,41,18418,6977,11441
105668,42,18418,6977,11441
105668,43,8229,2740,5489
105668,44,400,146,254
105668,45,7829,2594,5235
105668,51,10189,4237,5952
105668,59,1663,610,1053
105668,60,6166,1984,4182
105677,1,39,38,1
105677,2,39,38,1
105677,3,39,38,1
105677,4,15,14,1
105677,5,24,24,0
105677,20,24,24,0
105677,21,39,38,1
105677,22,39,38,1
105677,23,39,38,1
105677,24,15,14,1
105677,25,24,24,0
105677,40,24,24,0
105701,1,64,2,62
105701,2,64,2,62
105701,3,64,2,62
105701,4,15,2,13
105701,5,49,0,49
105701,20,49,0,49
105701,21,64,2,62
105701,22,64,2,62
105701,23,64,2,62
105701,24,15,2,13
105701,25,49,0,49
105701,40,49,0,49
105747,1,10313,4803,5510
105747,2,10313,4803,5510
105747,3,7687,3661,4026
105747,4,1366,729,637
105747,5,6321,2932,3389
105747,11,2626,1142,1484
105747,19,992,410,582
105747,20,5329,2522,2807
105747,21,3159,1671,1488
105747,22,3159,1671,1488
105747,23,3025,1601,1424
105747,24,898,492,406
105747,25,2127,1109,1018
105747,31,134,70,64
105747,39,340,158,182
105747,40,1787,951,836
105747,41,7154,3132,4022
105747,42,7154,3132,4022
105747,43,4662,2060,2602
105747,44,468,237,231
105747,45,4194,1823,2371
105747,51,2492,1072,1420
105747,59,652,252,400
105747,60,3542,1571,1971
105792,1,4718,1868,2850
105792,2,4718,1868,2850
105792,3,3980,1586,2394
105792,4,864,359,505
105792,5,3116,1227,1889
105792,11,738,282,456
105792,19,464,177,287
105792,20,2652,1050,1602
105792,21,1437,616,821
105792,22,1437,616,821
105792,23,1386,592,794
105792,24,439,187,252
105792,25,947,405,542
105792,31,51,24,27
105792,39,113,47,66
105792,40,834,358,476
105792,41,3281,1252,2029
105792,42,3281,1252,2029
105792,43,2594,994,1600
105792,44,425,172,253
105792,45,2169,822,1347
105792,51,687,258,429
105792,59,351,130,221
105792,60,1818,692,1126
105899,1,635,317,318
105899,2,635,317,318
105899,3,491,252,239
105899,4,90,36,54
105899,5,401,216,185
105899,11,144,65,79
105899,19,58,38,20
105899,20,343,178,165
105899,21,454,231,223
105899,22,454,231,223
105899,23,452,230,222
105899,24,90,36,54
105899,25,362,194,168
105899,31,2,1,1
105899,39,50,34,16
105899,40,312,160,152
105899,41,181,86,95
105899,42,181,86,95
105899,43,39,22,17
105899,45,39,22,17
105899,51,142,64,78
105899,59,8,4,4
105899,60,31,18,13
105987,1,284,132,152
105987,2,284,132,152
105987,3,284,132,152
105987,4,134,64,70
105987,5,150,68,82
105987,20,150,68,82
105987,21,284,132,152
105987,22,284,132,152
105987,23,284,132,152
105987,24,134,64,70
105987,25,150,68,82
105987,40,150,68,82
106041,1,2337,2267,70
106041,2,2337,2267,70
106041,3,2337,2267,70
106041,4,449,440,9
106041,5,1888,1827,61
106041,19,160,153,7
106041,20,1728,1674,54
106041,21,2337,2267,70
106041,22,2337,2267,70
106041,23,2337,2267,70
106041,24,449,440,9
106041,25,1888,1827,61
106041,39,160,153,7
106041,40,1728,1674,54
106102,1,2042,771,1271
106102,2,1497,524,973
106102,3,1369,468,901
106102,4,2,0,2
106102,5,1367,468,899
106102,11,128,56,72
106102,12,545,247,298
106102,20,1367,468,899
106102,21,2042,771,1271
106102,22,1497,524,973
106102,23,1369,468,901
106102,24,2,0,2
106102,25,1367,468,899
106102,31,128,56,72
106102,32,545,247,298
106102,40,1367,468,899
106111,1,172,15,157
106111,2,172,15,157
106111,3,172,15,157
106111,4,44,5,39
106111,5,128,10,118
106111,20,128,10,118
106111,21,130,14,116
106111,22,130,14,116
106111,23,130,14,116
106111,24,36,5,31
106111,25,94,9,85
106111,40,94,9,85
106111,41,42,1,41
106111,42,42,1,41
106111,43,42,1,41
106111,44,8,0,8
106111,45,34,1,33
106111,60,34,1,33
106148,1,8197,3582,4615
106148,2,8197,3582,4615
106148,3,6072,2614,3458
106148,4,900,439,461
106148,5,5172,2175,2997
106148,11,2125,968,1157
106148,19,398,191,207
106148,20,4774,1984,2790
106148,21,2224,1167,1057
106148,22,2224,1167,1057
106148,23,2202,1153,1049
106148,24,440,248,192
106148,25,1762,905,857
106148,31,22,14,8
106148,39,173,104,69
106148,40,1589,801,788
106148,41,5973,2415,3558
106148,42,5973,2415,3558
106148,43,3870,1461,2409
106148,44,460,191,269
106148,45,3410,1270,2140
106148,51,2103,954,1149
106148,59,225,87,138
106148,60,3185,1183,2002
106245,1,12377,5029,7348
106245,2,9970,4135,5835
106245,3,8504,3532,4972
106245,4,667,287,380
106245,5,7837,3245,4592
106245,11,1466,603,863
106245,12,2407,894,1513
106245,19,1165,497,668
106245,20,6672,2748,3924
106245,21,6632,2887,3745
106245,22,5552,2457,3095
106245,23,5261,2333,2928
106245,24,633,269,364
106245,25,4628,2064,2564
106245,31,291,124,167
106245,32,1080,430,650
106245,39,817,360,457
106245,40,3811,1704,2107
106245,41,5745,2142,3603
106245,42,4418,1678,2740
106245,43,3243,1199,2044
106245,44,34,18,16
106245,45,3209,1181,2028
106245,51,1175,479,696
106245,52,1327,464,863
106245,59,348,137,211
106245,60,2861,1044,1817
106263,1,2867,993,1874
106263,2,791,149,642
106263,3,755,132,623
106263,5,755,132,623
106263,11,36,17,19
106263,12,2076,844,1232
106263,19,247,42,205
106263,20,508,90,418
106263,21,2059,815,1244
106263,22,564,91,473
106263,23,563,91,472
106263,25,563,91,472
106263,31,1,0,1
106263,32,1495,724,771
106263,39,174,32,142
106263,40,389,59,330
106263,41,808,178,630
106263,42,227,58,169
106263,43,192,41,151
106263,45,192,41,151
106263,51,35,17,18
106263,52,581,120,461
106263,59,73,10,63
106263,60,119,31,88
106281,1,32,8,24
106281,2,32,8,24
106281,3,32,8,24
106281,4,20,5,15
106281,5,12,3,9
106281,20,12,3,9
106281,21,27,8,19
106281,22,27,8,19
106281,23,27,8,19
106281,24,16,5,11
106281,25,11,3,8
106281,40,11,3,8
106281,41,5,0,5
106281,42,5,0,5
106281,43,5,0,5
106281,44,4,0,4
106281,45,1,0,1
106281,60,1,0,1
106306,1,1027,650,377
106306,2,1027,650,377
106306,3,1022,650,372
106306,4,237,168,69
106306,5,785,482,303
106306,11,5,0,5
106306,19,130,75,55
106306,20,655,407,248
106306,21,867,572,295
106306,22,867,572,295
106306,23,862,572,290
106306,24,206,152,54
106306,25,656,420,236
106306,31,5,0,5
106306,39,108,66,42
106306,40,548,354,194
106306,41,160,78,82
106306,42,160,78,82
106306,43,160,78,82
106306,44,31,16,15
106306,45,129,62,67
106306,59,22,9,13
106306,60,107,53,54
106315,1,37,8,29
106315,2,37,8,29
106315,3,37,8,29
106315,4,7,3,4
106315,5,30,5,25
106315,20,30,5,25
106315,21,27,7,20
106315,22,27,7,20
106315,23,27,7,20
106315,24,7,3,4
106315,25,20,4,16
106315,40,20,4,16
106315,41,10,1,9
106315,42,10,1,9
106315,43,10,1,9
106315,45,10,1,9
106315,60,10,1,9
106324,1,46,1,45
106324,2,46,1,45
106324,3,46,1,45
106324,4,26,1,25
106324,5,20,0,20
106324,20,20,0,20
106324,21,44,1,43
106324,22,44,1,43
106324,23,44,1,43
106324,24,25,1,24
106324,25,19,0,19
106324,40,19,0,19
106324,41,2,0,2
106324,42,2,0,2
106324,43,2,0,2
106324,44,1,0,1
106324,45,1,0,1
106324,60,1,0,1
106342,1,592,271,321
106342,2,592,271,321
106342,3,570,264,306
106342,4,174,82,92
106342,5,396,182,214
106342,11,22,7,15
106342,19,40,19,21
106342,20,356,163,193
106342,21,562,261,301
106342,22,562,261,301
106342,23,561,260,301
106342,24,174,82,92
106342,25,387,178,209
106342,31,1,1,0
106342,39,38,17,21
106342,40,349,161,188
106342,41,30,10,20
106342,42,30,10,20
106342,43,9,4,5
106342,45,9,4,5
106342,51,21,6,15
106342,59,2,2,0
106342,60,7,2,5
106351,1,134,77,57
106351,2,134,77,57
106351,3,134,77,57
106351,4,14,8,6
106351,5,120,69,51
106351,20,120,69,51
106351,21,127,73,54
106351,22,127,73,54
106351,23,127,73,54
106351,24,14,8,6
106351,25,113,65,48
106351,40,113,65,48
106351,41,7,4,3
106351,42,7,4,3
106351,43,7,4,3
106351,45,7,4,3
106351,60,7,4,3
106360,1,50,6,44
106360,2,50,6,44
106360,3,50,6,44
106360,4,9,1,8
106360,5,41,5,36
106360,20,41,5,36
106360,21,50,6,44
106360,22,50,6,44
106360,23,50,6,44
106360,24,9,1,8
106360,25,41,5,36
106360,40,41,5,36
106397,1,25341,12601,12740
106397,2,21009,10347,10662
106397,3,20776,10234,10542
106397,4,4339,2051,2288
106397,5,16437,8183,8254
106397,11,233,113,120
106397,12,4332,2254,2078
106397,19,1282,671,611
106397,20,15155,7512,7643
106397,21,20379,9939,10440
106397,22,18565,9044,9521
106397,23,18455,8990,9465
106397,24,4300,2033,2267
106397,25,14155,6957,7198
106397,31,110,54,56
106397,32,1814,895,919
106397,39,1044,564,480
106397,40,13111,6393,6718
106397,41,4962,2662,2300
106397,42,2444,1303,1141
106397,43,2321,1244,1077
106397,44,39,18,21
106397,45,2282,1226,1056
106397,51,123,59,64
106397,52,2518,1359,1159
106397,59,238,107,131
106397,60,2044,1119,925
106412,1,2615,1196,1419
106412,2,2521,1149,1372
106412,3,2503,1142,1361
106412,4,568,300,268
106412,5,1935,842,1093
106412,11,18,7,11
106412,12,94,47,47
106412,19,152,78,74
106412,20,1783,764,1019
106412,21,2328,1083,1245
106412,22,2300,1068,1232
106412,23,2300,1068,1232
106412,24,557,296,261
106412,25,1743,772,971
106412,32,28,15,13
106412,39,136,74,62
106412,40,1607,698,909
106412,41,287,113,174
106412,42,221,81,140
106412,43,203,74,129
106412,44,11,4,7
106412,45,192,70,122
106412,51,18,7,11
106412,52,66,32,34
106412,59,16,4,12
106412,60,176,66,110
106449,1,4380,1874,2506
106449,2,4380,1874,2506
106449,3,3217,1277,1940
106449,4,839,381,458
106449,5,2378,896,1482
106449,11,1163,597,566
106449,19,138,46,92
106449,20,2240,850,1390
106449,21,2220,937,1283
106449,22,2220,937,1283
106449,23,2189,919,1270
106449,24,779,358,421
106449,25,1410,561,849
106449,31,31,18,13
106449,39,96,37,59
106449,40,1314,524,790
106449,41,2160,937,1223
106449,42,2160,937,1223
106449,43,1028,358,670
106449,44,60,23,37
106449,45,968,335,633
106449,51,1132,579,553
106449,59,42,9,33
106449,60,926,326,600
106458,1,13552,5386,8166
106458,2,10098,4279,5819
106458,3,9325,3973,5352
106458,4,1619,706,913
106458,5,7706,3267,4439
106458,11,773,306,467
106458,12,3454,1107,2347
106458,19,886,319,567
106458,20,6820,2948,3872
106458,21,8384,3630,4754
106458,22,7645,3289,4356
106458,23,7557,3252,4305
106458,24,1575,685,890
106458,25,5982,2567,3415
106458,31,88,37,51
106458,32,739,341,398
106458,39,610,236,374
106458,40,5372,2331,3041
106458,41,5168,1756,3412
106458,42,2453,990,1463
106458,43,1768,721,1047
106458,44,44,21,23
106458,45,1724,700,1024
106458,51,685,269,416
106458,52,2715,766,1949
106458,59,276,83,193
106458,60,1448,617,831
106467,1,11369,5054,6315
106467,2,10482,4789,5693
106467,3,8734,3910,4824
106467,4,1755,862,893
106467,5,6979,3048,3931
106467,11,1748,879,869
106467,12,887,265,622
106467,19,615,253,362
106467,20,6364,2795,3569
106467,21,7283,3426,3857
106467,22,7063,3334,3729
106467,23,7055,3331,3724
106467,24,1678,839,839
106467,25,5377,2492,2885
106467,31,8,3,5
106467,32,220,92,128
106467,39,421,196,225
106467,40,4956,2296,2660
106467,41,4086,1628,2458
106467,42,3419,1455,1964
106467,43,1679,579,1100
106467,44,77,23,54
106467,45,1602,556,1046
106467,51,1740,876,864
106467,52,667,173,494
106467,59,194,57,137
106467,60,1408,499,909
106485,1,3893,1600,2293
106485,2,3706,1538,2168
106485,3,3024,1264,1760
106485,4,679,321,358
106485,5,2345,943,1402
106485,11,682,274,408
106485,12,187,62,125
106485,19,186,88,98
106485,20,2159,855,1304
106485,21,2546,1146,1400
106485,22,2477,1125,1352
106485,23,2470,1123,1347
106485,24,623,304,319
106485,25,1847,819,1028
106485,31,7,2,5
106485,32,69,21,48
106485,39,166,83,83
106485,40,1681,736,945
106485,41,1347,454,893
106485,42,1229,413,816
106485,43,554,141,413
106485,44,56,17,39
106485,45,498,124,374
106485,51,675,272,403
106485,52,118,41,77
106485,59,20,5,15
106485,60,478,119,359
106494,1,64,3,61
106494,2,64,3,61
106494,3,64,3,61
106494,4,11,0,11
106494,5,53,3,50
106494,20,53,3,50
106494,21,64,3,61
106494,22,64,3,61
106494,23,64,3,61
106494,24,11,0,11
106494,25,53,3,50
106494,40,53,3,50
106546,1,918,96,822
106546,2,918,96,822
106546,3,918,96,822
106546,4,37,3,34
106546,5,881,93,788
106546,20,881,93,788
106546,21,802,79,723
106546,22,802,79,723
106546,23,802,79,723
106546,24,37,3,34
106546,25,765,76,689
106546,40,765,76,689
106546,41,116,17,99
106546,42,116,17,99
106546,43,116,17,99
106546,45,116,17,99
106546,60,116,17,99
106625,1,2248,815,1433
106625,2,2248,815,1433
106625,3,1894,678,1216
106625,4,390,182,208
106625,5,1504,496,1008
106625,11,354,137,217
106625,19,126,48,78
106625,20,1378,448,930
106625,21,1412,544,868
106625,22,1412,544,868
106625,23,1401,541,860
106625,24,344,164,180
106625,25,1057,377,680
106625,31,11,3,8
106625,39,94,44,50
106625,40,963,333,630
106625,41,836,271,565
106625,42,836,271,565
106625,43,493,137,356
106625,44,46,18,28
106625,45,447,119,328
106625,51,343,134,209
106625,59,32,4,28
106625,60,415,115,300
106704,1,11534,4531,7003
106704,2,9754,4084,5670
106704,3,9261,3853,5408
106704,4,2202,871,1331
106704,5,7059,2982,4077
106704,11,493,231,262
106704,12,1780,447,1333
106704,19,640,263,377
106704,20,6419,2719,3700
106704,21,9045,3642,5403
106704,22,8285,3404,4881
106704,23,8237,3386,4851
106704,24,2177,856,1321
106704,25,6060,2530,3530
106704,31,48,18,30
106704,32,760,238,522
106704,39,557,227,330
106704,40,5503,2303,3200
106704,41,2489,889,1600
106704,42,1469,680,789
106704,43,1024,467,557
106704,44,25,15,10
106704,45,999,452,547
106704,51,445,213,232
106704,52,1020,209,811
106704,59,83,36,47
106704,60,916,416,500
106713,1,827,422,405
106713,2,827,422,405
106713,3,769,392,377
106713,4,129,63,66
106713,5,640,329,311
106713,11,58,30,28
106713,19,122,65,57
106713,20,518,264,254
106713,21,650,341,309
106713,22,650,341,309
106713,23,648,340,308
106713,24,119,59,60
106713,25,529,281,248
106713,31,2,1,1
106713,39,86,47,39
106713,40,443,234,209
106713,41,177,81,96
106713,42,177,81,96
106713,43,121,52,69
106713,44,10,4,6
106713,45,111,48,63
106713,51,56,29,27
106713,59,36,18,18
106713,60,75,30,45
106795,1,1597,526,1071
106795,2,1597,526,1071
106795,3,1129,346,783
106795,4,328,152,176
106795,5,801,194,607
106795,11,468,180,288
106795,19,49,9,40
106795,20,752,185,567
106795,21,652,225,427
106795,22,652,225,427
106795,23,642,222,420
106795,24,255,113,142
106795,25,387,109,278
106795,31,10,3,7
106795,39,16,5,11
106795,40,371,104,267
106795,41,945,301,644
106795,42,945,301,644
106795,43,487,124,363
106795,44,73,39,34
106795,45,414,85,329
106795,51,458,177,281
106795,59,33,4,29
106795,60,381,81,300
106810,1,200,110,90
106810,2,200,110,90
106810,3,153,81,72
106810,4,47,26,21
106810,5,106,55,51
106810,11,47,29,18
106810,19,11,7,4
106810,20,95,48,47
106810,21,143,76,67
106810,22,143,76,67
106810,23,143,76,67
106810,24,44,25,19
106810,25,99,51,48
106810,39,8,5,3
106810,40,91,46,45
106810,41,57,34,23
106810,42,57,34,23
106810,43,10,5,5
106810,44,3,1,2
106810,45,7,4,3
106810,51,47,29,18
106810,59,3,2,1
106810,60,4,2,2
106829,1,286,171,115
106829,2,286,171,115
106829,3,286,171,115
106829,4,99,65,34
106829,5,187,106,81
106829,20,187,106,81
106829,21,258,155,103
106829,22,258,155,103
106829,23,258,155,103
106829,24,85,54,31
106829,25,173,101,72
106829,40,173,101,72
106829,41,28,16,12
106829,42,28,16,12
106829,43,28,16,12
106829,44,14,11,3
106829,45,14,5,9
106829,60,14,5,9
106883,1,1386,471,915
106883,2,1386,471,915
106883,3,922,328,594
106883,4,286,147,139
106883,5,636,181,455
106883,11,464,143,321
106883,19,114,14,100
106883,20,522,167,355
106883,21,610,201,409
106883,22,610,201,409
106883,23,601,199,402
106883,24,224,92,132
106883,25,377,107,270
106883,31,9,2,7
106883,39,31,9,22
106883,40,346,98,248
106883,41,776,270,506
106883,42,776,270,506
106883,43,321,129,192
106883,44,62,55,7
106883,45,259,74,185
106883,51,455,141,314
106883,59,83,5,78
106883,60,176,69,107
106892,1,302,9,293
106892,2,302,9,293
106892,3,302,9,293
106892,4,81,4,77
106892,5,221,5,216
106892,20,221,5,216
106892,21,302,9,293
106892,22,302,9,293
106892,23,302,9,293
106892,24,81,4,77
106892,25,221,5,216
106892,40,221,5,216
106908,1,482,29,453
106908,2,482,29,453
106908,3,482,29,453
106908,4,67,1,66
106908,5,415,28,387
106908,20,415,28,387
106908,21,385,23,362
106908,22,385,23,362
106908,23,385,23,362
106908,24,58,1,57
106908,25,327,22,305
106908,40,327,22,305
106908,41,97,6,91
106908,42,97,6,91
106908,43,97,6,91
106908,44,9,0,9
106908,45,88,6,82
106908,60,88,6,82
106980,1,3246,1200,2046
106980,2,3246,1200,2046
106980,3,2445,874,1571
106980,4,545,244,301
106980,5,1900,630,1270
106980,11,801,326,475
106980,19,136,44,92
106980,20,1764,586,1178
106980,21,1525,594,931
106980,22,1525,594,931
106980,23,1475,573,902
106980,24,410,186,224
106980,25,1065,387,678
106980,31,50,21,29
106980,39,109,35,74
106980,40,956,352,604
106980,41,1721,606,1115
106980,42,1721,606,1115
106980,43,970,301,669
106980,44,135,58,77
106980,45,835,243,592
106980,51,751,305,446
106980,59,27,9,18
106980,60,808,234,574
106999,1,1353,435,918
106999,2,1353,435,918
106999,3,1090,348,742
106999,4,290,133,157
106999,5,800,215,585
106999,11,263,87,176
106999,19,57,14,43
106999,20,743,201,542
106999,21,784,261,523
106999,22,784,261,523
106999,23,779,260,519
106999,24,258,118,140
106999,25,521,142,379
106999,31,5,1,4
106999,39,24,8,16
106999,40,497,134,363
106999,41,569,174,395
106999,42,569,174,395
106999,43,311,88,223
106999,44,32,15,17
106999,45,279,73,206
106999,51,258,86,172
106999,59,33,6,27
106999,60,246,67,179
107044,1,6238,2677,3561
107044,2,4428,2057,2371
107044,3,4428,2057,2371
107044,4,1041,463,578
107044,5,3387,1594,1793
107044,12,1810,620,1190
107044,19,219,108,111
107044,20,3168,1486,1682
107044,21,4820,2130,2690
107044,22,4105,1873,2232
107044,23,4105,1873,2232
107044,24,1030,458,572
107044,25,3075,1415,1660
107044,32,715,257,458
107044,39,204,103,101
107044,40,2871,1312,1559
107044,41,1418,547,871
107044,42,323,184,139
107044,43,323,184,139
107044,44,11,5,6
107044,45,312,179,133
107044,52,1095,363,732
107044,59,15,5,10
107044,60,297,174,123
107071,1,3583,1532,2051
107071,2,3199,1410,1789
107071,3,3190,1406,1784
107071,4,704,308,396
107071,5,2486,1098,1388
107071,11,9,4,5
107071,12,384,122,262
107071,19,294,121,173
107071,20,2192,977,1215
107071,21,2953,1301,1652
107071,22,2878,1268,1610
107071,23,2876,1267,1609
107071,24,698,305,393
107071,25,2178,962,1216
107071,31,2,1,1
107071,32,75,33,42
107071,39,244,106,138
107071,40,1934,856,1078
107071,41,630,231,399
107071,42,321,142,179
107071,43,314,139,175
107071,44,6,3,3
107071,45,308,136,172
107071,51,7,3,4
107071,52,309,89,220
107071,59,50,15,35
107071,60,258,121,137
107080,1,1444,652,792
107080,2,1431,644,787
107080,3,1428,643,785
107080,4,450,218,232
107080,5,978,425,553
107080,11,3,1,2
107080,12,13,8,5
107080,19,19,11,8
107080,20,959,414,545
107080,21,1434,645,789
107080,22,1422,638,784
107080,23,1422,638,784
107080,24,450,218,232
107080,25,972,420,552
107080,32,12,7,5
107080,39,19,11,8
107080,40,953,409,544
107080,41,10,7,3
107080,42,9,6,3
107080,43,6,5,1
107080,45,6,5,1
107080,51,3,1,2
107080,52,1,1,0
107080,60,6,5,1
107099,1,43,1,42
107099,2,43,1,42
107099,3,43,1,42
107099,4,9,0,9
107099,5,34,1,33
107099,20,34,1,33
107099,21,43,1,42
107099,22,43,1,42
107099,23,43,1,42
107099,24,9,0,9
107099,25,34,1,33
107099,40,34,1,33
107123,1,76,10,66
107123,2,76,10,66
107123,3,76,10,66
107123,5,76,10,66
107123,20,76,10,66
107123,21,76,10,66
107123,22,76,10,66
107123,23,76,10,66
107123,25,76,10,66
107123,40,76,10,66
107141,1,2596,1100,1496
107141,2,2080,920,1160
107141,3,1770,792,978
107141,4,303,132,171
107141,5,1467,660,807
107141,11,310,128,182
107141,12,516,180,336
107141,19,179,79,100
107141,20,1288,581,707
107141,21,1698,737,961
107141,22,1571,705,866
107141,23,1571,705,866
107141,24,303,132,171
107141,25,1268,573,695
107141,32,127,32,95
107141,39,151,72,79
107141,40,1117,501,616
107141,41,898,363,535
107141,42,509,215,294
107141,43,199,87,112
107141,45,199,87,112
107141,51,310,128,182
107141,52,389,148,241
107141,59,28,7,21
107141,60,171,80,91
107211,1,27,5,22
107211,2,27,5,22
107211,3,27,5,22
107211,4,8,3,5
107211,5,19,2,17
107211,20,19,2,17
107211,21,27,5,22
107211,22,27,5,22
107211,23,27,5,22
107211,24,8,3,5
107211,25,19,2,17
107211,40,19,2,17
107220,1,364,18,346
107220,2,364,18,346
107220,3,364,18,346
107220,4,258,15,243
107220,5,106,3,103
107220,20,106,3,103
107220,21,228,14,214
107220,22,228,14,214
107220,23,228,14,214
107220,24,166,11,155
107220,25,62,3,59
107220,40,62,3,59
107220,41,136,4,132
107220,42,136,4,132
107220,43,136,4,132
107220,44,92,4,88
107220,45,44,0,44
107220,60,44,0,44
107275,1,15,0,15
107275,2,15,0,15
107275,3,15,0,15
107275,4,5,0,5
107275,5,10,0,10
107275,20,10,0,10
107275,21,15,0,15
107275,22,15,0,15
107275,23,15,0,15
107275,24,5,0,5
107275,25,10,0,10
107275,40,10,0,10
107293,1,75,1,74
107293,2,75,1,74
107293,3,75,1,74
107293,4,31,0,31
107293,5,44,1,43
107293,20,44,1,43
107293,21,75,1,74
107293,22,75,1,74
107293,23,75,1,74
107293,24,31,0,31
107293,25,44,1,43
107293,40,44,1,43
107318,1,1793,678,1115
107318,2,1793,678,1115
107318,3,1263,467,796
107318,4,326,153,173
107318,5,937,314,623
107318,11,530,211,319
107318,19,108,49,59
107318,20,829,265,564
107318,21,703,260,443
107318,22,703,260,443
107318,23,667,246,421
107318,24,238,112,126
107318,25,429,134,295
107318,31,36,14,22
107318,39,47,23,24
107318,40,382,111,271
107318,41,1090,418,672
107318,42,1090,418,672
107318,43,596,221,375
107318,44,88,41,47
107318,45,508,180,328
107318,51,494,197,297
107318,59,61,26,35
107318,60,447,154,293
107327,1,1425,515,910
107327,2,1425,515,910
107327,3,1141,392,749
107327,4,283,116,167
107327,5,858,276,582
107327,11,284,123,161
107327,19,99,25,74
107327,20,759,251,508
107327,21,619,256,363
107327,22,619,256,363
107327,23,614,252,362
107327,24,223,91,132
107327,25,391,161,230
107327,31,5,4,1
107327,39,45,13,32
107327,40,346,148,198
107327,41,806,259,547
107327,42,806,259,547
107327,43,527,140,387
107327,44,60,25,35
107327,45,467,115,352
107327,51,279,119,160
107327,59,54,12,42
107327,60,413,103,310
107363,1,65,6,59
107363,2,65,6,59
107363,3,65,6,59
107363,4,42,6,36
107363,5,23,0,23
107363,20,23,0,23
107363,21,65,6,59
107363,22,65,6,59
107363,23,65,6,59
107363,24,42,6,36
107363,25,23,0,23
107363,40,23,0,23
107442,1,79,47,32
107442,2,79,47,32
107442,3,79,47,32
107442,4,62,36,26
107442,5,17,11,6
107442,20,17,11,6
107442,21,79,47,32
107442,22,79,47,32
107442,23,79,47,32
107442,24,62,36,26
107442,25,17,11,6
107442,40,17,11,6
107460,1,2167,903,1264
107460,2,2167,903,1264
107460,3,1885,758,1127
107460,4,484,228,256
107460,5,1401,530,871
107460,11,282,145,137
107460,19,147,59,88
107460,20,1254,471,783
107460,21,1079,485,594
107460,22,1079,485,594
107460,23,1075,483,592
107460,24,375,192,183
107460,25,700,291,409
107460,31,4,2,2
107460,39,75,34,41
107460,40,625,257,368
107460,41,1088,418,670
107460,42,1088,418,670
107460,43,810,275,535
107460,44,109,36,73
107460,45,701,239,462
107460,51,278,143,135
107460,59,72,25,47
107460,60,629,214,415
107488,1,252,152,100
107488,2,252,152,100
107488,3,252,152,100
107488,4,233,139,94
107488,5,19,13,6
107488,20,19,13,6
107488,21,244,147,97
107488,22,244,147,97
107488,23,244,147,97
107488,24,227,135,92
107488,25,17,12,5
107488,40,17,12,5
107488,41,8,5,3
107488,42,8,5,3
107488,43,8,5,3
107488,44,6,4,2
107488,45,2,1,1
107488,60,2,1,1
107512,1,1543,726,817
107512,2,1543,726,817
107512,3,1513,705,808
107512,4,393,180,213
107512,5,1120,525,595
107512,11,30,21,9
107512,19,47,30,17
107512,20,1073,495,578
107512,21,1507,704,803
107512,22,1507,704,803
107512,23,1503,702,801
107512,24,393,180,213
107512,25,1110,522,588
107512,31,4,2,2
107512,39,47,30,17
107512,40,1063,492,571
107512,41,36,22,14
107512,42,36,22,14
107512,43,10,3,7
107512,45,10,3,7
107512,51,26,19,7
107512,60,10,3,7
107521,1,1501,550,951
107521,2,1501,550,951
107521,3,817,198,619
107521,4,147,44,103
107521,5,670,154,516
107521,11,684,352,332
107521,19,96,23,73
107521,20,574,131,443
107521,21,584,139,445
107521,22,584,139,445
107521,23,553,124,429
107521,24,120,38,82
107521,25,433,86,347
107521,31,31,15,16
107521,39,64,12,52
107521,40,369,74,295
107521,41,917,411,506
107521,42,917,411,506
107521,43,264,74,190
107521,44,27,6,21
107521,45,237,68,169
107521,51,653,337,316
107521,59,32,11,21
107521,60,205,57,148
107549,1,1489,478,1011
107549,2,1489,478,1011
107549,3,1226,367,859
107549,4,265,113,152
107549,5,961,254,707
107549,11,263,111,152
107549,19,474,110,364
107549,20,487,144,343
107549,21,873,263,610
107549,22,873,263,610
107549,23,860,257,603
107549,24,218,87,131
107549,25,642,170,472
107549,31,13,6,7
107549,39,295,66,229
107549,40,347,104,243
107549,41,616,215,401
107549,42,616,215,401
107549,43,366,110,256
107549,44,47,26,21
107549,45,319,84,235
107549,51,250,105,145
107549,59,179,44,135
107549,60,140,40,100
107558,1,585,283,302
107558,2,585,283,302
107558,3,568,278,290
107558,4,159,72,87
107558,5,409,206,203
107558,11,17,5,12
107558,19,14,9,5
107558,20,395,197,198
107558,21,571,278,293
107558,22,571,278,293
107558,23,565,276,289
107558,24,159,72,87
107558,25,406,204,202
107558,31,6,2,4
107558,39,14,9,5
107558,40,392,195,197
107558,41,14,5,9
107558,42,14,5,9
107558,43,3,2,1
107558,45,3,2,1
107558,51,11,3,8
107558,60,3,2,1
107585,1,2149,907,1242
107585,2,2149,907,1242
107585,3,2077,874,1203
107585,4,586,288,298
107585,5,1491,586,905
107585,11,72,33,39
107585,19,207,76,131
107585,20,1284,510,774
107585,21,1270,568,702
107585,22,1270,568,702
107585,23,1268,568,700
107585,24,467,223,244
107585,25,801,345,456
107585,31,2,0,2
107585,39,102,39,63
107585,40,699,306,393
107585,41,879,339,540
107585,42,879,339,540
107585,43,809,306,503
107585,44,119,65,54
107585,45,690,241,449
107585,51,70,33,37
107585,59,105,37,68
107585,60,585,204,381
107600,1,556,187,369
107600,2,556,187,369
107600,3,554,185,369
107600,4,135,40,95
107600,5,419,145,274
107600,11,2,2,0
107600,19,41,12,29
107600,20,378,133,245
107600,21,523,173,350
107600,22,523,173,350
107600,23,523,173,350
107600,24,134,39,95
107600,25,389,134,255
107600,39,35,11,24
107600,40,354,123,231
107600,41,33,14,19
107600,42,33,14,19
107600,43,31,12,19
107600,44,1,1,0
107600,45,30,11,19
107600,51,2,2,0
107600,59,6,1,5
107600,60,24,10,14
107619,1,2029,711,1318
107619,2,2029,711,1318
107619,3,986,247,739
107619,4,234,89,145
107619,5,752,158,594
107619,11,1043,464,579
107619,19,58,8,50
107619,20,694,150,544
107619,21,757,206,551
107619,22,757,206,551
107619,23,668,164,504
107619,24,198,70,128
107619,25,470,94,376
107619,31,89,42,47
107619,39,32,5,27
107619,40,438,89,349
107619,41,1272,505,767
107619,42,1272,505,767
107619,43,318,83,235
107619,44,36,19,17
107619,45,282,64,218
107619,51,954,422,532
107619,59,26,3,23
107619,60,256,61,195
107637,1,1601,525,1076
107637,2,1601,525,1076
107637,3,1415,453,962
107637,4,332,135,197
107637,5,1083,318,765
107637,11,186,72,114
107637,19,108,36,72
107637,20,975,282,693
107637,21,850,328,522
107637,22,850,328,522
107637,23,819,311,508
107637,24,251,107,144
107637,25,568,204,364
107637,31,31,17,14
107637,39,69,27,42
107637,40,499,177,322
107637,41,751,197,554
107637,42,751,197,554
107637,43,596,142,454
107637,44,81,28,53
107637,45,515,114,401
107637,51,155,55,100
107637,59,39,9,30
107637,60,476,105,371
107655,1,50,0,50
107655,2,50,0,50
107655,3,50,0,50
107655,4,17,0,17
107655,5,33,0,33
107655,20,33,0,33
107655,21,50,0,50
107655,22,50,0,50
107655,23,50,0,50
107655,24,17,0,17
107655,25,33,0,33
107655,40,33,0,33
107664,1,10527,3776,6751
107664,2,10527,3776,6751
107664,3,9480,3406,6074
107664,4,1366,655,711
107664,5,8114,2751,5363
107664,11,1047,370,677
107664,19,812,295,517
107664,20,7302,2456,4846
107664,21,5062,2039,3023
107664,22,5062,2039,3023
107664,23,4985,2004,2981
107664,24,1053,490,563
107664,25,3932,1514,2418
107664,31,77,35,42
107664,39,497,178,319
107664,40,3435,1336,2099
107664,41,5465,1737,3728
107664,42,5465,1737,3728
107664,43,4495,1402,3093
107664,44,313,165,148
107664,45,4182,1237,2945
107664,51,970,335,635
107664,59,315,117,198
107664,60,3867,1120,2747
107725,1,1460,478,982
107725,2,1460,478,982
107725,3,1157,366,791
107725,4,306,124,182
107725,5,851,242,609
107725,11,303,112,191
107725,19,96,31,65
107725,20,755,211,544
107725,21,732,258,474
107725,22,732,258,474
107725,23,723,254,469
107725,24,235,98,137
107725,25,488,156,332
107725,31,9,4,5
107725,39,47,20,27
107725,40,441,136,305
107725,41,728,220,508
107725,42,728,220,508
107725,43,434,112,322
107725,44,71,26,45
107725,45,363,86,277
107725,51,294,108,186
107725,59,49,11,38
107725,60,314,75,239
107743,1,957,322,635
107743,2,957,322,635
107743,3,553,178,375
107743,4,152,65,87
107743,5,401,113,288
107743,11,404,144,260
107743,19,46,11,35
107743,20,355,102,253
107743,21,411,141,270
107743,22,411,141,270
107743,23,403,136,267
107743,24,137,59,78
107743,25,266,77,189
107743,31,8,5,3
107743,39,28,6,22
107743,40,238,71,167
107743,41,546,181,365
107743,42,546,181,365
107743,43,150,42,108
107743,44,15,6,9
107743,45,135,36,99
107743,51,396,139,257
107743,59,18,5,13
107743,60,117,31,86
107789,1,96,8,88
107789,2,96,8,88
107789,3,96,8,88
107789,4,14,1,13
107789,5,82,7,75
107789,20,82,7,75
107789,21,82,8,74
107789,22,82,8,74
107789,23,82,8,74
107789,24,12,1,11
107789,25,70,7,63
107789,40,70,7,63
107789,41,14,0,14
107789,42,14,0,14
107789,43,14,0,14
107789,44,2,0,2
107789,45,12,0,12
107789,60,12,0,12
107831,1,104,5,99
107831,2,104,5,99
107831,3,104,5,99
107831,4,1,0,1
107831,5,103,5,98
107831,20,103,5,98
107831,21,57,4,53
107831,22,57,4,53
107831,23,57,4,53
107831,24,1,0,1
107831,25,56,4,52
107831,40,56,4,52
107831,41,47,1,46
107831,42,47,1,46
107831,43,47,1,46
107831,45,47,1,46
107831,60,47,1,46
107840,1,330,90,240
107840,2,330,90,240
107840,3,330,90,240
107840,4,81,24,57
107840,5,249,66,183
107840,19,207,51,156
107840,20,42,15,27
107840,21,262,75,187
107840,22,262,75,187
107840,23,262,75,187
107840,24,68,21,47
107840,25,194,54,140
107840,39,152,39,113
107840,40,42,15,27
107840,41,68,15,53
107840,42,68,15,53
107840,43,68,15,53
107840,44,13,3,10
107840,45,55,12,43
107840,59,55,12,43
107877,1,574,219,355
107877,2,574,219,355
107877,3,501,189,312
107877,4,154,59,95
107877,5,347,130,217
107877,11,73,30,43
107877,19,36,18,18
107877,20,311,112,199
107877,21,486,185,301
107877,22,486,185,301
107877,23,486,185,301
107877,24,154,59,95
107877,25,332,126,206
107877,39,36,18,18
107877,40,296,108,188
107877,41,88,34,54
107877,42,88,34,54
107877,43,15,4,11
107877,45,15,4,11
107877,51,73,30,43
107877,60,15,4,11
107974,1,1632,437,1195
107974,2,1632,437,1195
107974,3,1306,296,1010
107974,4,238,78,160
107974,5,1068,218,850
107974,11,326,141,185
107974,19,188,39,149
107974,20,880,179,701
107974,21,717,185,532
107974,22,717,185,532
107974,23,694,176,518
107974,24,161,46,115
107974,25,533,130,403
107974,31,23,9,14
107974,39,106,28,78
107974,40,427,102,325
107974,41,915,252,663
107974,42,915,252,663
107974,43,612,120,492
107974,44,77,32,45
107974,45,535,88,447
107974,51,303,132,171
107974,59,82,11,71
107974,60,453,77,376
107983,1,3404,1394,2010
107983,2,2960,1236,1724
107983,3,2640,1108,1532
107983,4,663,304,359
107983,5,1977,804,1173
107983,11,320,128,192
107983,12,444,158,286
107983,19,226,84,142
107983,20,1751,720,1031
107983,21,2561,1111,1450
107983,22,2497,1083,1414
107983,23,2420,1043,1377
107983,24,658,303,355
107983,25,1762,740,1022
107983,31,77,40,37
107983,32,64,28,36
107983,39,185,77,108
107983,40,1577,663,914
107983,41,843,283,560
107983,42,463,153,310
107983,43,220,65,155
107983,44,5,1,4
107983,45,215,64,151
107983,51,243,88,155
107983,52,380,130,250
107983,59,41,7,34
107983,60,174,57,117
107992,1,1730,852,878
107992,2,1730,852,878
107992,3,894,455,439
107992,4,218,124,94
107992,5,676,331,345
107992,11,836,397,439
107992,19,108,73,35
107992,20,568,258,310
107992,21,653,352,301
107992,22,653,352,301
107992,23,650,352,298
107992,24,207,119,88
107992,25,443,233,210
107992,31,3,0,3
107992,39,95,69,26
107992,40,348,164,184
107992,41,1077,500,577
107992,42,1077,500,577
107992,43,244,103,141
107992,44,11,5,6
107992,45,233,98,135
107992,51,833,397,436
107992,59,13,4,9
107992,60,220,94,126
108065,1,25,0,25
108065,2,25,0,25
108065,3,25,0,25
108065,4,19,0,19
108065,5,6,0,6
108065,20,6,0,6
108065,21,19,0,19
108065,22,19,0,19
108065,23,19,0,19
108065,24,16,0,16
108065,25,3,0,3
108065,40,3,0,3
108065,41,6,0,6
108065,42,6,0,6
108065,43,6,0,6
108065,44,3,0,3
108065,45,3,0,3
108065,60,3,0,3
108092,1,7170,3141,4029
108092,2,7170,3141,4029
108092,3,6508,2866,3642
108092,4,1343,603,740
108092,5,5165,2263,2902
108092,11,662,275,387
108092,19,490,163,327
108092,20,4675,2100,2575
108092,21,5116,2208,2908
108092,22,5116,2208,2908
108092,23,5087,2197,2890
108092,24,1265,558,707
108092,25,3822,1639,2183
108092,31,29,11,18
108092,39,415,139,276
108092,40,3407,1500,1907
108092,41,2054,933,1121
108092,42,2054,933,1121
108092,43,1421,669,752
108092,44,78,45,33
108092,45,1343,624,719
108092,51,633,264,369
108092,59,75,24,51
108092,60,1268,600,668
108232,1,16001,6787,9214
108232,2,10508,4612,5896
108232,3,10300,4544,5756
108232,4,1027,448,579
108232,5,9273,4096,5177
108232,11,208,68,140
108232,12,5493,2175,3318
108232,19,841,350,491
108232,20,8432,3746,4686
108232,21,9038,3947,5091
108232,22,5727,2637,3090
108232,23,5691,2627,3064
108232,24,667,303,364
108232,25,5024,2324,2700
108232,31,36,10,26
108232,32,3311,1310,2001
108232,39,454,202,252
108232,40,4570,2122,2448
108232,41,6963,2840,4123
108232,42,4781,1975,2806
108232,43,4609,1917,2692
108232,44,360,145,215
108232,45,4249,1772,2477
108232,51,172,58,114
108232,52,2182,865,1317
108232,59,387,148,239
108232,60,3862,1624,2238
108250,1,510,405,105
108250,2,510,405,105
108250,3,510,405,105
108250,4,45,40,5
108250,5,465,365,100
108250,19,7,7,0
108250,20,458,358,100
108250,21,387,325,62
108250,22,387,325,62
108250,23,387,325,62
108250,24,42,37,5
108250,25,345,288,57
108250,39,7,7,0
108250,40,338,281,57
108250,41,123,80,43
108250,42,123,80,43
108250,43,123,80,43
108250,44,3,3,0
108250,45,120,77,43
108250,60,120,77,43
108269,1,132,51,81
108269,12,132,51,81
108269,21,113,43,70
108269,32,113,43,70
108269,41,19,8,11
108269,52,19,8,11
108348,1,44,22,22
108348,2,44,22,22
108348,3,44,22,22
108348,4,38,19,19
108348,5,6,3,3
108348,20,6,3,3
108348,21,44,22,22
108348,22,44,22,22
108348,23,44,22,22
108348,24,38,19,19
108348,25,6,3,3
108348,40,6,3,3
108649,1,186,4,182
108649,2,186,4,182
108649,3,186,4,182
108649,4,93,2,91
108649,5,93,2,91
108649,20,93,2,91
108649,21,83,4,79
108649,22,83,4,79
108649,23,83,4,79
108649,24,43,2,41
108649,25,40,2,38
108649,40,40,2,38
108649,41,103,0,103
108649,42,103,0,103
108649,43,103,0,103
108649,44,50,0,50
108649,45,53,0,53
108649,60,53,0,53
108667,1,5799,2637,3162
108667,2,5799,2637,3162
108667,3,5147,2344,2803
108667,4,915,447,468
108667,5,4232,1897,2335
108667,11,652,293,359
108667,19,977,408,569
108667,20,3255,1489,1766
108667,21,716,355,361
108667,22,716,355,361
108667,23,687,344,343
108667,24,195,94,101
108667,25,492,250,242
108667,31,29,11,18
108667,39,43,20,23
108667,40,449,230,219
108667,41,5083,2282,2801
108667,42,5083,2282,2801
108667,43,4460,2000,2460
108667,44,720,353,367
108667,45,3740,1647,2093
108667,51,623,282,341
108667,59,934,388,546
108667,60,2806,1259,1547
108807,1,10885,5215,5670
108807,2,10885,5215,5670
108807,3,9692,4709,4983
108807,4,1700,877,823
108807,5,7992,3832,4160
108807,11,1193,506,687
108807,19,796,444,352
108807,20,7196,3388,3808
108807,21,3395,1620,1775
108807,22,3395,1620,1775
108807,23,3316,1586,1730
108807,24,917,471,446
108807,25,2399,1115,1284
108807,31,79,34,45
108807,39,179,105,74
108807,40,2220,1010,1210
108807,41,7490,3595,3895
108807,42,7490,3595,3895
108807,43,6376,3123,3253
108807,44,783,406,377
108807,45,5593,2717,2876
108807,51,1114,472,642
108807,59,617,339,278
108807,60,4976,2378,2598
108852,1,258,114,144
108852,2,258,114,144
108852,3,258,114,144
108852,4,134,58,76
108852,5,124,56,68
108852,20,124,56,68
108852,21,258,114,144
108852,22,258,114,144
108852,23,258,114,144
108852,24,134,58,76
108852,25,124,56,68
108852,40,124,56,68
108861,1,49,32,17
108861,12,49,32,17
108861,21,29,17,12
108861,32,29,17,12
108861,41,20,15,5
108861,52,20,15,5
108870,1,348,208,140
108870,12,348,208,140
108870,21,287,166,121
108870,32,287,166,121
108870,41,61,42,19
108870,52,61,42,19
108977,1,45,9,36
108977,2,45,9,36
108977,3,45,9,36
108977,4,16,3,13
108977,5,29,6,23
108977,20,29,6,23
108977,21,21,1,20
108977,22,21,1,20
108977,23,21,1,20
108977,24,9,1,8
108977,25,12,0,12
108977,40,12,0,12
108977,41,24,8,16
108977,42,24,8,16
108977,43,24,8,16
108977,44,7,2,5
108977,45,17,6,11
108977,60,17,6,11
109040,1,1770,390,1380
109040,2,1770,390,1380
109040,3,1770,390,1380
109040,4,253,58,195
109040,5,1517,332,1185
109040,19,208,51,157
109040,20,1309,281,1028
109040,21,1770,390,1380
109040,22,1770,390,1380
109040,23,1770,390,1380
109040,24,253,58,195
109040,25,1517,332,1185
109040,39,208,51,157
109040,40,1309,281,1028
109086,1,31,16,15
109086,12,31,16,15
109086,21,31,16,15
109086,32,31,16,15
109208,1,29701,13643,16058
109208,2,29701,13643,16058
109208,3,27332,12601,14731
109208,4,3893,2022,1871
109208,5,23439,10579,12860
109208,11,2369,1042,1327
109208,19,3477,1622,1855
109208,20,19962,8957,11005
109208,21,7560,3694,3866
109208,22,7560,3694,3866
109208,23,7272,3576,3696
109208,24,1434,734,700
109208,25,5838,2842,2996
109208,31,288,118,170
109208,39,582,301,281
109208,40,5256,2541,2715
109208,41,22141,9949,12192
109208,42,22141,9949,12192
109208,43,20060,9025,11035
109208,44,2459,1288,1171
109208,45,17601,7737,9864
109208,51,2081,924,1157
109208,59,2895,1321,1574
109208,60,14706,6416,8290
109332,1,170,19,151
109332,2,170,19,151
109332,3,170,19,151
109332,4,26,2,24
109332,5,144,17,127
109332,20,144,17,127
109332,21,170,19,151
109332,22,170,19,151
109332,23,170,19,151
109332,24,26,2,24
109332,25,144,17,127
109332,40,144,17,127
109350,1,14262,5815,8447
109350,2,14262,5815,8447
109350,3,12416,5096,7320
109350,4,2236,1099,1137
109350,5,10180,3997,6183
109350,11,1846,719,1127
109350,19,662,252,410
109350,20,9518,3745,5773
109350,21,4509,1988,2521
109350,22,4509,1988,2521
109350,23,4340,1922,2418
109350,24,978,488,490
109350,25,3362,1434,1928
109350,31,169,66,103
109350,39,239,102,137
109350,40,3123,1332,1791
109350,41,9753,3827,5926
109350,42,9753,3827,5926
109350,43,8076,3174,4902
109350,44,1258,611,647
109350,45,6818,2563,4255
109350,51,1677,653,1024
109350,59,423,150,273
109350,60,6395,2413,3982
109651,1,1985,1002,983
109651,2,1767,880,887
109651,3,1742,871,871
109651,4,164,61,103
109651,5,1578,810,768
109651,11,25,9,16
109651,12,218,122,96
109651,19,194,97,97
109651,20,1384,713,671
109651,21,1657,811,846
109651,22,1499,728,771
109651,23,1475,720,755
109651,24,164,61,103
109651,25,1311,659,652
109651,31,24,8,16
109651,32,158,83,75
109651,39,192,96,96
109651,40,1119,563,556
109651,41,328,191,137
109651,42,268,152,116
109651,43,267,151,116
109651,45,267,151,116
109651,51,1,1,0
109651,52,60,39,21
109651,59,2,1,1
109651,60,265,150,115
109721,1,404,176,228
109721,2,404,176,228
109721,3,404,176,228
109721,4,366,160,206
109721,5,38,16,22
109721,20,38,16,22
109721,21,404,176,228
109721,22,404,176,228
109721,23,404,176,228
109721,24,366,160,206
109721,25,38,16,22
109721,40,38,16,22
109730,1,110,88,22
109730,2,110,88,22
109730,3,110,88,22
109730,4,78,61,17
109730,5,32,27,5
109730,20,32,27,5
109730,21,110,88,22
109730,22,110,88,22
109730,23,110,88,22
109730,24,78,61,17
109730,25,32,27,5
109730,40,32,27,5
109785,1,10755,3634,7121
109785,2,6543,2387,4156
109785,3,6543,2387,4156
109785,4,1225,410,815
109785,5,5318,1977,3341
109785,12,4212,1247,2965
109785,19,658,268,390
109785,20,4660,1709,2951
109785,21,7783,2679,5104
109785,22,5683,2056,3627
109785,23,5683,2056,3627
109785,24,1217,407,810
109785,25,4466,1649,2817
109785,32,2100,623,1477
109785,39,504,218,286
109785,40,3962,1431,2531
109785,41,2972,955,2017
109785,42,860,331,529
109785,43,860,331,529
109785,44,8,3,5
109785,45,852,328,524
109785,52,2112,624,1488
109785,59,154,50,104
109785,60,698,278,420
109819,1,17770,7796,9974
109819,2,17770,7796,9974
109819,3,15854,7023,8831
109819,4,3118,1519,1599
109819,5,12736,5504,7232
109819,11,1916,773,1143
109819,19,878,424,454
109819,20,11858,5080,6778
109819,21,5615,2427,3188
109819,22,5615,2427,3188
109819,23,5458,2356,3102
109819,24,1578,728,850
109819,25,3880,1628,2252
109819,31,157,71,86
109819,39,291,142,149
109819,40,3589,1486,2103
109819,41,12155,5369,6786
109819,42,12155,5369,6786
109819,43,10396,4667,5729
109819,44,1540,791,749
109819,45,8856,3876,4980
109819,51,1759,702,1057
109819,59,587,282,305
109819,60,8269,3594,4675
109907,1,3211,1285,1926
109907,2,3211,1285,1926
109907,3,2866,1131,1735
109907,4,586,282,304
109907,5,2280,849,1431
109907,11,345,154,191
109907,19,519,180,339
109907,20,1761,669,1092
109907,21,1172,460,712
109907,22,1172,460,712
109907,23,1156,455,701
109907,24,265,125,140
109907,25,891,330,561
109907,31,16,5,11
109907,39,143,56,87
109907,40,748,274,474
109907,41,2039,825,1214
109907,42,2039,825,1214
109907,43,1710,676,1034
109907,44,321,157,164
109907,45,1389,519,870
109907,51,329,149,180
109907,59,376,124,252
109907,60,1013,395,618
109934,1,185,11,174
109934,2,185,11,174
109934,3,185,11,174
109934,4,27,1,26
109934,5,158,10,148
109934,20,158,10,148
109934,21,185,11,174
109934,22,185,11,174
109934,23,185,11,174
109934,24,27,1,26
109934,25,158,10,148
109934,40,158,10,148
110060,1,353,202,151
110060,2,259,147,112
110060,3,259,147,112
110060,4,68,41,27
110060,5,191,106,85
110060,12,94,55,39
110060,19,3,3,0
110060,20,188,103,85
110060,21,268,156,112
110060,22,204,119,85
110060,23,204,119,85
110060,24,63,37,26
110060,25,141,82,59
110060,32,64,37,27
110060,39,3,3,0
110060,40,138,79,59
110060,41,85,46,39
110060,42,55,28,27
110060,43,55,28,27
110060,44,5,4,1
110060,45,50,24,26
110060,52,30,18,12
110060,60,50,24,26
110097,1,6301,2940,3361
110097,2,4331,1641,2690
110097,3,4324,1639,2685
110097,4,903,322,581
110097,5,3421,1317,2104
110097,11,7,2,5
110097,12,1970,1299,671
110097,19,312,140,172
110097,20,3109,1177,1932
110097,21,5107,2183,2924
110097,22,4184,1570,2614
110097,23,4180,1569,2611
110097,24,900,319,581
110097,25,3280,1250,2030
110097,31,4,1,3
110097,32,923,613,310
110097,39,303,136,167
110097,40,2977,1114,1863
110097,41,1194,757,437
110097,42,147,71,76
110097,43,144,70,74
110097,44,3,3,0
110097,45,141,67,74
110097,51,3,1,2
110097,52,1047,686,361
110097,59,9,4,5
110097,60,132,63,69
110185,1,518,303,215
110185,2,492,289,203
110185,3,492,289,203
110185,4,81,35,46
110185,5,411,254,157
110185,12,26,14,12
110185,19,28,12,16
110185,20,383,242,141
110185,21,405,247,158
110185,22,385,237,148
110185,23,385,237,148
110185,24,33,16,17
110185,25,352,221,131
110185,32,20,10,10
110185,39,16,7,9
110185,40,336,214,122
110185,41,113,56,57
110185,42,107,52,55
110185,43,107,52,55
110185,44,48,19,29
110185,45,59,33,26
110185,52,6,4,2
110185,59,12,5,7
110185,60,47,28,19
110194,1,45,45,0
110194,2,45,45,0
110194,3,45,45,0
110194,4,42,42,0
110194,5,3,3,0
110194,20,3,3,0
110194,21,45,45,0
110194,22,45,45,0
110194,23,45,45,0
110194,24,42,42,0
110194,25,3,3,0
110194,40,3,3,0
110219,1,927,231,696
110219,2,879,214,665
110219,3,879,214,665
110219,4,158,65,93
110219,5,721,149,572
110219,12,48,17,31
110219,20,721,149,572
110219,21,927,231,696
110219,22,879,214,665
110219,23,879,214,665
110219,24,158,65,93
110219,25,721,149,572
110219,32,48,17,31
110219,40,721,149,572
110246,1,12163,5807,6356
110246,2,12163,5807,6356
110246,3,11123,5290,5833
110246,4,2022,1069,953
110246,5,9101,4221,4880
110246,11,1040,517,523
110246,19,849,414,435
110246,20,8252,3807,4445
110246,21,5816,2901,2915
110246,22,5816,2901,2915
110246,23,5671,2822,2849
110246,24,1299,677,622
110246,25,4372,2145,2227
110246,31,145,79,66
110246,39,424,231,193
110246,40,3948,1914,2034
110246,41,6347,2906,3441
110246,42,6347,2906,3441
110246,43,5452,2468,2984
110246,44,723,392,331
110246,45,4729,2076,2653
110246,51,895,438,457
110246,59,425,183,242
110246,60,4304,1893,2411
110307,1,206,40,166
110307,12,206,40,166
110307,21,177,31,146
110307,32,177,31,146
110307,41,29,9,20
110307,52,29,9,20
110316,1,1271,340,931
110316,2,75,20,55
110316,3,75,20,55
110316,5,75,20,55
110316,12,1196,320,876
110316,19,47,14,33
110316,20,28,6,22
110316,21,988,258,730
110316,22,68,19,49
110316,23,68,19,49
110316,25,68,19,49
110316,32,920,239,681
110316,39,46,14,32
110316,40,22,5,17
110316,41,283,82,201
110316,42,7,1,6
110316,43,7,1,6
110316,45,7,1,6
110316,52,276,81,195
110316,59,1,0,1
110316,60,6,1,5
110334,1,13666,6589,7077
110334,2,13666,6589,7077
110334,3,12724,6141,6583
110334,4,2002,1019,983
110334,5,10722,5122,5600
110334,11,942,448,494
110334,19,661,328,333
110334,20,10061,4794,5267
110334,21,4625,2261,2364
110334,22,4625,2261,2364
110334,23,4562,2223,2339
110334,24,1081,543,538
110334,25,3481,1680,1801
110334,31,63,38,25
110334,39,238,126,112
110334,40,3243,1554,1689
110334,41,9041,4328,4713
110334,42,9041,4328,4713
110334,43,8162,3918,4244
110334,44,921,476,445
110334,45,7241,3442,3799
110334,51,879,410,469
110334,59,423,202,221
110334,60,6818,3240,3578
110361,1,7144,2455,4689
110361,2,5797,2105,3692
110361,3,5797,2105,3692
110361,4,993,389,604
110361,5,4804,1716,3088
110361,12,1347,350,997
110361,19,769,253,516
110361,20,4035,1463,2572
110361,21,5864,2055,3809
110361,22,5086,1861,3225
110361,23,5086,1861,3225
110361,24,967,381,586
110361,25,4119,1480,2639
110361,32,778,194,584
110361,39,652,212,440
110361,40,3467,1268,2199
110361,41,1280,400,880
110361,42,711,244,467
110361,43,711,244,467
110361,44,26,8,18
110361,45,685,236,449
110361,52,569,156,413
110361,59,117,41,76
110361,60,568,195,373
110370,1,1949,742,1207
110370,2,1502,569,933
110370,3,1463,561,902
110370,4,232,73,159
110370,5,1231,488,743
110370,11,39,8,31
110370,12,447,173,274
110370,19,190,68,122
110370,20,1041,420,621
110370,21,1825,701,1124
110370,22,1410,539,871
110370,23,1390,534,856
110370,24,232,73,159
110370,25,1158,461,697
110370,31,20,5,15
110370,32,415,162,253
110370,39,187,67,120
110370,40,971,394,577
110370,41,124,41,83
110370,42,92,30,62
110370,43,73,27,46
110370,45,73,27,46
110370,51,19,3,16
110370,52,32,11,21
110370,59,3,1,2
110370,60,70,26,44
110398,1,1088,534,554
110398,12,1088,534,554
110398,21,1072,527,545
110398,32,1072,527,545
110398,41,16,7,9
110398,52,16,7,9
110404,1,2181,1497,684
110404,2,977,619,358
110404,3,977,619,358
110404,4,248,160,88
110404,5,729,459,270
110404,12,1204,878,326
110404,19,7,6,1
110404,20,722,453,269
110404,21,2181,1497,684
110404,22,977,619,358
110404,23,977,619,358
110404,24,248,160,88
110404,25,729,459,270
110404,32,1204,878,326
110404,39,7,6,1
110404,40,722,453,269
110413,1,4282,1863,2419
110413,2,2888,1302,1586
110413,3,2882,1301,1581
110413,4,540,247,293
110413,5,2342,1054,1288
110413,11,6,1,5
110413,12,1394,561,833
110413,19,320,154,166
110413,20,2022,900,1122
110413,21,3740,1623,2117
110413,22,2717,1232,1485
110413,23,2712,1231,1481
110413,24,540,247,293
110413,25,2172,984,1188
110413,31,5,1,4
110413,32,1023,391,632
110413,39,296,147,149
110413,40,1876,837,1039
110413,41,542,240,302
110413,42,171,70,101
110413,43,170,70,100
110413,45,170,70,100
110413,51,1,0,1
110413,52,371,170,201
110413,59,24,7,17
110413,60,146,63,83
110422,1,19703,10772,8931
110422,2,18739,10263,8476
110422,3,18664,10223,8441
110422,4,4773,2519,2254
110422,5,13891,7704,6187
110422,11,75,40,35
110422,12,964,509,455
110422,19,936,513,423
110422,20,12955,7191,5764
110422,21,18775,10208,8567
110422,22,18058,9836,8222
110422,23,17992,9800,8192
110422,24,4765,2513,2252
110422,25,13227,7287,5940
110422,31,66,36,30
110422,32,717,372,345
110422,39,911,497,414
110422,40,12316,6790,5526
110422,41,928,564,364
110422,42,681,427,254
110422,43,672,423,249
110422,44,8,6,2
110422,45,664,417,247
110422,51,9,4,5
110422,52,247,137,110
110422,59,25,16,9
110422,60,639,401,238
110468,1,4201,1256,2945
110468,2,917,402,515
110468,3,254,98,156
110468,4,26,7,19
110468,5,228,91,137
110468,11,663,304,359
110468,12,3284,854,2430
110468,19,142,57,85
110468,20,86,34,52
110468,21,2038,541,1497
110468,22,179,81,98
110468,23,171,76,95
110468,24,25,7,18
110468,25,146,69,77
110468,31,8,5,3
110468,32,1859,460,1399
110468,39,81,43,38
110468,40,65,26,39
110468,41,2163,715,1448
110468,42,738,321,417
110468,43,83,22,61
110468,44,1,0,1
110468,45,82,22,60
110468,51,655,299,356
110468,52,1425,394,1031
110468,59,61,14,47
110468,60,21,8,13
110486,1,8371,3239,5132
110486,2,7350,2902,4448
110486,3,7226,2827,4399
110486,4,1342,521,821
110486,5,5884,2306,3578
110486,11,124,75,49
110486,12,1021,337,684
110486,19,693,276,417
110486,20,5191,2030,3161
110486,21,7190,2717,4473
110486,22,6519,2528,3991
110486,23,6507,2524,3983
110486,24,1323,511,812
110486,25,5184,2013,3171
110486,31,12,4,8
110486,32,671,189,482
110486,39,603,248,355
110486,40,4581,1765,2816
110486,41,1181,522,659
110486,42,831,374,457
110486,43,719,303,416
110486,44,19,10,9
110486,45,700,293,407
110486,51,112,71,41
110486,52,350,148,202
110486,59,90,28,62
110486,60,610,265,345
110495,1,8917,3111,5806
110495,2,7754,2782,4972
110495,3,7751,2781,4970
110495,4,1224,408,816
110495,5,6527,2373,4154
110495,11,3,1,2
110495,12,1163,329,834
110495,19,1108,434,674
110495,20,5419,1939,3480
110495,21,7256,2529,4727
110495,22,6547,2332,4215
110495,23,6544,2331,4213
110495,24,1181,394,787
110495,25,5363,1937,3426
110495,31,3,1,2
110495,32,709,197,512
110495,39,893,351,542
110495,40,4470,1586,2884
110495,41,1661,582,1079
110495,42,1207,450,757
110495,43,1207,450,757
110495,44,43,14,29
110495,45,1164,436,728
110495,52,454,132,322
110495,59,215,83,132
110495,60,949,353,596
110510,1,18398,7030,11368
110510,2,16191,6290,9901
110510,3,15887,6137,9750
110510,4,2358,867,1491
110510,5,13529,5270,8259
110510,11,304,153,151
110510,12,2207,740,1467
110510,19,1949,790,1159
110510,20,11580,4480,7100
110510,21,15213,5750,9463
110510,22,14299,5476,8823
110510,23,14195,5425,8770
110510,24,2319,847,1472
110510,25,11876,4578,7298
110510,31,104,51,53
110510,32,914,274,640
110510,39,1661,684,977
110510,40,10215,3894,6321
110510,41,3185,1280,1905
110510,42,1892,814,1078
110510,43,1692,712,980
110510,44,39,20,19
110510,45,1653,692,961
110510,51,200,102,98
110510,52,1293,466,827
110510,59,288,106,182
110510,60,1365,586,779
110529,1,22501,12584,9917
110529,2,20952,11861,9091
110529,3,20857,11825,9032
110529,4,3257,1739,1518
110529,5,17600,10086,7514
110529,11,95,36,59
110529,12,1549,723,826
110529,19,2487,1337,1150
110529,20,15113,8749,6364
110529,21,18995,10496,8499
110529,22,18410,10251,8159
110529,23,18383,10237,8146
110529,24,3169,1681,1488
110529,25,15214,8556,6658
110529,31,27,14,13
110529,32,585,245,340
110529,39,2164,1148,1016
110529,40,13050,7408,5642
110529,41,3506,2088,1418
110529,42,2542,1610,932
110529,43,2474,1588,886
110529,44,88,58,30
110529,45,2386,1530,856
110529,51,68,22,46
110529,52,964,478,486
110529,59,323,189,134
110529,60,2063,1341,722
110538,1,16356,7685,8671
110538,2,15290,7348,7942
110538,3,15106,7268,7838
110538,4,2340,1012,1328
110538,5,12766,6256,6510
110538,11,184,80,104
110538,12,1066,337,729
110538,19,1599,818,781
110538,20,11167,5438,5729
110538,21,14960,7038,7922
110538,22,14207,6805,7402
110538,23,14116,6765,7351
110538,24,2316,1000,1316
110538,25,11800,5765,6035
110538,31,91,40,51
110538,32,753,233,520
110538,39,1476,769,707
110538,40,10324,4996,5328
110538,41,1396,647,749
110538,42,1083,543,540
110538,43,990,503,487
110538,44,24,12,12
110538,45,966,491,475
110538,51,93,40,53
110538,52,313,104,209
110538,59,123,49,74
110538,60,843,442,401
110547,1,14670,5050,9620
110547,2,12481,4496,7985
110547,3,11894,4232,7662
110547,4,1556,575,981
110547,5,10338,3657,6681
110547,11,587,264,323
110547,12,2189,554,1635
110547,19,2632,945,1687
110547,20,7706,2712,4994
110547,21,9599,3463,6136
110547,22,8574,3182,5392
110547,23,8571,3180,5391
110547,24,1460,531,929
110547,25,7111,2649,4462
110547,31,3,2,1
110547,32,1025,281,744
110547,39,1690,655,1035
110547,40,5421,1994,3427
110547,41,5071,1587,3484
110547,42,3907,1314,2593
110547,43,3323,1052,2271
110547,44,96,44,52
110547,45,3227,1008,2219
110547,51,584,262,322
110547,52,1164,273,891
110547,59,942,290,652
110547,60,2285,718,1567
110556,1,23060,9682,13378
110556,2,20295,8754,11541
110556,3,19911,8583,11328
110556,4,3265,1348,1917
110556,5,16646,7235,9411
110556,11,384,171,213
110556,12,2765,928,1837
110556,19,2305,1099,1206
110556,20,14341,6136,8205
110556,21,19511,8112,11399
110556,22,17571,7471,10100
110556,23,17550,7461,10089
110556,24,3166,1302,1864
110556,25,14384,6159,8225
110556,31,21,10,11
110556,32,1940,641,1299
110556,39,1860,893,967
110556,40,12524,5266,7258
110556,41,3549,1570,1979
110556,42,2724,1283,1441
110556,43,2361,1122,1239
110556,44,99,46,53
110556,45,2262,1076,1186
110556,51,363,161,202
110556,52,825,287,538
110556,59,445,206,239
110556,60,1817,870,947
110565,1,38325,16854,21471
110565,2,33116,14750,18366
110565,3,33000,14697,18303
110565,4,4667,2045,2622
110565,5,28333,12652,15681
110565,11,116,53,63
110565,12,5209,2104,3105
110565,19,4752,2180,2572
110565,20,23581,10472,13109
110565,21,29023,12574,16449
110565,22,26682,11751,14931
110565,23,26622,11721,14901
110565,24,4512,1962,2550
110565,25,22110,9759,12351
110565,31,60,30,30
110565,32,2341,823,1518
110565,39,3445,1592,1853
110565,40,18665,8167,10498
110565,41,9302,4280,5022
110565,42,6434,2999,3435
110565,43,6378,2976,3402
110565,44,155,83,72
110565,45,6223,2893,3330
110565,51,56,23,33
110565,52,2868,1281,1587
110565,59,1307,588,719
110565,60,4916,2305,2611
110574,1,14526,5616,8910
110574,2,12146,4703,7443
110574,3,12079,4678,7401
110574,4,1512,523,989
110574,5,10567,4155,6412
110574,11,67,25,42
110574,12,2380,913,1467
110574,19,2064,782,1282
110574,20,8503,3373,5130
110574,21,11733,4426,7307
110574,22,10546,4030,6516
110574,23,10508,4018,6490
110574,24,1477,505,972
110574,25,9031,3513,5518
110574,31,38,12,26
110574,32,1187,396,791
110574,39,1742,646,1096
110574,40,7289,2867,4422
110574,41,2793,1190,1603
110574,42,1600,673,927
110574,43,1571,660,911
110574,44,35,18,17
110574,45,1536,642,894
110574,51,29,13,16
110574,52,1193,517,676
110574,59,322,136,186
110574,60,1214,506,708
110583,1,35586,15204,20382
110583,2,30593,13270,17323
110583,3,30440,13204,17236
110583,4,4343,1830,2513
110583,5,26097,11374,14723
110583,11,153,66,87
110583,12,4993,1934,3059
110583,19,3284,1477,1807
110583,20,22813,9897,12916
110583,21,28440,12073,16367
110583,22,25815,11042,14773
110583,23,25677,10986,14691
110583,24,4119,1685,2434
110583,25,21558,9301,12257
110583,31,138,56,82
110583,32,2625,1031,1594
110583,39,2829,1285,1544
110583,40,18729,8016,10713
110583,41,7146,3131,4015
110583,42,4778,2228,2550
110583,43,4763,2218,2545
110583,44,224,145,79
110583,45,4539,2073,2466
110583,51,15,10,5
110583,52,2368,903,1465
110583,59,455,192,263
110583,60,4084,1881,2203
110592,1,23258,9471,13787
110592,2,19589,8073,11516
110592,3,19525,8044,11481
110592,4,3021,1238,1783
110592,5,16504,6806,9698
110592,11,64,29,35
110592,12,3669,1398,2271
110592,19,3264,1459,1805
110592,20,13240,5347,7893
110592,21,18104,7291,10813
110592,22,16280,6691,9589
110592,23,16245,6675,9570
110592,24,2895,1180,1715
110592,25,13350,5495,7855
110592,31,35,16,19
110592,32,1824,600,1224
110592,39,2233,1020,1213
110592,40,11117,4475,6642
110592,41,5154,2180,2974
110592,42,3309,1382,1927
110592,43,3280,1369,1911
110592,44,126,58,68
110592,45,3154,1311,1843
110592,51,29,13,16
110592,52,1845,798,1047
110592,59,1031,439,592
110592,60,2123,872,1251
110608,1,38310,17020,21290
110608,2,33771,15359,18412
110608,3,33581,15302,18279
110608,4,5818,2514,3304
110608,5,27763,12788,14975
110608,11,190,57,133
110608,12,4539,1661,2878
110608,19,5242,2377,2865
110608,20,22521,10411,12110
110608,21,30423,13417,17006
110608,22,28200,12656,15544
110608,23,28146,12640,15506
110608,24,5760,2478,3282
110608,25,22386,10162,12224
110608,31,54,16,38
110608,32,2223,761,1462
110608,39,3968,1769,2199
110608,40,18418,8393,10025
110608,41,7887,3603,4284
110608,42,5571,2703,2868
110608,43,5435,2662,2773
110608,44,58,36,22
110608,45,5377,2626,2751
110608,51,136,41,95
110608,52,2316,900,1416
110608,59,1274,608,666
110608,60,4103,2018,2085
110617,1,28811,12272,16539
110617,2,26094,11333,14761
110617,3,25991,11292,14699
110617,4,3366,1384,1982
110617,5,22625,9908,12717
110617,11,103,41,62
110617,12,2717,939,1778
110617,19,4353,1937,2416
110617,20,18272,7971,10301
110617,21,22735,9475,13260
110617,22,21094,8982,12112
110617,23,21028,8958,12070
110617,24,3202,1306,1896
110617,25,17826,7652,10174
110617,31,66,24,42
110617,32,1641,493,1148
110617,39,3170,1402,1768
110617,40,14656,6250,8406
110617,41,6076,2797,3279
110617,42,5000,2351,2649
110617,43,4963,2334,2629
110617,44,164,78,86
110617,45,4799,2256,2543
110617,51,37,17,20
110617,52,1076,446,630
110617,59,1183,535,648
110617,60,3616,1721,1895
110635,1,36198,18099,18099
110635,2,25951,12490,13461
110635,3,25951,12490,13461
110635,4,4706,2292,2414
110635,5,21245,10198,11047
110635,12,10247,5609,4638
110635,19,2241,1162,1079
110635,20,19004,9036,9968
110635,21,34675,17203,17472
110635,22,25220,12146,13074
110635,23,25220,12146,13074
110635,24,4677,2279,2398
110635,25,20543,9867,10676
110635,32,9455,5057,4398
110635,39,2191,1136,1055
110635,40,18352,8731,9621
110635,41,1523,896,627
110635,42,731,344,387
110635,43,731,344,387
110635,44,29,13,16
110635,45,702,331,371
110635,52,792,552,240
110635,59,50,26,24
110635,60,652,305,347
110644,1,33307,14894,18413
110644,2,26533,11580,14953
110644,3,26483,11560,14923
110644,4,5113,1909,3204
110644,5,21370,9651,11719
110644,11,50,20,30
110644,12,6774,3314,3460
110644,19,3087,1550,1537
110644,20,18283,8101,10182
110644,21,31986,14211,17775
110644,22,25826,11227,14599
110644,23,25776,11207,14569
110644,24,5063,1889,3174
110644,25,20713,9318,11395
110644,31,50,20,30
110644,32,6160,2984,3176
110644,39,3028,1522,1506
110644,40,17685,7796,9889
110644,41,1321,683,638
110644,42,707,353,354
110644,43,707,353,354
110644,44,50,20,30
110644,45,657,333,324
110644,52,614,330,284
110644,59,59,28,31
110644,60,598,305,293
110653,1,28895,13832,15063
110653,2,23530,10752,12778
110653,3,23517,10743,12774
110653,4,5460,2409,3051
110653,5,18057,8334,9723
110653,11,13,9,4
110653,12,5365,3080,2285
110653,19,1998,1023,975
110653,20,16059,7311,8748
110653,21,28046,13323,14723
110653,22,23127,10534,12593
110653,23,23114,10525,12589
110653,24,5449,2400,3049
110653,25,17665,8125,9540
110653,31,13,9,4
110653,32,4919,2789,2130
110653,39,1968,1008,960
110653,40,15697,7117,8580
110653,41,849,509,340
110653,42,403,218,185
110653,43,403,218,185
110653,44,11,9,2
110653,45,392,209,183
110653,52,446,291,155
110653,59,30,15,15
110653,60,362,194,168
110662,1,40795,19349,21446
110662,2,28674,12825,15849
110662,3,28667,12819,15848
110662,4,5697,2401,3296
110662,5,22970,10418,12552
110662,11,7,6,1
110662,12,12121,6524,5597
110662,19,2821,1272,1549
110662,20,20149,9146,11003
110662,21,39794,18737,21057
110662,22,28084,12520,15564
110662,23,28077,12514,15563
110662,24,5684,2395,3289
110662,25,22393,10119,12274
110662,31,7,6,1
110662,32,11710,6217,5493
110662,39,2780,1257,1523
110662,40,19613,8862,10751
110662,41,1001,612,389
110662,42,590,305,285
110662,43,590,305,285
110662,44,13,6,7
110662,45,577,299,278
110662,52,411,307,104
110662,59,41,15,26
110662,60,536,284,252
110671,1,21207,10529,10678
110671,2,18621,9106,9515
110671,3,18612,9101,9511
110671,4,4203,2007,2196
110671,5,14409,7094,7315
110671,11,9,5,4
110671,12,2586,1423,1163
110671,19,1312,739,573
110671,20,13097,6355,6742
110671,21,20653,10219,10434
110671,22,18205,8858,9347
110671,23,18197,8853,9344
110671,24,4187,2000,2187
110671,25,14010,6853,7157
110671,31,8,5,3
110671,32,2448,1361,1087
110671,39,1279,719,560
110671,40,12731,6134,6597
110671,41,554,310,244
110671,42,416,248,168
110671,43,415,248,167
110671,44,16,7,9
110671,45,399,241,158
110671,51,1,0,1
110671,52,138,62,76
110671,59,33,20,13
110671,60,366,221,145
110680,1,29517,15752,13765
110680,2,23805,12270,11535
110680,3,23792,12263,11529
110680,4,5228,2616,2612
110680,5,18564,9647,8917
110680,11,13,7,6
110680,12,5712,3482,2230
110680,19,2699,1495,1204
110680,20,15865,8152,7713
110680,21,28606,15195,13411
110680,22,23152,11887,11265
110680,23,23147,11882,11265
110680,24,5218,2611,2607
110680,25,17929,9271,8658
110680,31,5,5,0
110680,32,5454,3308,2146
110680,39,2654,1472,1182
110680,40,15275,7799,7476
110680,41,911,557,354
110680,42,653,383,270
110680,43,645,381,264
110680,44,10,5,5
110680,45,635,376,259
110680,51,8,2,6
110680,52,258,174,84
110680,59,45,23,22
110680,60,590,353,237
110699,1,3079,1159,1920
110699,12,3079,1159,1920
110699,21,3079,1159,1920
110699,32,3079,1159,1920
110705,1,22225,10848,11377
110705,2,19362,9237,10125
110705,3,19362,9237,10125
110705,4,4624,2182,2442
110705,5,14738,7055,7683
110705,12,2863,1611,1252
110705,19,1495,763,732
110705,20,13243,6292,6951
110705,21,21771,10601,11170
110705,22,19076,9065,10011
110705,23,19076,9065,10011
110705,24,4597,2168,2429
110705,25,14479,6897,7582
110705,32,2695,1536,1159
110705,39,1452,739,713
110705,40,13027,6158,6869
110705,41,454,247,207
110705,42,286,172,114
110705,43,286,172,114
110705,44,27,14,13
110705,45,259,158,101
110705,52,168,75,93
110705,59,43,24,19
110705,60,216,134,82
110714,1,17203,8160,9043
110714,2,15695,7342,8353
110714,3,15695,7342,8353
110714,4,3302,1498,1804
110714,5,12393,5844,6549
110714,12,1508,818,690
110714,19,1001,533,468
110714,20,11392,5311,6081
110714,21,16755,7910,8845
110714,22,15323,7148,8175
110714,23,15323,7148,8175
110714,24,3295,1496,1799
110714,25,12028,5652,6376
110714,32,1432,762,670
110714,39,978,522,456
110714,40,11050,5130,5920
110714,41,448,250,198
110714,42,372,194,178
110714,43,372,194,178
110714,44,7,2,5
110714,45,365,192,173
110714,52,76,56,20
110714,59,23,11,12
110714,60,342,181,161
110778,1,453,114,339
110778,2,20,4,16
110778,3,20,4,16
110778,5,20,4,16
110778,12,433,110,323
110778,19,20,4,16
110778,21,399,103,296
110778,22,20,4,16
110778,23,20,4,16
110778,25,20,4,16
110778,32,379,99,280
110778,39,20,4,16
110778,41,54,11,43
110778,52,54,11,43
110875,1,114,6,108
110875,2,114,6,108
110875,3,114,6,108
110875,4,32,1,31
110875,5,82,5,77
110875,20,82,5,77
110875,21,88,5,83
110875,22,88,5,83
110875,23,88,5,83
110875,24,31,1,30
110875,25,57,4,53
110875,40,57,4,53
110875,41,26,1,25
110875,42,26,1,25
110875,43,26,1,25
110875,44,1,0,1
110875,45,25,1,24
110875,60,25,1,24
110918,1,30,19,11
110918,2,30,19,11
110918,3,30,19,11
110918,4,4,1,3
110918,5,26,18,8
110918,19,6,4,2
110918,20,20,14,6
110918,21,18,11,7
110918,22,18,11,7
110918,23,18,11,7
110918,24,2,1,1
110918,25,16,10,6
110918,39,3,1,2
110918,40,13,9,4
110918,41,12,8,4
110918,42,12,8,4
110918,43,12,8,4
110918,44,2,0,2
110918,45,10,8,2
110918,59,3,3,0
110918,60,7,5,2
110945,1,762,340,422
110945,2,762,340,422
110945,3,762,340,422
110945,4,175,74,101
110945,5,587,266,321
110945,20,587,266,321
110945,21,762,340,422
110945,22,762,340,422
110945,23,762,340,422
110945,24,175,74,101
110945,25,587,266,321
110945,40,587,266,321
111009,1,489,275,214
111009,2,489,275,214
111009,3,489,275,214
111009,4,96,49,47
111009,5,393,226,167
111009,19,18,6,12
111009,20,375,220,155
111009,21,489,275,214
111009,22,489,275,214
111009,23,489,275,214
111009,24,96,49,47
111009,25,393,226,167
111009,39,18,6,12
111009,40,375,220,155
111054,1,219,10,209
111054,2,219,10,209
111054,3,219,10,209
111054,4,30,3,27
111054,5,189,7,182
111054,20,189,7,182
111054,21,219,10,209
111054,22,219,10,209
111054,23,219,10,209
111054,24,30,3,27
111054,25,189,7,182
111054,40,189,7,182
111081,1,1489,708,781
111081,2,995,466,529
111081,3,987,462,525
111081,4,172,72,100
111081,5,815,390,425
111081,11,8,4,4
111081,12,494,242,252
111081,19,149,89,60
111081,20,666,301,365
111081,21,1472,695,777
111081,22,982,456,526
111081,23,974,452,522
111081,24,172,72,100
111081,25,802,380,422
111081,31,8,4,4
111081,32,490,239,251
111081,39,148,88,60
111081,40,654,292,362
111081,41,17,13,4
111081,42,13,10,3
111081,43,13,10,3
111081,45,13,10,3
111081,52,4,3,1
111081,59,1,1,0
111081,60,12,9,3
111188,1,1045,896,149
111188,2,1045,896,149
111188,3,1044,895,149
111188,4,202,179,23
111188,5,842,716,126
111188,11,1,1,0
111188,19,87,69,18
111188,20,755,647,108
111188,21,1008,865,143
111188,22,1008,865,143
111188,23,1007,864,143
111188,24,199,176,23
111188,25,808,688,120
111188,31,1,1,0
111188,39,87,69,18
111188,40,721,619,102
111188,41,37,31,6
111188,42,37,31,6
111188,43,37,31,6
111188,44,3,3,0
111188,45,34,28,6
111188,60,34,28,6
111391,1,704,324,380
111391,12,704,324,380
111391,21,610,282,328
111391,32,610,282,328
111391,41,94,42,52
111391,52,94,42,52
111434,1,6620,2469,4151
111434,2,6620,2469,4151
111434,3,5217,1880,3337
111434,4,683,296,387
111434,5,4534,1584,2950
113096,11,1097,466,631
113096,19,1563,617,946
113096,20,9118,4016,5102
113096,21,3333,1620,1713
113096,22,3333,1620,1713
113096,23,3234,1575,1659
113096,24,734,362,372
113096,25,2500,1213,1287
113096,31,99,45,54
113096,39,203,87,116
113096,40,2297,1126,1171
113096,41,10616,4553,6063
113096,42,10616,4553,6063
113096,43,9618,4132,5486
113096,44,1437,712,725
113096,45,8181,3420,4761
113096,51,998,421,577
113096,59,1360,530,830
113096,60,6821,2890,3931
113111,1,5697,2705,2992
113111,2,5697,2705,2992
113111,3,4716,2239,2477
113111,4,888,445,443
113111,5,3828,1794,2034
113111,11,981,466,515
113111,19,492,226,266
113111,20,3336,1568,1768
113111,21,1991,940,1051
113111,22,1991,940,1051
113111,23,1652,791,861
113111,24,366,177,189
113111,25,1286,614,672
113111,31,339,149,190
113111,39,100,50,50
113111,40,1186,564,622
113111,41,3706,1765,1941
113111,42,3706,1765,1941
113111,43,3064,1448,1616
113111,44,522,268,254
113111,45,2542,1180,1362
113111,51,642,317,325
113111,59,392,176,216
113111,60,2150,1004,1146
113193,1,9256,4530,4726
113193,2,9256,4530,4726
113193,3,7964,3873,4091
113193,4,1539,824,715
113193,5,6425,3049,3376
113193,11,1292,657,635
113193,19,836,434,402
113193,20,5589,2615,2974
113193,21,3837,1994,1843
113193,22,3837,1994,1843
113193,23,3790,1966,1824
113193,24,1019,539,480
113193,25,2771,1427,1344
113193,31,47,28,19
113193,39,413,225,188
113193,40,2358,1202,1156
113193,41,5419,2536,2883
113193,42,5419,2536,2883
113193,43,4174,1907,2267
113193,44,520,285,235
113193,45,3654,1622,2032
113193,51,1245,629,616
113193,59,423,209,214
113193,60,3231,1413,1818
113218,1,8859,4183,4676
113218,2,8859,4183,4676
113218,3,7778,3676,4102
113218,4,1365,710,655
113218,5,6413,2966,3447
113218,11,1081,507,574
113218,19,1061,501,560
113218,20,5352,2465,2887
113218,21,2099,1051,1048
113218,22,2099,1051,1048
113218,23,1961,997,964
113218,24,600,318,282
113218,25,1361,679,682
113218,31,138,54,84
113218,39,136,73,63
113218,40,1225,606,619
113218,41,6760,3132,3628
113218,42,6760,3132,3628
113218,43,5817,2679,3138
113218,44,765,392,373
113218,45,5052,2287,2765
113218,51,943,453,490
113218,59,925,428,497
113218,60,4127,1859,2268
113236,1,15881,7164,8717
113236,2,15881,7164,8717
113236,3,14923,6736,8187
113236,4,2908,1366,1542
113236,5,12015,5370,6645
113236,11,958,428,530
113236,19,1671,747,924
113236,20,10344,4623,5721
113236,21,5079,2340,2739
113236,22,5079,2340,2739
113236,23,5042,2321,2721
113236,24,1084,489,595
113236,25,3958,1832,2126
113236,31,37,19,18
113236,39,260,124,136
113236,40,3698,1708,1990
113236,41,10802,4824,5978
113236,42,10802,4824,5978
113236,43,9881,4415,5466
113236,44,1824,877,947
113236,45,8057,3538,4519
113236,51,921,409,512
113236,59,1411,623,788
113236,60,6646,2915,3731
113333,1,23261,12003,11258
113333,2,23261,12003,11258
113333,3,20496,10619,9877
113333,4,4068,2197,1871
113333,5,16428,8422,8006
113333,11,2765,1384,1381
113333,19,1670,827,843
113333,20,14758,7595,7163
113333,21,10774,5916,4858
113333,22,10774,5916,4858
113333,23,10331,5676,4655
113333,24,2754,1523,1231
113333,25,7577,4153,3424
113333,31,443,240,203
113333,39,593,326,267
113333,40,6984,3827,3157
113333,41,12487,6087,6400
113333,42,12487,6087,6400
113333,43,10165,4943,5222
113333,44,1314,674,640
113333,45,8851,4269,4582
113333,51,2322,1144,1178
113333,59,1077,501,576
113333,60,7774,3768,4006
113397,1,1330,52,1278
113397,2,1330,52,1278
113397,3,1330,52,1278
113397,4,350,13,337
113397,5,980,39,941
113397,20,980,39,941
113397,21,1047,42,1005
113397,22,1047,42,1005
113397,23,1047,42,1005
113397,24,284,12,272
113397,25,763,30,733
113397,40,763,30,733
113397,41,283,10,273
113397,42,283,10,273
113397,43,283,10,273
113397,44,66,1,65
113397,45,217,9,208
113397,60,217,9,208
113449,1,229,78,151
113449,2,229,78,151
113449,3,229,78,151
113449,4,43,13,30
113449,5,186,65,121
113449,20,186,65,121
113449,21,229,78,151
113449,22,229,78,151
113449,23,229,78,151
113449,24,43,13,30
113449,25,186,65,121
113449,40,186,65,121
113537,1,29,15,14
113537,2,14,8,6
113537,3,14,8,6
113537,4,1,0,1
113537,5,13,8,5
113537,12,15,7,8
113537,19,13,8,5
113537,21,29,15,14
113537,22,14,8,6
113537,23,14,8,6
113537,24,1,0,1
113537,25,13,8,5
113537,32,15,7,8
113537,39,13,8,5
113573,1,9259,4269,4990
113573,2,9259,4269,4990
113573,3,8330,3886,4444
113573,4,1520,810,710
113573,5,6810,3076,3734
113573,11,929,383,546
113573,19,390,203,187
113573,20,6420,2873,3547
113573,21,3629,1829,1800
113573,22,3629,1829,1800
113573,23,3588,1808,1780
113573,24,753,429,324
113573,25,2835,1379,1456
113573,31,41,21,20
113573,39,143,73,70
113573,40,2692,1306,1386
113573,41,5630,2440,3190
113573,42,5630,2440,3190
113573,43,4742,2078,2664
113573,44,767,381,386
113573,45,3975,1697,2278
113573,51,888,362,526
113573,59,247,130,117
113573,60,3728,1567,2161
113582,1,181,11,170
113582,2,181,11,170
113582,3,181,11,170
113582,4,20,2,18
113582,5,161,9,152
113582,19,28,4,24
113582,20,133,5,128
113582,21,119,8,111
113582,22,119,8,111
113582,23,119,8,111
113582,24,19,2,17
113582,25,100,6,94
113582,39,18,3,15
113582,40,82,3,79
113582,41,62,3,59
113582,42,62,3,59
113582,43,62,3,59
113582,44,1,0,1
113582,45,61,3,58
113582,59,10,1,9
113582,60,51,2,49
113634,1,20286,9755,10531
113634,2,20286,9755,10531
113634,3,18566,8938,9628
113634,4,2858,1467,1391
113634,5,15708,7471,8237
113634,11,1720,817,903
113634,19,1366,567,799
113634,20,14342,6904,7438
113634,21,7690,4035,3655
113634,22,7690,4035,3655
113634,23,7541,3965,3576
113634,24,1429,748,681
113634,25,6112,3217,2895
113634,31,149,70,79
113634,39,324,146,178
113634,40,5788,3071,2717
113634,41,12596,5720,6876
113634,42,12596,5720,6876
113634,43,11025,4973,6052
113634,44,1429,719,710
113634,45,9596,4254,5342
113634,51,1571,747,824
113634,59,1042,421,621
113634,60,8554,3833,4721
113698,1,2147,537,1610
113698,2,1603,414,1189
113698,3,1567,404,1163
113698,4,306,83,223
113698,5,1261,321,940
113698,11,36,10,26
113698,12,544,123,421
113698,19,141,49,92
113698,20,1120,272,848
113698,21,1603,396,1207
113698,22,1298,335,963
113698,23,1289,333,956
113698,24,306,83,223
113698,25,983,250,733
113698,31,9,2,7
113698,32,305,61,244
113698,39,67,26,41
113698,40,916,224,692
113698,41,544,141,403
113698,42,305,79,226
113698,43,278,71,207
113698,45,278,71,207
113698,51,27,8,19
113698,52,239,62,177
113698,59,74,23,51
113698,60,204,48,156
113704,1,89,78,11
113704,12,89,78,11
113704,21,54,49,5
113704,32,54,49,5
113704,41,35,29,6
113704,52,35,29,6
113856,1,36606,19253,17353
113856,2,36606,19253,17353
113856,3,33439,17902,15537
113856,4,4853,2703,2150
113856,5,28586,15199,13387
113856,11,3167,1351,1816
113856,19,1571,708,863
113856,20,27015,14491,12524
113856,21,7090,3194,3896
113856,22,7090,3194,3896
113856,23,7008,3164,3844
113856,24,1331,670,661
113856,25,5677,2494,3183
113856,31,82,30,52
113856,39,273,133,140
113856,40,5404,2361,3043
113856,41,29516,16059,13457
113856,42,29516,16059,13457
113856,43,26431,14738,11693
113856,44,3522,2033,1489
113856,45,22909,12705,10204
113856,51,3085,1321,1764
113856,59,1298,575,723
113856,60,21611,12130,9481
113908,1,566,50,516
113908,2,566,50,516
113908,3,566,50,516
113908,4,152,22,130
113908,5,414,28,386
113908,20,414,28,386
113908,21,345,38,307
113908,22,345,38,307
113908,23,345,38,307
113908,24,110,19,91
113908,25,235,19,216
113908,40,235,19,216
113908,41,221,12,209
113908,42,221,12,209
113908,43,221,12,209
113908,44,42,3,39
113908,45,179,9,170
113908,60,179,9,170
113980,1,23996,11672,12324
113980,2,23996,11672,12324
113980,3,22222,10811,11411
113980,4,4322,2204,2118
113980,5,17900,8607,9293
113980,11,1774,861,913
113980,19,1500,698,802
113980,20,16400,7909,8491
113980,21,7866,4058,3808
113980,22,7866,4058,3808
113980,23,7785,4016,3769
113980,24,2216,1130,1086
113980,25,5569,2886,2683
113980,31,81,42,39
113980,39,316,172,144
113980,40,5253,2714,2539
113980,41,16130,7614,8516
113980,42,16130,7614,8516
113980,43,14437,6795,7642
113980,44,2106,1074,1032
113980,45,12331,5721,6610
113980,51,1693,819,874
113980,59,1184,526,658
113980,60,11147,5195,5952
114044,1,205,18,187
114044,2,205,18,187
114044,3,205,18,187
114044,4,78,5,73
114044,5,127,13,114
114044,20,127,13,114
114044,21,205,18,187
114044,22,205,18,187
114044,23,205,18,187
114044,24,78,5,73
114044,25,127,13,114
114044,40,127,13,114
114071,1,397,19,378
114071,2,397,19,378
114071,3,397,19,378
114071,4,98,4,94
114071,5,299,15,284
114071,20,299,15,284
114071,21,297,16,281
114071,22,297,16,281
114071,23,297,16,281
114071,24,66,4,62
114071,25,231,12,219
114071,40,231,12,219
114071,41,100,3,97
114071,42,100,3,97
114071,43,100,3,97
114071,44,32,0,32
114071,45,68,3,65
114071,60,68,3,65
114080,1,254,9,245
114080,2,254,9,245
114080,3,254,9,245
114080,4,90,2,88
114080,5,164,7,157
114080,20,164,7,157
114080,21,225,9,216
114080,22,225,9,216
114080,23,225,9,216
114080,24,85,2,83
114080,25,140,7,133
114080,40,140,7,133
114080,41,29,0,29
114080,42,29,0,29
114080,43,29,0,29
114080,44,5,0,5
114080,45,24,0,24
114080,60,24,0,24
114114,1,203,44,159
114114,12,203,44,159
114114,21,109,28,81
114114,32,109,28,81
114114,41,94,16,78
114114,52,94,16,78
114123,1,419,88,331
114123,2,419,88,331
114123,3,412,85,327
114123,4,300,51,249
114123,5,112,34,78
114123,11,7,3,4
114123,19,14,4,10
114123,20,98,30,68
114123,21,409,86,323
114123,22,409,86,323
114123,23,402,83,319
114123,24,293,51,242
114123,25,109,32,77
114123,31,7,3,4
114123,39,14,4,10
114123,40,95,28,67
114123,41,10,2,8
114123,42,10,2,8
114123,43,10,2,8
114123,44,7,0,7
114123,45,3,2,1
114123,60,3,2,1
114266,1,9211,4228,4983
114266,2,9211,4228,4983
114266,3,7472,3478,3994
114266,4,1156,551,605
114266,5,6316,2927,3389
114266,11,1739,750,989
114266,19,687,296,391
114266,20,5629,2631,2998
114266,21,2789,1330,1459
114266,22,2789,1330,1459
114266,23,2543,1234,1309
114266,24,595,278,317
114266,25,1948,956,992
114266,31,246,96,150
114266,39,135,71,64
114266,40,1813,885,928
114266,41,6422,2898,3524
114266,42,6422,2898,3524
114266,43,4929,2244,2685
114266,44,561,273,288
114266,45,4368,1971,2397
114266,51,1493,654,839
114266,59,552,225,327
114266,60,3816,1746,2070
114354,1,3459,382,3077
114354,2,3459,382,3077
114354,3,3459,382,3077
114354,4,523,70,453
114354,5,2936,312,2624
114354,19,552,57,495
114354,20,2384,255,2129
114354,21,3072,332,2740
114354,22,3072,332,2740
114354,23,3072,332,2740
114354,24,517,68,449
114354,25,2555,264,2291
114354,39,542,57,485
114354,40,2013,207,1806
114354,41,387,50,337
114354,42,387,50,337
114354,43,387,50,337
114354,44,6,2,4
114354,45,381,48,333
114354,59,10,0,10
114354,60,371,48,323
114390,1,637,43,594
114390,2,637,43,594
114390,3,637,43,594
114390,4,112,9,103
114390,5,525,34,491
114390,19,128,8,120
114390,20,397,26,371
114390,21,580,41,539
114390,22,580,41,539
114390,23,580,41,539
114390,24,111,9,102
114390,25,469,32,437
114390,39,126,8,118
114390,40,343,24,319
114390,41,57,2,55
114390,42,57,2,55
114390,43,57,2,55
114390,44,1,0,1
114390,45,56,2,54
114390,59,2,0,2
114390,60,54,2,52
114415,1,214,24,190
114415,2,214,24,190
114415,3,214,24,190
114415,4,115,9,106
114415,5,99,15,84
114415,19,62,9,53
114415,20,37,6,31
114415,21,205,23,182
114415,22,205,23,182
114415,23,205,23,182
114415,24,113,9,104
114415,25,92,14,78
114415,39,62,9,53
114415,40,30,5,25
114415,41,9,1,8
114415,42,9,1,8
114415,43,9,1,8
114415,44,2,0,2
114415,45,7,1,6
114415,60,7,1,6
114433,1,1782,943,839
114433,2,1782,943,839
114433,3,1444,814,630
114433,4,354,217,137
114433,5,1090,597,493
114433,11,338,129,209
114433,19,278,168,110
114433,20,812,429,383
114433,21,636,370,266
114433,22,636,370,266
114433,23,636,370,266
114433,24,203,115,88
114433,25,433,255,178
114433,39,65,39,26
114433,40,368,216,152
114433,41,1146,573,573
114433,42,1146,573,573
114433,43,808,444,364
114433,44,151,102,49
114433,45,657,342,315
114433,51,338,129,209
114433,59,213,129,84
114433,60,444,213,231
114460,1,246,12,234
114460,2,246,12,234
114460,3,246,12,234
114460,4,115,10,105
114460,5,131,2,129
114460,20,131,2,129
114460,21,169,11,158
114460,22,169,11,158
114460,23,169,11,158
114460,24,84,10,74
114460,25,85,1,84
114460,40,85,1,84
114460,41,77,1,76
114460,42,77,1,76
114460,43,77,1,76
114460,44,31,0,31
114460,45,46,1,45
114460,60,46,1,45
114549,1,1190,331,859
114549,12,1190,331,859
114549,21,963,272,691
114549,32,963,272,691
114549,41,227,59,168
114549,52,227,59,168
114585,1,402,126,276
114585,12,402,126,276
114585,21,308,87,221
114585,32,308,87,221
114585,41,94,39,55
114585,52,94,39,55
114628,1,47,9,38
114628,2,47,9,38
114628,3,47,9,38
114628,4,35,5,30
114628,5,12,4,8
114628,20,12,4,8
114628,21,26,6,20
114628,22,26,6,20
114628,23,26,6,20
114628,24,20,4,16
114628,25,6,2,4
114628,40,6,2,4
114628,41,21,3,18
114628,42,21,3,18
114628,43,21,3,18
114628,44,15,1,14
114628,45,6,2,4
114628,60,6,2,4
114716,1,14814,7408,7406
114716,2,14814,7408,7406
114716,3,13362,6719,6643
114716,4,2201,1156,1045
114716,5,11161,5563,5598
114716,11,1452,689,763
114716,19,2269,1094,1175
114716,20,8892,4469,4423
114716,21,5266,2709,2557
114716,22,5266,2709,2557
114716,23,5164,2655,2509
114716,24,1200,675,525
114716,25,3964,1980,1984
114716,31,102,54,48
114716,39,569,291,278
114716,40,3395,1689,1706
114716,41,9548,4699,4849
114716,42,9548,4699,4849
114716,43,8198,4064,4134
114716,44,1001,481,520
114716,45,7197,3583,3614
114716,51,1350,635,715
114716,59,1700,803,897
114716,60,5497,2780,2717
114734,1,44,19,25
114734,12,44,19,25
114734,21,20,11,9
114734,32,20,11,9
114734,41,24,8,16
114734,52,24,8,16
114761,1,83,1,82
114761,2,83,1,82
114761,3,83,1,82
114761,4,32,1,31
114761,5,51,0,51
114761,20,51,0,51
114761,21,80,1,79
114761,22,80,1,79
114761,23,80,1,79
114761,24,32,1,31
114761,25,48,0,48
114761,40,48,0,48
114761,41,3,0,3
114761,42,3,0,3
114761,43,3,0,3
114761,45,3,0,3
114761,60,3,0,3
114789,1,21344,9930,11414
114789,2,21344,9930,11414
114789,3,18888,8738,10150
114789,4,3823,1881,1942
114789,5,15065,6857,8208
114789,11,2456,1192,1264
114789,19,1597,736,861
114789,20,13468,6121,7347
114789,21,7815,3661,4154
114789,22,7815,3661,4154
114789,23,7323,3413,3910
114789,24,2057,971,1086
114789,25,5266,2442,2824
114789,31,492,248,244
114789,39,454,202,252
114789,40,4812,2240,2572
114789,41,13529,6269,7260
114789,42,13529,6269,7260
114789,43,11565,5325,6240
114789,44,1766,910,856
114789,45,9799,4415,5384
114789,51,1964,944,1020
114789,59,1143,534,609
114789,60,8656,3881,4775
114813,1,3393,1057,2336
114813,2,2586,826,1760
114813,3,2496,770,1726
114813,4,213,66,147
114813,5,2283,704,1579
114813,11,90,56,34
114813,12,807,231,576
114813,19,513,149,364
114813,20,1770,555,1215
114813,21,2423,765,1658
114813,22,2137,674,1463
114813,23,2134,673,1461
114813,24,210,64,146
114813,25,1924,609,1315
114813,31,3,1,2
114813,32,286,91,195
114813,39,419,127,292
114813,40,1505,482,1023
114813,41,970,292,678
114813,42,449,152,297
114813,43,362,97,265
114813,44,3,2,1
114813,45,359,95,264
114813,51,87,55,32
114813,52,521,140,381
114813,59,94,22,72
114813,60,265,73,192
114840,1,2694,1679,1015
114840,12,2694,1679,1015
114840,21,724,391,333
114840,32,724,391,333
114840,41,1970,1288,682
114840,52,1970,1288,682
114859,1,24301,11864,12437
114859,2,24301,11864,12437
114859,3,22295,10912,11383
114859,4,4785,2424,2361
114859,5,17510,8488,9022
114859,11,2006,952,1054
114859,19,2398,1142,1256
114859,20,15112,7346,7766
114859,21,8440,4158,4282
114859,22,8440,4158,4282
114859,23,8317,4101,4216
114859,24,2157,1082,1075
114859,25,6160,3019,3141
114859,31,123,57,66
114859,39,612,301,311
114859,40,5548,2718,2830
114859,41,15861,7706,8155
114859,42,15861,7706,8155
114859,43,13978,6811,7167
114859,44,2628,1342,1286
114859,45,11350,5469,5881
114859,51,1883,895,988
114859,59,1786,841,945
114859,60,9564,4628,4936
114938,1,5834,2774,3060
114938,2,5834,2774,3060
114938,3,5267,2555,2712
114938,4,1022,525,497
114938,5,4245,2030,2215
114938,11,567,219,348
114938,19,639,383,256
114938,20,3606,1647,1959
114938,21,1855,888,967
114938,22,1855,888,967
114938,23,1767,858,909
114938,24,412,224,188
114938,25,1355,634,721
114938,31,88,30,58
114938,39,146,99,47
114938,40,1209,535,674
114938,41,3979,1886,2093
114938,42,3979,1886,2093
114938,43,3500,1697,1803
114938,44,610,301,309
114938,45,2890,1396,1494
114938,51,479,189,290
114938,59,493,284,209
114938,60,2397,1112,1285
114947,1,192,100,92
114947,2,192,100,92
114947,3,192,100,92
114947,4,85,48,37
114947,5,107,52,55
114947,20,107,52,55
114947,21,192,100,92
114947,22,192,100,92
114947,23,192,100,92
114947,24,85,48,37
114947,25,107,52,55
114947,40,107,52,55
115001,1,15744,7124,8620
115001,2,15744,7124,8620
115001,3,14102,6323,7779
115001,4,2441,1172,1269
115001,5,11661,5151,6510
115001,11,1642,801,841
115001,19,852,382,470
115001,20,10809,4769,6040
115001,21,7164,3240,3924
115001,22,7164,3240,3924
115001,23,6733,3044,3689
115001,24,1288,639,649
115001,25,5445,2405,3040
115001,31,431,196,235
115001,39,263,128,135
115001,40,5182,2277,2905
115001,41,8580,3884,4696
115001,42,8580,3884,4696
115001,43,7369,3279,4090
115001,44,1153,533,620
115001,45,6216,2746,3470
115001,51,1211,605,606
115001,59,589,254,335
115001,60,5627,2492,3135
115010,1,293,75,218
115010,2,293,75,218
115010,3,293,75,218
115010,4,202,48,154
115010,5,91,27,64
115010,20,91,27,64
115010,21,293,75,218
115010,22,293,75,218
115010,23,293,75,218
115010,24,202,48,154
115010,25,91,27,64
115010,40,91,27,64
115083,1,3227,1410,1817
115083,2,475,220,255
115083,3,470,218,252
115083,5,470,218,252
115083,11,5,2,3
115083,12,2752,1190,1562
115083,19,93,44,49
115083,20,377,174,203
115083,21,1130,478,652
115083,22,104,62,42
115083,23,104,62,42
115083,25,104,62,42
115083,32,1026,416,610
115083,39,25,14,11
115083,40,79,48,31
115083,41,2097,932,1165
115083,42,371,158,213
115083,43,366,156,210
115083,45,366,156,210
115083,51,5,2,3
115083,52,1726,774,952
115083,59,68,30,38
115083,60,298,126,172
115126,1,12717,5997,6720
115126,2,12717,5997,6720
115126,3,11689,5494,6195
115126,4,2262,1136,1126
115126,5,9427,4358,5069
115126,11,1028,503,525
115126,19,1553,717,836
115126,20,7874,3641,4233
115126,21,4534,2307,2227
115126,22,4534,2307,2227
115126,23,4434,2248,2186
115126,24,1173,609,564
115126,25,3261,1639,1622
115126,31,100,59,41
115126,39,329,167,162
115126,40,2932,1472,1460
115126,41,8183,3690,4493
115126,42,8183,3690,4493
115126,43,7255,3246,4009
115126,44,1089,527,562
115126,45,6166,2719,3447
115126,51,928,444,484
115126,59,1224,550,674
115126,60,4942,2169,2773
115214,1,253,149,104
115214,12,253,149,104
115214,21,232,138,94
115214,32,232,138,94
115214,41,21,11,10
115214,52,21,11,10
115296,1,18618,8259,10359
115296,2,18618,8259,10359
115296,3,17042,7562,9480
115296,4,3256,1530,1726
115296,5,13786,6032,7754
115296,11,1576,697,879
115296,19,1734,772,962
115296,20,12052,5260,6792
115296,21,6654,3191,3463
115296,22,6654,3191,3463
115296,23,6355,3064,3291
115296,24,1600,748,852
115296,25,4755,2316,2439
115296,31,299,127,172
115296,39,488,254,234
115296,40,4267,2062,2205
115296,41,11964,5068,6896
115296,42,11964,5068,6896
115296,43,10687,4498,6189
115296,44,1656,782,874
115296,45,9031,3716,5315
115296,51,1277,570,707
115296,59,1246,518,728
115296,60,7785,3198,4587
115357,1,30,2,28
115357,2,30,2,28
115357,3,30,2,28
115357,4,7,0,7
115357,5,23,2,21
115357,20,23,2,21
115357,21,30,2,28
115357,22,30,2,28
115357,23,30,2,28
115357,24,7,0,7
115357,25,23,2,21
115357,40,23,2,21
115393,1,9439,4890,4549
115393,2,9439,4890,4549
115393,3,8829,4659,4170
115393,4,1787,1009,778
115393,5,7042,3650,3392
115393,11,610,231,379
115393,19,681,487,194
115393,20,6361,3163,3198
115393,21,3413,1662,1751
115393,22,3413,1662,1751
115393,23,3385,1646,1739
115393,24,798,421,377
115393,25,2587,1225,1362
115393,31,28,16,12
115393,39,163,106,57
115393,40,2424,1119,1305
115393,41,6026,3228,2798
115393,42,6026,3228,2798
115393,43,5444,3013,2431
115393,44,989,588,401
115393,45,4455,2425,2030
115393,51,582,215,367
115393,59,518,381,137
115393,60,3937,2044,1893
115409,1,807,432,375
115409,2,807,432,375
115409,3,803,428,375
115409,4,217,114,103
115409,5,586,314,272
115409,11,4,4,0
115409,19,1,0,1
115409,20,585,314,271
115409,21,805,431,374
115409,22,805,431,374
115409,23,801,427,374
115409,24,217,114,103
115409,25,584,313,271
115409,31,4,4,0
115409,39,1,0,1
115409,40,583,313,270
115409,41,2,1,1
115409,42,2,1,1
115409,43,2,1,1
115409,45,2,1,1
115409,60,2,1,1
115454,1,1150,336,814
115454,2,1150,336,814
115454,3,1146,334,812
115454,4,127,49,78
115454,5,1019,285,734
115454,11,4,2,2
115454,19,107,28,79
115454,20,912,257,655
115454,21,888,258,630
115454,22,888,258,630
115454,23,887,258,629
115454,24,75,29,46
115454,25,812,229,583
115454,31,1,0,1
115454,39,58,16,42
115454,40,754,213,541
115454,41,262,78,184
115454,42,262,78,184
115454,43,259,76,183
115454,44,52,20,32
115454,45,207,56,151
115454,51,3,2,1
115454,59,49,12,37
115454,60,158,44,114
115472,1,1791,549,1242
115472,2,1791,549,1242
115472,3,1791,549,1242
115472,4,218,64,154
115472,5,1573,485,1088
115472,19,152,50,102
115472,20,1421,435,986
115472,21,1342,429,913
115472,22,1342,429,913
115472,23,1342,429,913
115472,24,145,41,104
115472,25,1197,388,809
115472,39,74,24,50
115472,40,1123,364,759
115472,41,449,120,329
115472,42,449,120,329
115472,43,449,120,329
115472,44,73,23,50
115472,45,376,97,279
115472,59,78,26,52
115472,60,298,71,227
115490,1,1671,598,1073
115490,2,1671,598,1073
115490,3,1668,595,1073
115490,4,166,67,99
115490,5,1502,528,974
115490,11,3,3,0
115490,19,142,42,100
115490,20,1360,486,874
115490,21,1169,425,744
115490,22,1169,425,744
115490,23,1169,425,744
115490,24,82,35,47
115490,25,1087,390,697
115490,39,75,26,49
115490,40,1012,364,648
115490,41,502,173,329
115490,42,502,173,329
115490,43,499,170,329
115490,44,84,32,52
115490,45,415,138,277
115490,51,3,3,0
115490,59,67,16,51
115490,60,348,122,226
115515,1,1074,418,656
115515,2,1074,418,656
115515,3,1070,416,654
115515,4,117,46,71
115515,5,953,370,583
115515,11,4,2,2
115515,19,90,40,50
115515,20,863,330,533
115515,21,693,259,434
115515,22,693,259,434
115515,23,693,259,434
115515,24,62,22,40
115515,25,631,237,394
115515,39,50,21,29
115515,40,581,216,365
115515,41,381,159,222
115515,42,381,159,222
115515,43,377,157,220
115515,44,55,24,31
115515,45,322,133,189
115515,51,4,2,2
115515,59,40,19,21
115515,60,282,114,168
115533,1,1503,414,1089
115533,2,1503,414,1089
115533,3,1502,413,1089
115533,4,167,51,116
115533,5,1335,362,973
115533,11,1,1,0
115533,19,142,39,103
115533,20,1193,323,870
115533,21,1110,314,796
115533,22,1110,314,796
115533,23,1110,314,796
115533,24,111,35,76
115533,25,999,279,720
115533,39,79,24,55
115533,40,920,255,665
115533,41,393,100,293
115533,42,393,100,293
115533,43,392,99,293
115533,44,56,16,40
115533,45,336,83,253
115533,51,1,1,0
115533,59,63,15,48
115533,60,273,68,205
115658,1,126,9,117
115658,2,126,9,117
115658,3,126,9,117
115658,4,23,1,22
115658,5,103,8,95
115658,20,103,8,95
115658,21,18,0,18
115658,22,18,0,18
115658,23,18,0,18
115658,24,1,0,1
115658,25,17,0,17
115658,40,17,0,17
115658,41,108,9,99
115658,42,108,9,99
115658,43,108,9,99
115658,44,22,1,21
115658,45,86,8,78
115658,60,86,8,78
115728,1,1343,375,968
115728,2,888,274,614
115728,3,800,260,540
115728,4,87,33,54
115728,5,713,227,486
115728,11,88,14,74
115728,12,455,101,354
115728,19,74,41,33
115728,20,639,186,453
115728,21,827,272,555
115728,22,677,238,439
115728,23,594,224,370
115728,24,85,32,53
115728,25,509,192,317
115728,31,83,14,69
115728,32,150,34,116
115728,39,73,41,32
115728,40,436,151,285
115728,41,516,103,413
115728,42,211,36,175
115728,43,206,36,170
115728,44,2,1,1
115728,45,204,35,169
115728,51,5,0,5
115728,52,305,67,238
115728,59,1,0,1
115728,60,203,35,168
115746,1,1060,253,807
115746,12,1060,253,807
115746,21,590,146,444
115746,32,590,146,444
115746,41,470,107,363
115746,52,470,107,363
115755,1,8293,3817,4476
115755,2,7767,3624,4143
115755,3,7748,3617,4131
115755,4,1368,537,831
115755,5,6380,3080,3300
115755,11,19,7,12
115755,12,526,193,333
115755,19,971,517,454
115755,20,5409,2563,2846
115755,21,7631,3495,4136
115755,22,7256,3360,3896
115755,23,7241,3354,3887
115755,24,1344,526,818
115755,25,5897,2828,3069
115755,31,15,6,9
115755,32,375,135,240
115755,39,919,492,427
115755,40,4978,2336,2642
115755,41,662,322,340
115755,42,511,264,247
115755,43,507,263,244
115755,44,24,11,13
115755,45,483,252,231
115755,51,4,1,3
115755,52,151,58,93
115755,59,52,25,27
115755,60,431,227,204
115773,1,990,224,766
115773,2,757,162,595
115773,3,757,162,595
115773,4,59,21,38
115773,5,698,141,557
115773,12,233,62,171
115773,19,77,23,54
115773,20,621,118,503
115773,21,517,129,388
115773,22,402,90,312
115773,23,402,90,312
115773,24,32,14,18
115773,25,370,76,294
115773,32,115,39,76
115773,39,28,8,20
115773,40,342,68,274
115773,41,473,95,378
115773,42,355,72,283
115773,43,355,72,283
115773,44,27,7,20
115773,45,328,65,263
115773,52,118,23,95
115773,59,49,15,34
115773,60,279,50,229
115861,1,7701,3210,4491
115861,2,7701,3210,4491
115861,3,6663,2848,3815
115861,4,1530,675,855
115861,5,5133,2173,2960
115861,11,1038,362,676
115861,19,13,7,6
115861,20,5120,2166,2954
115861,21,3832,1637,2195
115861,22,3832,1637,2195
115861,23,3422,1517,1905
115861,24,1048,468,580
115861,25,2374,1049,1325
115861,31,410,120,290
115861,39,6,4,2
115861,40,2368,1045,1323
115861,41,3869,1573,2296
115861,42,3869,1573,2296
115861,43,3241,1331,1910
115861,44,482,207,275
115861,45,2759,1124,1635
115861,51,628,242,386
115861,59,7,3,4
115861,60,2752,1121,1631
115931,1,173,120,53
115931,2,173,120,53
115931,3,173,120,53
115931,4,172,119,53
115931,5,1,1,0
115931,20,1,1,0
115931,21,173,120,53
115931,22,173,120,53
115931,23,173,120,53
115931,24,172,119,53
115931,25,1,1,0
115931,40,1,1,0
116226,1,296,26,270
116226,2,295,26,269
116226,3,293,24,269
116226,4,15,1,14
116226,5,278,23,255
116226,11,2,2,0
116226,12,1,0,1
116226,20,278,23,255
116226,21,70,6,64
116226,22,70,6,64
116226,23,70,6,64
116226,25,70,6,64
116226,40,70,6,64
116226,41,226,20,206
116226,42,225,20,205
116226,43,223,18,205
116226,44,15,1,14
116226,45,208,17,191
116226,51,2,2,0
116226,52,1,0,1
116226,60,208,17,191
116350,1,268,32,236
116350,2,268,32,236
116350,3,268,32,236
116350,4,67,10,57
116350,5,201,22,179
116350,20,201,22,179
116350,21,268,32,236
116350,22,268,32,236
116350,23,268,32,236
116350,24,67,10,57
116350,25,201,22,179
116350,40,201,22,179
116439,1,13362,6613,6749
116439,2,13362,6613,6749
116439,3,11725,5872,5853
116439,4,2529,1374,1155
116439,5,9196,4498,4698
116439,11,1637,741,896
116439,19,1479,721,758
116439,20,7717,3777,3940
116439,21,4495,2476,2019
116439,22,4495,2476,2019
116439,23,4391,2415,1976
116439,24,1294,742,552
116439,25,3097,1673,1424
116439,31,104,61,43
116439,39,249,139,110
116439,40,2848,1534,1314
116439,41,8867,4137,4730
116439,42,8867,4137,4730
116439,43,7334,3457,3877
116439,44,1235,632,603
116439,45,6099,2825,3274
116439,51,1533,680,853
116439,59,1230,582,648
116439,60,4869,2243,2626
116466,1,1209,1079,130
116466,2,1209,1079,130
116466,3,1209,1079,130
116466,4,156,133,23
116466,5,1053,946,107
116466,19,36,32,4
116466,20,1017,914,103
116466,21,1063,948,115
116466,22,1063,948,115
116466,23,1063,948,115
116466,24,149,127,22
116466,25,914,821,93
116466,39,36,32,4
116466,40,878,789,89
116466,41,146,131,15
116466,42,146,131,15
116466,43,146,131,15
116466,44,7,6,1
116466,45,139,125,14
116466,60,139,125,14
116475,1,534,442,92
116475,2,534,442,92
116475,3,534,442,92
116475,4,62,54,8
116475,5,472,388,84
116475,19,4,3,1
116475,20,468,385,83
116475,21,449,378,71
116475,22,449,378,71
116475,23,449,378,71
116475,24,57,51,6
116475,25,392,327,65
116475,39,3,3,0
116475,40,389,324,65
116475,41,85,64,21
116475,42,85,64,21
116475,43,85,64,21
116475,44,5,3,2
116475,45,80,61,19
116475,59,1,0,1
116475,60,79,61,18
116484,1,823,698,125
116484,2,823,698,125
116484,3,823,698,125
116484,4,90,75,15
116484,5,733,623,110
116484,19,18,18,0
116484,20,715,605,110
116484,21,653,554,99
116484,22,653,554,99
116484,23,653,554,99
116484,24,78,66,12
116484,25,575,488,87
116484,39,18,18,0
116484,40,557,470,87
116484,41,170,144,26
116484,42,170,144,26
116484,43,170,144,26
116484,44,12,9,3
116484,45,158,135,23
116484,60,158,135,23
116563,1,184,8,176
116563,2,184,8,176
116563,3,184,8,176
116563,4,36,0,36
116563,5,148,8,140
116563,20,148,8,140
116563,21,184,8,176
116563,22,184,8,176
116563,23,184,8,176
116563,24,36,0,36
116563,25,148,8,140
116563,40,148,8,140
116712,1,1356,335,1021
116712,2,279,85,194
116712,3,271,81,190
116712,5,271,81,190
116712,11,8,4,4
116712,12,1077,250,827
116712,19,82,27,55
116712,20,189,54,135
116712,21,580,156,424
116712,22,75,22,53
116712,23,67,18,49
116712,25,67,18,49
116712,31,8,4,4
116712,32,505,134,371
116712,39,23,8,15
116712,40,44,10,34
116712,41,776,179,597
116712,42,204,63,141
116712,43,204,63,141
116712,45,204,63,141
116712,52,572,116,456
116712,59,59,19,40
116712,60,145,44,101
116846,1,229,119,110
116846,2,112,56,56
116846,3,109,54,55
116846,4,7,5,2
116846,5,102,49,53
116846,11,3,2,1
116846,12,117,63,54
116846,19,13,8,5
116846,20,89,41,48
116846,21,188,96,92
116846,22,108,54,54
116846,23,108,54,54
116846,24,7,5,2
116846,25,101,49,52
116846,32,80,42,38
116846,39,12,8,4
116846,40,89,41,48
116846,41,41,23,18
116846,42,4,2,2
116846,43,1,0,1
116846,45,1,0,1
116846,51,3,2,1
116846,52,37,21,16
116846,59,1,0,1
117052,1,13807,5932,7875
117052,2,13807,5932,7875
117052,3,12081,5171,6910
117052,4,2884,1336,1548
117052,5,9197,3835,5362
117052,11,1726,761,965
117052,19,1180,497,683
117052,20,8017,3338,4679
117052,21,5328,2430,2898
117052,22,5328,2430,2898
117052,23,4910,2246,2664
117052,24,1770,829,941
117052,25,3140,1417,1723
117052,31,418,184,234
117052,39,307,141,166
117052,40,2833,1276,1557
117052,41,8479,3502,4977
117052,42,8479,3502,4977
117052,43,7171,2925,4246
117052,44,1114,507,607
117052,45,6057,2418,3639
117052,51,1308,577,731
117052,59,873,356,517
117052,60,5184,2062,3122
117104,1,627,323,304
117104,2,577,289,288
117104,3,475,244,231
117104,4,78,40,38
117104,5,397,204,193
117104,11,102,45,57
117104,12,50,34,16
117104,19,61,32,29
117104,20,336,172,164
117104,21,447,235,212
117104,22,402,205,197
117104,23,392,202,190
117104,24,76,38,38
117104,25,316,164,152
117104,31,10,3,7
117104,32,45,30,15
117104,39,53,26,27
117104,40,263,138,125
117104,41,180,88,92
117104,42,175,84,91
117104,43,83,42,41
117104,44,2,2,0
117104,45,81,40,41
117104,51,92,42,50
117104,52,5,4,1
117104,59,8,6,2
117104,60,73,34,39
117113,1,1869,1048,821
117113,2,1869,1048,821
117113,3,1869,1048,821
117113,4,247,119,128
117113,5,1622,929,693
117113,19,350,209,141
117113,20,1272,720,552
117113,21,1466,849,617
117113,22,1466,849,617
117113,23,1466,849,617
117113,24,205,93,112
117113,25,1261,756,505
117113,39,267,170,97
117113,40,994,586,408
117113,41,403,199,204
117113,42,403,199,204
117113,43,403,199,204
117113,44,42,26,16
117113,45,361,173,188
117113,59,83,39,44
117113,60,278,134,144
117140,1,8796,3591,5205
117140,2,5216,2206,3010
117140,3,5128,2148,2980
117140,4,565,259,306
117140,5,4563,1889,2674
117140,11,88,58,30
117140,12,3580,1385,2195
117140,19,641,275,366
117140,20,3922,1614,2308
117140,21,5550,2378,3172
117140,22,3641,1556,2085
117140,23,3619,1543,2076
117140,24,561,256,305
117140,25,3058,1287,1771
117140,31,22,13,9
117140,32,1909,822,1087
117140,39,377,174,203
117140,40,2681,1113,1568
117140,41,3246,1213,2033
117140,42,1575,650,925
117140,43,1509,605,904
117140,44,4,3,1
117140,45,1505,602,903
117140,51,66,45,21
117140,52,1671,563,1108
117140,59,264,101,163
117140,60,1241,501,740
117168,1,544,219,325
117168,2,514,208,306
117168,3,514,208,306
117168,4,68,27,41
117168,5,446,181,265
117168,12,30,11,19
117168,19,73,36,37
117168,20,373,145,228
117168,21,491,202,289
117168,22,466,193,273
117168,23,466,193,273
117168,24,67,27,40
117168,25,399,166,233
117168,32,25,9,16
117168,39,69,36,33
117168,40,330,130,200
117168,41,53,17,36
117168,42,48,15,33
117168,43,48,15,33
117168,44,1,0,1
117168,45,47,15,32
117168,52,5,2,3
117168,59,4,0,4
117168,60,43,15,28
117195,1,2426,1059,1367
117195,2,2426,1059,1367
117195,3,2155,946,1209
117195,4,332,154,178
117195,5,1823,792,1031
117195,11,271,113,158
117195,19,242,121,121
117195,20,1581,671,910
117195,21,765,375,390
117195,22,765,375,390
117195,23,735,359,376
117195,24,134,58,76
117195,25,601,301,300
117195,31,30,16,14
117195,39,86,49,37
117195,40,515,252,263
117195,41,1661,684,977
117195,42,1661,684,977
117195,43,1420,587,833
117195,44,198,96,102
117195,45,1222,491,731
117195,51,241,97,144
117195,59,156,72,84
117195,60,1066,419,647
117238,1,93,18,75
117238,2,93,18,75
117238,3,93,18,75
117238,4,9,0,9
117238,5,84,18,66
117238,20,84,18,66
117238,21,93,18,75
117238,22,93,18,75
117238,23,93,18,75
117238,24,9,0,9
117238,25,84,18,66
117238,40,84,18,66
117247,1,11362,5260,6102
117247,2,11362,5260,6102
117247,3,10140,4696,5444
117247,4,1671,835,836
117247,5,8469,3861,4608
117247,11,1222,564,658
117247,19,1520,697,823
117247,20,6949,3164,3785
117247,21,1907,938,969
117247,22,1907,938,969
117247,23,1856,911,945
117247,24,400,213,187
117247,25,1456,698,758
117247,31,51,27,24
117247,39,155,88,67
117247,40,1301,610,691
117247,41,9455,4322,5133
117247,42,9455,4322,5133
117247,43,8284,3785,4499
117247,44,1271,622,649
117247,45,7013,3163,3850
117247,51,1171,537,634
117247,59,1365,609,756
117247,60,5648,2554,3094
117274,1,2494,1843,651
117274,2,2494,1843,651
117274,3,2290,1684,606
117274,4,815,692,123
117274,5,1475,992,483
117274,11,204,159,45
117274,19,323,258,65
117274,20,1152,734,418
117274,21,600,308,292
117274,22,600,308,292
117274,23,594,307,287
117274,24,170,94,76
117274,25,424,213,211
117274,31,6,1,5
117274,39,50,32,18
117274,40,374,181,193
117274,41,1894,1535,359
117274,42,1894,1535,359
117274,43,1696,1377,319
117274,44,645,598,47
117274,45,1051,779,272
117274,51,198,158,40
117274,59,273,226,47
117274,60,778,553,225
117520,1,456,259,197
117520,12,456,259,197
117520,21,431,247,184
117520,32,431,247,184
117520,41,25,12,13
117520,52,25,12,13
117557,1,492,245,247
117557,2,116,41,75
117557,3,97,36,61
117557,4,14,7,7
117557,5,83,29,54
117557,11,19,5,14
117557,12,376,204,172
117557,19,12,7,5
117557,20,71,22,49
117557,21,436,230,206
117557,22,64,29,35
117557,23,56,27,29
117557,24,9,6,3
117557,25,47,21,26
117557,31,8,2,6
117557,32,372,201,171
117557,39,12,7,5
117557,40,35,14,21
117557,41,56,15,41
117557,42,52,12,40
117557,43,41,9,32
117557,44,5,1,4
117557,45,36,8,28
117557,51,11,3,8
117557,52,4,3,1
117557,60,36,8,28
117575,1,189,120,69
117575,2,69,54,15
117575,3,68,54,14
117575,4,4,4,0
117575,5,64,50,14
117575,11,1,0,1
117575,12,120,66,54
117575,19,9,7,2
117575,20,55,43,12
117575,21,68,35,33
117575,22,19,16,3
117575,23,19,16,3
117575,24,2,2,0
117575,25,17,14,3
117575,32,49,19,30
117575,39,1,1,0
117575,40,16,13,3
117575,41,121,85,36
117575,42,50,38,12
117575,43,49,38,11
117575,44,2,2,0
117575,45,47,36,11
117575,51,1,0,1
117575,52,71,47,24
117575,59,8,6,2
117575,60,39,30,9
117627,1,2440,1034,1406
117627,2,2105,892,1213
117627,3,2060,873,1187
117627,4,477,169,308
117627,5,1583,704,879
117627,11,45,19,26
117627,12,335,142,193
117627,19,233,113,120
117627,20,1350,591,759
117627,21,2112,894,1218
117627,22,1912,804,1108
117627,23,1895,797,1098
117627,24,466,168,298
117627,25,1429,629,800
117627,31,17,7,10
117627,32,200,90,110
117627,39,197,93,104
117627,40,1232,536,696
117627,41,328,140,188
117627,42,193,88,105
117627,43,165,76,89
117627,44,11,1,10
117627,45,154,75,79
117627,51,28,12,16
117627,52,135,52,83
117627,59,36,20,16
117627,60,118,55,63
117636,1,4693,1835,2858
117636,2,1260,374,886
117636,3,1101,324,777
117636,5,1101,324,777
117636,11,159,50,109
117636,12,3433,1461,1972
117636,19,239,73,166
117636,20,862,251,611
117636,21,3711,1522,2189
117636,22,959,283,676
117636,23,951,279,672
117636,25,951,279,672
117636,31,8,4,4
117636,32,2752,1239,1513
117636,39,223,69,154
117636,40,728,210,518
117636,41,982,313,669
117636,42,301,91,210
117636,43,150,45,105
117636,45,150,45,105
117636,51,151,46,105
117636,52,681,222,459
117636,59,16,4,12
117636,60,134,41,93
117645,1,24020,10893,13127
117645,2,24020,10893,13127
117645,3,22475,10200,12275
117645,4,4308,2118,2190
117645,5,18167,8082,10085
117645,11,1545,693,852
117645,19,1879,801,1078
117645,20,16288,7281,9007
117645,21,9530,4463,5067
117645,22,9530,4463,5067
117645,23,9399,4394,5005
117645,24,2335,1145,1190
117645,25,7064,3249,3815
117645,31,131,69,62
117645,39,613,290,323
117645,40,6451,2959,3492
117645,41,14490,6430,8060
117645,42,14490,6430,8060
117645,43,13076,5806,7270
117645,44,1973,973,1000
117645,45,11103,4833,6270
117645,51,1414,624,790
117645,59,1266,511,755
117645,60,9837,4322,5515
117672,1,968,465,503
117672,2,404,130,274
117672,11,404,130,274
117672,12,564,335,229
117672,21,157,96,61
117672,32,157,96,61
117672,41,811,369,442
117672,42,404,130,274
117672,51,404,130,274
117672,52,407,239,168
117690,1,10098,4161,5937
117690,2,10098,4161,5937
117690,3,8719,3543,5176
117690,4,1405,656,749
117690,5,7314,2887,4427
117690,11,1379,618,761
117690,19,897,325,572
117690,20,6417,2562,3855
117690,21,2535,1151,1384
117690,22,2535,1151,1384
117690,23,2505,1131,1374
117690,24,500,241,259
117690,25,2005,890,1115
117690,31,30,20,10
117690,39,133,63,70
117690,40,1872,827,1045
117690,41,7563,3010,4553
117690,42,7563,3010,4553
117690,43,6214,2412,3802
117690,44,905,415,490
117690,45,5309,1997,3312
117690,51,1349,598,751
117690,59,764,262,502
117690,60,4545,1735,2810
117706,1,20080,9407,10673
117706,2,20080,9407,10673
117706,3,17528,8171,9357
117706,4,3156,1544,1612
117706,5,14372,6627,7745
117706,11,2552,1236,1316
117706,19,1473,631,842
117706,20,12899,5996,6903
117706,21,4489,2278,2211
117706,22,4489,2278,2211
117706,23,4406,2233,2173
117706,24,865,432,433
117706,25,3541,1801,1740
117706,31,83,45,38
117706,39,182,88,94
117706,40,3359,1713,1646
117706,41,15591,7129,8462
117706,42,15591,7129,8462
117706,43,13122,5938,7184
117706,44,2291,1112,1179
117706,45,10831,4826,6005
117706,51,2469,1191,1278
117706,59,1291,543,748
117706,60,9540,4283,5257
117715,1,7864,2427,5437
117715,2,7864,2427,5437
117715,3,6129,1877,4252
117715,4,918,366,552
117715,5,5211,1511,3700
117715,11,1735,550,1185
117715,19,1120,331,789
117715,20,4091,1180,2911
117715,21,1333,455,878
117715,22,1333,455,878
117715,23,1313,449,864
117715,24,220,86,134
117715,25,1093,363,730
117715,31,20,6,14
117715,39,177,52,125
117715,40,916,311,605
117715,41,6531,1972,4559
117715,42,6531,1972,4559
117715,43,4816,1428,3388
117715,44,698,280,418
117715,45,4118,1148,2970
117715,51,1715,544,1171
117715,59,943,279,664
117715,60,3175,869,2306
117724,1,13879,7313,6566
117724,2,13879,7313,6566
117724,3,12033,6401,5632
117724,4,1896,1161,735
117724,5,10137,5240,4897
117724,11,1846,912,934
117724,19,1561,853,708
117724,20,8576,4387,4189
117724,21,3447,1991,1456
117724,22,3447,1991,1456
117724,23,3390,1946,1444
117724,24,415,276,139
117724,25,2975,1670,1305
117724,31,57,45,12
117724,39,239,145,94
117724,40,2736,1525,1211
117724,41,10432,5322,5110
117724,42,10432,5322,5110
117724,43,8643,4455,4188
117724,44,1481,885,596
117724,45,7162,3570,3592
117724,51,1789,867,922
117724,59,1322,708,614
117724,60,5840,2862,2978
117733,1,18762,8086,10676
117733,2,18762,8086,10676
117733,3,16111,6919,9192
117733,4,2550,1206,1344
117733,5,13561,5713,7848
117733,11,2651,1167,1484
117733,19,1607,712,895
117733,20,11954,5001,6953
117733,21,4526,2008,2518
117733,22,4526,2008,2518
117733,23,4415,1960,2455
117733,24,804,392,412
117733,25,3611,1568,2043
117733,31,111,48,63
117733,39,242,141,101
117733,40,3369,1427,1942
117733,41,14236,6078,8158
117733,42,14236,6078,8158
117733,43,11696,4959,6737
117733,44,1746,814,932
117733,45,9950,4145,5805
117733,51,2540,1119,1421
117733,59,1365,571,794
117733,60,8585,3574,5011
117751,1,1499,941,558
117751,2,1112,589,523
117751,3,1112,589,523
117751,4,188,80,108
117751,5,924,509,415
117751,12,387,352,35
117751,19,127,87,40
117751,20,797,422,375
117751,21,1105,605,500
117751,22,981,491,490
117751,23,981,491,490
117751,24,188,80,108
117751,25,793,411,382
117751,32,124,114,10
117751,39,100,64,36
117751,40,693,347,346
117751,41,394,336,58
117751,42,131,98,33
117751,43,131,98,33
117751,45,131,98,33
117751,52,263,238,25
117751,59,27,23,4
117751,60,104,75,29
117788,1,19635,8680,10955
117788,2,19635,8680,10955
117788,3,16485,7245,9240
117788,4,2472,1172,1300
117788,5,14013,6073,7940
117788,11,3150,1435,1715
117788,19,2478,1046,1432
117788,20,11535,5027,6508
117788,21,4462,2007,2455
117788,22,4462,2007,2455
117788,23,4198,1893,2305
117788,24,716,337,379
117788,25,3482,1556,1926
117788,31,264,114,150
117788,39,377,173,204
117788,40,3105,1383,1722
117788,41,15173,6673,8500
117788,42,15173,6673,8500
117788,43,12287,5352,6935
117788,44,1756,835,921
117788,45,10531,4517,6014
117788,51,2886,1321,1565
117788,59,2101,873,1228
117788,60,8430,3644,4786
117803,1,185,41,144
117803,2,185,41,144
117803,3,182,40,142
117803,5,182,40,142
117803,11,3,1,2
117803,19,37,10,27
117803,20,145,30,115
117803,41,185,41,144
117803,42,185,41,144
117803,43,182,40,142
117803,45,182,40,142
117803,51,3,1,2
117803,59,37,10,27
117803,60,145,30,115
117867,1,8990,3602,5388
117867,2,8990,3602,5388
117867,3,7931,3109,4822
117867,4,1112,523,589
117867,5,6819,2586,4233
117867,11,1059,493,566
117867,19,709,276,433
117867,20,6110,2310,3800
117867,21,1941,765,1176
117867,22,1941,765,1176
117867,23,1893,740,1153
117867,24,302,144,158
117867,25,1591,596,995
117867,31,48,25,23
117867,39,82,31,51
117867,40,1509,565,944
117867,41,7049,2837,4212
117867,42,7049,2837,4212
117867,43,6038,2369,3669
117867,44,810,379,431
117867,45,5228,1990,3238
117867,51,1011,468,543
117867,59,627,245,382
117867,60,4601,1745,2856
117894,1,8525,3914,4611
117894,2,8525,3914,4611
117894,3,7502,3445,4057
117894,4,1260,635,625
117894,5,6242,2810,3432
117894,11,1023,469,554
117894,19,635,305,330
117894,20,5607,2505,3102
117894,21,2709,1291,1418
117894,22,2709,1291,1418
117894,23,2637,1257,1380
117894,24,535,269,266
117894,25,2102,988,1114
117894,31,72,34,38
117894,39,146,68,78
117894,40,1956,920,1036
117894,41,5816,2623,3193
117894,42,5816,2623,3193
117894,43,4865,2188,2677
117894,44,725,366,359
117894,45,4140,1822,2318
117894,51,951,435,516
117894,59,489,237,252
117894,60,3651,1585,2066
117928,1,1317,714,603
117928,2,1304,704,600
117928,3,1304,704,600
117928,4,240,133,107
117928,5,1064,571,493
117928,12,13,10,3
117928,19,190,88,102
117928,20,874,483,391
117928,21,820,460,360
117928,22,813,455,358
117928,23,813,455,358
117928,24,162,88,74
117928,25,651,367,284
117928,32,7,5,2
117928,39,112,49,63
117928,40,539,318,221
117928,41,497,254,243
117928,42,491,249,242
117928,43,491,249,242
117928,44,78,45,33
117928,45,413,204,209
117928,52,6,5,1
117928,59,78,39,39
117928,60,335,165,170
117946,1,9661,4026,5635
117946,2,6205,2675,3530
117946,3,6087,2594,3493
117946,4,1341,566,775
117946,5,4746,2028,2718
117946,11,118,81,37
117946,12,3456,1351,2105
117946,19,375,153,222
117946,20,4371,1875,2496
117946,21,8710,3589,5121
117946,22,5935,2521,3414
117946,23,5919,2511,3408
117946,24,1340,566,774
117946,25,4579,1945,2634
117946,31,16,10,6
117946,32,2775,1068,1707
117946,39,364,148,216
117946,40,4215,1797,2418
117946,41,951,437,514
117946,42,270,154,116
117946,43,168,83,85
117946,44,1,0,1
117946,45,167,83,84
117946,51,102,71,31
117946,52,681,283,398
117946,59,11,5,6
117946,60,156,78,78
117955,1,186,7,179
117955,2,186,7,179
117955,3,186,7,179
117955,4,53,0,53
117955,5,133,7,126
117955,20,133,7,126
117955,21,186,7,179
117955,22,186,7,179
117955,23,186,7,179
117955,24,53,0,53
117955,25,133,7,126
117955,40,133,7,126
118116,1,67,3,64
118116,2,67,3,64
118116,3,67,3,64
118116,4,57,3,54
118116,5,10,0,10
118116,20,10,0,10
118116,21,7,0,7
118116,22,7,0,7
118116,23,7,0,7
118116,24,5,0,5
118116,25,2,0,2
118116,40,2,0,2
118116,41,60,3,57
118116,42,60,3,57
118116,43,60,3,57
118116,44,52,3,49
118116,45,8,0,8
118116,60,8,0,8
118125,1,36,1,35
118125,2,36,1,35
118125,3,36,1,35
118125,4,30,1,29
118125,5,6,0,6
118125,20,6,0,6
118125,21,10,0,10
118125,22,10,0,10
118125,23,10,0,10
118125,24,9,0,9
118125,25,1,0,1
118125,40,1,0,1
118125,41,26,1,25
118125,42,26,1,25
118125,43,26,1,25
118125,44,21,1,20
118125,45,5,0,5
118125,60,5,0,5
118134,1,67,2,65
118134,2,67,2,65
118134,3,67,2,65
118134,4,9,0,9
118134,5,58,2,56
118134,20,58,2,56
118134,21,45,2,43
118134,22,45,2,43
118134,23,45,2,43
118134,24,4,0,4
118134,25,41,2,39
118134,40,41,2,39
118134,41,22,0,22
118134,42,22,0,22
118134,43,22,0,22
118134,44,5,0,5
118134,45,17,0,17
118134,60,17,0,17
118143,1,56,5,51
118143,2,56,5,51
118143,3,56,5,51
118143,4,5,1,4
118143,5,51,4,47
118143,20,51,4,47
118143,21,35,2,33
118143,22,35,2,33
118143,23,35,2,33
118143,24,4,1,3
118143,25,31,1,30
118143,40,31,1,30
118143,41,21,3,18
118143,42,21,3,18
118143,43,21,3,18
118143,44,1,0,1
118143,45,20,3,17
118143,60,20,3,17
118161,1,126,2,124
118161,2,126,2,124
118161,3,126,2,124
118161,4,16,1,15
118161,5,110,1,109
118161,20,110,1,109
118161,21,126,2,124
118161,22,126,2,124
118161,23,126,2,124
118161,24,16,1,15
118161,25,110,1,109
118161,40,110,1,109
118189,1,138,5,133
118189,2,138,5,133
118189,3,138,5,133
118189,4,126,5,121
118189,5,12,0,12
118189,20,12,0,12
118189,21,138,5,133
118189,22,138,5,133
118189,23,138,5,133
118189,24,126,5,121
118189,25,12,0,12
118189,40,12,0,12
118198,1,594,167,427
118198,2,594,167,427
118198,3,594,167,427
118198,4,253,51,202
118198,5,341,116,225
118198,19,264,77,187
118198,20,77,39,38
118198,21,594,167,427
118198,22,594,167,427
118198,23,594,167,427
118198,24,253,51,202
118198,25,341,116,225
118198,39,264,77,187
118198,40,77,39,38
118259,1,547,81,466
118259,2,547,81,466
118259,3,520,77,443
118259,4,65,8,57
118259,5,455,69,386
118259,11,27,4,23
118259,19,45,8,37
118259,20,410,61,349
118259,21,547,81,466
118259,22,547,81,466
118259,23,520,77,443
118259,24,65,8,57
118259,25,455,69,386
118259,31,27,4,23
118259,39,45,8,37
118259,40,410,61,349
118277,1,1354,334,1020
118277,2,1354,334,1020
118277,3,1335,332,1003
118277,4,113,27,86
118277,5,1222,305,917
118277,11,19,2,17
118277,19,208,60,148
118277,20,1014,245,769
118277,21,1354,334,1020
118277,22,1354,334,1020
118277,23,1335,332,1003
118277,24,113,27,86
118277,25,1222,305,917
118277,31,19,2,17
118277,39,208,60,148
118277,40,1014,245,769
118286,1,896,242,654
118286,2,896,242,654
118286,3,890,241,649
118286,4,180,31,149
118286,5,710,210,500
118286,11,6,1,5
118286,19,62,11,51
118286,20,648,199,449
118286,21,896,242,654
118286,22,896,242,654
118286,23,890,241,649
118286,24,180,31,149
118286,25,710,210,500
118286,31,6,1,5
118286,39,62,11,51
118286,40,648,199,449
118347,1,6077,2574,3503
118347,2,6077,2574,3503
118347,3,5040,2133,2907
118347,4,811,400,411
118347,5,4229,1733,2496
118347,11,1037,441,596
118347,19,409,178,231
118347,20,3820,1555,2265
118347,21,1281,640,641
118347,22,1281,640,641
118347,23,1233,610,623
118347,24,265,153,112
118347,25,968,457,511
118347,31,48,30,18
118347,39,84,42,42
118347,40,884,415,469
118347,41,4796,1934,2862
118347,42,4796,1934,2862
118347,43,3807,1523,2284
118347,44,546,247,299
118347,45,3261,1276,1985
118347,51,989,411,578
118347,59,325,136,189
118347,60,2936,1140,1796
118356,1,2405,177,2228
118356,2,2405,177,2228
118356,3,2405,177,2228
118356,4,750,46,704
118356,5,1655,131,1524
118356,20,1655,131,1524
118356,21,1872,145,1727
118356,22,1872,145,1727
118356,23,1872,145,1727
118356,24,565,34,531
118356,25,1307,111,1196
118356,40,1307,111,1196
118356,41,533,32,501
118356,42,533,32,501
118356,43,533,32,501
118356,44,185,12,173
118356,45,348,20,328
118356,60,348,20,328
118541,1,1037,463,574
118541,2,1033,463,570
118541,3,1033,463,570
118541,4,290,129,161
118541,5,743,334,409
118541,12,4,0,4
118541,19,92,46,46
118541,20,651,288,363
118541,21,1006,448,558
118541,22,1002,448,554
118541,23,1002,448,554
118541,24,288,127,161
118541,25,714,321,393
118541,32,4,0,4
118541,39,80,37,43
118541,40,634,284,350
118541,41,31,15,16
118541,42,31,15,16
118541,43,31,15,16
118541,44,2,2,0
118541,45,29,13,16
118541,59,12,9,3
118541,60,17,4,13
118684,1,3729,1513,2216
118684,2,3729,1513,2216
118684,3,3130,1252,1878
118684,4,417,245,172
118684,5,2713,1007,1706
118684,11,599,261,338
118684,19,256,110,146
118684,20,2457,897,1560
118684,21,1256,583,673
118684,22,1256,583,673
118684,23,1230,573,657
118684,24,240,144,96
118684,25,990,429,561
118684,31,26,10,16
118684,39,87,51,36
118684,40,903,378,525
118684,41,2473,930,1543
118684,42,2473,930,1543
118684,43,1900,679,1221
118684,44,177,101,76
118684,45,1723,578,1145
118684,51,573,251,322
118684,59,169,59,110
118684,60,1554,519,1035
118693,1,745,462,283
118693,2,745,462,283
118693,3,742,460,282
118693,4,134,85,49
118693,5,608,375,233
118693,11,3,2,1
118693,19,93,57,36
118693,20,515,318,197
118693,21,712,441,271
118693,22,712,441,271
118693,23,712,441,271
118693,24,134,85,49
118693,25,578,356,222
118693,39,92,57,35
118693,40,486,299,187
118693,41,33,21,12
118693,42,33,21,12
118693,43,30,19,11
118693,45,30,19,11
118693,51,3,2,1
118693,59,1,0,1
118693,60,29,19,10
118718,1,10205,4436,5769
118718,2,10205,4436,5769
118718,3,9163,3973,5190
118718,4,1737,848,889
118718,5,7426,3125,4301
118718,11,1042,463,579
118718,19,438,220,218
118718,20,6988,2905,4083
118718,21,4882,2167,2715
118718,22,4882,2167,2715
118718,23,4644,2063,2581
118718,24,1067,522,545
118718,25,3577,1541,2036
118718,31,238,104,134
118718,39,177,95,82
118718,40,3400,1446,1954
118718,41,5323,2269,3054
118718,42,5323,2269,3054
118718,43,4519,1910,2609
118718,44,670,326,344
118718,45,3849,1584,2265
118718,51,804,359,445
118718,59,261,125,136
118718,60,3588,1459,2129
118772,1,5887,2098,3789
118772,2,5887,2098,3789
118772,3,5435,1909,3526
118772,4,818,336,482
118772,5,4617,1573,3044
118772,11,452,189,263
118772,19,1132,404,728
118772,20,3485,1169,2316
118772,21,838,328,510
118772,22,838,328,510
118772,23,827,322,505
118772,24,161,70,91
118772,25,666,252,414
118772,31,11,6,5
118772,39,127,41,86
118772,40,539,211,328
118772,41,5049,1770,3279
118772,42,5049,1770,3279
118772,43,4608,1587,3021
118772,44,657,266,391
118772,45,3951,1321,2630
118772,51,441,183,258
118772,59,1005,363,642
118772,60,2946,958,1988
118888,1,1595,126,1469
118888,2,985,0,985
118888,3,974,0,974
118888,4,217,0,217
118888,5,757,0,757
118888,11,11,0,11
118888,12,610,126,484
118888,19,117,0,117
118888,20,640,0,640
118888,21,1424,115,1309
118888,22,922,0,922
118888,23,922,0,922
118888,24,217,0,217
118888,25,705,0,705
118888,32,502,115,387
118888,39,108,0,108
118888,40,597,0,597
118888,41,171,11,160
118888,42,63,0,63
118888,43,52,0,52
118888,45,52,0,52
118888,51,11,0,11
118888,52,108,11,97
118888,59,9,0,9
118888,60,43,0,43
118912,1,14537,6364,8173
118912,2,14537,6364,8173
118912,3,13846,6104,7742
118912,4,2695,1335,1360
118912,5,11151,4769,6382
118912,11,691,260,431
118912,19,1484,647,837
118912,20,9667,4122,5545
118912,21,6438,3102,3336
118912,22,6438,3102,3336
118912,23,6394,3074,3320
118912,24,1459,749,710
118912,25,4935,2325,2610
118912,31,44,28,16
118912,39,535,262,273
118912,40,4400,2063,2337
118912,41,8099,3262,4837
118912,42,8099,3262,4837
118912,43,7452,3030,4422
118912,44,1236,586,650
118912,45,6216,2444,3772
118912,51,647,232,415
118912,59,949,385,564
118912,60,5267,2059,3208
118921,1,616,49,567
118921,2,616,49,567
118921,3,616,49,567
118921,4,198,13,185
118921,5,418,36,382
118921,20,418,36,382
118921,21,456,41,415
118921,22,456,41,415
118921,23,456,41,415
118921,24,135,11,124
118921,25,321,30,291
118921,40,321,30,291
118921,41,160,8,152
118921,42,160,8,152
118921,43,160,8,152
118921,44,63,2,61
118921,45,97,6,91
118921,60,97,6,91
118930,1,9130,4083,5047
118930,2,9130,4083,5047
118930,3,7467,3395,4072
118930,4,907,467,440
118930,5,6560,2928,3632
118930,11,1663,688,975
118930,19,1085,508,577
118930,20,5475,2420,3055
118930,21,2417,1149,1268
118930,22,2417,1149,1268
118930,23,2197,1050,1147
118930,24,371,210,161
118930,25,1826,840,986
118930,31,220,99,121
118930,39,163,82,81
118930,40,1663,758,905
118930,41,6713,2934,3779
118930,42,6713,2934,3779
118930,43,5270,2345,2925
118930,44,536,257,279
118930,45,4734,2088,2646
118930,51,1443,589,854
118930,59,922,426,496
118930,60,3812,1662,2150
118958,1,48,6,42
118958,2,48,6,42
118958,3,48,6,42
118958,4,7,2,5
118958,5,41,4,37
118958,20,41,4,37
118958,21,48,6,42
118958,22,48,6,42
118958,23,48,6,42
118958,24,7,2,5
118958,25,41,4,37
118958,40,41,4,37
118967,1,792,368,424
118967,2,792,368,424
118967,3,786,366,420
118967,4,96,37,59
118967,5,690,329,361
118967,11,6,2,4
118967,19,58,35,23
118967,20,632,294,338
118967,21,792,368,424
118967,22,792,368,424
118967,23,786,366,420
118967,24,96,37,59
118967,25,690,329,361
118967,31,6,2,4
118967,39,58,35,23
118967,40,632,294,338
118976,1,17084,7383,9701
118976,2,17084,7383,9701
118976,3,15904,6863,9041
118976,4,3239,1593,1646
118976,5,12665,5270,7395
118976,11,1180,520,660
118976,19,747,313,434
118976,20,11918,4957,6961
118976,21,6241,2812,3429
118976,22,6241,2812,3429
118976,23,6133,2771,3362
118976,24,1629,800,829
118976,25,4504,1971,2533
118976,31,108,41,67
118976,39,252,119,133
118976,40,4252,1852,2400
118976,41,10843,4571,6272
118976,42,10843,4571,6272
118976,43,9771,4092,5679
118976,44,1610,793,817
118976,45,8161,3299,4862
118976,51,1072,479,593
118976,59,495,194,301
118976,60,7666,3105,4561
118994,1,76,74,2
118994,2,76,74,2
118994,3,76,74,2
118994,4,5,5,0
118994,5,71,69,2
118994,20,71,69,2
118994,21,76,74,2
118994,22,76,74,2
118994,23,76,74,2
118994,24,5,5,0
118994,25,71,69,2
118994,40,71,69,2
119058,1,731,257,474
119058,2,22,18,4
119058,3,22,18,4
119058,5,22,18,4
119058,12,709,239,470
119058,19,8,7,1
119058,20,14,11,3
119058,21,651,230,421
119058,22,20,17,3
119058,23,20,17,3
119058,25,20,17,3
119058,32,631,213,418
119058,39,8,7,1
119058,40,12,10,2
119058,41,80,27,53
119058,42,2,1,1
119058,43,2,1,1
119058,45,2,1,1
119058,52,78,26,52
119058,60,2,1,1
119067,1,9519,4935,4584
119067,2,9519,4935,4584
119067,3,8781,4624,4157
119067,4,1801,1080,721
119067,5,6980,3544,3436
119067,11,738,311,427
119067,19,1041,599,442
119067,20,5939,2945,2994
119067,21,2320,1122,1198
119067,22,2320,1122,1198
119067,23,2302,1114,1188
119067,24,415,220,195
119067,25,1887,894,993
119067,31,18,8,10
119067,39,190,96,94
119067,40,1697,798,899
119067,41,7199,3813,3386
119067,42,7199,3813,3386
119067,43,6479,3510,2969
119067,44,1386,860,526
119067,45,5093,2650,2443
119067,51,720,303,417
119067,59,851,503,348
119067,60,4242,2147,2095
119137,1,14206,6875,7331
119137,2,14206,6875,7331
119137,3,13437,6491,6946
119137,4,3051,1539,1512
119137,5,10386,4952,5434
119137,11,769,384,385
119137,19,1073,468,605
119137,20,9313,4484,4829
119137,21,5708,2893,2815
119137,22,5708,2893,2815
119137,23,5673,2865,2808
119137,24,1826,917,909
119137,25,3847,1948,1899
119137,31,35,28,7
119137,39,277,125,152
119137,40,3570,1823,1747
119137,41,8498,3982,4516
119137,42,8498,3982,4516
119137,43,7764,3626,4138
119137,44,1225,622,603
119137,45,6539,3004,3535
119137,51,734,356,378
119137,59,796,343,453
119137,60,5743,2661,3082
119164,1,28481,13874,14607
119164,2,28481,13874,14607
119164,3,25800,12569,13231
119164,4,4835,2452,2383
119164,5,20965,10117,10848
119164,11,2681,1305,1376
119164,19,1579,754,825
119164,20,19386,9363,10023
119164,21,10499,5257,5242
119164,22,10499,5257,5242
119164,23,10290,5153,5137
119164,24,2604,1285,1319
119164,25,7686,3868,3818
119164,31,209,104,105
119164,39,482,244,238
119164,40,7204,3624,3580
119164,41,17982,8617,9365
119164,42,17982,8617,9365
119164,43,15510,7416,8094
119164,44,2231,1167,1064
119164,45,13279,6249,7030
119164,51,2472,1201,1271
119164,59,1097,510,587
119164,60,12182,5739,6443
119173,1,3274,309,2965
119173,2,2625,168,2457
119173,3,2617,166,2451
119173,4,559,20,539
119173,5,2058,146,1912
119173,11,8,2,6
119173,12,649,141,508
119173,19,264,29,235
119173,20,1794,117,1677
119173,21,2508,184,2324
119173,22,2092,92,2000
119173,23,2091,92,1999
119173,24,554,19,535
119173,25,1537,73,1464
119173,31,1,0,1
119173,32,416,92,324
119173,39,178,19,159
119173,40,1359,54,1305
119173,41,766,125,641
119173,42,533,76,457
119173,43,526,74,452
119173,44,5,1,4
119173,45,521,73,448
119173,51,7,2,5
119173,52,233,49,184
119173,59,86,10,76
119173,60,435,63,372
119216,1,14170,6057,8113
119216,2,14170,6057,8113
119216,3,13324,5673,7651
119216,4,2536,1201,1335
119216,5,10788,4472,6316
119216,11,846,384,462
119216,19,972,414,558
119216,20,9816,4058,5758
119216,21,5105,2268,2837
119216,22,5105,2268,2837
119216,23,5046,2244,2802
119216,24,943,447,496
119216,25,4103,1797,2306
119216,31,59,24,35
119216,39,276,132,144
119216,40,3827,1665,2162
119216,41,9065,3789,5276
119216,42,9065,3789,5276
119216,43,8278,3429,4849
119216,44,1593,754,839
119216,45,6685,2675,4010
119216,51,787,360,427
119216,59,696,282,414
119216,60,5989,2393,3596
119234,1,105,54,51
119234,2,105,54,51
119234,3,105,54,51
119234,4,93,48,45
119234,5,12,6,6
119234,20,12,6,6
119234,21,24,10,14
119234,22,24,10,14
119234,23,24,10,14
119234,24,21,10,11
119234,25,3,0,3
119234,40,3,0,3
119234,41,81,44,37
119234,42,81,44,37
119234,43,81,44,37
119234,44,72,38,34
119234,45,9,6,3
119234,60,9,6,3
119270,1,1204,978,226
119270,2,1204,978,226
119270,3,1166,952,214
119270,4,450,369,81
119270,5,716,583,133
119270,11,38,26,12
119270,19,78,56,22
119270,20,638,527,111
119270,21,1037,848,189
119270,22,1037,848,189
119270,23,1020,838,182
119270,24,440,365,75
119270,25,580,473,107
119270,31,17,10,7
119270,39,76,55,21
119270,40,504,418,86
119270,41,167,130,37
119270,42,167,130,37
119270,43,146,114,32
119270,44,10,4,6
119270,45,136,110,26
119270,51,21,16,5
119270,59,2,1,1
119270,60,134,109,25
119331,1,6308,2762,3546
119331,2,6308,2762,3546
119331,3,5707,2494,3213
119331,4,1090,480,610
119331,5,4617,2014,2603
119331,11,601,268,333
119331,19,460,210,250
119331,20,4157,1804,2353
119331,21,2376,1080,1296
119331,22,2376,1080,1296
119331,23,2342,1062,1280
119331,24,517,222,295
119331,25,1825,840,985
119331,31,34,18,16
119331,39,159,81,78
119331,40,1666,759,907
119331,41,3932,1682,2250
119331,42,3932,1682,2250
119331,43,3365,1432,1933
119331,44,573,258,315
119331,45,2792,1174,1618
119331,51,567,250,317
119331,59,301,129,172
119331,60,2491,1045,1446
119340,1,267,51,216
119340,2,267,51,216
119340,3,267,51,216
119340,4,29,5,24
119340,5,238,46,192
119340,20,238,46,192
119340,21,267,51,216
119340,22,267,51,216
119340,23,267,51,216
119340,24,29,5,24
119340,25,238,46,192
119340,40,238,46,192
119359,1,696,174,522
119359,2,696,174,522
119359,3,696,174,522
119359,4,132,28,104
119359,5,564,146,418
119359,19,44,9,35
119359,20,520,137,383
119359,21,675,165,510
119359,22,675,165,510
119359,23,675,165,510
119359,24,132,28,104
119359,25,543,137,406
119359,39,42,7,35
119359,40,501,130,371
119359,41,21,9,12
119359,42,21,9,12
119359,43,21,9,12
119359,45,21,9,12
119359,59,2,2,0
119359,60,19,7,12
119368,1,232,59,173
119368,2,232,59,173
119368,3,232,59,173
119368,4,20,5,15
119368,5,212,54,158
119368,19,9,2,7
119368,20,203,52,151
119368,21,223,54,169
119368,22,223,54,169
119368,23,223,54,169
119368,24,20,5,15
119368,25,203,49,154
119368,39,9,2,7
119368,40,194,47,147
119368,41,9,5,4
119368,42,9,5,4
119368,43,9,5,4
119368,45,9,5,4
119368,60,9,5,4
119438,1,172,22,150
119438,2,172,22,150
119438,3,172,22,150
119438,4,19,2,17
119438,5,153,20,133
119438,20,153,20,133
119438,21,172,22,150
119438,22,172,22,150
119438,23,172,22,150
119438,24,19,2,17
119438,25,153,20,133
119438,40,153,20,133
119456,1,494,74,420
119456,2,494,74,420
119456,3,494,74,420
119456,4,87,14,73
119456,5,407,60,347
119456,20,407,60,347
119456,21,494,74,420
119456,22,494,74,420
119456,23,494,74,420
119456,24,87,14,73
119456,25,407,60,347
119456,40,407,60,347
119465,1,561,139,422
119465,2,561,139,422
119465,3,561,139,422
119465,4,71,25,46
119465,5,490,114,376
119465,20,490,114,376
119465,21,561,139,422
119465,22,561,139,422
119465,23,561,139,422
119465,24,71,25,46
119465,25,490,114,376
119465,40,490,114,376
119508,1,747,329,418
119508,2,747,329,418
119508,3,747,329,418
119508,4,119,53,66
119508,5,628,276,352
119508,19,83,30,53
119508,20,545,246,299
119508,21,688,310,378
119508,22,688,310,378
119508,23,688,310,378
119508,24,119,53,66
119508,25,569,257,312
119508,39,66,25,41
119508,40,503,232,271
119508,41,59,19,40
119508,42,59,19,40
119508,43,59,19,40
119508,45,59,19,40
119508,59,17,5,12
119508,60,42,14,28
119544,1,813,216,597
119544,2,509,133,376
119544,3,434,109,325
119544,4,32,5,27
119544,5,402,104,298
119544,11,75,24,51
119544,12,304,83,221
119544,19,43,10,33
119544,20,359,94,265
119544,21,389,89,300
119544,22,238,55,183
119544,23,238,55,183
119544,24,27,5,22
119544,25,211,50,161
119544,32,151,34,117
119544,39,22,1,21
119544,40,189,49,140
119544,41,424,127,297
119544,42,271,78,193
119544,43,196,54,142
119544,44,5,0,5
119544,45,191,54,137
119544,51,75,24,51
119544,52,153,49,104
119544,59,21,9,12
119544,60,170,45,125
119553,1,764,265,499
119553,2,764,265,499
119553,3,764,265,499
119553,4,176,63,113
119553,5,588,202,386
119553,20,588,202,386
119553,21,735,252,483
119553,22,735,252,483
119553,23,735,252,483
119553,24,176,63,113
119553,25,559,189,370
119553,40,559,189,370
119553,41,29,13,16
119553,42,29,13,16
119553,43,29,13,16
119553,45,29,13,16
119553,60,29,13,16
119605,1,18207,7236,10971
119605,2,10074,4361,5713
119605,3,9788,4228,5560
119605,4,809,368,441
119605,5,8979,3860,5119
119605,11,286,133,153
119605,12,8133,2875,5258
119605,19,3995,1743,2252
119605,20,4984,2117,2867
119605,21,8877,3431,5446
119605,22,3724,1667,2057
119605,23,3710,1659,2051
119605,24,143,66,77
119605,25,3567,1593,1974
119605,31,14,8,6
119605,32,5153,1764,3389
119605,39,1375,622,753
119605,40,2192,971,1221
119605,41,9330,3805,5525
119605,42,6350,2694,3656
119605,43,6078,2569,3509
119605,44,666,302,364
119605,45,5412,2267,3145
119605,51,272,125,147
119605,52,2980,1111,1869
119605,59,2620,1121,1499
119605,60,2792,1146,1646
119678,1,2870,2466,404
119678,12,2870,2466,404
119678,21,1674,1493,181
119678,32,1674,1493,181
119678,41,1196,973,223
119678,52,1196,973,223
119775,1,514,363,151
119775,2,375,278,97
119775,3,375,278,97
119775,4,28,16,12
119775,5,347,262,85
119775,12,139,85,54
119775,19,64,47,17
119775,20,283,215,68
119775,21,445,319,126
119775,22,334,245,89
119775,23,334,245,89
119775,24,26,14,12
119775,25,308,231,77
119775,32,111,74,37
119775,39,59,43,16
119775,40,249,188,61
119775,41,69,44,25
119775,42,41,33,8
119775,43,41,33,8
119775,44,2,2,0
119775,45,39,31,8
119775,52,28,11,17
119775,59,5,4,1
119775,60,34,27,7
119845,1,153,3,150
119845,2,153,3,150
119845,3,153,3,150
119845,4,32,0,32
119845,5,121,3,118
119845,20,121,3,118
119845,21,102,3,99
119845,22,102,3,99
119845,23,102,3,99
119845,24,26,0,26
119845,25,76,3,73
119845,40,76,3,73
119845,41,51,0,51
119845,42,51,0,51
119845,43,51,0,51
119845,44,6,0,6
119845,45,45,0,45
119845,60,45,0,45
119951,1,275,7,268
119951,2,275,7,268
119951,3,275,7,268
119951,4,43,0,43
119951,5,232,7,225
119951,20,232,7,225
119951,21,275,7,268
119951,22,275,7,268
119951,23,275,7,268
119951,24,43,0,43
119951,25,232,7,225
119951,40,232,7,225
120069,1,280,34,246
120069,2,280,34,246
120069,3,280,34,246
120069,4,71,5,66
120069,5,209,29,180
120069,20,209,29,180
120069,21,280,34,246
120069,22,280,34,246
120069,23,280,34,246
120069,24,71,5,66
120069,25,209,29,180
120069,40,209,29,180
120078,1,550,93,457
120078,2,550,93,457
120078,3,550,93,457
120078,4,176,31,145
120078,5,374,62,312
120078,20,374,62,312
120078,21,550,93,457
120078,22,550,93,457
120078,23,550,93,457
120078,24,176,31,145
120078,25,374,62,312
120078,40,374,62,312
120087,1,193,36,157
120087,2,193,36,157
120087,3,193,36,157
120087,4,39,5,34
120087,5,154,31,123
120087,20,154,31,123
120087,21,193,36,157
120087,22,193,36,157
120087,23,193,36,157
120087,24,39,5,34
120087,25,154,31,123
120087,40,154,31,123
120166,1,988,586,402
120166,2,183,115,68
120166,3,183,115,68
120166,4,52,34,18
120166,5,131,81,50
120166,12,805,471,334
120166,20,131,81,50
120166,21,837,514,323
120166,22,165,103,62
120166,23,165,103,62
120166,24,47,30,17
120166,25,118,73,45
120166,32,672,411,261
120166,40,118,73,45
120166,41,151,72,79
120166,42,18,12,6
120166,43,18,12,6
120166,44,5,4,1
120166,45,13,8,5
120166,52,133,60,73
120166,60,13,8,5
120184,1,2030,609,1421
120184,2,1213,405,808
120184,3,1209,404,805
120184,4,172,61,111
120184,5,1037,343,694
120184,11,4,1,3
120184,12,817,204,613
120184,19,168,59,109
120184,20,869,284,585
120184,21,1071,340,731
120184,22,826,288,538
120184,23,826,288,538
120184,24,172,61,111
120184,25,654,227,427
120184,32,245,52,193
120184,39,92,41,51
120184,40,562,186,376
120184,41,959,269,690
120184,42,387,117,270
120184,43,383,116,267
120184,45,383,116,267
120184,51,4,1,3
120184,52,572,152,420
120184,59,76,18,58
120184,60,307,98,209
120254,1,2128,930,1198
120254,2,2128,930,1198
120254,3,2101,922,1179
120254,4,548,233,315
120254,5,1553,689,864
120254,11,27,8,19
120254,19,33,15,18
120254,20,1520,674,846
120254,21,2113,924,1189
120254,22,2113,924,1189
120254,23,2089,916,1173
120254,24,548,233,315
120254,25,1541,683,858
120254,31,24,8,16
120254,39,32,15,17
120254,40,1509,668,841
120254,41,15,6,9
120254,42,15,6,9
120254,43,12,6,6
120254,45,12,6,6
120254,51,3,0,3
120254,59,1,0,1
120254,60,11,6,5
120272,1,70,6,64
120272,2,70,6,64
120272,3,70,6,64
120272,4,14,3,11
120272,5,56,3,53
120272,20,56,3,53
120272,21,70,6,64
120272,22,70,6,64
120272,23,70,6,64
120272,24,14,3,11
120272,25,56,3,53
120272,40,56,3,53
120290,1,10310,5191,5119
120290,2,10310,5191,5119
120290,3,9184,4651,4533
120290,4,1839,900,939
120290,5,7345,3751,3594
120290,11,1126,540,586
120290,19,998,575,423
120290,20,6347,3176,3171
120290,21,3219,1611,1608
120290,22,3219,1611,1608
120290,23,3125,1569,1556
120290,24,776,386,390
120290,25,2349,1183,1166
120290,31,94,42,52
120290,39,157,76,81
120290,40,2192,1107,1085
120290,41,7091,3580,3511
120290,42,7091,3580,3511
120290,43,6059,3082,2977
120290,44,1063,514,549
120290,45,4996,2568,2428
120290,51,1032,498,534
120290,59,841,499,342
120290,60,4155,2069,2086
120342,1,21886,11344,10542
120342,2,21886,11344,10542
120342,3,20521,10634,9887
120342,4,3677,1958,1719
120342,5,16844,8676,8168
120342,11,1365,710,655
120342,19,1874,954,920
120342,20,14970,7722,7248
120342,21,8497,4551,3946
120342,22,8497,4551,3946
120342,23,8386,4499,3887
120342,24,1930,1041,889
120342,25,6456,3458,2998
120342,31,111,52,59
120342,39,435,254,181
120342,40,6021,3204,2817
120342,41,13389,6793,6596
120342,42,13389,6793,6596
120342,43,12135,6135,6000
120342,44,1747,917,830
120342,45,10388,5218,5170
120342,51,1254,658,596
120342,59,1439,700,739
120342,60,8949,4518,4431
120403,1,1086,381,705
120403,2,1032,366,666
120403,3,1029,365,664
120403,4,160,50,110
120403,5,869,315,554
120403,11,3,1,2
120403,12,54,15,39
120403,19,109,49,60
120403,20,760,266,494
120403,21,1061,372,689
120403,22,1018,359,659
120403,23,1015,358,657
120403,24,160,50,110
120403,25,855,308,547
120403,31,3,1,2
120403,32,43,13,30
120403,39,109,49,60
120403,40,746,259,487
120403,41,25,9,16
120403,42,14,7,7
120403,43,14,7,7
120403,45,14,7,7
120403,52,11,2,9
120403,60,14,7,7
120421,1,6939,3167,3772
120421,2,6939,3167,3772
120421,3,6450,2946,3504
120421,4,1055,524,531
120421,5,5395,2422,2973
120421,11,489,221,268
120421,19,802,366,436
120421,20,4593,2056,2537
120421,21,1933,869,1064
120421,22,1933,869,1064
120421,23,1911,861,1050
120421,24,523,238,285
120421,25,1388,623,765
120421,31,22,8,14
120421,39,128,60,68
120421,40,1260,563,697
120421,41,5006,2298,2708
120421,42,5006,2298,2708
120421,43,4539,2085,2454
120421,44,532,286,246
120421,45,4007,1799,2208
120421,51,467,213,254
120421,59,674,306,368
120421,60,3333,1493,1840
120537,1,1356,589,767
120537,2,925,416,509
120537,3,872,389,483
120537,4,85,38,47
120537,5,787,351,436
120537,11,53,27,26
120537,12,431,173,258
120537,19,129,62,67
120537,20,658,289,369
120537,21,935,392,543
120537,22,678,300,378
120537,23,671,298,373
120537,24,76,33,43
120537,25,595,265,330
120537,31,7,2,5
120537,32,257,92,165
120537,39,90,42,48
120537,40,505,223,282
120537,41,421,197,224
120537,42,247,116,131
120537,43,201,91,110
120537,44,9,5,4
120537,45,192,86,106
120537,51,46,25,21
120537,52,174,81,93
120537,59,39,20,19
120537,60,153,66,87
120661,1,895,265,630
120661,2,895,265,630
120661,3,895,265,630
120661,4,266,70,196
120661,5,629,195,434
120661,20,629,195,434
120661,21,895,265,630
120661,22,895,265,630
120661,23,895,265,630
120661,24,266,70,196
120661,25,629,195,434
120661,40,629,195,434
120698,1,948,205,743
120698,2,191,63,128
120698,3,191,63,128
120698,5,191,63,128
120698,12,757,142,615
120698,19,115,37,78
120698,20,76,26,50
120698,21,870,194,676
120698,22,188,62,126
120698,23,188,62,126
120698,25,188,62,126
120698,32,682,132,550
120698,39,115,37,78
120698,40,73,25,48
120698,41,78,11,67
120698,42,3,1,2
120698,43,3,1,2
120698,45,3,1,2
120698,52,75,10,65
120698,60,3,1,2
120740,1,99,51,48
120740,12,99,51,48
120740,21,90,49,41
120740,32,90,49,41
120740,41,9,2,7
120740,52,9,2,7
120768,1,1072,74,998
120768,2,415,29,386
120768,3,415,29,386
120768,5,415,29,386
120768,12,657,45,612
120768,19,151,12,139
120768,20,264,17,247
120768,21,81,3,78
120768,22,53,2,51
120768,23,53,2,51
120768,25,53,2,51
120768,32,28,1,27
120768,39,18,2,16
120768,40,35,0,35
120768,41,991,71,920
120768,42,362,27,335
120768,43,362,27,335
120768,45,362,27,335
120768,52,629,44,585
120768,59,133,10,123
120768,60,229,17,212
120795,1,183,80,103
120795,12,183,80,103
120795,21,118,51,67
120795,32,118,51,67
120795,41,65,29,36
120795,52,65,29,36
120838,1,173,85,88
120838,2,14,10,4
120838,3,14,10,4
120838,5,14,10,4
120838,12,159,75,84
120838,19,3,1,2
120838,20,11,9,2
120838,21,173,85,88
120838,22,14,10,4
120838,23,14,10,4
120838,25,14,10,4
120838,32,159,75,84
120838,39,3,1,2
120838,40,11,9,2
120865,1,1647,725,922
120865,2,1645,724,921
120865,3,1601,703,898
120865,4,335,145,190
120865,5,1266,558,708
120865,11,44,21,23
120865,12,2,1,1
120865,19,141,55,86
120865,20,1125,503,622
120865,21,1456,658,798
120865,22,1454,657,797
120865,23,1454,657,797
120865,24,334,145,189
120865,25,1120,512,608
120865,32,2,1,1
120865,39,136,55,81
120865,40,984,457,527
120865,41,191,67,124
120865,42,191,67,124
120865,43,147,46,101
120865,44,1,0,1
120865,45,146,46,100
120865,51,44,21,23
120865,59,5,0,5
120865,60,141,46,95
120883,1,6421,2960,3461
120883,2,3877,1859,2018
120883,3,3869,1854,2015
120883,4,958,452,506
120883,5,2911,1402,1509
120883,11,8,5,3
120883,12,2544,1101,1443
120883,19,178,86,92
120883,20,2733,1316,1417
120883,21,5749,2671,3078
120883,22,3780,1811,1969
120883,23,3777,1809,1968
120883,24,958,452,506
120883,25,2819,1357,1462
120883,31,3,2,1
120883,32,1969,860,1109
120883,39,173,84,89
120883,40,2646,1273,1373
120883,41,672,289,383
120883,42,97,48,49
120883,43,92,45,47
120883,45,92,45,47
120883,51,5,3,2
120883,52,575,241,334
120883,59,5,2,3
120883,60,87,43,44
120953,1,3253,2494,759
120953,2,3253,2494,759
120953,3,2946,2297,649
120953,4,731,516,215
120953,5,2215,1781,434
120953,11,307,197,110
120953,19,193,158,35
120953,20,2022,1623,399
120953,21,424,209,215
120953,22,424,209,215
120953,23,398,196,202
120953,24,62,23,39
120953,25,336,173,163
120953,31,26,13,13
120953,39,8,3,5
120953,40,328,170,158
120953,41,2829,2285,544
120953,42,2829,2285,544
120953,43,2548,2101,447
120953,44,669,493,176
120953,45,1879,1608,271
120953,51,281,184,97
120953,59,185,155,30
120953,60,1694,1453,241
120971,1,24665,13773,10892
120971,2,24665,13773,10892
120971,3,22535,12708,9827
120971,4,4166,2410,1756
120971,5,18369,10298,8071
120971,11,2130,1065,1065
120971,19,1805,999,806
120971,20,16564,9299,7265
120971,21,8252,4647,3605
120971,22,8252,4647,3605
120971,23,8107,4566,3541
120971,24,2029,1127,902
120971,25,6078,3439,2639
120971,31,145,81,64
120971,39,520,310,210
120971,40,5558,3129,2429
120971,41,16413,9126,7287
120971,42,16413,9126,7287
120971,43,14428,8142,6286
120971,44,2137,1283,854
120971,45,12291,6859,5432
120971,51,1985,984,1001
120971,59,1285,689,596
120971,60,11006,6170,4836
121017,1,99,4,95
121017,2,99,4,95
121017,3,99,4,95
121017,4,44,0,44
121017,5,55,4,51
121017,20,55,4,51
121017,21,28,1,27
121017,22,28,1,27
121017,23,28,1,27
121017,24,13,0,13
121017,25,15,1,14
121017,40,15,1,14
121017,41,71,3,68
121017,42,71,3,68
121017,43,71,3,68
121017,44,31,0,31
121017,45,40,3,37
121017,60,40,3,37
121044,1,25268,12172,13096
121044,2,25268,12172,13096
121044,3,23437,11223,12214
121044,4,6090,3006,3084
121044,5,17347,8217,9130
121044,11,1831,949,882
121044,19,1688,761,927
121044,20,15659,7456,8203
121044,21,9463,4732,4731
121044,22,9463,4732,4731
121044,23,9358,4674,4684
121044,24,3343,1682,1661
121044,25,6015,2992,3023
121044,31,105,58,47
121044,39,379,199,180
121044,40,5636,2793,2843
121044,41,15805,7440,8365
121044,42,15805,7440,8365
121044,43,14079,6549,7530
121044,44,2747,1324,1423
121044,45,11332,5225,6107
121044,51,1726,891,835
121044,59,1309,562,747
121044,60,10023,4663,5360
121150,1,7315,2925,4390
121150,2,3538,1463,2075
121150,3,3516,1449,2067
121150,4,784,309,475
121150,5,2732,1140,1592
121150,11,22,14,8
121150,12,3777,1462,2315
121150,19,162,74,88
121150,20,2570,1066,1504
121150,21,5414,2187,3227
121150,22,3172,1270,1902
121150,23,3165,1265,1900
121150,24,783,308,475
121150,25,2382,957,1425
121150,31,7,5,2
121150,32,2242,917,1325
121150,39,116,50,66
121150,40,2266,907,1359
121150,41,1901,738,1163
121150,42,366,193,173
121150,43,351,184,167
121150,44,1,1,0
121150,45,350,183,167
121150,51,15,9,6
121150,52,1535,545,990
121150,59,46,24,22
121150,60,304,159,145
121257,1,1081,433,648
121257,2,1081,433,648
121257,3,1081,433,648
121257,4,265,118,147
121257,5,816,315,501
121257,19,26,14,12
121257,20,790,301,489
121257,21,1044,417,627
121257,22,1044,417,627
121257,23,1044,417,627
121257,24,265,118,147
121257,25,779,299,480
121257,39,23,12,11
121257,40,756,287,469
121257,41,37,16,21
121257,42,37,16,21
121257,43,37,16,21
121257,45,37,16,21
121257,59,3,2,1
121257,60,34,14,20
121275,1,370,272,98
121275,2,370,272,98
121275,3,369,271,98
121275,4,72,49,23
121275,5,297,222,75
121275,11,1,1,0
121275,20,297,222,75
121275,21,370,272,98
121275,22,370,272,98
121275,23,369,271,98
121275,24,72,49,23
121275,25,297,222,75
121275,31,1,1,0
121275,40,297,222,75
121309,1,3359,1185,2174
121309,2,2556,957,1599
121309,3,2543,954,1589
121309,4,647,226,421
121309,5,1896,728,1168
121309,11,13,3,10
121309,12,803,228,575
121309,19,144,73,71
121309,20,1752,655,1097
121309,21,2669,981,1688
121309,22,2483,924,1559
121309,23,2482,924,1558
121309,24,645,225,420
121309,25,1837,699,1138
121309,31,1,0,1
121309,32,186,57,129
121309,39,140,69,71
121309,40,1697,630,1067
121309,41,690,204,486
121309,42,73,33,40
121309,43,61,30,31
121309,44,2,1,1
121309,45,59,29,30
121309,51,12,3,9
121309,52,617,171,446
121309,59,4,4,0
121309,60,55,25,30
121345,1,1610,773,837
121345,2,1610,773,837
121345,3,1587,762,825
121345,4,397,188,209
121345,5,1190,574,616
121345,11,23,11,12
121345,19,13,7,6
121345,20,1177,567,610
121345,21,1596,766,830
121345,22,1596,766,830
121345,23,1583,761,822
121345,24,396,188,208
121345,25,1187,573,614
121345,31,13,5,8
121345,39,13,7,6
121345,40,1174,566,608
121345,41,14,7,7
121345,42,14,7,7
121345,43,4,1,3
121345,44,1,0,1
121345,45,3,1,2
121345,51,10,6,4
121345,60,3,1,2
121363,1,3810,1486,2324
121363,2,3810,1486,2324
121363,3,3339,1323,2016
121363,4,678,335,343
121363,5,2661,988,1673
121363,11,471,163,308
121363,19,184,76,108
121363,20,2477,912,1565
121363,21,1662,711,951
121363,22,1662,711,951
121363,23,1600,686,914
121363,24,433,207,226
121363,25,1167,479,688
121363,31,62,25,37
121363,39,66,37,29
121363,40,1101,442,659
121363,41,2148,775,1373
121363,42,2148,775,1373
121363,43,1739,637,1102
121363,44,245,128,117
121363,45,1494,509,985
121363,51,409,138,271
121363,59,118,39,79
121363,60,1376,470,906
121381,1,571,253,318
121381,2,571,253,318
121381,3,571,253,318
121381,4,51,19,32
121381,5,520,234,286
121381,20,520,234,286
121381,21,459,199,260
121381,22,459,199,260
121381,23,459,199,260
121381,24,49,17,32
121381,25,410,182,228
121381,40,410,182,228
121381,41,112,54,58
121381,42,112,54,58
121381,43,112,54,58
121381,44,2,2,0
121381,45,110,52,58
121381,60,110,52,58
121433,1,108,7,101
121433,2,108,7,101
121433,3,108,7,101
121433,4,15,0,15
121433,5,93,7,86
121433,20,93,7,86
121433,21,108,7,101
121433,22,108,7,101
121433,23,108,7,101
121433,24,15,0,15
121433,25,93,7,86
121433,40,93,7,86
121619,1,28598,18484,10114
121619,2,28598,18484,10114
121619,3,25559,16788,8771
121619,4,3936,2282,1654
121619,5,21623,14506,7117
121619,11,3039,1696,1343
121619,19,1968,1139,829
121619,20,19655,13367,6288
121619,21,3435,1814,1621
121619,22,3435,1814,1621
121619,23,3383,1790,1593
121619,24,1011,502,509
121619,25,2372,1288,1084
121619,31,52,24,28
121619,39,194,124,70
121619,40,2178,1164,1014
121619,41,25163,16670,8493
121619,42,25163,16670,8493
121619,43,22176,14998,7178
121619,44,2925,1780,1145
121619,45,19251,13218,6033
121619,51,2987,1672,1315
121619,59,1774,1015,759
121619,60,17477,12203,5274
121628,1,102,54,48
121628,12,102,54,48
121628,21,102,54,48
121628,32,102,54,48
121637,1,71,3,68
121637,2,71,3,68
121637,3,71,3,68
121637,4,15,0,15
121637,5,56,3,53
121637,20,56,3,53
121637,21,71,3,68
121637,22,71,3,68
121637,23,71,3,68
121637,24,15,0,15
121637,25,56,3,53
121637,40,56,3,53
121691,1,5147,2342,2805
121691,2,3607,1615,1992
121691,3,3462,1541,1921
121691,4,663,290,373
121691,5,2799,1251,1548
121691,11,145,74,71
121691,12,1540,727,813
121691,19,197,98,99
121691,20,2602,1153,1449
121691,21,3907,1730,2177
121691,22,2702,1162,1540
121691,23,2694,1159,1535
121691,24,662,290,372
121691,25,2032,869,1163
121691,31,8,3,5
121691,32,1205,568,637
121691,39,98,49,49
121691,40,1934,820,1114
121691,41,1240,612,628
121691,42,905,453,452
121691,43,768,382,386
121691,44,1,0,1
121691,45,767,382,385
121691,51,137,71,66
121691,52,335,159,176
121691,59,99,49,50
121691,60,668,333,335
121707,1,4938,2170,2768
121707,2,4938,2170,2768
121707,3,2585,1158,1427
121707,4,582,305,277
121707,5,2003,853,1150
121707,11,2353,1012,1341
121707,19,273,139,134
121707,20,1730,714,1016
121707,21,1901,931,970
121707,22,1901,931,970
121707,23,1112,540,572
121707,24,310,159,151
121707,25,802,381,421
121707,31,789,391,398
121707,39,137,86,51
121707,40,665,295,370
121707,41,3037,1239,1798
121707,42,3037,1239,1798
121707,43,1473,618,855
121707,44,272,146,126
121707,45,1201,472,729
121707,51,1564,621,943
121707,59,136,53,83
121707,60,1065,419,646
121859,1,228,9,219
121859,2,228,9,219
121859,3,228,9,219
121859,4,75,1,74
121859,5,153,8,145
121859,20,153,8,145
121859,21,156,7,149
121859,22,156,7,149
121859,23,156,7,149
121859,24,41,0,41
121859,25,115,7,108
121859,40,115,7,108
121859,41,72,2,70
121859,42,72,2,70
121859,43,72,2,70
121859,44,34,1,33
121859,45,38,1,37
121859,60,38,1,37
121868,1,129,3,126
121868,2,129,3,126
121868,3,129,3,126
121868,4,47,2,45
121868,5,82,1,81
121868,20,82,1,81
121868,21,128,3,125
121868,22,128,3,125
121868,23,128,3,125
121868,24,46,2,44
121868,25,82,1,81
121868,40,82,1,81
121868,41,1,0,1
121868,42,1,0,1
121868,43,1,0,1
121868,44,1,0,1
121886,1,16548,8911,7637
121886,2,16548,8911,7637
121886,3,14709,8047,6662
121886,4,2638,1536,1102
121886,5,12071,6511,5560
121886,11,1839,864,975
121886,19,1181,722,459
121886,20,10890,5789,5101
121886,21,4389,2227,2162
121886,22,4389,2227,2162
121886,23,4284,2169,2115
121886,24,966,503,463
121886,25,3318,1666,1652
121886,31,105,58,47
121886,39,233,124,109
121886,40,3085,1542,1543
121886,41,12159,6684,5475
121886,42,12159,6684,5475
121886,43,10425,5878,4547
121886,44,1672,1033,639
121886,45,8753,4845,3908
121886,51,1734,806,928
121886,59,948,598,350
121886,60,7805,4247,3558
121901,1,18165,8017,10148
121901,2,18165,8017,10148
121901,3,16243,7160,9083
121901,4,3265,1543,1722
121901,5,12978,5617,7361
121901,11,1922,857,1065
121901,19,1424,590,834
121901,20,11554,5027,6527
121901,21,4863,2267,2596
121901,22,4863,2267,2596
121901,23,4748,2213,2535
121901,24,1415,671,744
121901,25,3333,1542,1791
121901,31,115,54,61
121901,39,269,123,146
121901,40,3064,1419,1645
121901,41,13302,5750,7552
121901,42,13302,5750,7552
121901,43,11495,4947,6548
121901,44,1850,872,978
121901,45,9645,4075,5570
121901,51,1807,803,1004
121901,59,1155,467,688
121901,60,8490,3608,4882
121983,1,559,152,407
121983,2,171,48,123
121983,3,168,47,121
121983,4,7,4,3
121983,5,161,43,118
121983,11,3,1,2
121983,12,388,104,284
121983,19,34,12,22
121983,20,127,31,96
121983,21,114,31,83
121983,22,27,8,19
121983,23,25,8,17
121983,25,25,8,17
121983,31,2,0,2
121983,32,87,23,64
121983,39,7,3,4
121983,40,18,5,13
121983,41,445,121,324
121983,42,144,40,104
121983,43,143,39,104
121983,44,7,4,3
121983,45,136,35,101
121983,51,1,1,0
121983,52,301,81,220
121983,59,27,9,18
121983,60,109,26,83
121992,1,210,42,168
121992,2,210,42,168
121992,3,210,42,168
121992,4,203,41,162
121992,5,7,1,6
121992,20,7,1,6
121992,21,175,35,140
121992,22,175,35,140
121992,23,175,35,140
121992,24,171,34,137
121992,25,4,1,3
121992,40,4,1,3
121992,41,35,7,28
121992,42,35,7,28
121992,43,35,7,28
121992,44,32,7,25
121992,45,3,0,3
121992,60,3,0,3
122117,1,179,72,107
122117,2,9,2,7
122117,3,9,2,7
122117,5,9,2,7
122117,12,170,70,100
122117,20,9,2,7
122117,21,123,44,79
122117,22,8,2,6
122117,23,8,2,6
122117,25,8,2,6
122117,32,115,42,73
122117,40,8,2,6
122117,41,56,28,28
122117,42,1,0,1
122117,43,1,0,1
122117,45,1,0,1
122117,52,55,28,27
122117,60,1,0,1
122180,1,23509,10309,13200
122180,2,23509,10309,13200
122180,3,21765,9604,12161
122180,4,4645,2031,2614
122180,5,17120,7573,9547
122180,11,1744,705,1039
122180,19,2422,1060,1362
122180,20,14698,6513,8185
122180,21,6144,2911,3233
122180,22,6144,2911,3233
122180,23,5969,2843,3126
122180,24,1271,625,646
122180,25,4698,2218,2480
122180,31,175,68,107
122180,39,448,219,229
122180,40,4250,1999,2251
122180,41,17365,7398,9967
122180,42,17365,7398,9967
122180,43,15796,6761,9035
122180,44,3374,1406,1968
122180,45,12422,5355,7067
122180,51,1569,637,932
122180,59,1974,841,1133
122180,60,10448,4514,5934
122205,1,20871,9593,11278
122205,2,20871,9593,11278
122205,3,19229,8817,10412
122205,4,3394,1752,1642
122205,5,15835,7065,8770
122205,11,1642,776,866
122205,19,1704,712,992
122205,20,14131,6353,7778
122205,21,6334,3308,3026
122205,22,6334,3308,3026
122205,23,6239,3252,2987
122205,24,1596,842,754
122205,25,4643,2410,2233
122205,31,95,56,39
122205,39,384,195,189
122205,40,4259,2215,2044
122205,41,14537,6285,8252
122205,42,14537,6285,8252
122205,43,12990,5565,7425
122205,44,1798,910,888
122205,45,11192,4655,6537
122205,51,1547,720,827
122205,59,1320,517,803
122205,60,9872,4138,5734
122250,1,92,92,0
122250,2,3,3,0
122250,3,3,3,0
122250,5,3,3,0
122250,12,89,89,0
122250,20,3,3,0
122250,21,92,92,0
122250,22,3,3,0
122250,23,3,3,0
122250,25,3,3,0
122250,32,89,89,0
122250,40,3,3,0
122296,1,1542,385,1157
122296,2,589,91,498
122296,3,506,75,431
122296,5,506,75,431
122296,11,83,16,67
122296,12,953,294,659
122296,19,110,16,94
122296,20,396,59,337
122296,21,1172,301,871
122296,22,494,74,420
122296,23,492,73,419
122296,25,492,73,419
122296,31,2,1,1
122296,32,678,227,451
122296,39,110,16,94
122296,40,382,57,325
122296,41,370,84,286
122296,42,95,17,78
122296,43,14,2,12
122296,45,14,2,12
122296,51,81,15,66
122296,52,275,67,208
122296,60,14,2,12
122339,1,16310,7722,8588
122339,2,16310,7722,8588
122339,3,14054,6711,7343
122339,4,2220,1115,1105
122339,5,11834,5596,6238
122339,11,2256,1011,1245
122339,19,2310,1149,1161
122339,20,9524,4447,5077
122339,21,3828,1714,2114
122339,22,3828,1714,2114
122339,23,3676,1651,2025
122339,24,866,405,461
122339,25,2810,1246,1564
122339,31,152,63,89
122339,39,332,178,154
122339,40,2478,1068,1410
122339,41,12482,6008,6474
122339,42,12482,6008,6474
122339,43,10378,5060,5318
122339,44,1354,710,644
122339,45,9024,4350,4674
122339,51,2104,948,1156
122339,59,1978,971,1007
122339,60,7046,3379,3667
122366,1,230,224,6
122366,2,230,224,6
122366,3,230,224,6
122366,4,80,78,2
122366,5,150,146,4
122366,20,150,146,4
122366,21,215,210,5
122366,22,215,210,5
122366,23,215,210,5
122366,24,76,75,1
122366,25,139,135,4
122366,40,139,135,4
122366,41,15,14,1
122366,42,15,14,1
122366,43,15,14,1
122366,44,4,3,1
122366,45,11,11,0
122366,60,11,11,0
122375,1,24251,11692,12559
122375,2,24251,11692,12559
122375,3,21314,10265,11049
122375,4,3690,1897,1793
122375,5,17624,8368,9256
122375,11,2937,1427,1510
122375,19,3259,1512,1747
122375,20,14365,6856,7509
122375,21,6409,3396,3013
122375,22,6409,3396,3013
122375,23,6279,3322,2957
122375,24,1412,730,682
122375,25,4867,2592,2275
122375,31,130,74,56
122375,39,661,353,308
122375,40,4206,2239,1967
122375,41,17842,8296,9546
122375,42,17842,8296,9546
122375,43,15035,6943,8092
122375,44,2278,1167,1111
122375,45,12757,5776,6981
122375,51,2807,1353,1454
122375,59,2598,1159,1439
122375,60,10159,4617,5542
122384,1,11891,6587,5304
122384,2,11891,6587,5304
122384,3,10709,5999,4710
122384,4,1687,941,746
122384,5,9022,5058,3964
122384,11,1182,588,594
122384,19,1950,993,957
122384,20,7072,4065,3007
122384,21,2271,1359,912
122384,22,2271,1359,912
122384,23,2195,1324,871
122384,24,600,346,254
122384,25,1595,978,617
122384,31,76,35,41
122384,39,279,189,90
122384,40,1316,789,527
122384,41,9620,5228,4392
122384,42,9620,5228,4392
122384,43,8514,4675,3839
122384,44,1087,595,492
122384,45,7427,4080,3347
122384,51,1106,553,553
122384,59,1671,804,867
122384,60,5756,3276,2480
122409,1,31899,14160,17739
122409,2,27099,12246,14853
122409,3,26625,12011,14614
122409,4,4671,2055,2616
122409,5,21954,9956,11998
122409,11,474,235,239
122409,12,4800,1914,2886
122409,19,3431,1638,1793
122409,20,18523,8318,10205
122409,21,26859,11818,15041
122409,22,24037,10764,13273
122409,23,23839,10681,13158
122409,24,4432,1937,2495
122409,25,19407,8744,10663
122409,31,198,83,115
122409,32,2822,1054,1768
122409,39,2998,1452,1546
122409,40,16409,7292,9117
122409,41,5040,2342,2698
122409,42,3062,1482,1580
122409,43,2786,1330,1456
122409,44,239,118,121
122409,45,2547,1212,1335
122409,51,276,152,124
122409,52,1978,860,1118
122409,59,433,186,247
122409,60,2114,1026,1088
122436,1,8321,3575,4746
122436,2,5665,2548,3117
122436,3,5573,2501,3072
122436,4,1238,493,745
122436,5,4335,2008,2327
122436,11,92,47,45
122436,12,2656,1027,1629
122436,19,319,166,153
122436,20,4016,1842,2174
122436,21,7066,3063,4003
122436,22,5486,2459,3027
122436,23,5430,2428,3002
122436,24,1238,493,745
122436,25,4192,1935,2257
122436,31,56,31,25
122436,32,1580,604,976
122436,39,306,158,148
122436,40,3886,1777,2109
122436,41,1255,512,743
122436,42,179,89,90
122436,43,143,73,70
122436,45,143,73,70
122436,51,36,16,20
122436,52,1076,423,653
122436,59,13,8,5
122436,60,130,65,65
122454,1,680,284,396
122454,2,478,206,272
122454,3,468,203,265
122454,4,72,27,45
122454,5,396,176,220
122454,11,10,3,7
122454,12,202,78,124
122454,19,88,41,47
122454,20,308,135,173
122454,21,622,268,354
122454,22,444,195,249
122454,23,440,194,246
122454,24,72,27,45
122454,25,368,167,201
122454,31,4,1,3
122454,32,178,73,105
122454,39,83,39,44
122454,40,285,128,157
122454,41,58,16,42
122454,42,34,11,23
122454,43,28,9,19
122454,45,28,9,19
122454,51,6,2,4
122454,52,24,5,19
122454,59,5,2,3
122454,60,23,7,16
122506,1,399,185,214
122506,2,174,88,86
122506,3,172,87,85
122506,4,33,15,18
122506,5,139,72,67
122506,11,2,1,1
122506,12,225,97,128
122506,19,15,7,8
122506,20,124,65,59
122506,21,396,183,213
122506,22,171,86,85
122506,23,171,86,85
122506,24,33,15,18
122506,25,138,71,67
122506,32,225,97,128
122506,39,15,7,8
122506,40,123,64,59
122506,41,3,2,1
122506,42,3,2,1
122506,43,1,1,0
122506,45,1,1,0
122506,51,2,1,1
122506,60,1,1,0
122597,1,29905,12709,17196
122597,2,26156,11350,14806
122597,3,25271,11012,14259
122597,4,3612,1384,2228
122597,5,21659,9628,12031
122597,11,885,338,547
122597,12,3749,1359,2390
122597,19,3766,1775,1991
122597,20,17893,7853,10040
122597,21,24422,10200,14222
122597,22,22111,9399,12712
122597,23,21836,9300,12536
122597,24,3550,1343,2207
122597,25,18286,7957,10329
122597,31,275,99,176
122597,32,2311,801,1510
122597,39,3112,1455,1657
122597,40,15174,6502,8672
122597,41,5483,2509,2974
122597,42,4045,1951,2094
122597,43,3435,1712,1723
122597,44,62,41,21
122597,45,3373,1671,1702
122597,51,610,239,371
122597,52,1438,558,880
122597,59,654,320,334
122597,60,2719,1351,1368
122603,1,167,94,73
122603,12,167,94,73
122603,21,69,39,30
122603,32,69,39,30
122603,41,98,55,43
122603,52,98,55,43
122612,1,10112,3752,6360
122612,2,6392,2434,3958
122612,3,6308,2394,3914
122612,4,1148,415,733
122612,5,5160,1979,3181
122612,11,84,40,44
122612,12,3720,1318,2402
122612,19,517,222,295
122612,20,4643,1757,2886
122612,21,9255,3443,5812
122612,22,6111,2306,3805
122612,23,6074,2299,3775
122612,24,1146,413,733
122612,25,4928,1886,3042
122612,31,37,7,30
122612,32,3144,1137,2007
122612,39,491,213,278
122612,40,4437,1673,2764
122612,41,857,309,548
122612,42,281,128,153
122612,43,234,95,139
122612,44,2,2,0
122612,45,232,93,139
122612,51,47,33,14
122612,52,576,181,395
122612,59,26,9,17
122612,60,206,84,122
122649,1,194,103,91
122649,12,194,103,91
122649,21,44,22,22
122649,32,44,22,22
122649,41,150,81,69
122649,52,150,81,69
122658,1,17629,7543,10086
122658,2,17629,7543,10086
122658,3,15393,6617,8776
122658,4,2899,1416,1483
122658,5,12494,5201,7293
122658,11,2236,926,1310
122658,19,783,311,472
122658,20,11711,4890,6821
122658,21,7062,3215,3847
122658,22,7062,3215,3847
122658,23,6791,3102,3689
122658,24,1683,816,867
122658,25,5108,2286,2822
122658,31,271,113,158
122658,39,284,119,165
122658,40,4824,2167,2657
122658,41,10567,4328,6239
122658,42,10567,4328,6239
122658,43,8602,3515,5087
122658,44,1216,600,616
122658,45,7386,2915,4471
122658,51,1965,813,1152
122658,59,499,192,307
122658,60,6887,2723,4164
122685,1,1616,361,1255
122685,2,1616,361,1255
122685,3,1616,361,1255
122685,4,148,34,114
122685,5,1468,327,1141
122685,19,170,48,122
122685,20,1298,279,1019
122685,21,1616,361,1255
122685,22,1616,361,1255
122685,23,1616,361,1255
122685,24,148,34,114
122685,25,1468,327,1141
122685,39,170,48,122
122685,40,1298,279,1019
122694,1,642,180,462
122694,2,642,180,462
122694,3,642,180,462
122694,4,62,19,43
122694,5,580,161,419
122694,19,54,13,41
122694,20,526,148,378
122694,21,642,180,462
122694,22,642,180,462
122694,23,642,180,462
122694,24,62,19,43
122694,25,580,161,419
122694,39,54,13,41
122694,40,526,148,378
122728,1,1095,426,669
122728,2,1047,420,627
122728,3,1029,410,619
122728,4,165,59,106
122728,5,864,351,513
122728,11,18,10,8
122728,12,48,6,42
122728,19,188,77,111
122728,20,676,274,402
122728,21,859,323,536
122728,22,837,321,516
122728,23,837,321,516
122728,24,160,58,102
122728,25,677,263,414
122728,32,22,2,20
122728,39,154,61,93
122728,40,523,202,321
122728,41,236,103,133
122728,42,210,99,111
122728,43,192,89,103
122728,44,5,1,4
122728,45,187,88,99
122728,51,18,10,8
122728,52,26,4,22
122728,59,34,16,18
122728,60,153,72,81
122746,1,9446,4244,5202
122746,2,9446,4244,5202
122746,3,7960,3602,4358
122746,4,1078,499,579
122746,5,6882,3103,3779
122746,11,1486,642,844
122746,19,1229,572,657
122746,20,5653,2531,3122
122746,21,2432,1145,1287
122746,22,2432,1145,1287
122746,23,2284,1076,1208
122746,24,521,253,268
122746,25,1763,823,940
122746,31,148,69,79
122746,39,254,114,140
122746,40,1509,709,800
122746,41,7014,3099,3915
122746,42,7014,3099,3915
122746,43,5676,2526,3150
122746,44,557,246,311
122746,45,5119,2280,2839
122746,51,1338,573,765
122746,59,975,458,517
122746,60,4144,1822,2322
122755,1,31278,15413,15865
122755,2,25862,13208,12654
122755,3,25723,13154,12569
122755,4,3736,1991,1745
122755,5,21987,11163,10824
122755,11,139,54,85
122755,12,5416,2205,3211
122755,19,3766,1876,1890
122755,20,18221,9287,8934
122755,21,24196,11971,12225
122755,22,20852,10628,10224
122755,23,20772,10601,10171
122755,24,3644,1943,1701
122755,25,17128,8658,8470
122755,31,80,27,53
122755,32,3344,1343,2001
122755,39,2569,1279,1290
122755,40,14559,7379,7180
122755,41,7082,3442,3640
122755,42,5010,2580,2430
122755,43,4951,2553,2398
122755,44,92,48,44
122755,45,4859,2505,2354
122755,51,59,27,32
122755,52,2072,862,1210
122755,59,1197,597,600
122755,60,3662,1908,1754
122791,1,9377,4818,4559
122791,2,9377,4818,4559
122791,3,8378,4350,4028
122791,4,1650,891,759
122791,5,6728,3459,3269
122791,11,999,468,531
122791,19,1128,579,549
122791,20,5600,2880,2720
122791,21,2521,1363,1158
122791,22,2521,1363,1158
122791,23,2479,1343,1136
122791,24,838,451,387
122791,25,1641,892,749
122791,31,42,20,22
122791,39,185,110,75
122791,40,1456,782,674
122791,41,6856,3455,3401
122791,42,6856,3455,3401
122791,43,5899,3007,2892
122791,44,812,440,372
122791,45,5087,2567,2520
122791,51,957,448,509
122791,59,943,469,474
122791,60,4144,2098,2046
122834,1,543,173,370
122834,2,543,173,370
122834,3,543,173,370
122834,4,63,17,46
122834,5,480,156,324
122834,19,220,59,161
122834,20,260,97,163
122834,21,543,173,370
122834,22,543,173,370
122834,23,543,173,370
122834,24,63,17,46
122834,25,480,156,324
122834,39,220,59,161
122834,40,260,97,163
122843,1,672,336,336
122843,2,661,333,328
122843,3,661,333,328
122843,4,60,25,35
122843,5,601,308,293
122843,12,11,3,8
122843,19,1,1,0
122843,20,600,307,293
122843,21,496,239,257
122843,22,494,239,255
122843,23,494,239,255
122843,24,59,25,34
122843,25,435,214,221
122843,32,2,0,2
122843,39,1,1,0
122843,40,434,213,221
122843,41,176,97,79
122843,42,167,94,73
122843,43,167,94,73
122843,44,1,0,1
122843,45,166,94,72
122843,52,9,3,6
122843,60,166,94,72
122852,1,188,28,160
122852,2,188,28,160
122852,3,188,28,160
122852,4,19,4,15
122852,5,169,24,145
122852,19,95,11,84
122852,20,74,13,61
122852,21,188,28,160
122852,22,188,28,160
122852,23,188,28,160
122852,24,19,4,15
122852,25,169,24,145
122852,39,95,11,84
122852,40,74,13,61
122889,1,19331,8964,10367
122889,2,19331,8964,10367
122889,3,16042,7382,8660
122889,4,3460,1628,1832
122889,5,12582,5754,6828
122889,11,3289,1582,1707
122889,19,1315,564,751
122889,20,11267,5190,6077
122889,21,8516,4293,4223
122889,22,8516,4293,4223
122889,23,8242,4131,4111
122889,24,2366,1136,1230
122889,25,5876,2995,2881
122889,31,274,162,112
122889,39,500,279,221
122889,40,5376,2716,2660
122889,41,10815,4671,6144
122889,42,10815,4671,6144
122889,43,7800,3251,4549
122889,44,1094,492,602
122889,45,6706,2759,3947
122889,51,3015,1420,1595
122889,59,815,285,530
122889,60,5891,2474,3417
122931,1,8770,4479,4291
122931,2,5435,2724,2711
122931,3,5404,2711,2693
122931,4,1291,632,659
122931,5,4113,2079,2034
122931,11,31,13,18
122931,12,3335,1755,1580
122931,19,146,53,93
122931,20,3967,2026,1941
122931,21,7225,3624,3601
122931,22,5338,2673,2665
122931,23,5314,2666,2648
122931,24,1291,632,659
122931,25,4023,2034,1989
122931,31,24,7,17
122931,32,1887,951,936
122931,39,144,53,91
122931,40,3879,1981,1898
122931,41,1545,855,690
122931,42,97,51,46
122931,43,90,45,45
122931,45,90,45,45
122931,51,7,6,1
122931,52,1448,804,644
122931,59,2,0,2
122931,60,88,45,43
122977,1,29999,14306,15693
122977,2,29999,14306,15693
122977,3,27747,13164,14583
122977,4,6128,3043,3085
122977,5,21619,10121,11498
122977,11,2252,1142,1110
122977,19,1881,853,1028
122977,20,19738,9268,10470
122977,21,10720,5414,5306
122977,22,10720,5414,5306
122977,23,10548,5313,5235
122977,24,3102,1558,1544
122977,25,7446,3755,3691
122977,31,172,101,71
122977,39,444,231,213
122977,40,7002,3524,3478
122977,41,19279,8892,10387
122977,42,19279,8892,10387
122977,43,17199,7851,9348
122977,44,3026,1485,1541
122977,45,14173,6366,7807
122977,51,2080,1041,1039
122977,59,1437,622,815
122977,60,12736,5744,6992
123013,1,22094,10069,12025
123013,2,22094,10069,12025
123013,3,19533,8924,10609
123013,4,2866,1460,1406
123013,5,16667,7464,9203
123013,11,2561,1145,1416
123013,19,1074,552,522
123013,20,15593,6912,8681
123013,21,6712,3239,3473
123013,22,6712,3239,3473
123013,23,6572,3179,3393
123013,24,1395,685,710
123013,25,5177,2494,2683
123013,31,140,60,80
123013,39,297,166,131
123013,40,4880,2328,2552
123013,41,15382,6830,8552
123013,42,15382,6830,8552
123013,43,12961,5745,7216
123013,44,1471,775,696
123013,45,11490,4970,6520
123013,51,2421,1085,1336
123013,59,777,386,391
123013,60,10713,4584,6129
123095,1,589,149,440
123095,12,589,149,440
123095,21,589,149,440
123095,32,589,149,440
123165,1,1009,11,998
123165,2,990,3,987
123165,3,980,0,980
123165,4,272,0,272
123165,5,708,0,708
123165,11,10,3,7
123165,12,19,8,11
123165,19,4,0,4
123165,20,704,0,704
123165,21,996,8,988
123165,22,979,0,979
123165,23,975,0,975
123165,24,272,0,272
123165,25,703,0,703
123165,31,4,0,4
123165,32,17,8,9
123165,39,4,0,4
123165,40,699,0,699
123165,41,13,3,10
123165,42,11,3,8
123165,43,5,0,5
123165,45,5,0,5
123165,51,6,3,3
123165,52,2,0,2
123165,60,5,0,5
123208,1,1199,1154,45
123208,2,1199,1154,45
123208,3,1199,1154,45
123208,4,133,130,3
123208,5,1066,1024,42
123208,19,86,86,0
123208,20,980,938,42
123208,21,1199,1154,45
123208,22,1199,1154,45
123208,23,1199,1154,45
123208,24,133,130,3
123208,25,1066,1024,42
123208,39,86,86,0
123208,40,980,938,42
123217,1,10720,4781,5939
123217,2,10720,4781,5939
123217,3,9747,4343,5404
123217,4,2124,1037,1087
123217,5,7623,3306,4317
123217,11,973,438,535
123217,19,527,282,245
123217,20,7096,3024,4072
123217,21,4928,2297,2631
123217,22,4928,2297,2631
123217,23,4807,2232,2575
123217,24,1371,658,713
123217,25,3436,1574,1862
123217,31,121,65,56
123217,39,201,118,83
123217,40,3235,1456,1779
123217,41,5792,2484,3308
123217,42,5792,2484,3308
123217,43,4940,2111,2829
123217,44,753,379,374
123217,45,4187,1732,2455
123217,51,852,373,479
123217,59,326,164,162
123217,60,3861,1568,2293
123280,1,53,35,18
123280,2,46,30,16
123280,3,45,29,16
123280,4,14,9,5
123280,5,31,20,11
123280,11,1,1,0
123280,12,7,5,2
123280,20,31,20,11
123280,21,32,22,10
123280,22,30,21,9
123280,23,30,21,9
123280,24,10,6,4
123280,25,20,15,5
123280,32,2,1,1
123280,40,20,15,5
123280,41,21,13,8
123280,42,16,9,7
123280,43,15,8,7
123280,44,4,3,1
123280,45,11,5,6
123280,51,1,1,0
123280,52,5,4,1
123280,60,11,5,6
123299,1,8479,3577,4902
123299,2,8479,3577,4902
123299,3,7358,3089,4269
123299,4,1454,737,717
123299,5,5904,2352,3552
123299,11,1121,488,633
123299,19,392,182,210
123299,20,5512,2170,3342
123299,21,3817,1700,2117
123299,22,3817,1700,2117
123299,23,3666,1626,2040
123299,24,867,439,428
123299,25,2799,1187,1612
123299,31,151,74,77
123299,39,170,90,80
123299,40,2629,1097,1532
123299,41,4662,1877,2785
123299,42,4662,1877,2785
123299,43,3692,1463,2229
123299,44,587,298,289
123299,45,3105,1165,1940
123299,51,970,414,556
123299,59,222,92,130
123299,60,2883,1073,1810
123341,1,18374,8482,9892
123341,2,18374,8482,9892
123341,3,17195,7935,9260
123341,4,3497,1783,1714
123341,5,13698,6152,7546
123341,11,1179,547,632
123341,19,1274,611,663
123341,20,12424,5541,6883
123341,21,6951,3300,3651
123341,22,6951,3300,3651
123341,23,6761,3218,3543
123341,24,1764,897,867
123341,25,4997,2321,2676
123341,31,190,82,108
123341,39,412,212,200
123341,40,4585,2109,2476
123341,41,11423,5182,6241
123341,42,11423,5182,6241
123341,43,10434,4717,5717
123341,44,1733,886,847
123341,45,8701,3831,4870
123341,51,989,465,524
123341,59,862,399,463
123341,60,7839,3432,4407
123350,1,181,17,164
123350,2,181,17,164
123350,3,181,17,164
123350,4,34,15,19
123350,5,147,2,145
123350,20,147,2,145
123350,21,152,15,137
123350,22,152,15,137
123350,23,152,15,137
123350,24,34,15,19
123350,25,118,0,118
123350,40,118,0,118
123350,41,29,2,27
123350,42,29,2,27
123350,43,29,2,27
123350,45,29,2,27
123350,60,29,2,27
123396,1,137,9,128
123396,2,137,9,128
123396,3,137,9,128
123396,4,9,1,8
123396,5,128,8,120
123396,20,128,8,120
123396,21,137,9,128
123396,22,137,9,128
123396,23,137,9,128
123396,24,9,1,8
123396,25,128,8,120
123396,40,128,8,120
123448,1,216,104,112
123448,12,216,104,112
123448,21,142,69,73
123448,32,142,69,73
123448,41,74,35,39
123448,52,74,35,39
123457,1,1255,427,828
123457,2,1024,344,680
123457,3,1024,344,680
123457,4,149,43,106
123457,5,875,301,574
123457,12,231,83,148
123457,19,181,67,114
123457,20,694,234,460
123457,21,1088,358,730
123457,22,993,331,662
123457,23,993,331,662
123457,24,149,43,106
123457,25,844,288,556
123457,32,95,27,68
123457,39,166,63,103
123457,40,678,225,453
123457,41,167,69,98
123457,42,31,13,18
123457,43,31,13,18
123457,45,31,13,18
123457,52,136,56,80
123457,59,15,4,11
123457,60,16,9,7
123484,1,2533,1311,1222
123484,2,2533,1311,1222
123484,3,2168,1153,1015
123484,4,510,361,149
123484,5,1658,792,866
123484,11,365,158,207
123484,19,308,208,100
123484,20,1350,584,766
123484,21,1002,566,436
123484,22,1002,566,436
123484,23,971,546,425
123484,24,244,167,77
123484,25,727,379,348
123484,31,31,20,11
123484,39,111,78,33
123484,40,616,301,315
123484,41,1531,745,786
123484,42,1531,745,786
123484,43,1197,607,590
123484,44,266,194,72
123484,45,931,413,518
123484,51,334,138,196
123484,59,197,130,67
123484,60,734,283,451
123493,1,1032,609,423
123493,2,1032,609,423
123493,3,1032,609,423
123493,4,749,433,316
123493,5,283,176,107
123493,20,283,176,107
123493,21,869,505,364
123493,22,869,505,364
123493,23,869,505,364
123493,24,663,375,288
123493,25,206,130,76
123493,40,206,130,76
123493,41,163,104,59
123493,42,163,104,59
123493,43,163,104,59
123493,44,86,58,28
123493,45,77,46,31
123493,60,77,46,31
123509,1,10067,4786,5281
123509,2,10067,4786,5281
123509,3,8859,4223,4636
123509,4,1321,722,599
123509,5,7538,3501,4037
123509,11,1208,563,645
123509,19,1239,561,678
123509,20,6299,2940,3359
123509,21,2598,1365,1233
123509,22,2598,1365,1233
123509,23,2533,1324,1209
123509,24,598,339,259
123509,25,1935,985,950
123509,31,65,41,24
123509,39,206,107,99
123509,40,1729,878,851
123509,41,7469,3421,4048
123509,42,7469,3421,4048
123509,43,6326,2899,3427
123509,44,723,383,340
123509,45,5603,2516,3087
123509,51,1143,522,621
123509,59,1033,454,579
123509,60,4570,2062,2508
123527,1,12329,5496,6833
123527,2,12329,5496,6833
123527,3,11057,4924,6133
123527,4,1981,959,1022
123527,5,9076,3965,5111
123527,11,1272,572,700
123527,19,893,420,473
123527,20,8183,3545,4638
123527,21,4413,2049,2364
123527,22,4413,2049,2364
123527,23,4325,2013,2312
123527,24,804,376,428
123527,25,3521,1637,1884
123527,31,88,36,52
123527,39,260,125,135
123527,40,3261,1512,1749
123527,41,7916,3447,4469
123527,42,7916,3447,4469
123527,43,6732,2911,3821
123527,44,1177,583,594
123527,45,5555,2328,3227
123527,51,1184,536,648
123527,59,633,295,338
123527,60,4922,2033,2889
123554,1,4257,1667,2590
123554,2,3055,1256,1799
123554,3,3039,1249,1790
123554,4,622,255,367
123554,5,2417,994,1423
123554,11,16,7,9
123554,12,1202,411,791
123554,19,171,78,93
123554,20,2246,916,1330
123554,21,3490,1426,2064
123554,22,2823,1156,1667
123554,23,2819,1154,1665
123554,24,622,255,367
123554,25,2197,899,1298
123554,31,4,2,2
123554,32,667,270,397
123554,39,170,78,92
123554,40,2027,821,1206
123554,41,767,241,526
123554,42,232,100,132
123554,43,220,95,125
123554,45,220,95,125
123554,51,12,5,7
123554,52,535,141,394
123554,59,1,0,1
123554,60,219,95,124
123563,1,9583,3950,5633
123563,2,9583,3950,5633
123563,3,8341,3399,4942
123563,4,1410,668,742
123563,5,6931,2731,4200
123563,11,1242,551,691
123563,19,668,245,423
123563,20,6263,2486,3777
123563,21,3249,1425,1824
123563,22,3249,1425,1824
123563,23,3154,1382,1772
123563,24,785,366,419
123563,25,2369,1016,1353
123563,31,95,43,52
123563,39,208,82,126
123563,40,2161,934,1227
123563,41,6334,2525,3809
123563,42,6334,2525,3809
123563,43,5187,2017,3170
123563,44,625,302,323
123563,45,4562,1715,2847
123563,51,1147,508,639
123563,59,460,163,297
123563,60,4102,1552,2550
123572,1,9120,3458,5662
123572,2,8391,3254,5137
123572,3,8321,3227,5094
123572,4,1807,603,1204
123572,5,6514,2624,3890
123572,11,70,27,43
123572,12,729,204,525
123572,19,852,342,510
123572,20,5662,2282,3380
123572,21,8052,3039,5013
123572,22,7679,2940,4739
123572,23,7658,2932,4726
123572,24,1767,587,1180
123572,25,5891,2345,3546
123572,31,21,8,13
123572,32,373,99,274
123572,39,704,273,431
123572,40,5187,2072,3115
123572,41,1068,419,649
123572,42,712,314,398
123572,43,663,295,368
123572,44,40,16,24
123572,45,623,279,344
123572,51,49,19,30
123572,52,356,105,251
123572,59,148,69,79
123572,60,475,210,265
123581,1,147,130,17
123581,2,147,130,17
123581,3,147,130,17
123581,4,36,34,2
123581,5,111,96,15
123581,20,111,96,15
123581,21,147,130,17
123581,22,147,130,17
123581,23,147,130,17
123581,24,36,34,2
123581,25,111,96,15
123581,40,111,96,15
123633,1,647,260,387
123633,2,125,38,87
123633,3,125,38,87
123633,5,125,38,87
123633,12,522,222,300
123633,19,24,7,17
123633,20,101,31,70
123633,21,647,260,387
123633,22,125,38,87
123633,23,125,38,87
123633,25,125,38,87
123633,32,522,222,300
123633,39,24,7,17
123633,40,101,31,70
123642,1,374,37,337
123642,2,374,37,337
123642,3,374,37,337
123642,4,41,8,33
123642,5,333,29,304
123642,19,74,7,67
123642,20,259,22,237
123642,21,243,23,220
123642,22,243,23,220
123642,23,243,23,220
123642,24,30,5,25
123642,25,213,18,195
123642,39,49,6,43
123642,40,164,12,152
123642,41,131,14,117
123642,42,131,14,117
123642,43,131,14,117
123642,44,11,3,8
123642,45,120,11,109
123642,59,25,1,24
123642,60,95,10,85
123651,1,2415,762,1653
123651,2,2135,687,1448
123651,3,2057,680,1377
123651,4,401,121,280
123651,5,1656,559,1097
123651,11,78,7,71
123651,12,280,75,205
123651,19,252,84,168
123651,20,1404,475,929
123651,21,1678,554,1124
123651,22,1576,533,1043
123651,23,1576,533,1043
123651,24,390,117,273
123651,25,1186,416,770
123651,32,102,21,81
123651,39,115,49,66
123651,40,1071,367,704
123651,41,737,208,529
123651,42,559,154,405
123651,43,481,147,334
123651,44,11,4,7
123651,45,470,143,327
123651,51,78,7,71
123651,52,178,54,124
123651,59,137,35,102
123651,60,333,108,225
123679,1,898,246,652
123679,2,898,246,652
123679,3,898,246,652
123679,4,217,54,163
123679,5,681,192,489
123679,20,681,192,489
123679,21,898,246,652
123679,22,898,246,652
123679,23,898,246,652
123679,24,217,54,163
123679,25,681,192,489
123679,40,681,192,489
123800,1,19591,9232,10359
123800,2,19591,9232,10359
123800,3,17611,8334,9277
123800,4,3161,1624,1537
123800,5,14450,6710,7740
123800,11,1980,898,1082
123800,19,1203,537,666
123800,20,13247,6173,7074
123800,21,7672,3659,4013
123800,22,7672,3659,4013
123800,23,7301,3499,3802
123800,24,1743,890,853
123800,25,5558,2609,2949
123800,31,371,160,211
123800,39,349,167,182
123800,40,5209,2442,2767
123800,41,11919,5573,6346
123800,42,11919,5573,6346
123800,43,10310,4835,5475
123800,44,1418,734,684
123800,45,8892,4101,4791
123800,51,1609,738,871
123800,59,854,370,484
123800,60,8038,3731,4307
123855,1,108,101,7
123855,12,108,101,7
123855,21,97,94,3
123855,32,97,94,3
123855,41,11,7,4
123855,52,11,7,4
123916,1,90,24,66
123916,12,90,24,66
123916,21,34,9,25
123916,32,34,9,25
123916,41,56,15,41
123916,52,56,15,41
123943,1,397,111,286
123943,12,397,111,286
123943,21,397,111,286
123943,32,397,111,286
123952,1,493,309,184
123952,2,237,155,82
123952,3,237,155,82
123952,4,32,21,11
123952,5,205,134,71
123952,12,256,154,102
123952,20,205,134,71
123952,21,478,299,179
123952,22,227,149,78
123952,23,227,149,78
123952,24,32,21,11
123952,25,195,128,67
123952,32,251,150,101
123952,40,195,128,67
123952,41,15,10,5
123952,42,10,6,4
123952,43,10,6,4
123952,45,10,6,4
123952,52,5,4,1
123952,60,10,6,4
123961,1,41368,19897,21471
123961,2,18445,9157,9288
123961,3,18087,8950,9137
123961,4,2922,1420,1502
123961,5,15165,7530,7635
123961,11,358,207,151
123961,12,22923,10740,12183
123961,19,1448,756,692
123961,20,13717,6774,6943
123961,21,35895,17013,18882
123961,22,17729,8743,8986
123961,23,17578,8664,8914
123961,24,2920,1418,1502
123961,25,14658,7246,7412
123961,31,151,79,72
123961,32,18166,8270,9896
123961,39,1438,749,689
123961,40,13220,6497,6723
123961,41,5473,2884,2589
123961,42,716,414,302
123961,43,509,286,223
123961,44,2,2,0
123961,45,507,284,223
123961,51,207,128,79
123961,52,4757,2470,2287
123961,59,10,7,3
123961,60,497,277,220
123970,1,1146,523,623
123970,12,1146,523,623
123970,21,720,322,398
123970,32,720,322,398
123970,41,426,201,225
123970,52,426,201,225
124113,1,5444,3128,2316
124113,2,5444,3128,2316
124113,3,5047,2975,2072
124113,4,1279,879,400
124113,5,3768,2096,1672
124113,11,397,153,244
124113,19,800,437,363
124113,20,2968,1659,1309
124113,21,1193,461,732
124113,22,1193,461,732
124113,23,1125,436,689
124113,24,342,158,184
124113,25,783,278,505
124113,31,68,25,43
124113,39,87,21,66
124113,40,696,257,439
124113,41,4251,2667,1584
124113,42,4251,2667,1584
124113,43,3922,2539,1383
124113,44,937,721,216
124113,45,2985,1818,1167
124113,51,329,128,201
124113,59,713,416,297
124113,60,2272,1402,870
124283,1,272,134,138
124283,12,272,134,138
124283,21,118,56,62
124283,32,118,56,62
124283,41,154,78,76
124283,52,154,78,76
124292,1,366,185,181
124292,2,366,185,181
124292,3,366,185,181
124292,4,88,44,44
124292,5,278,141,137
124292,19,15,11,4
124292,20,263,130,133
124292,21,366,185,181
124292,22,366,185,181
124292,23,366,185,181
124292,24,88,44,44
124292,25,278,141,137
124292,39,15,11,4
124292,40,263,130,133
124344,1,567,13,554
124344,2,567,13,554
124344,3,567,13,554
124344,4,134,0,134
124344,5,433,13,420
124344,20,433,13,420
124344,21,536,12,524
124344,22,536,12,524
124344,23,536,12,524
124344,24,134,0,134
124344,25,402,12,390
124344,40,402,12,390
124344,41,31,1,30
124344,42,31,1,30
124344,43,31,1,30
124344,45,31,1,30
124344,60,31,1,30
124487,1,265,131,134
124487,2,265,131,134
124487,3,263,130,133
124487,4,29,20,9
124487,5,234,110,124
124487,11,2,1,1
124487,19,14,7,7
124487,20,220,103,117
124487,21,90,51,39
124487,22,90,51,39
124487,23,90,51,39
124487,24,4,4,0
124487,25,86,47,39
124487,39,3,3,0
124487,40,83,44,39
124487,41,175,80,95
124487,42,175,80,95
124487,43,173,79,94
124487,44,25,16,9
124487,45,148,63,85
124487,51,2,1,1
124487,59,11,4,7
124487,60,137,59,78
124681,1,2732,1049,1683
124681,2,2732,1049,1683
124681,3,2732,1049,1683
124681,4,925,385,540
124681,5,1807,664,1143
124681,20,1807,664,1143
124681,21,2732,1049,1683
124681,22,2732,1049,1683
124681,23,2732,1049,1683
124681,24,925,385,540
124681,25,1807,664,1143
124681,40,1807,664,1143
124706,1,753,159,594
124706,2,753,159,594
124706,3,753,159,594
124706,4,182,33,149
124706,5,571,126,445
124706,20,571,126,445
124706,21,753,159,594
124706,22,753,159,594
124706,23,753,159,594
124706,24,182,33,149
124706,25,571,126,445
124706,40,571,126,445
124779,1,33,3,30
124779,2,33,3,30
124779,3,33,3,30
124779,4,5,0,5
124779,5,28,3,25
124779,20,28,3,25
124779,21,29,3,26
124779,22,29,3,26
124779,23,29,3,26
124779,24,3,0,3
124779,25,26,3,23
124779,40,26,3,23
124779,41,4,0,4
124779,42,4,0,4
124779,43,4,0,4
124779,44,2,0,2
124779,45,2,0,2
124779,60,2,0,2
124937,1,925,260,665
124937,2,925,260,665
124937,3,925,260,665
124937,4,304,54,250
124937,5,621,206,415
124937,20,621,206,415
124937,21,925,260,665
124937,22,925,260,665
124937,23,925,260,665
124937,24,304,54,250
124937,25,621,206,415
124937,40,621,206,415
125028,1,12908,5830,7078
125028,2,12908,5830,7078
125028,3,11784,5329,6455
125028,4,2224,1195,1029
125028,5,9560,4134,5426
125028,11,1124,501,623
125028,19,896,390,506
125028,20,8664,3744,4920
125028,21,4387,2049,2338
125028,22,4387,2049,2338
125028,23,4341,2029,2312
125028,24,1283,649,634
125028,25,3058,1380,1678
125028,31,46,20,26
125028,39,159,75,84
125028,40,2899,1305,1594
125028,41,8521,3781,4740
125028,42,8521,3781,4740
125028,43,7443,3300,4143
125028,44,941,546,395
125028,45,6502,2754,3748
125028,51,1078,481,597
125028,59,737,315,422
125028,60,5765,2439,3326
125037,1,107,48,59
125037,12,107,48,59
125037,41,107,48,59
125037,52,107,48,59
125082,1,105,1,104
125082,2,105,1,104
125082,3,105,1,104
125082,4,29,0,29
125082,5,76,1,75
125082,20,76,1,75
125082,21,101,1,100
125082,22,101,1,100
125082,23,101,1,100
125082,24,28,0,28
125082,25,73,1,72
125082,40,73,1,72
125082,41,4,0,4
125082,42,4,0,4
125082,43,4,0,4
125082,44,1,0,1
125082,45,3,0,3
125082,60,3,0,3
125091,1,11504,4980,6524
125091,2,11504,4980,6524
125091,3,9981,4320,5661
125091,4,2051,1022,1029
125091,5,7930,3298,4632
125091,11,1523,660,863
125091,19,656,293,363
125091,20,7274,3005,4269
125091,21,4030,1870,2160
125091,22,4030,1870,2160
125091,23,3885,1798,2087
125091,24,992,496,496
125091,25,2893,1302,1591
125091,31,145,72,73
125091,39,261,130,131
125091,40,2632,1172,1460
125091,41,7474,3110,4364
125091,42,7474,3110,4364
125091,43,6096,2522,3574
125091,44,1059,526,533
125091,45,5037,1996,3041
125091,51,1378,588,790
125091,59,395,163,232
125091,60,4642,1833,2809
125170,1,6471,2917,3554
125170,2,6471,2917,3554
125170,3,6036,2715,3321
125170,4,1260,597,663
125170,5,4776,2118,2658
125170,11,435,202,233
125170,19,1175,525,650
125170,20,3601,1593,2008
125170,21,1049,512,537
125170,22,1049,512,537
125170,23,1041,506,535
125170,24,309,146,163
125170,25,732,360,372
125170,31,8,6,2
125170,39,135,66,69
125170,40,597,294,303
125170,41,5422,2405,3017
125170,42,5422,2405,3017
125170,43,4995,2209,2786
125170,44,951,451,500
125170,45,4044,1758,2286
125170,51,427,196,231
125170,59,1040,459,581
125170,60,3004,1299,1705
125231,1,51016,11696,39320
125231,2,8205,1922,6283
125231,3,8064,1852,6212
125231,4,229,74,155
125231,5,7835,1778,6057
125231,11,141,70,71
125231,12,42811,9774,33037
125231,19,1451,246,1205
125231,20,6384,1532,4852
125231,21,29437,6544,22893
125231,22,815,163,652
125231,23,814,162,652
125231,24,3,0,3
125231,25,811,162,649
125231,31,1,1,0
125231,32,28622,6381,22241
125231,39,24,7,17
125231,40,787,155,632
125231,41,21579,5152,16427
125231,42,7390,1759,5631
125231,43,7250,1690,5560
125231,44,226,74,152
125231,45,7024,1616,5408
125231,51,140,69,71
125231,52,14189,3393,10796
125231,59,1427,239,1188
125231,60,5597,1377,4220
125310,1,42,1,41
125310,2,42,1,41
125310,3,42,1,41
125310,4,10,0,10
125310,5,32,1,31
125310,20,32,1,31
125310,21,30,1,29
125310,22,30,1,29
125310,23,30,1,29
125310,24,6,0,6
125310,25,24,1,23
125310,40,24,1,23
125310,41,12,0,12
125310,42,12,0,12
125310,43,12,0,12
125310,44,4,0,4
125310,45,8,0,8
125310,60,8,0,8
125462,1,3055,1224,1831
125462,2,3055,1224,1831
125462,3,2793,1122,1671
125462,4,638,303,335
125462,5,2155,819,1336
125462,11,262,102,160
125462,19,427,143,284
125462,20,1728,676,1052
125462,21,951,451,500
125462,22,951,451,500
125462,23,944,445,499
125462,24,278,144,134
125462,25,666,301,365
125462,31,7,6,1
125462,39,81,37,44
125462,40,585,264,321
125462,41,2104,773,1331
125462,42,2104,773,1331
125462,43,1849,677,1172
125462,44,360,159,201
125462,45,1489,518,971
125462,51,255,96,159
125462,59,346,106,240
125462,60,1143,412,731
125471,1,10767,4347,6420
125471,2,10767,4347,6420
125471,3,9464,3801,5663
125471,4,1401,662,739
125471,5,8063,3139,4924
125471,11,1303,546,757
125471,19,1574,602,972
125471,20,6489,2537,3952
125471,21,2160,975,1185
125471,22,2160,975,1185
125471,23,2129,961,1168
125471,24,338,164,174
125471,25,1791,797,994
125471,31,31,14,17
125471,39,194,83,111
125471,40,1597,714,883
125471,41,8607,3372,5235
125471,42,8607,3372,5235
125471,43,7335,2840,4495
125471,44,1063,498,565
125471,45,6272,2342,3930
125471,51,1272,532,740
125471,59,1380,519,861
125471,60,4892,1823,3069
125499,1,9636,4334,5302
125499,2,9636,4334,5302
125499,3,8470,3839,4631
125499,4,1335,658,677
125499,5,7135,3181,3954
125499,11,1166,495,671
125499,19,1021,422,599
125499,20,6114,2759,3355
125499,21,3065,1571,1494
125499,22,3065,1571,1494
125499,23,2923,1509,1414
125499,24,682,367,315
125499,25,2241,1142,1099
125499,31,142,62,80
125499,39,252,116,136
125499,40,1989,1026,963
125499,41,6571,2763,3808
125499,42,6571,2763,3808
125499,43,5547,2330,3217
125499,44,653,291,362
125499,45,4894,2039,2855
125499,51,1024,433,591
125499,59,769,306,463
125499,60,4125,1733,2392
125532,1,1267,180,1087
125532,2,1267,180,1087
125532,3,1267,180,1087
125532,4,60,14,46
125532,5,1207,166,1041
125532,19,166,24,142
125532,20,1041,142,899
125532,21,1145,165,980
125532,22,1145,165,980
125532,23,1145,165,980
125532,24,59,14,45
125532,25,1086,151,935
125532,39,137,18,119
125532,40,949,133,816
125532,41,122,15,107
125532,42,122,15,107
125532,43,122,15,107
125532,44,1,0,1
125532,45,121,15,106
125532,59,29,6,23
125532,60,92,9,83
125718,1,143,136,7
125718,12,143,136,7
125718,21,111,104,7
125718,32,111,104,7
125718,41,32,32,0
125718,52,32,32,0
125727,1,1321,508,813
125727,2,1308,508,800
125727,3,1295,505,790
125727,4,279,112,167
125727,5,1016,393,623
125727,11,13,3,10
125727,12,13,0,13
125727,19,55,23,32
125727,20,961,370,591
125727,21,1311,503,808
125727,22,1298,503,795
125727,23,1292,503,789
125727,24,279,112,167
125727,25,1013,391,622
125727,31,6,0,6
125727,32,13,0,13
125727,39,55,23,32
125727,40,958,368,590
125727,41,10,5,5
125727,42,10,5,5
125727,43,3,2,1
125727,45,3,2,1
125727,51,7,3,4
125727,60,3,2,1
125763,1,2339,1042,1297
125763,2,1656,731,925
125763,3,1651,728,923
125763,4,441,171,270
125763,5,1210,557,653
125763,11,5,3,2
125763,12,683,311,372
125763,19,57,31,26
125763,20,1153,526,627
125763,21,2065,923,1142
125763,22,1623,714,909
125763,23,1619,712,907
125763,24,440,170,270
125763,25,1179,542,637
125763,31,4,2,2
125763,32,442,209,233
125763,39,56,31,25
125763,40,1123,511,612
125763,41,274,119,155
125763,42,33,17,16
125763,43,32,16,16
125763,44,1,1,0
125763,45,31,15,16
125763,51,1,1,0
125763,52,241,102,139
125763,59,1,0,1
125763,60,30,15,15
125897,1,1607,779,828
125897,2,1357,663,694
125897,3,1353,659,694
125897,4,100,41,59
125897,5,1253,618,635
125897,11,4,4,0
125897,12,250,116,134
125897,19,192,90,102
125897,20,1061,528,533
125897,21,1393,689,704
125897,22,1175,588,587
125897,23,1175,588,587
125897,24,96,41,55
125897,25,1079,547,532
125897,32,218,101,117
125897,39,173,83,90
125897,40,906,464,442
125897,41,214,90,124
125897,42,182,75,107
125897,43,178,71,107
125897,44,4,0,4
125897,45,174,71,103
125897,51,4,4,0
125897,52,32,15,17
125897,59,19,7,12
125897,60,155,64,91
126012,1,434,111,323
126012,12,434,111,323
126012,21,434,111,323
126012,32,434,111,323
126030,1,431,209,222
126030,12,431,209,222
126030,21,280,137,143
126030,32,280,137,143
126030,41,151,72,79
126030,52,151,72,79
126049,1,1036,522,514
126049,12,1036,522,514
126049,21,606,297,309
126049,32,606,297,309
126049,41,430,225,205
126049,52,430,225,205
126076,1,131,131,0
126076,2,131,131,0
126076,3,131,131,0
126076,4,46,46,0
126076,5,85,85,0
126076,19,26,26,0
126076,20,59,59,0
126076,21,131,131,0
126076,22,131,131,0
126076,23,131,131,0
126076,24,46,46,0
126076,25,85,85,0
126076,39,26,26,0
126076,40,59,59,0
126119,1,6874,2748,4126
126119,2,6874,2748,4126
126119,3,6345,2516,3829
126119,4,1329,599,730
126119,5,5016,1917,3099
126119,11,529,232,297
126119,19,515,184,331
126119,20,4501,1733,2768
126119,21,2672,1123,1549
126119,22,2672,1123,1549
126119,23,2617,1098,1519
126119,24,671,303,368
126119,25,1946,795,1151
126119,31,55,25,30
126119,39,130,54,76
126119,40,1816,741,1075
126119,41,4202,1625,2577
126119,42,4202,1625,2577
126119,43,3728,1418,2310
126119,44,658,296,362
126119,45,3070,1122,1948
126119,51,474,207,267
126119,59,385,130,255
126119,60,2685,992,1693
126164,1,90,1,89
126164,2,90,1,89
126164,3,90,1,89
126164,4,14,0,14
126164,5,76,1,75
126164,20,76,1,75
126164,21,90,1,89
126164,22,90,1,89
126164,23,90,1,89
126164,24,14,0,14
126164,25,76,1,75
126164,40,76,1,75
126182,1,3211,1406,1805
126182,2,2284,1133,1151
126182,3,2227,1112,1115
126182,4,527,285,242
126182,5,1700,827,873
126182,11,57,21,36
126182,12,927,273,654
126182,19,257,129,128
126182,20,1443,698,745
126182,21,2185,1053,1132
126182,22,1873,990,883
126182,23,1868,989,879
126182,24,513,276,237
126182,25,1355,713,642
126182,31,5,1,4
126182,32,312,63,249
126182,39,169,103,66
126182,40,1186,610,576
126182,41,1026,353,673
126182,42,411,143,268
126182,43,359,123,236
126182,44,14,9,5
126182,45,345,114,231
126182,51,52,20,32
126182,52,615,210,405
126182,59,88,26,62
126182,60,257,88,169
126207,1,4955,2138,2817
126207,2,4955,2138,2817
126207,3,3852,1650,2202
126207,4,663,342,321
126207,5,3189,1308,1881
126207,11,1103,488,615
126207,19,436,200,236
126207,20,2753,1108,1645
126207,21,2056,978,1078
126207,22,2056,978,1078
126207,23,1962,933,1029
126207,24,378,224,154
126207,25,1584,709,875
126207,31,94,45,49
126207,39,230,111,119
126207,40,1354,598,756
126207,41,2899,1160,1739
126207,42,2899,1160,1739
126207,43,1890,717,1173
126207,44,285,118,167
126207,45,1605,599,1006
126207,51,1009,443,566
126207,59,206,89,117
126207,60,1399,510,889
126289,1,11621,5682,5939
126289,2,11621,5682,5939
126289,3,8920,4325,4595
126289,4,983,478,505
126289,5,7937,3847,4090
126289,11,2701,1357,1344
126289,19,1091,440,651
126289,20,6846,3407,3439
126289,21,2295,1058,1237
126289,22,2295,1058,1237
126289,23,2145,987,1158
126289,24,407,208,199
126289,25,1738,779,959
126289,31,150,71,79
126289,39,298,144,154
126289,40,1440,635,805
126289,41,9326,4624,4702
126289,42,9326,4624,4702
126289,43,6775,3338,3437
126289,44,576,270,306
126289,45,6199,3068,3131
126289,51,2551,1286,1265
126289,59,793,296,497
126289,60,5406,2772,2634
126359,1,576,71,505
126359,2,576,71,505
126359,3,576,71,505
126359,4,116,12,104
126359,5,460,59,401
126359,20,460,59,401
126359,21,576,71,505
126359,22,576,71,505
126359,23,576,71,505
126359,24,116,12,104
126359,25,460,59,401
126359,40,460,59,401
126401,1,389,115,274
126401,2,389,115,274
126401,3,389,115,274
126401,4,28,4,24
126401,5,361,111,250
126401,19,69,17,52
126401,20,292,94,198
126401,21,310,73,237
126401,22,310,73,237
126401,23,310,73,237
126401,24,24,1,23
126401,25,286,72,214
126401,39,55,10,45
126401,40,231,62,169
126401,41,79,42,37
126401,42,79,42,37
126401,43,79,42,37
126401,44,4,3,1
126401,45,75,39,36
126401,59,14,7,7
126401,60,61,32,29
126562,1,22206,9657,12549
126562,2,13010,6060,6950
126562,3,10470,5004,5466
126562,4,1180,521,659
126562,5,9290,4483,4807
126562,11,2540,1056,1484
126562,12,9196,3597,5599
126562,19,1645,759,886
126562,20,7645,3724,3921
126562,21,11800,5476,6324
126562,22,7782,3716,4066
126562,23,7759,3708,4051
126562,24,1081,475,606
126562,25,6678,3233,3445
126562,31,23,8,15
126562,32,4018,1760,2258
126562,39,1263,580,683
126562,40,5415,2653,2762
126562,41,10406,4181,6225
126562,42,5228,2344,2884
126562,43,2711,1296,1415
126562,44,99,46,53
126562,45,2612,1250,1362
126562,51,2517,1048,1469
126562,52,5178,1837,3341
126562,59,382,179,203
126562,60,2230,1071,1159
126580,1,11321,5304,6017
126580,2,9220,4357,4863
126580,3,8888,4182,4706
126580,4,1618,808,810
126580,5,7270,3374,3896
126580,11,332,175,157
126580,12,2101,947,1154
126580,19,1122,516,606
126580,20,6148,2858,3290
126580,21,7450,3533,3917
126580,22,6962,3331,3631
126580,23,6946,3320,3626
126580,24,1515,748,767
126580,25,5431,2572,2859
126580,31,16,11,5
126580,32,488,202,286
126580,39,795,400,395
126580,40,4636,2172,2464
126580,41,3871,1771,2100
126580,42,2258,1026,1232
126580,43,1942,862,1080
126580,44,103,60,43
126580,45,1839,802,1037
126580,51,316,164,152
126580,52,1613,745,868
126580,59,327,116,211
126580,60,1512,686,826
126605,1,434,404,30
126605,2,434,404,30
126605,3,434,404,30
126605,4,91,84,7
126605,5,343,320,23
126605,20,343,320,23
126605,21,392,364,28
126605,22,392,364,28
126605,23,392,364,28
126605,24,90,83,7
126605,25,302,281,21
126605,40,302,281,21
126605,41,42,40,2
126605,42,42,40,2
126605,43,42,40,2
126605,44,1,1,0
126605,45,41,39,2
126605,60,41,39,2
126614,1,32017,17671,14346
126614,2,26096,14306,11790
126614,3,25461,14012,11449
126614,4,5840,3155,2685
126614,5,19621,10857,8764
126614,11,635,294,341
126614,12,5921,3365,2556
126614,19,1290,734,556
126614,20,18331,10123,8208
126614,21,26242,14381,11861
126614,22,23948,13092,10856
126614,23,23793,13008,10785
126614,24,5789,3125,2664
126614,25,18004,9883,8121
126614,31,155,84,71
126614,32,2294,1289,1005
126614,39,1202,685,517
126614,40,16802,9198,7604
126614,41,5775,3290,2485
126614,42,2148,1214,934
126614,43,1668,1004,664
126614,44,51,30,21
126614,45,1617,974,643
126614,51,480,210,270
126614,52,3627,2076,1551
126614,59,88,49,39
126614,60,1529,925,604
126669,1,5368,1838,3530
126669,2,4973,1705,3268
126669,3,3614,1141,2473
126669,4,530,187,343
126669,5,3084,954,2130
126669,11,1359,564,795
126669,12,395,133,262
126669,19,529,153,376
126669,20,2555,801,1754
126669,21,1583,562,1021
126669,22,1472,543,929
126669,23,1417,514,903
126669,24,360,127,233
126669,25,1057,387,670
126669,31,55,29,26
126669,32,111,19,92
126669,39,121,42,79
126669,40,936,345,591
126669,41,3785,1276,2509
126669,42,3501,1162,2339
126669,43,2197,627,1570
126669,44,170,60,110
126669,45,2027,567,1460
126669,51,1304,535,769
126669,52,284,114,170
126669,59,408,111,297
126669,60,1619,456,1163
126678,1,2061,928,1133
126678,2,2041,921,1120
126678,3,2025,914,1111
126678,4,522,224,298
126678,5,1503,690,813
126678,11,16,7,9
126678,12,20,7,13
126678,19,36,15,21
126678,20,1467,675,792
126678,21,2044,920,1124
126678,22,2025,914,1111
126678,23,2025,914,1111
126678,24,522,224,298
126678,25,1503,690,813
126678,32,19,6,13
126678,39,36,15,21
126678,40,1467,675,792
126678,41,17,8,9
126678,42,16,7,9
126678,51,16,7,9
126678,52,1,1,0
126687,1,847,121,726
126687,2,847,121,726
126687,3,847,121,726
126687,4,189,28,161
126687,5,658,93,565
126687,20,658,93,565
126687,21,847,121,726
126687,22,847,121,726
126687,23,847,121,726
126687,24,189,28,161
126687,25,658,93,565
126687,40,658,93,565
126702,1,1794,986,808
126702,2,1794,986,808
126702,3,1794,986,808
126702,4,289,180,109
126702,5,1505,806,699
126702,19,334,184,150
126702,20,1171,622,549
126702,21,1145,657,488
126702,22,1145,657,488
126702,23,1145,657,488
126702,24,225,136,89
126702,25,920,521,399
126702,39,230,136,94
126702,40,690,385,305
126702,41,649,329,320
126702,42,649,329,320
126702,43,649,329,320
126702,44,64,44,20
126702,45,585,285,300
126702,59,104,48,56
126702,60,481,237,244
126711,1,5893,2598,3295
126711,2,5893,2598,3295
126711,3,3559,1625,1934
126711,4,640,377,263
126711,5,2919,1248,1671
126711,11,2334,973,1361
126711,19,300,155,145
126711,20,2619,1093,1526
126711,21,1990,1087,903
126711,22,1990,1087,903
126711,23,1693,924,769
126711,24,402,257,145
126711,25,1291,667,624
126711,31,297,163,134
126711,39,192,110,82
126711,40,1099,557,542
126711,41,3903,1511,2392
126711,42,3903,1511,2392
126711,43,1866,701,1165
126711,44,238,120,118
126711,45,1628,581,1047
126711,51,2037,810,1227
126711,59,108,45,63
126711,60,1520,536,984
126748,1,1138,472,666
126748,2,1138,472,666
126748,3,649,226,423
126748,4,170,78,92
126748,5,479,148,331
126748,11,489,246,243
126748,19,124,41,83
126748,20,355,107,248
126748,21,490,203,287
126748,22,490,203,287
126748,23,428,180,248
126748,24,129,71,58
126748,25,299,109,190
126748,31,62,23,39
126748,39,77,34,43
126748,40,222,75,147
126748,41,648,269,379
126748,42,648,269,379
126748,43,221,46,175
126748,44,41,7,34
126748,45,180,39,141
126748,51,427,223,204
126748,59,47,7,40
126748,60,133,32,101
126775,1,5790,4137,1653
126775,2,4291,3137,1154
126775,3,4197,3058,1139
126775,4,954,682,272
126775,5,3243,2376,867
126775,11,94,79,15
126775,12,1499,1000,499
126775,19,144,107,37
126775,20,3099,2269,830
126775,21,5188,3788,1400
126775,22,4080,2967,1113
126775,23,4026,2921,1105
126775,24,954,682,272
126775,25,3072,2239,833
126775,31,54,46,8
126775,32,1108,821,287
126775,39,132,98,34
126775,40,2940,2141,799
126775,41,602,349,253
126775,42,211,170,41
126775,43,171,137,34
126775,45,171,137,34
126775,51,40,33,7
126775,52,391,179,212
126775,59,12,9,3
126775,60,159,128,31
126784,1,182,180,2
126784,2,182,180,2
126784,3,182,180,2
126784,4,60,60,0
126784,5,122,120,2
126784,20,122,120,2
126784,21,182,180,2
126784,22,182,180,2
126784,23,182,180,2
126784,24,60,60,0
126784,25,122,120,2
126784,40,122,120,2
126818,1,31186,15194,15992
126818,2,23548,11440,12108
126818,3,22482,10960,11522
126818,4,4435,2015,2420
126818,5,18047,8945,9102
126818,11,1066,480,586
126818,12,7638,3754,3884
126818,19,1426,744,682
126818,20,16621,8201,8420
126818,21,23371,10978,12393
126818,22,20400,9766,10634
126818,23,20180,9654,10526
126818,24,4322,1954,2368
126818,25,15858,7700,8158
126818,31,220,112,108
126818,32,2971,1212,1759
126818,39,1216,633,583
126818,40,14642,7067,7575
126818,41,7815,4216,3599
126818,42,3148,1674,1474
126818,43,2302,1306,996
126818,44,113,61,52
126818,45,2189,1245,944
126818,51,846,368,478
126818,52,4667,2542,2125
126818,59,210,111,99
126818,60,1979,1134,845
126827,1,2049,1336,713
126827,2,1216,790,426
126827,3,1200,775,425
126827,4,78,45,33
126827,5,1122,730,392
126827,11,16,15,1
126827,12,833,546,287
126827,19,126,65,61
126827,20,996,665,331
126827,21,1296,866,430
126827,22,713,477,236
126827,23,704,469,235
126827,24,57,35,22
126827,25,647,434,213
126827,31,9,8,1
126827,32,583,389,194
126827,39,88,49,39
126827,40,559,385,174
126827,41,753,470,283
126827,42,503,313,190
126827,43,496,306,190
126827,44,21,10,11
126827,45,475,296,179
126827,51,7,7,0
126827,52,250,157,93
126827,59,38,16,22
126827,60,437,280,157
126854,1,62,3,59
126854,2,62,3,59
126854,3,62,3,59
126854,4,25,2,23
126854,5,37,1,36
126854,20,37,1,36
126854,21,62,3,59
126854,22,62,3,59
126854,23,62,3,59
126854,24,25,2,23
126854,25,37,1,36
126854,40,37,1,36
126863,1,7874,3328,4546
126863,2,7874,3328,4546
126863,3,5694,2293,3401
126863,4,1087,450,637
126863,5,4607,1843,2764
126863,11,2180,1035,1145
126863,19,723,295,428
126863,20,3884,1548,2336
126863,21,1636,823,813
126863,22,1636,823,813
126863,23,1481,756,725
126863,24,358,184,174
126863,25,1123,572,551
126863,31,155,67,88
126863,39,218,115,103
126863,40,905,457,448
126863,41,6238,2505,3733
126863,42,6238,2505,3733
126863,43,4213,1537,2676
126863,44,729,266,463
126863,45,3484,1271,2213
126863,51,2025,968,1057
126863,59,505,180,325
126863,60,2979,1091,1888
126872,1,497,107,390
126872,2,497,107,390
126872,3,497,107,390
126872,4,107,17,90
126872,5,390,90,300
126872,19,5,0,5
126872,20,385,90,295
126872,21,497,107,390
126872,22,497,107,390
126872,23,497,107,390
126872,24,107,17,90
126872,25,390,90,300
126872,39,5,0,5
126872,40,385,90,295
126915,1,423,135,288
126915,2,423,135,288
126915,3,262,86,176
126915,4,193,63,130
126915,5,69,23,46
126915,11,161,49,112
126915,20,69,23,46
126915,21,129,48,81
126915,22,129,48,81
126915,23,129,48,81
126915,24,103,38,65
126915,25,26,10,16
126915,40,26,10,16
126915,41,294,87,207
126915,42,294,87,207
126915,43,133,38,95
126915,44,90,25,65
126915,45,43,13,30
126915,51,161,49,112
126915,60,43,13,30
126924,1,34,3,31
126924,2,34,3,31
126924,3,34,3,31
126924,5,34,3,31
126924,20,34,3,31
126924,21,34,3,31
126924,22,34,3,31
126924,23,34,3,31
126924,25,34,3,31
126924,40,34,3,31
126942,1,10432,4613,5819
126942,2,10432,4613,5819
126942,3,8003,3498,4505
126942,4,1504,740,764
126942,5,6499,2758,3741
126942,11,2429,1115,1314
126942,19,905,408,497
126942,20,5594,2350,3244
126942,21,2415,1187,1228
126942,22,2415,1187,1228
126942,23,2288,1129,1159
126942,24,407,212,195
126942,25,1881,917,964
126942,31,127,58,69
126942,39,259,149,110
126942,40,1622,768,854
126942,41,8017,3426,4591
126942,42,8017,3426,4591
126942,43,5715,2369,3346
126942,44,1097,528,569
126942,45,4618,1841,2777
126942,51,2302,1057,1245
126942,59,646,259,387
126942,60,3972,1582,2390
126951,1,1262,1209,53
126951,2,1262,1209,53
126951,3,1262,1209,53
126951,4,335,318,17
126951,5,927,891,36
126951,19,1,1,0
126951,20,926,890,36
126951,21,1262,1209,53
126951,22,1262,1209,53
126951,23,1262,1209,53
126951,24,335,318,17
126951,25,927,891,36
126951,39,1,1,0
126951,40,926,890,36
126979,1,990,582,408
126979,12,990,582,408
126979,21,553,364,189
126979,32,553,364,189
126979,41,437,218,219
126979,52,437,218,219
127024,1,438,256,182
127024,2,438,256,182
127024,3,438,256,182
127024,4,33,19,14
127024,5,405,237,168
127024,20,405,237,168
127024,21,310,175,135
127024,22,310,175,135
127024,23,310,175,135
127024,24,28,15,13
127024,25,282,160,122
127024,40,282,160,122
127024,41,128,81,47
127024,42,128,81,47
127024,43,128,81,47
127024,44,5,4,1
127024,45,123,77,46
127024,60,123,77,46
127060,1,11778,5128,6650
127060,2,5517,2499,3018
127060,3,5505,2494,3011
127060,4,1407,667,740
127060,5,4098,1827,2271
127060,11,12,5,7
127060,12,6261,2629,3632
127060,19,221,109,112
127060,20,3877,1718,2159
127060,21,8411,3620,4791
127060,22,5129,2353,2776
127060,23,5119,2349,2770
127060,24,1399,662,737
127060,25,3720,1687,2033
127060,31,10,4,6
127060,32,3282,1267,2015
127060,39,182,92,90
127060,40,3538,1595,1943
127060,41,3367,1508,1859
127060,42,388,146,242
127060,43,386,145,241
127060,44,8,5,3
127060,45,378,140,238
127060,51,2,1,1
127060,52,2979,1362,1617
127060,59,39,17,22
127060,60,339,123,216
127158,1,2802,1951,851
127158,2,2802,1951,851
127158,3,2802,1951,851
127158,4,497,222,275
127158,5,2305,1729,576
127158,20,2305,1729,576
127158,21,502,242,260
127158,22,502,242,260
127158,23,502,242,260
127158,24,177,69,108
127158,25,325,173,152
127158,40,325,173,152
127158,41,2300,1709,591
127158,42,2300,1709,591
127158,43,2300,1709,591
127158,44,320,153,167
127158,45,1980,1556,424
127158,60,1980,1556,424
127185,1,4021,2050,1971
127185,2,3984,2043,1941
127185,3,3859,1979,1880
127185,4,873,465,408
127185,5,2986,1514,1472
127185,11,125,64,61
127185,12,37,7,30
127185,19,414,220,194
127185,20,2572,1294,1278
127185,21,3670,1871,1799
127185,22,3670,1871,1799
127185,23,3592,1831,1761
127185,24,862,461,401
127185,25,2730,1370,1360
127185,31,78,40,38
127185,39,382,205,177
127185,40,2348,1165,1183
127185,41,351,179,172
127185,42,314,172,142
127185,43,267,148,119
127185,44,11,4,7
127185,45,256,144,112
127185,51,47,24,23
127185,52,37,7,30
127185,59,32,15,17
127185,60,224,129,95
127200,1,19619,8537,11082
127200,2,19619,8537,11082
127200,3,16297,7031,9266
127200,4,2511,1221,1290
127200,5,13786,5810,7976
127200,11,3322,1506,1816
127200,19,1899,883,1016
127200,20,11887,4927,6960
127200,21,6120,2974,3146
127200,22,6120,2974,3146
127200,23,5713,2753,2960
127200,24,1088,599,489
127200,25,4625,2154,2471
127200,31,407,221,186
127200,39,683,355,328
127200,40,3942,1799,2143
127200,41,13499,5563,7936
127200,42,13499,5563,7936
127200,43,10584,4278,6306
127200,44,1423,622,801
127200,45,9161,3656,5505
127200,51,2915,1285,1630
127200,59,1216,528,688
127200,60,7945,3128,4817
127219,1,53,1,52
127219,2,53,1,52
127219,3,53,1,52
127219,4,25,0,25
127219,5,28,1,27
127219,20,28,1,27
127219,21,46,1,45
127219,22,46,1,45
127219,23,46,1,45
127219,24,22,0,22
127219,25,24,1,23
127219,40,24,1,23
127219,41,7,0,7
127219,42,7,0,7
127219,43,7,0,7
127219,44,3,0,3
127219,45,4,0,4
127219,60,4,0,4
127228,1,174,9,165
127228,2,174,9,165
127228,3,174,9,165
127228,4,55,4,51
127228,5,119,5,114
127228,20,119,5,114
127228,21,174,9,165
127228,22,174,9,165
127228,23,174,9,165
127228,24,55,4,51
127228,25,119,5,114
127228,40,119,5,114
127273,1,349,148,201
127273,12,349,148,201
127273,21,182,79,103
127273,32,182,79,103
127273,41,167,69,98
127273,52,167,69,98
127316,1,205,42,163
127316,2,205,42,163
127316,3,205,42,163
127316,4,13,3,10
127316,5,192,39,153
127316,20,192,39,153
127316,21,136,24,112
127316,22,136,24,112
127316,23,136,24,112
127316,24,11,2,9
127316,25,125,22,103
127316,40,125,22,103
127316,41,69,18,51
127316,42,69,18,51
127316,43,69,18,51
127316,44,2,1,1
127316,45,67,17,50
127316,60,67,17,50
127389,1,902,390,512
127389,2,902,390,512
127389,3,538,217,321
127389,4,162,74,88
127389,5,376,143,233
127389,11,364,173,191
127389,19,64,29,35
127389,20,312,114,198
127389,21,463,206,257
127389,22,463,206,257
127389,23,393,180,213
127389,24,142,70,72
127389,25,251,110,141
127389,31,70,26,44
127389,39,44,24,20
127389,40,207,86,121
127389,41,439,184,255
127389,42,439,184,255
127389,43,145,37,108
127389,44,20,4,16
127389,45,125,33,92
127389,51,294,147,147
127389,59,20,5,15
127389,60,105,28,77
127556,1,9676,4330,5346
127556,2,9576,4292,5284
127556,3,8733,3995,4738
127556,4,2208,1099,1109
127556,5,6525,2896,3629
127556,11,843,297,546
127556,12,100,38,62
127556,19,579,252,327
127556,20,5946,2644,3302
127556,21,7284,3447,3837
127556,22,7267,3437,3830
127556,23,7212,3416,3796
127556,24,2081,1043,1038
127556,25,5131,2373,2758
127556,31,55,21,34
127556,32,17,10,7
127556,39,469,215,254
127556,40,4662,2158,2504
127556,41,2392,883,1509
127556,42,2309,855,1454
127556,43,1521,579,942
127556,44,127,56,71
127556,45,1394,523,871
127556,51,788,276,512
127556,52,83,28,55
127556,59,110,37,73
127556,60,1284,486,798
127565,1,22752,10441,12311
127565,2,22289,10328,11961
127565,3,21696,10120,11576
127565,4,2234,1154,1080
127565,5,19462,8966,10496
127565,11,593,208,385
127565,12,463,113,350
127565,19,2860,1245,1615
127565,20,16602,7721,8881
127565,21,13508,6375,7133
127565,22,13202,6305,6897
127565,23,13030,6236,6794
127565,24,1726,887,839
127565,25,11304,5349,5955
127565,31,172,69,103
127565,32,306,70,236
127565,39,1784,802,982
127565,40,9520,4547,4973
127565,41,9244,4066,5178
127565,42,9087,4023,5064
127565,43,8666,3884,4782
127565,44,508,267,241
127565,45,8158,3617,4541
127565,51,421,139,282
127565,52,157,43,114
127565,59,1076,443,633
127565,60,7082,3174,3908
127617,1,1851,654,1197
127617,2,1851,654,1197
127617,3,937,259,678
127617,4,193,69,124
127617,5,744,190,554
127617,11,914,395,519
127617,19,59,13,46
127617,20,685,177,508
127617,21,425,153,272
127617,22,425,153,272
127617,23,337,107,230
127617,24,53,23,30
127617,25,284,84,200
127617,31,88,46,42
127617,39,21,4,17
127617,40,263,80,183
127617,41,1426,501,925
127617,42,1426,501,925
127617,43,600,152,448
127617,44,140,46,94
127617,45,460,106,354
127617,51,826,349,477
127617,59,38,9,29
127617,60,422,97,325
127653,1,992,328,664
127653,2,383,138,245
127653,3,380,137,243
127653,4,37,17,20
127653,5,343,120,223
127653,11,3,1,2
127653,12,609,190,419
127653,19,92,36,56
127653,20,251,84,167
127653,21,799,260,539
127653,22,358,123,235
127653,23,356,123,233
127653,24,37,17,20
127653,25,319,106,213
127653,31,2,0,2
127653,32,441,137,304
127653,39,87,31,56
127653,40,232,75,157
127653,41,193,68,125
127653,42,25,15,10
127653,43,24,14,10
127653,45,24,14,10
127653,51,1,1,0
127653,52,168,53,115
127653,59,5,5,0
127653,60,19,9,10
127680,1,281,110,171
127680,2,281,110,171
127680,3,281,110,171
127680,4,21,11,10
127680,5,260,99,161
127680,19,55,15,40
127680,20,205,84,121
127680,21,57,24,33
127680,22,57,24,33
127680,23,57,24,33
127680,24,4,2,2
127680,25,53,22,31
127680,39,12,2,10
127680,40,41,20,21
127680,41,224,86,138
127680,42,224,86,138
127680,43,224,86,138
127680,44,17,9,8
127680,45,207,77,130
127680,59,43,13,30
127680,60,164,64,100
127699,1,258,58,200
127699,2,258,58,200
127699,3,258,58,200
127699,4,15,5,10
127699,5,243,53,190
127699,19,64,19,45
127699,20,179,34,145
127699,21,55,11,44
127699,22,55,11,44
127699,23,55,11,44
127699,24,1,0,1
127699,25,54,11,43
127699,39,10,4,6
127699,40,44,7,37
127699,41,203,47,156
127699,42,203,47,156
127699,43,203,47,156
127699,44,14,5,9
127699,45,189,42,147
127699,59,54,15,39
127699,60,135,27,108
127714,1,889,542,347
127714,2,889,542,347
127714,3,889,542,347
127714,4,39,28,11
127714,5,850,514,336
127714,19,236,140,96
127714,20,614,374,240
127714,21,174,104,70
127714,22,174,104,70
127714,23,174,104,70
127714,24,14,11,3
127714,25,160,93,67
127714,39,26,14,12
127714,40,134,79,55
127714,41,715,438,277
127714,42,715,438,277
127714,43,715,438,277
127714,44,25,17,8
127714,45,690,421,269
127714,59,210,126,84
127714,60,480,295,185
127732,1,1962,802,1160
127732,2,1962,802,1160
127732,3,1257,588,669
127732,4,313,168,145
127732,5,944,420,524
127732,11,705,214,491
127732,19,72,33,39
127732,20,872,387,485
127732,21,966,483,483
127732,22,966,483,483
127732,23,957,478,479
127732,24,267,140,127
127732,25,690,338,352
127732,31,9,5,4
127732,39,46,26,20
127732,40,644,312,332
127732,41,996,319,677
127732,42,996,319,677
127732,43,300,110,190
127732,44,46,28,18
127732,45,254,82,172
127732,51,696,209,487
127732,59,26,7,19
127732,60,228,75,153
127741,1,12710,4446,8264
127741,2,9947,3686,6261
127741,3,9525,3517,6008
127741,4,1982,725,1257
127741,5,7543,2792,4751
127741,11,422,169,253
127741,12,2763,760,2003
127741,19,798,270,528
127741,20,6745,2522,4223
127741,21,9735,3637,6098
127741,22,8733,3296,5437
127741,23,8644,3265,5379
127741,24,1967,720,1247
127741,25,6677,2545,4132
127741,31,89,31,58
127741,32,1002,341,661
127741,39,630,249,381
127741,40,6047,2296,3751
127741,41,2975,809,2166
127741,42,1214,390,824
127741,43,881,252,629
127741,44,15,5,10
127741,45,866,247,619
127741,51,333,138,195
127741,52,1761,419,1342
127741,59,168,21,147
127741,60,698,226,472
127778,1,1449,617,832
127778,2,1449,617,832
127778,3,1011,430,581
127778,4,249,135,114
127778,5,762,295,467
127778,11,438,187,251
127778,19,115,49,66
127778,20,647,246,401
127778,21,679,328,351
127778,22,679,328,351
127778,23,653,316,337
127778,24,211,119,92
127778,25,442,197,245
127778,31,26,12,14
127778,39,62,33,29
127778,40,380,164,216
127778,41,770,289,481
127778,42,770,289,481
127778,43,358,114,244
127778,44,38,16,22
127778,45,320,98,222
127778,51,412,175,237
127778,59,53,16,37
127778,60,267,82,185
127787,1,371,74,297
127787,2,371,74,297
127787,3,371,74,297
127787,4,33,5,28
127787,5,338,69,269
127787,19,44,15,29
127787,20,294,54,240
127787,21,288,38,250
127787,22,288,38,250
127787,23,288,38,250
127787,24,33,5,28
127787,25,255,33,222
127787,39,35,7,28
127787,40,220,26,194
127787,41,83,36,47
127787,42,83,36,47
127787,43,83,36,47
127787,45,83,36,47
127787,59,9,8,1
127787,60,74,28,46
127820,1,14634,6261,8373
127820,2,14634,6261,8373
127820,3,12747,5380,7367
127820,4,2547,1255,1292
127820,5,10200,4125,6075
127820,11,1887,881,1006
127820,19,1442,552,890
127820,20,8758,3573,5185
127820,21,5547,2539,3008
127820,22,5547,2539,3008
127820,23,5262,2406,2856
127820,24,1206,615,591
127820,25,4056,1791,2265
127820,31,285,133,152
127820,39,600,254,346
127820,40,3456,1537,1919
127820,41,9087,3722,5365
127820,42,9087,3722,5365
127820,43,7485,2974,4511
127820,44,1341,640,701
127820,45,6144,2334,3810
127820,51,1602,748,854
127820,59,842,298,544
127820,60,5302,2036,3266
127839,1,339,90,249
127839,2,339,90,249
127839,3,339,90,249
127839,4,11,2,9
127839,5,328,88,240
127839,19,12,2,10
127839,20,316,86,230
127839,21,339,90,249
127839,22,339,90,249
127839,23,339,90,249
127839,24,11,2,9
127839,25,328,88,240
127839,39,12,2,10
127839,40,316,86,230
127884,1,6718,3044,3674
127884,2,6718,3044,3674
127884,3,4922,1884,3038
127884,4,849,364,485
127884,5,4073,1520,2553
127884,11,1796,1160,636
127884,19,425,155,270
127884,20,3648,1365,2283
127884,21,2521,1217,1304
127884,22,2521,1217,1304
127884,23,2041,919,1122
127884,24,394,205,189
127884,25,1647,714,933
127884,31,480,298,182
127884,39,150,70,80
127884,40,1497,644,853
127884,41,4197,1827,2370
127884,42,4197,1827,2370
127884,43,2881,965,1916
127884,44,455,159,296
127884,45,2426,806,1620
127884,51,1316,862,454
127884,59,275,85,190
127884,60,2151,721,1430
127909,1,8599,4275,4324
127909,2,8599,4275,4324
127909,3,8224,4069,4155
127909,4,1330,699,631
127909,5,6894,3370,3524
127909,11,375,206,169
127909,19,1105,541,564
127909,20,5789,2829,2960
127909,21,2765,1550,1215
127909,22,2765,1550,1215
127909,23,2703,1514,1189
127909,24,505,285,220
127909,25,2198,1229,969
127909,31,62,36,26
127909,39,349,202,147
127909,40,1849,1027,822
127909,41,5834,2725,3109
127909,42,5834,2725,3109
127909,43,5521,2555,2966
127909,44,825,414,411
127909,45,4696,2141,2555
127909,51,313,170,143
127909,59,756,339,417
127909,60,3940,1802,2138
127918,1,9722,3526,6196
127918,2,5172,1929,3243
127918,3,4930,1809,3121
127918,4,390,135,255
127918,5,4540,1674,2866
127918,11,242,120,122
127918,12,4550,1597,2953
127918,19,507,211,296
127918,20,4033,1463,2570
127918,21,5251,1897,3354
127918,22,2508,936,1572
127918,23,2498,934,1564
127918,24,389,134,255
127918,25,2109,800,1309
127918,31,10,2,8
127918,32,2743,961,1782
127918,39,183,83,100
127918,40,1926,717,1209
127918,41,4471,1629,2842
127918,42,2664,993,1671
127918,43,2432,875,1557
127918,44,1,1,0
127918,45,2431,874,1557
127918,51,232,118,114
127918,52,1807,636,1171
127918,59,324,128,196
127918,60,2107,746,1361
127945,1,775,284,491
127945,2,739,272,467
127945,3,722,262,460
127945,4,64,27,37
127945,5,658,235,423
127945,11,17,10,7
127945,12,36,12,24
127945,19,222,87,135
127945,20,436,148,288
127945,21,562,200,362
127945,22,554,195,359
127945,23,553,194,359
127945,24,47,18,29
127945,25,506,176,330
127945,31,1,1,0
127945,32,8,5,3
127945,39,139,56,83
127945,40,367,120,247
127945,41,213,84,129
127945,42,185,77,108
127945,43,169,68,101
127945,44,17,9,8
127945,45,152,59,93
127945,51,16,9,7
127945,52,28,7,21
127945,59,83,31,52
127945,60,69,28,41
127954,1,79,6,73
127954,2,11,0,11
127954,3,11,0,11
127954,4,3,0,3
127954,5,8,0,8
127954,12,68,6,62
127954,20,8,0,8
127954,21,79,6,73
127954,22,11,0,11
127954,23,11,0,11
127954,24,3,0,3
127954,25,8,0,8
127954,32,68,6,62
127954,40,8,0,8
128106,1,7089,2688,4401
128106,2,5207,2314,2893
128106,3,4375,2023,2352
128106,4,793,382,411
128106,5,3582,1641,1941
128106,11,832,291,541
128106,12,1882,374,1508
128106,19,411,174,237
128106,20,3171,1467,1704
128106,21,4051,1854,2197
128106,22,3742,1774,1968
128106,23,3728,1767,1961
128106,24,765,364,401
128106,25,2963,1403,1560
128106,31,14,7,7
128106,32,309,80,229
128106,39,307,140,167
128106,40,2656,1263,1393
128106,41,3038,834,2204
128106,42,1465,540,925
128106,43,647,256,391
128106,44,28,18,10
128106,45,619,238,381
128106,51,818,284,534
128106,52,1573,294,1279
128106,59,104,34,70
128106,60,515,204,311
128151,1,1184,668,516
128151,2,1184,668,516
128151,3,1184,668,516
128151,4,128,76,52
128151,5,1056,592,464
128151,20,1056,592,464
128151,21,1054,615,439
128151,22,1054,615,439
128151,23,1054,615,439
128151,24,106,70,36
128151,25,948,545,403
128151,40,948,545,403
128151,41,130,53,77
128151,42,130,53,77
128151,43,130,53,77
128151,44,22,6,16
128151,45,108,47,61
128151,60,108,47,61
128179,1,815,665,150
128179,2,815,665,150
128179,3,815,665,150
128179,4,182,142,40
128179,5,633,523,110
128179,20,633,523,110
128179,21,815,665,150
128179,22,815,665,150
128179,23,815,665,150
128179,24,182,142,40
128179,25,633,523,110
128179,40,633,523,110
128188,1,536,134,402
128188,2,536,134,402
128188,3,536,134,402
128188,4,74,19,55
128188,5,462,115,347
128188,19,81,19,62
128188,20,381,96,285
128188,21,536,134,402
128188,22,536,134,402
128188,23,536,134,402
128188,24,74,19,55
128188,25,462,115,347
128188,39,81,19,62
128188,40,381,96,285
128258,1,1791,825,966
128258,2,1791,825,966
128258,3,1307,602,705
128258,4,320,183,137
128258,5,987,419,568
128258,11,484,223,261
128258,19,151,72,79
128258,20,836,347,489
128258,21,900,471,429
128258,22,900,471,429
128258,23,875,455,420
128258,24,266,161,105
128258,25,609,294,315
128258,31,25,16,9
128258,39,105,59,46
128258,40,504,235,269
128258,41,891,354,537
128258,42,891,354,537
128258,43,432,147,285
128258,44,54,22,32
128258,45,378,125,253
128258,51,459,207,252
128258,59,46,13,33
128258,60,332,112,220
128328,1,3993,3097,896
128328,2,3993,3097,896
128328,3,3993,3097,896
128328,4,1154,887,267
128328,5,2839,2210,629
128328,20,2839,2210,629
128328,21,3993,3097,896
128328,22,3993,3097,896
128328,23,3993,3097,896
128328,24,1154,887,267
128328,25,2839,2210,629
128328,40,2839,2210,629
128337,1,161,6,155
128337,2,161,6,155
128337,3,161,6,155
128337,4,61,4,57
128337,5,100,2,98
128337,20,100,2,98
128337,21,121,4,117
128337,22,121,4,117
128337,23,121,4,117
128337,24,47,3,44
128337,25,74,1,73
128337,40,74,1,73
128337,41,40,2,38
128337,42,40,2,38
128337,43,40,2,38
128337,44,14,1,13
128337,45,26,1,25
128337,60,26,1,25
128391,1,2404,1330,1074
128391,2,2193,1269,924
128391,3,1956,1157,799
128391,4,469,256,213
128391,5,1487,901,586
128391,11,237,112,125
128391,12,211,61,150
128391,19,155,96,59
128391,20,1332,805,527
128391,21,1993,1164,829
128391,22,1869,1115,754
128391,23,1847,1098,749
128391,24,466,253,213
128391,25,1381,845,536
128391,31,22,17,5
128391,32,124,49,75
128391,39,148,94,54
128391,40,1233,751,482
128391,41,411,166,245
128391,42,324,154,170
128391,43,109,59,50
128391,44,3,3,0
128391,45,106,56,50
128391,51,215,95,120
128391,52,87,12,75
128391,59,7,2,5
128391,60,99,54,45
128425,1,18,18,0
128425,2,16,16,0
128425,3,16,16,0
128425,4,7,7,0
128425,5,9,9,0
128425,12,2,2,0
128425,20,9,9,0
128425,21,18,18,0
128425,22,16,16,0
128425,23,16,16,0
128425,24,7,7,0
128425,25,9,9,0
128425,32,2,2,0
128425,40,9,9,0
128498,1,1582,520,1062
128498,2,1278,443,835
128498,3,1278,443,835
128498,4,143,65,78
128498,5,1135,378,757
128498,12,304,77,227
128498,19,144,52,92
128498,20,991,326,665
128498,21,1469,503,966
128498,22,1199,427,772
128498,23,1199,427,772
128498,24,137,62,75
128498,25,1062,365,697
128498,32,270,76,194
128498,39,138,50,88
128498,40,924,315,609
128498,41,113,17,96
128498,42,79,16,63
128498,43,79,16,63
128498,44,6,3,3
128498,45,73,13,60
128498,52,34,1,33
128498,59,6,2,4
128498,60,67,11,56
128540,1,127,7,120
128540,2,127,7,120
128540,3,127,7,120
128540,4,15,1,14
128540,5,112,6,106
128540,20,112,6,106
128540,21,89,6,83
128540,22,89,6,83
128540,23,89,6,83
128540,24,10,1,9
128540,25,79,5,74
128540,40,79,5,74
128540,41,38,1,37
128540,42,38,1,37
128540,43,38,1,37
128540,44,5,0,5
128540,45,33,1,32
128540,60,33,1,32
128577,1,1715,819,896
128577,2,1715,819,896
128577,3,1360,679,681
128577,4,298,184,114
128577,5,1062,495,567
128577,11,355,140,215
128577,19,170,80,90
128577,20,892,415,477
128577,21,703,416,287
128577,22,703,416,287
128577,23,697,412,285
128577,24,228,150,78
128577,25,469,262,207
128577,31,6,4,2
128577,39,86,52,34
128577,40,383,210,173
128577,41,1012,403,609
128577,42,1012,403,609
128577,43,663,267,396
128577,44,70,34,36
128577,45,593,233,360
128577,51,349,136,213
128577,59,84,28,56
128577,60,509,205,304
128586,1,59,59,0
128586,2,59,59,0
128586,3,59,59,0
128586,4,15,15,0
128586,5,44,44,0
128586,20,44,44,0
128586,21,59,59,0
128586,22,59,59,0
128586,23,59,59,0
128586,24,15,15,0
128586,25,44,44,0
128586,40,44,44,0
128674,1,524,139,385
128674,2,524,139,385
128674,3,524,139,385
128674,4,363,92,271
128674,5,161,47,114
128674,20,161,47,114
128674,21,357,99,258
128674,22,357,99,258
128674,23,357,99,258
128674,24,245,66,179
128674,25,112,33,79
128674,40,112,33,79
128674,41,167,40,127
128674,42,167,40,127
128674,43,167,40,127
128674,44,118,26,92
128674,45,49,14,35
128674,60,49,14,35
128683,1,837,216,621
128683,2,837,216,621
128683,3,837,216,621
128683,4,179,67,112
128683,5,658,149,509
128683,19,80,22,58
128683,20,578,127,451
128683,21,494,147,347
128683,22,494,147,347
128683,23,494,147,347
128683,24,166,64,102
128683,25,328,83,245
128683,39,52,15,37
128683,40,276,68,208
128683,41,343,69,274
128683,42,343,69,274
128683,43,343,69,274
128683,44,13,3,10
128683,45,330,66,264
128683,59,28,7,21
128683,60,302,59,243
128726,1,171,37,134
128726,2,171,37,134
128726,3,171,37,134
128726,4,116,21,95
128726,5,55,16,39
128726,20,55,16,39
128726,21,158,31,127
128726,22,158,31,127
128726,23,158,31,127
128726,24,105,17,88
128726,25,53,14,39
128726,40,53,14,39
128726,41,13,6,7
128726,42,13,6,7
128726,43,13,6,7
128726,44,11,4,7
128726,45,2,2,0
128726,60,2,2,0
128744,1,4842,1820,3022
128744,2,2835,959,1876
128744,3,2835,959,1876
128744,4,542,212,330
128744,5,2293,747,1546
128744,12,2007,861,1146
128744,19,254,89,165
128744,20,2039,658,1381
128744,21,3159,1350,1809
128744,22,2035,800,1235
128744,23,2035,800,1235
128744,24,538,208,330
128744,25,1497,592,905
128744,32,1124,550,574
128744,39,215,75,140
128744,40,1282,517,765
128744,41,1683,470,1213
128744,42,800,159,641
128744,43,800,159,641
128744,44,4,4,0
128744,45,796,155,641
128744,52,883,311,572
128744,59,39,14,25
128744,60,757,141,616
128771,1,11865,5828,6037
128771,2,9771,5108,4663
128771,3,9512,4956,4556
128771,4,1293,678,615
128771,5,8219,4278,3941
128771,11,259,152,107
128771,12,2094,720,1374
128771,19,1072,521,551
128771,20,7147,3757,3390
128771,21,8208,4201,4007
128771,22,7624,4003,3621
128771,23,7602,3993,3609
128771,24,1278,667,611
128771,25,6324,3326,2998
128771,31,22,10,12
128771,32,584,198,386
128771,39,814,406,408
128771,40,5510,2920,2590
128771,41,3657,1627,2030
128771,42,2147,1105,1042
128771,43,1910,963,947
128771,44,15,11,4
128771,45,1895,952,943
128771,51,237,142,95
128771,52,1510,522,988
128771,59,258,115,143
128771,60,1637,837,800
128780,1,1580,542,1038
128780,2,1580,542,1038
128780,3,1471,508,963
128780,5,1471,508,963
128780,11,109,34,75
128780,19,463,178,285
128780,20,1008,330,678
128780,21,301,96,205
128780,22,301,96,205
128780,23,298,95,203
128780,25,298,95,203
128780,31,3,1,2
128780,39,116,39,77
128780,40,182,56,126
128780,41,1279,446,833
128780,42,1279,446,833
128780,43,1173,413,760
128780,45,1173,413,760
128780,51,106,33,73
128780,59,347,139,208
128780,60,826,274,552
128896,1,304,75,229
128896,2,304,75,229
128896,3,304,75,229
128896,4,74,22,52
128896,5,230,53,177
128896,20,230,53,177
128896,21,67,24,43
128896,22,67,24,43
128896,23,67,24,43
128896,24,20,8,12
128896,25,47,16,31
128896,40,47,16,31
128896,41,237,51,186
128896,42,237,51,186
128896,43,237,51,186
128896,44,54,14,40
128896,45,183,37,146
128896,60,183,37,146
128902,1,1922,759,1163
128902,2,1915,755,1160
128902,3,1878,742,1136
128902,4,489,181,308
128902,5,1389,561,828
128902,11,37,13,24
128902,12,7,4,3
128902,19,14,5,9
128902,20,1375,556,819
128902,21,1881,745,1136
128902,22,1877,742,1135
128902,23,1873,742,1131
128902,24,489,181,308
128902,25,1384,561,823
128902,31,4,0,4
128902,32,4,3,1
128902,39,14,5,9
128902,40,1370,556,814
128902,41,41,14,27
128902,42,38,13,25
128902,43,5,0,5
128902,45,5,0,5
128902,51,33,13,20
128902,52,3,1,2
128902,60,5,0,5
128957,1,151,24,127
128957,2,151,24,127
128957,3,151,24,127
128957,4,10,2,8
128957,5,141,22,119
128957,20,141,22,119
128957,21,115,21,94
128957,22,115,21,94
128957,23,115,21,94
128957,24,6,2,4
128957,25,109,19,90
128957,40,109,19,90
128957,41,36,3,33
128957,42,36,3,33
128957,43,36,3,33
128957,44,4,0,4
128957,45,32,3,29
128957,60,32,3,29
129002,1,298,199,99
129002,2,298,199,99
129002,3,298,199,99
129002,4,66,51,15
129002,5,232,148,84
129002,20,232,148,84
129002,21,182,112,70
129002,22,182,112,70
129002,23,182,112,70
129002,24,48,34,14
129002,25,134,78,56
129002,40,134,78,56
129002,41,116,87,29
129002,42,116,87,29
129002,43,116,87,29
129002,44,18,17,1
129002,45,98,70,28
129002,60,98,70,28
129020,1,25911,12957,12954
129020,2,18032,9177,8855
129020,3,17684,8957,8727
129020,4,3755,1866,1889
129020,5,13929,7091,6838
129020,11,348,220,128
129020,12,7879,3780,4099
129020,19,785,376,409
129020,20,13144,6715,6429
129020,21,22482,11147,11335
129020,22,17219,8707,8512
129020,23,17083,8631,8452
129020,24,3741,1856,1885
129020,25,13342,6775,6567
129020,31,136,76,60
129020,32,5263,2440,2823
129020,39,754,362,392
129020,40,12588,6413,6175
129020,41,3429,1810,1619
129020,42,813,470,343
129020,43,601,326,275
129020,44,14,10,4
129020,45,587,316,271
129020,51,212,144,68
129020,52,2616,1340,1276
129020,59,31,14,17
129020,60,556,302,254
129154,1,3388,581,2807
129154,2,3388,581,2807
129154,3,3269,531,2738
129154,4,250,50,200
129154,5,3019,481,2538
129154,11,119,50,69
129154,19,708,131,577
129154,20,2311,350,1961
129154,21,593,131,462
129154,22,593,131,462
129154,23,582,127,455
129154,24,116,19,97
129154,25,466,108,358
129154,31,11,4,7
129154,39,154,29,125
129154,40,312,79,233
129154,41,2795,450,2345
129154,42,2795,450,2345
129154,43,2687,404,2283
129154,44,134,31,103
129154,45,2553,373,2180
129154,51,108,46,62
129154,59,554,102,452
129154,60,1999,271,1728
129181,1,655,630,25
129181,2,655,630,25
129181,3,655,630,25
129181,4,274,264,10
129181,5,381,366,15
129181,20,381,366,15
129181,21,456,443,13
129181,22,456,443,13
129181,23,456,443,13
129181,24,155,151,4
129181,25,301,292,9
129181,40,301,292,9
129181,41,199,187,12
129181,42,199,187,12
129181,43,199,187,12
129181,44,119,113,6
129181,45,80,74,6
129181,60,80,74,6
129215,1,5368,2444,2924
129215,2,5179,2396,2783
129215,3,4920,2263,2657
129215,4,985,430,555
129215,5,3935,1833,2102
129215,11,259,133,126
129215,12,189,48,141
129215,19,499,240,259
129215,20,3436,1593,1843
129215,21,4462,2033,2429
129215,22,4395,2023,2372
129215,23,4394,2022,2372
129215,24,963,414,549
129215,25,3431,1608,1823
129215,31,1,1,0
129215,32,67,10,57
129215,39,426,212,214
129215,40,3005,1396,1609
129215,41,906,411,495
129215,42,784,373,411
129215,43,526,241,285
129215,44,22,16,6
129215,45,504,225,279
129215,51,258,132,126
129215,52,122,38,84
129215,59,73,28,45
129215,60,431,197,234
129242,1,4919,1905,3014
129242,2,3873,1566,2307
129242,3,3721,1504,2217
129242,4,963,374,589
129242,5,2758,1130,1628
129242,11,152,62,90
129242,12,1046,339,707
129242,19,41,27,14
129242,20,2717,1103,1614
129242,21,3930,1553,2377
129242,22,3546,1426,2120
129242,23,3541,1421,2120
129242,24,963,374,589
129242,25,2578,1047,1531
129242,31,5,5,0
129242,32,384,127,257
129242,39,41,27,14
129242,40,2537,1020,1517
129242,41,989,352,637
129242,42,327,140,187
129242,43,180,83,97
129242,45,180,83,97
129242,51,147,57,90
129242,52,662,212,450
129242,60,180,83,97
129349,1,156,10,146
129349,2,156,10,146
129349,3,156,10,146
129349,4,36,1,35
129349,5,120,9,111
129349,20,120,9,111
129349,21,126,8,118
129349,22,126,8,118
129349,23,126,8,118
129349,24,33,1,32
129349,25,93,7,86
129349,40,93,7,86
129349,41,30,2,28
129349,42,30,2,28
129349,43,30,2,28
129349,44,3,0,3
129349,45,27,2,25
129349,60,27,2,25
129367,1,4168,1229,2939
129367,2,4168,1229,2939
129367,3,3732,1089,2643
129367,4,660,238,422
129367,5,3072,851,2221
129367,11,436,140,296
129367,19,347,112,235
129367,20,2725,739,1986
129367,21,993,353,640
129367,22,993,353,640
129367,23,984,349,635
129367,24,312,116,196
129367,25,672,233,439
129367,31,9,4,5
129367,39,104,38,66
129367,40,568,195,373
129367,41,3175,876,2299
129367,42,3175,876,2299
129367,43,2748,740,2008
129367,44,348,122,226
129367,45,2400,618,1782
129367,51,427,136,291
129367,59,243,74,169
129367,60,2157,544,1613
129428,1,281,224,57
129428,12,281,224,57
129428,21,11,9,2
129428,32,11,9,2
129428,41,270,215,55
129428,52,270,215,55
129482,1,327,37,290
129482,2,327,37,290
129482,3,327,37,290
129482,4,41,7,34
129482,5,286,30,256
129482,20,286,30,256
129482,21,327,37,290
129482,22,327,37,290
129482,23,327,37,290
129482,24,41,7,34
129482,25,286,30,256
129482,40,286,30,256
129491,1,123,67,56
129491,12,123,67,56
129491,21,36,22,14
129491,32,36,22,14
129491,41,87,45,42
129491,52,87,45,42
129525,1,6820,3228,3592
129525,2,5187,2589,2598
129525,3,5026,2511,2515
129525,4,1267,645,622
129525,5,3759,1866,1893
129525,11,161,78,83
129525,12,1633,639,994
129525,19,226,109,117
129525,20,3533,1757,1776
129525,21,5213,2577,2636
129525,22,4495,2300,2195
129525,23,4490,2297,2193
129525,24,1267,645,622
129525,25,3223,1652,1571
129525,31,5,3,2
129525,32,718,277,441
129525,39,190,98,92
129525,40,3033,1554,1479
129525,41,1607,651,956
129525,42,692,289,403
129525,43,536,214,322
129525,45,536,214,322
129525,51,156,75,81
129525,52,915,362,553
129525,59,36,11,25
129525,60,500,203,297
129534,1,385,269,116
129534,2,58,32,26
129534,3,48,26,22
129534,4,1,0,1
129534,5,47,26,21
129534,11,10,6,4
129534,12,327,237,90
129534,19,2,2,0
129534,20,45,24,21
129534,21,123,103,20
129534,22,36,21,15
129534,23,35,20,15
129534,25,35,20,15
129534,31,1,1,0
129534,32,87,82,5
129534,39,2,2,0
129534,40,33,18,15
129534,41,262,166,96
129534,42,22,11,11
129534,43,13,6,7
129534,44,1,0,1
129534,45,12,6,6
129534,51,9,5,4
129534,52,240,155,85
129534,60,12,6,6
129543,1,5813,2231,3582
129543,2,5813,2231,3582
129543,3,5288,2038,3250
129543,4,994,467,527
129543,5,4294,1571,2723
129543,11,525,193,332
129543,19,377,113,264
129543,20,3917,1458,2459
129543,21,1843,851,992
129543,22,1843,851,992
129543,23,1836,845,991
129543,24,574,287,287
129543,25,1262,558,704
129543,31,7,6,1
129543,39,154,56,98
129543,40,1108,502,606
129543,41,3970,1380,2590
129543,42,3970,1380,2590
129543,43,3452,1193,2259
129543,44,420,180,240
129543,45,3032,1013,2019
129543,51,518,187,331
129543,59,223,57,166
129543,60,2809,956,1853
129613,1,62,5,57
129613,2,62,5,57
129613,3,62,5,57
129613,5,62,5,57
129613,20,62,5,57
129613,21,48,5,43
129613,22,48,5,43
129613,23,48,5,43
129613,25,48,5,43
129613,40,48,5,43
129613,41,14,0,14
129613,42,14,0,14
129613,43,14,0,14
129613,45,14,0,14
129613,60,14,0,14
129686,1,77,28,49
129686,2,77,28,49
129686,3,77,28,49
129686,4,17,6,11
129686,5,60,22,38
129686,19,5,1,4
129686,20,55,21,34
129686,21,69,27,42
129686,22,69,27,42
129686,23,69,27,42
129686,24,17,6,11
129686,25,52,21,31
129686,39,5,1,4
129686,40,47,20,27
129686,41,8,1,7
129686,42,8,1,7
129686,43,8,1,7
129686,45,8,1,7
129686,60,8,1,7
129695,1,7571,3564,4007
129695,2,7571,3564,4007
129695,3,6773,3207,3566
129695,4,1616,874,742
129695,5,5157,2333,2824
129695,11,798,357,441
129695,19,820,358,462
129695,20,4337,1975,2362
129695,21,2712,1403,1309
129695,22,2712,1403,1309
129695,23,2656,1369,1287
129695,24,958,522,436
129695,25,1698,847,851
129695,31,56,34,22
129695,39,291,146,145
129695,40,1407,701,706
129695,41,4859,2161,2698
129695,42,4859,2161,2698
129695,43,4117,1838,2279
129695,44,658,352,306
129695,45,3459,1486,1973
129695,51,742,323,419
129695,59,529,212,317
129695,60,2930,1274,1656
129729,1,7294,3059,4235
129729,2,7294,3059,4235
129729,3,6627,2774,3853
129729,4,1527,728,799
129729,5,5100,2046,3054
129729,11,667,285,382
129729,19,541,230,311
129729,20,4559,1816,2743
129729,21,2603,1310,1293
129729,22,2603,1310,1293
129729,23,2587,1302,1285
129729,24,949,473,476
129729,25,1638,829,809
129729,31,16,8,8
129729,39,255,134,121
129729,40,1383,695,688
129729,41,4691,1749,2942
129729,42,4691,1749,2942
129729,43,4040,1472,2568
129729,44,578,255,323
129729,45,3462,1217,2245
129729,51,651,277,374
129729,59,286,96,190
129729,60,3176,1121,2055
129756,1,2900,1271,1629
129756,2,2900,1271,1629
129756,3,2403,1058,1345
129756,4,566,280,286
129756,5,1837,778,1059
129756,11,497,213,284
129756,19,320,123,197
129756,20,1517,655,862
129756,21,1089,552,537
129756,22,1089,552,537
129756,23,1039,521,518
129756,24,346,178,168
129756,25,693,343,350
129756,31,50,31,19
129756,39,117,47,70
129756,40,576,296,280
129756,41,1811,719,1092
129756,42,1811,719,1092
129756,43,1364,537,827
129756,44,220,102,118
129756,45,1144,435,709
129756,51,447,182,265
129756,59,203,76,127
129756,60,941,359,582
129774,1,866,464,402
129774,2,866,464,402
129774,3,802,426,376
129774,4,178,101,77
129774,5,624,325,299
129774,11,64,38,26
129774,19,76,37,39
129774,20,548,288,260
129774,21,747,406,341
129774,22,747,406,341
129774,23,747,406,341
129774,24,176,100,76
129774,25,571,306,265
129774,39,71,34,37
129774,40,500,272,228
129774,41,119,58,61
129774,42,119,58,61
129774,43,55,20,35
129774,44,2,1,1
129774,45,53,19,34
129774,51,64,38,26
129774,59,5,3,2
129774,60,48,16,32
129808,1,4749,1944,2805
129808,2,4749,1944,2805
129808,3,4384,1783,2601
129808,4,938,430,508
129808,5,3446,1353,2093
129808,11,365,161,204
129808,19,340,133,207
129808,20,3106,1220,1886
129808,21,1609,799,810
129808,22,1609,799,810
129808,23,1586,788,798
129808,24,550,257,293
129808,25,1036,531,505
129808,31,23,11,12
129808,39,148,74,74
129808,40,888,457,431
129808,41,3140,1145,1995
129808,42,3140,1145,1995
129808,43,2798,995,1803
129808,44,388,173,215
129808,45,2410,822,1588
129808,51,342,150,192
129808,59,192,59,133
129808,60,2218,763,1455
129923,1,465,192,273
129923,2,465,192,273
129923,3,465,192,273
129923,4,109,58,51
129923,5,356,134,222
129923,20,356,134,222
129923,21,279,102,177
129923,22,279,102,177
129923,23,279,102,177
129923,24,77,37,40
129923,25,202,65,137
129923,40,202,65,137
129923,41,186,90,96
129923,42,186,90,96
129923,43,186,90,96
129923,44,32,21,11
129923,45,154,69,85
129923,60,154,69,85
129932,1,302,294,8
129932,2,302,294,8
129932,3,302,294,8
129932,4,235,228,7
129932,5,67,66,1
129932,20,67,66,1
129932,21,160,152,8
129932,22,160,152,8
129932,23,160,152,8
129932,24,142,135,7
129932,25,18,17,1
129932,40,18,17,1
129932,41,142,142,0
129932,42,142,142,0
129932,43,142,142,0
129932,44,93,93,0
129932,45,49,49,0
129932,60,49,49,0
129941,1,6555,3300,3255
129941,2,4864,2457,2407
129941,3,4759,2408,2351
129941,4,1174,556,618
129941,5,3585,1852,1733
129941,11,105,49,56
129941,12,1691,843,848
129941,19,263,147,116
129941,20,3322,1705,1617
129941,21,5342,2659,2683
129941,22,4407,2203,2204
129941,23,4407,2203,2204
129941,24,1159,551,608
129941,25,3248,1652,1596
129941,32,935,456,479
129941,39,241,137,104
129941,40,3007,1515,1492
129941,41,1213,641,572
129941,42,457,254,203
129941,43,352,205,147
129941,44,15,5,10
129941,45,337,200,137
129941,51,105,49,56
129941,52,756,387,369
129941,59,22,10,12
129941,60,315,190,125
129969,1,295,64,231
129969,2,295,64,231
129969,3,295,64,231
129969,4,111,30,81
129969,5,184,34,150
129969,20,184,34,150
129969,21,295,64,231
129969,22,295,64,231
129969,23,295,64,231
129969,24,111,30,81
129969,25,184,34,150
129969,40,184,34,150
130004,1,6556,2782,3774
130004,2,6556,2782,3774
130004,3,5133,2189,2944
130004,4,981,521,460
130004,5,4152,1668,2484
130004,11,1423,593,830
130004,19,425,186,239
130004,20,3727,1482,2245
130004,21,2180,1098,1082
130004,22,2180,1098,1082
130004,23,2016,1018,998
130004,24,646,356,290
130004,25,1370,662,708
130004,31,164,80,84
130004,39,187,100,87
130004,40,1183,562,621
130004,41,4376,1684,2692
130004,42,4376,1684,2692
130004,43,3117,1171,1946
130004,44,335,165,170
130004,45,2782,1006,1776
130004,51,1259,513,746
130004,59,238,86,152
130004,60,2544,920,1624
130040,1,1549,535,1014
130040,2,1549,535,1014
130040,3,1233,439,794
130040,4,260,110,150
130040,5,973,329,644
130040,11,316,96,220
130040,19,146,40,106
130040,20,827,289,538
130040,21,457,184,273
130040,22,457,184,273
130040,23,457,184,273
130040,24,192,80,112
130040,25,265,104,161
130040,39,57,14,43
130040,40,208,90,118
130040,41,1092,351,741
130040,42,1092,351,741
130040,43,776,255,521
130040,44,68,30,38
130040,45,708,225,483
130040,51,316,96,220
130040,59,89,26,63
130040,60,619,199,420
130110,1,155,52,103
130110,2,155,52,103
130110,3,137,40,97
130110,4,20,5,15
130110,5,117,35,82
130110,11,18,12,6
130110,19,12,1,11
130110,20,105,34,71
130110,21,112,33,79
130110,22,112,33,79
130110,23,100,27,73
130110,24,18,4,14
130110,25,82,23,59
130110,31,12,6,6
130110,39,6,1,5
130110,40,76,22,54
130110,41,43,19,24
130110,42,43,19,24
130110,43,37,13,24
130110,44,2,1,1
130110,45,35,12,23
130110,51,6,6,0
130110,59,6,0,6
130110,60,29,12,17
130129,1,503,66,437
130129,2,503,66,437
130129,3,503,66,437
130129,4,55,5,50
130129,5,448,61,387
130129,20,448,61,387
130129,21,402,56,346
130129,22,402,56,346
130129,23,402,56,346
130129,24,43,3,40
130129,25,359,53,306
130129,40,359,53,306
130129,41,101,10,91
130129,42,101,10,91
130129,43,101,10,91
130129,44,12,2,10
130129,45,89,8,81
130129,60,89,8,81
130174,1,2630,1710,920
130174,2,2630,1710,920
130174,3,2630,1710,920
130174,4,721,478,243
130174,5,1909,1232,677
130174,20,1909,1232,677
130174,21,1756,1128,628
130174,22,1756,1128,628
130174,23,1756,1128,628
130174,24,523,350,173
130174,25,1233,778,455
130174,40,1233,778,455
130174,41,874,582,292
130174,42,874,582,292
130174,43,874,582,292
130174,44,198,128,70
130174,45,676,454,222
130174,60,676,454,222
130183,1,8082,3253,4829
130183,2,7371,3032,4339
130183,3,6616,2757,3859
130183,4,1036,357,679
130183,5,5580,2400,3180
130183,11,755,275,480
130183,12,711,221,490
130183,19,909,445,464
130183,20,4671,1955,2716
130183,21,3155,1214,1941
130183,22,2903,1123,1780
130183,23,2821,1092,1729
130183,24,460,198,262
130183,25,2361,894,1467
130183,31,82,31,51
130183,32,252,91,161
130183,39,306,111,195
130183,40,2055,783,1272
130183,41,4927,2039,2888
130183,42,4468,1909,2559
130183,43,3795,1665,2130
130183,44,576,159,417
130183,45,3219,1506,1713
130183,51,673,244,429
130183,52,459,130,329
130183,59,603,334,269
130183,60,2616,1172,1444
130217,1,1929,745,1184
130217,2,1929,745,1184
130217,3,1796,694,1102
130217,4,477,217,260
130217,5,1319,477,842
130217,11,133,51,82
130217,19,161,67,94
130217,20,1158,410,748
130217,21,677,320,357
130217,22,677,320,357
130217,23,673,317,356
130217,24,279,134,145
130217,25,394,183,211
130217,31,4,3,1
130217,39,64,34,30
130217,40,330,149,181
130217,41,1252,425,827
130217,42,1252,425,827
130217,43,1123,377,746
130217,44,198,83,115
130217,45,925,294,631
130217,51,129,48,81
130217,59,97,33,64
130217,60,828,261,567
130226,1,8803,3275,5528
130226,2,6542,2496,4046
130226,3,6486,2478,4008
130226,4,1800,664,1136
130226,5,4686,1814,2872
130226,11,56,18,38
130226,12,2261,779,1482
130226,19,207,77,130
130226,20,4479,1737,2742
130226,21,7602,2807,4795
130226,22,6307,2404,3903
130226,23,6307,2404,3903
130226,24,1795,662,1133
130226,25,4512,1742,2770
130226,32,1295,403,892
130226,39,188,74,114
130226,40,4324,1668,2656
130226,41,1201,468,733
130226,42,235,92,143
130226,43,179,74,105
130226,44,5,2,3
130226,45,174,72,102
130226,51,56,18,38
130226,52,966,376,590
130226,59,19,3,16
130226,60,155,69,86
130253,1,6983,2265,4718
130253,2,4489,1621,2868
130253,3,4409,1582,2827
130253,4,1267,444,823
130253,5,3142,1138,2004
130253,11,80,39,41
130253,12,2494,644,1850
130253,19,102,51,51
130253,20,3040,1087,1953
130253,21,4542,1659,2883
130253,22,3773,1408,2365
130253,23,3771,1406,2365
130253,24,1267,444,823
130253,25,2504,962,1542
130253,31,2,2,0
130253,32,769,251,518
130253,39,97,49,48
130253,40,2407,913,1494
130253,41,2441,606,1835
130253,42,716,213,503
130253,43,638,176,462
130253,45,638,176,462
130253,51,78,37,41
130253,52,1725,393,1332
130253,59,5,2,3
130253,60,633,174,459
130314,1,2640,271,2369
130314,2,1049,21,1028
130314,3,971,12,959
130314,4,153,0,153
130314,5,818,12,806
130314,11,78,9,69
130314,12,1591,250,1341
130314,19,97,3,94
130314,20,721,9,712
130314,21,1220,97,1123
130314,22,794,6,788
130314,23,793,5,788
130314,24,153,0,153
130314,25,640,5,635
130314,31,1,1,0
130314,32,426,91,335
130314,39,53,1,52
130314,40,587,4,583
130314,41,1420,174,1246
130314,42,255,15,240
130314,43,178,7,171
130314,45,178,7,171
130314,51,77,8,69
130314,52,1165,159,1006
130314,59,44,2,42
130314,60,134,5,129
130396,1,8186,3409,4777
130396,2,8186,3409,4777
130396,3,7275,3037,4238
130396,4,1570,771,799
130396,5,5705,2266,3439
130396,11,911,372,539
130396,19,880,358,522
130396,20,4825,1908,2917
130396,21,2689,1322,1367
130396,22,2689,1322,1367
130396,23,2622,1285,1337
130396,24,835,409,426
130396,25,1787,876,911
130396,31,67,37,30
130396,39,359,170,189
130396,40,1428,706,722
130396,41,5497,2087,3410
130396,42,5497,2087,3410
130396,43,4653,1752,2901
130396,44,735,362,373
130396,45,3918,1390,2528
130396,51,844,335,509
130396,59,521,188,333
130396,60,3397,1202,2195
130448,1,827,103,724
130448,2,827,103,724
130448,3,772,94,678
130448,4,18,2,16
130448,5,754,92,662
130448,11,55,9,46
130448,19,124,12,112
130448,20,630,80,550
130448,21,165,24,141
130448,22,165,24,141
130448,23,152,23,129
130448,24,14,2,12
130448,25,138,21,117
130448,31,13,1,12
130448,39,56,5,51
130448,40,82,16,66
130448,41,662,79,583
130448,42,662,79,583
130448,43,620,71,549
130448,44,4,0,4
130448,45,616,71,545
130448,51,42,8,34
130448,59,68,7,61
130448,60,548,64,484
130493,1,10804,3887,6917
130493,2,8257,3253,5004
130493,3,8257,3253,5004
130493,4,1380,459,921
130493,5,6877,2794,4083
130493,12,2547,634,1913
130493,19,922,377,545
130493,20,5955,2417,3538
130493,21,7892,2868,5024
130493,22,7016,2676,4340
130493,23,7016,2676,4340
130493,24,1361,449,912
130493,25,5655,2227,3428
130493,32,876,192,684
130493,39,764,312,452
130493,40,4891,1915,2976
130493,41,2912,1019,1893
130493,42,1241,577,664
130493,43,1241,577,664
130493,44,19,10,9
130493,45,1222,567,655
130493,52,1671,442,1229
130493,59,158,65,93
130493,60,1064,502,562
130509,1,422,44,378
130509,2,422,44,378
130509,3,422,44,378
130509,4,185,24,161
130509,5,237,20,217
130509,20,237,20,217
130509,21,311,32,279
130509,22,311,32,279
130509,23,311,32,279
130509,24,151,18,133
130509,25,160,14,146
130509,40,160,14,146
130509,41,111,12,99
130509,42,111,12,99
130509,43,111,12,99
130509,44,34,6,28
130509,45,77,6,71
130509,60,77,6,71
130581,1,112,32,80
130581,12,112,32,80
130581,21,90,26,64
130581,32,90,26,64
130581,41,22,6,16
130581,52,22,6,16
130590,1,2390,1217,1173
130590,2,2301,1176,1125
130590,3,2239,1150,1089
130590,4,604,317,287
130590,5,1635,833,802
130590,11,62,26,36
130590,12,89,41,48
130590,19,30,16,14
130590,20,1605,817,788
130590,21,2188,1115,1073
130590,22,2184,1115,1069
130590,23,2139,1099,1040
130590,24,604,317,287
130590,25,1535,782,753
130590,31,45,16,29
130590,32,4,0,4
130590,39,15,10,5
130590,40,1520,772,748
130590,41,202,102,100
130590,42,117,61,56
130590,43,100,51,49
130590,45,100,51,49
130590,51,17,10,7
130590,52,85,41,44
130590,59,15,6,9
130590,60,85,45,40
130606,1,4547,1989,2558
130606,2,4547,1989,2558
130606,3,3781,1660,2121
130606,4,803,383,420
130606,5,2978,1277,1701
130606,11,766,329,437
130606,19,369,152,217
130606,20,2609,1125,1484
130606,21,1688,804,884
130606,22,1688,804,884
130606,23,1634,771,863
130606,24,526,254,272
130606,25,1108,517,591
130606,31,54,33,21
130606,39,173,74,99
130606,40,935,443,492
130606,41,2859,1185,1674
130606,42,2859,1185,1674
130606,43,2147,889,1258
130606,44,277,129,148
130606,45,1870,760,1110
130606,51,712,296,416
130606,59,196,78,118
130606,60,1674,682,992
130624,1,902,597,305
130624,2,902,597,305
130624,3,902,597,305
130624,4,217,140,77
130624,5,685,457,228
130624,20,685,457,228
130624,21,902,597,305
130624,22,902,597,305
130624,23,902,597,305
130624,24,217,140,77
130624,25,685,457,228
130624,40,685,457,228
130697,1,3205,1539,1666
130697,2,2906,1402,1504
130697,3,2888,1396,1492
130697,4,741,344,397
130697,5,2147,1052,1095
130697,11,18,6,12
130697,12,299,137,162
130697,19,50,27,23
130697,20,2097,1025,1072
130697,21,3091,1496,1595
130697,22,2899,1401,1498
130697,23,2888,1396,1492
130697,24,741,344,397
130697,25,2147,1052,1095
130697,31,11,5,6
130697,32,192,95,97
130697,39,50,27,23
130697,40,2097,1025,1072
130697,41,114,43,71
130697,42,7,1,6
130697,51,7,1,6
130697,52,107,42,65
130776,1,6025,2752,3273
130776,2,5492,2563,2929
130776,3,5184,2378,2806
130776,4,797,389,408
130776,5,4387,1989,2398
130776,11,308,185,123
130776,12,533,189,344
130776,19,567,270,297
130776,20,3820,1719,2101
130776,21,4465,2093,2372
130776,22,4394,2069,2325
130776,23,4388,2064,2324
130776,24,784,381,403
130776,25,3604,1683,1921
130776,31,6,5,1
130776,32,71,24,47
130776,39,451,232,219
130776,40,3153,1451,1702
130776,41,1560,659,901
130776,42,1098,494,604
130776,43,796,314,482
130776,44,13,8,5
130776,45,783,306,477
130776,51,302,180,122
130776,52,462,165,297
130776,59,116,38,78
130776,60,667,268,399
130785,1,10,1,9
130785,12,10,1,9
130785,21,10,1,9
130785,32,10,1,9
130794,1,12109,6148,5961
130794,2,5430,2753,2677
130794,3,5422,2745,2677
130794,4,1358,677,681
130794,5,4064,2068,1996
130794,11,8,8,0
130794,12,6679,3395,3284
130794,19,26,15,11
130794,20,4038,2053,1985
130794,21,11927,6075,5852
130794,22,5424,2748,2676
130794,23,5416,2740,2676
130794,24,1358,677,681
130794,25,4058,2063,1995
130794,31,8,8,0
130794,32,6503,3327,3176
130794,39,26,15,11
130794,40,4032,2048,1984
130794,41,182,73,109
130794,42,6,5,1
130794,43,6,5,1
130794,45,6,5,1
130794,52,176,68,108
130794,60,6,5,1
130837,1,55,5,50
130837,2,55,5,50
130837,3,55,5,50
130837,5,55,5,50
130837,20,55,5,50
130837,21,55,5,50
130837,22,55,5,50
130837,23,55,5,50
130837,25,55,5,50
130837,40,55,5,50
130873,1,638,50,588
130873,2,638,50,588
130873,3,638,50,588
130873,4,81,7,74
130873,5,557,43,514
130873,20,557,43,514
130873,21,638,50,588
130873,22,638,50,588
130873,23,638,50,588
130873,24,81,7,74
130873,25,557,43,514
130873,40,557,43,514
130891,1,4429,1675,2754
130891,2,4429,1675,2754
130891,3,3978,1494,2484
130891,4,881,406,475
130891,5,3097,1088,2009
130891,11,451,181,270
130891,19,165,76,89
130891,20,2932,1012,1920
130891,21,1980,867,1113
130891,22,1980,867,1113
130891,23,1975,864,1111
130891,24,733,336,397
130891,25,1242,528,714
130891,31,5,3,2
130891,39,90,49,41
130891,40,1152,479,673
130891,41,2449,808,1641
130891,42,2449,808,1641
130891,43,2003,630,1373
130891,44,148,70,78
130891,45,1855,560,1295
130891,51,446,178,268
130891,59,75,27,48
130891,60,1780,533,1247
130907,1,3031,1130,1901
130907,2,3031,1130,1901
130907,3,2857,1065,1792
130907,4,659,292,367
130907,5,2198,773,1425
130907,11,174,65,109
130907,19,145,54,91
130907,20,2053,719,1334
130907,21,1444,601,843
130907,22,1444,601,843
130907,23,1431,592,839
130907,24,523,230,293
130907,25,908,362,546
130907,31,13,9,4
130907,39,82,33,49
130907,40,826,329,497
130907,41,1587,529,1058
130907,42,1587,529,1058
130907,43,1426,473,953
130907,44,136,62,74
130907,45,1290,411,879
130907,51,161,56,105
130907,59,63,21,42
130907,60,1227,390,837
130916,1,7030,2920,4110
130916,2,7030,2920,4110
130916,3,6492,2667,3825
130916,4,1304,622,682
130916,5,5188,2045,3143
130916,11,538,253,285
130916,19,288,132,156
130916,20,4900,1913,2987
130916,21,2615,1243,1372
130916,22,2615,1243,1372
130916,23,2569,1222,1347
130916,24,953,464,489
130916,25,1616,758,858
130916,31,46,21,25
130916,39,147,77,70
130916,40,1469,681,788
130916,41,4415,1677,2738
130916,42,4415,1677,2738
130916,43,3923,1445,2478
130916,44,351,158,193
130916,45,3572,1287,2285
130916,51,492,232,260
130916,59,141,55,86
130916,60,3431,1232,2199
130934,1,4336,1618,2718
130934,2,3892,1463,2429
130934,3,3719,1400,2319
130934,4,922,344,578
130934,5,2797,1056,1741
130934,11,173,63,110
130934,12,444,155,289
130934,19,216,92,124
130934,20,2581,964,1617
130934,21,3926,1457,2469
130934,22,3579,1334,2245
130934,23,3487,1298,2189
130934,24,907,337,570
130934,25,2580,961,1619
130934,31,92,36,56
130934,32,347,123,224
130934,39,181,81,100
130934,40,2399,880,1519
130934,41,410,161,249
130934,42,313,129,184
130934,43,232,102,130
130934,44,15,7,8
130934,45,217,95,122
130934,51,81,27,54
130934,52,97,32,65
130934,59,35,11,24
130934,60,182,84,98
130943,1,22166,9778,12388
130943,2,18487,7954,10533
130943,3,17729,7594,10135
130943,4,4224,1746,2478
130943,5,13505,5848,7657
130943,11,758,360,398
130943,12,3679,1824,1855
130943,19,484,216,268
130943,20,13021,5632,7389
130943,21,19685,8607,11078
130943,22,16852,7173,9679
130943,23,16846,7170,9676
130943,24,4210,1740,2470
130943,25,12636,5430,7206
130943,31,6,3,3
130943,32,2833,1434,1399
130943,39,422,199,223
130943,40,12214,5231,6983
130943,41,2481,1171,1310
130943,42,1635,781,854
130943,43,883,424,459
130943,44,14,6,8
130943,45,869,418,451
130943,51,752,357,395
130943,52,846,390,456
130943,59,62,17,45
130943,60,807,401,406
130989,1,1868,1129,739
130989,2,554,256,298
130989,3,548,256,292
130989,4,100,42,58
130989,5,448,214,234
130989,11,6,0,6
130989,12,1314,873,441
130989,19,58,34,24
130989,20,390,180,210
130989,21,429,204,225
130989,22,401,193,208
130989,23,401,193,208
130989,24,93,39,54
130989,25,308,154,154
130989,32,28,11,17
130989,39,43,29,14
130989,40,265,125,140
130989,41,1439,925,514
130989,42,153,63,90
130989,43,147,63,84
130989,44,7,3,4
130989,45,140,60,80
130989,51,6,0,6
130989,52,1286,862,424
130989,59,15,5,10
130989,60,125,55,70
131061,1,146,3,143
131061,2,146,3,143
131061,3,146,3,143
131061,4,70,2,68
131061,5,76,1,75
131061,20,76,1,75
131061,21,95,2,93
131061,22,95,2,93
131061,23,95,2,93
131061,24,53,1,52
131061,25,42,1,41
131061,40,42,1,41
131061,41,51,1,50
131061,42,51,1,50
131061,43,51,1,50
131061,44,17,1,16
131061,45,34,0,34
131061,60,34,0,34
131098,1,1655,777,878
131098,2,1600,761,839
131098,3,1481,678,803
131098,4,463,245,218
131098,5,1018,433,585
131098,11,119,83,36
131098,12,55,16,39
131098,19,132,52,80
131098,20,886,381,505
131098,21,1463,670,793
131098,22,1416,657,759
131098,23,1407,655,752
131098,24,463,245,218
131098,25,944,410,534
131098,31,9,2,7
131098,32,47,13,34
131098,39,123,48,75
131098,40,821,362,459
131098,41,192,107,85
131098,42,184,104,80
131098,43,74,23,51
131098,45,74,23,51
131098,51,110,81,29
131098,52,8,3,5
131098,59,9,4,5
131098,60,65,19,46
131113,1,13621,4640,8981
131113,2,8611,3033,5578
131113,3,8475,2975,5500
131113,4,840,383,457
131113,5,7635,2592,5043
131113,11,136,58,78
131113,12,5010,1607,3403
131113,19,1406,463,943
131113,20,6229,2129,4100
131113,21,4698,1905,2793
131113,22,3509,1446,2063
131113,23,3507,1445,2062
131113,24,368,189,179
131113,25,3139,1256,1883
131113,31,2,1,1
131113,32,1189,459,730
131113,39,668,266,402
131113,40,2471,990,1481
131113,41,8923,2735,6188
131113,42,5102,1587,3515
131113,43,4968,1530,3438
131113,44,472,194,278
131113,45,4496,1336,3160
131113,51,134,57,77
131113,52,3821,1148,2673
131113,59,738,197,541
131113,60,3758,1139,2619
131159,1,12818,5041,7777
131159,2,7340,2885,4455
131159,3,6829,2662,4167
131159,4,1626,556,1070
131159,5,5203,2106,3097
131159,11,511,223,288
131159,12,5478,2156,3322
131159,19,271,128,143
131159,20,4932,1978,2954
131159,21,10233,3989,6244
131159,22,6985,2714,4271
131159,23,6593,2555,4038
131159,24,1623,556,1067
131159,25,4970,1999,2971
131159,31,392,159,233
131159,32,3248,1275,1973
131159,39,248,122,126
131159,40,4722,1877,2845
131159,41,2585,1052,1533
131159,42,355,171,184
131159,43,236,107,129
131159,44,3,0,3
131159,45,233,107,126
131159,51,119,64,55
131159,52,2230,881,1349
131159,59,23,6,17
131159,60,210,101,109
131283,1,6725,3188,3537
131283,2,3713,1701,2012
131283,3,3641,1677,1964
131283,4,837,401,436
131283,5,2804,1276,1528
131283,11,72,24,48
131283,12,3012,1487,1525
131283,19,93,60,33
131283,20,2711,1216,1495
131283,21,4756,2289,2467
131283,22,3456,1605,1851
131283,23,3446,1599,1847
131283,24,836,400,436
131283,25,2610,1199,1411
131283,31,10,6,4
131283,32,1300,684,616
131283,39,90,57,33
131283,40,2520,1142,1378
131283,41,1969,899,1070
131283,42,257,96,161
131283,43,195,78,117
131283,44,1,1,0
131283,45,194,77,117
131283,51,62,18,44
131283,52,1712,803,909
131283,59,3,3,0
131283,60,191,74,117
131308,1,548,138,410
131308,2,323,99,224
131308,3,275,90,185
131308,4,36,10,26
131308,5,239,80,159
131308,11,48,9,39
131308,12,225,39,186
131308,19,32,14,18
131308,20,207,66,141
131308,21,362,108,254
131308,22,224,83,141
131308,23,224,83,141
131308,24,36,10,26
131308,25,188,73,115
131308,32,138,25,113
131308,39,22,12,10
131308,40,166,61,105
131308,41,186,30,156
131308,42,99,16,83
131308,43,51,7,44
131308,45,51,7,44
131308,51,48,9,39
131308,52,87,14,73
131308,59,10,2,8
131308,60,41,5,36
131399,1,5011,1851,3160
131399,2,4712,1721,2991
131399,3,4487,1634,2853
131399,4,562,235,327
131399,5,3925,1399,2526
131399,11,225,87,138
131399,12,299,130,169
131399,19,386,172,214
131399,20,3539,1227,2312
131399,21,2199,921,1278
131399,22,1986,835,1151
131399,23,1968,827,1141
131399,24,241,123,118
131399,25,1727,704,1023
131399,31,18,8,10
131399,32,213,86,127
131399,39,218,115,103
131399,40,1509,589,920
131399,41,2812,930,1882
131399,42,2726,886,1840
131399,43,2519,807,1712
131399,44,321,112,209
131399,45,2198,695,1503
131399,51,207,79,128
131399,52,86,44,42
131399,59,168,57,111
131399,60,2030,638,1392
131405,1,119,98,21
131405,12,119,98,21
131405,21,84,80,4
131405,32,84,80,4
131405,41,35,18,17
131405,52,35,18,17
131450,1,1561,622,939
131450,2,1077,500,577
131450,3,1053,490,563
131450,4,201,87,114
131450,5,852,403,449
131450,11,24,10,14
131450,12,484,122,362
131450,19,85,32,53
131450,20,767,371,396
131450,21,1367,549,818
131450,22,1006,467,539
131450,23,1006,467,539
131450,24,200,86,114
131450,25,806,381,425
131450,32,361,82,279
131450,39,84,31,53
131450,40,722,350,372
131450,41,194,73,121
131450,42,71,33,38
131450,43,47,23,24
131450,44,1,1,0
131450,45,46,22,24
131450,51,24,10,14
131450,52,123,40,83
131450,59,1,1,0
131450,60,45,21,24
131469,1,25264,11115,14149
131469,2,10357,4627,5730
131469,3,10121,4515,5606
131469,4,2356,1084,1272
131469,5,7765,3431,4334
131469,11,236,112,124
131469,12,14907,6488,8419
131469,19,438,191,247
131469,20,7327,3240,4087
131469,21,17109,7598,9511
131469,22,9609,4215,5394
131469,23,9525,4182,5343
131469,24,2348,1078,1270
131469,25,7177,3104,4073
131469,31,84,33,51
131469,32,7500,3383,4117
131469,39,338,143,195
131469,40,6839,2961,3878
131469,41,8155,3517,4638
131469,42,748,412,336
131469,43,596,333,263
131469,44,8,6,2
131469,45,588,327,261
131469,51,152,79,73
131469,52,7407,3105,4302
131469,59,100,48,52
131469,60,488,279,209
131496,1,17849,8264,9585
131496,2,7636,3430,4206
131496,3,7261,3282,3979
131496,4,1594,723,871
131496,5,5667,2559,3108
131496,11,375,148,227
131496,12,10213,4834,5379
131496,19,225,123,102
131496,20,5442,2436,3006
131496,21,14407,6862,7545
131496,22,7300,3274,4026
131496,23,7057,3180,3877
131496,24,1593,722,871
131496,25,5464,2458,3006
131496,31,243,94,149
131496,32,7107,3588,3519
131496,39,225,123,102
131496,40,5239,2335,2904
131496,41,3442,1402,2040
131496,42,336,156,180
131496,43,204,102,102
131496,44,1,1,0
131496,45,203,101,102
131496,51,132,54,78
131496,52,3106,1246,1860
131496,60,203,101,102
131520,1,10297,3576,6721
131520,2,6974,2288,4686
131520,3,6855,2236,4619
131520,4,1594,464,1130
131520,5,5261,1772,3489
131520,11,119,52,67
131520,12,3323,1288,2035
131520,19,340,123,217
131520,20,4921,1649,3272
131520,21,9123,3114,6009
131520,22,6495,2087,4408
131520,23,6435,2055,4380
131520,24,1576,456,1120
131520,25,4859,1599,3260
131520,31,60,32,28
131520,32,2628,1027,1601
131520,39,296,102,194
131520,40,4563,1497,3066
131520,41,1174,462,712
131520,42,479,201,278
131520,43,420,181,239
131520,44,18,8,10
131520,45,402,173,229
131520,51,59,20,39
131520,52,695,261,434
131520,59,44,21,23
131520,60,358,152,206
131742,1,1373,195,1178
131742,2,1373,195,1178
131742,3,1373,195,1178
131742,4,442,46,396
131742,5,931,149,782
131742,19,53,5,48
131742,20,878,144,734
131742,21,1373,195,1178
131742,22,1373,195,1178
131742,23,1373,195,1178
131742,24,442,46,396
131742,25,931,149,782
131742,39,53,5,48
131742,40,878,144,734
131803,1,1372,534,838
131803,2,883,346,537
131803,3,871,340,531
131803,4,105,42,63
131803,5,766,298,468
131803,11,12,6,6
131803,12,489,188,301
131803,19,79,30,49
131803,20,687,268,419
131803,21,236,114,122
131803,22,111,61,50
131803,23,109,60,49
131803,24,10,6,4
131803,25,99,54,45
131803,31,2,1,1
131803,32,125,53,72
131803,39,11,7,4
131803,40,88,47,41
131803,41,1136,420,716
131803,42,772,285,487
131803,43,762,280,482
131803,44,95,36,59
131803,45,667,244,423
131803,51,10,5,5
131803,52,364,135,229
131803,59,68,23,45
131803,60,599,221,378
131830,1,37,18,19
131830,2,37,18,19
131830,3,37,18,19
131830,4,4,2,2
131830,5,33,16,17
131830,20,33,16,17
131830,21,37,18,19
131830,22,37,18,19
131830,23,37,18,19
131830,24,4,2,2
131830,25,33,16,17
131830,40,33,16,17
131876,1,2506,197,2309
131876,2,1853,84,1769
131876,3,1810,76,1734
131876,4,274,2,272
131876,5,1536,74,1462
131876,11,43,8,35
131876,12,653,113,540
131876,19,260,19,241
131876,20,1276,55,1221
131876,21,1301,43,1258
131876,22,1199,22,1177
131876,23,1199,22,1177
131876,24,266,0,266
131876,25,933,22,911
131876,32,102,21,81
131876,39,137,5,132
131876,40,796,17,779
131876,41,1205,154,1051
131876,42,654,62,592
131876,43,611,54,557
131876,44,8,2,6
131876,45,603,52,551
131876,51,43,8,35
131876,52,551,92,459
131876,59,123,14,109
131876,60,480,38,442
131973,1,628,320,308
131973,12,628,320,308
131973,21,393,227,166
131973,32,393,227,166
131973,41,235,93,142
131973,52,235,93,142
132268,1,689,655,34
132268,2,689,655,34
132268,3,689,655,34
132268,4,197,190,7
132268,5,492,465,27
132268,19,5,5,0
132268,20,487,460,27
132268,21,689,655,34
132268,22,689,655,34
132268,23,689,655,34
132268,24,197,190,7
132268,25,492,465,27
132268,39,5,5,0
132268,40,487,460,27
132338,1,1924,925,999
132338,2,1924,925,999
132338,3,1924,925,999
132338,4,422,210,212
132338,5,1502,715,787
132338,19,182,65,117
132338,20,1320,650,670
132338,21,1112,540,572
132338,22,1112,540,572
132338,23,1112,540,572
132338,24,337,173,164
132338,25,775,367,408
132338,39,140,56,84
132338,40,635,311,324
132338,41,812,385,427
132338,42,812,385,427
132338,43,812,385,427
132338,44,85,37,48
132338,45,727,348,379
132338,59,42,9,33
132338,60,685,339,346
132374,1,902,538,364
132374,2,902,538,364
132374,3,902,538,364
132374,4,512,306,206
132374,5,390,232,158
132374,20,390,232,158
132374,21,902,538,364
132374,22,902,538,364
132374,23,902,538,364
132374,24,512,306,206
132374,25,390,232,158
132374,40,390,232,158
132408,1,529,339,190
132408,2,507,321,186
132408,3,499,315,184
132408,4,48,22,26
132408,5,451,293,158
132408,11,8,6,2
132408,12,22,18,4
132408,19,56,37,19
132408,20,395,256,139
132408,21,398,246,152
132408,22,387,237,150
132408,23,385,236,149
132408,24,43,20,23
132408,25,342,216,126
132408,31,2,1,1
132408,32,11,9,2
132408,39,41,26,15
132408,40,301,190,111
132408,41,131,93,38
132408,42,120,84,36
132408,43,114,79,35
132408,44,5,2,3
132408,45,109,77,32
132408,51,6,5,1
132408,52,11,9,2
132408,59,15,11,4
132408,60,94,66,28
132471,1,9030,3069,5961
132471,2,4341,1657,2684
132471,3,4284,1630,2654
132471,4,564,194,370
132471,5,3720,1436,2284
132471,11,57,27,30
132471,12,4689,1412,3277
132471,19,709,282,427
132471,20,3011,1154,1857
132471,21,5887,2150,3737
132471,22,3619,1327,2292
132471,23,3592,1316,2276
132471,24,562,193,369
132471,25,3030,1123,1907
132471,31,27,11,16
132471,32,2268,823,1445
132471,39,506,180,326
132471,40,2524,943,1581
132471,41,3143,919,2224
132471,42,722,330,392
132471,43,692,314,378
132471,44,2,1,1
132471,45,690,313,377
132471,51,30,16,14
132471,52,2421,589,1832
132471,59,203,102,101
132471,60,487,211,276
132523,1,35,15,20
132523,12,35,15,20
132523,21,35,15,20
132523,32,35,15,20
132602,1,3787,1548,2239
132602,2,3724,1516,2208
132602,3,3723,1516,2207
132602,4,1023,416,607
132602,5,2700,1100,1600
132602,11,1,0,1
132602,12,63,32,31
132602,19,173,83,90
132602,20,2527,1017,1510
132602,21,3671,1503,2168
132602,22,3611,1472,2139
132602,23,3610,1472,2138
132602,24,1017,413,604
132602,25,2593,1059,1534
132602,31,1,0,1
132602,32,60,31,29
132602,39,167,78,89
132602,40,2426,981,1445
132602,41,116,45,71
132602,42,113,44,69
132602,43,113,44,69
132602,44,6,3,3
132602,45,107,41,66
132602,52,3,1,2
132602,59,6,5,1
132602,60,101,36,65
132657,1,2297,1174,1123
132657,2,1785,945,840
132657,3,1732,917,815
132657,4,456,245,211
132657,5,1276,672,604
132657,11,53,28,25
132657,12,512,229,283
132657,19,173,107,66
132657,20,1103,565,538
132657,21,1945,990,955
132657,22,1634,865,769
132657,23,1633,864,769
132657,24,451,243,208
132657,25,1182,621,561
132657,31,1,1,0
132657,32,311,125,186
132657,39,162,99,63
132657,40,1020,522,498
132657,41,352,184,168
132657,42,151,80,71
132657,43,99,53,46
132657,44,5,2,3
132657,45,94,51,43
132657,51,52,27,25
132657,52,201,104,97
132657,59,11,8,3
132657,60,83,43,40
132666,1,129,39,90
132666,2,129,39,90
132666,3,129,39,90
132666,4,8,1,7
132666,5,121,38,83
132666,20,121,38,83
132666,21,129,39,90
132666,22,129,39,90
132666,23,129,39,90
132666,24,8,1,7
132666,25,121,38,83
132666,40,121,38,83
132675,1,140,76,64
132675,2,140,76,64
132675,3,139,75,64
132675,4,92,45,47
132675,5,47,30,17
132675,11,1,1,0
132675,20,47,30,17
132675,21,120,70,50
132675,22,120,70,50
132675,23,120,70,50
132675,24,82,43,39
132675,25,38,27,11
132675,40,38,27,11
132675,41,20,6,14
132675,42,20,6,14
132675,43,19,5,14
132675,44,10,2,8
132675,45,9,3,6
132675,51,1,1,0
132675,60,9,3,6
132693,1,16711,7042,9669
132693,2,16711,7042,9669
132693,3,12736,5533,7203
132693,4,2501,1210,1291
132693,5,10235,4323,5912
132693,11,3975,1509,2466
132693,19,656,276,380
132693,20,9579,4047,5532
132693,21,5929,2862,3067
132693,22,5929,2862,3067
132693,23,5350,2635,2715
132693,24,1581,776,805
132693,25,3769,1859,1910
132693,31,579,227,352
132693,39,324,163,161
132693,40,3445,1696,1749
132693,41,10782,4180,6602
132693,42,10782,4180,6602
132693,43,7386,2898,4488
132693,44,920,434,486
132693,45,6466,2464,4002
132693,51,3396,1282,2114
132693,59,332,113,219
132693,60,6134,2351,3783
132709,1,43883,18035,25848
132709,2,43883,18035,25848
132709,3,39162,16273,22889
132709,4,8052,3733,4319
132709,5,31110,12540,18570
132709,11,4721,1762,2959
132709,19,1878,774,1104
132709,20,29232,11766,17466
132709,21,13342,6048,7294
132709,22,13342,6048,7294
132709,23,12560,5740,6820
132709,24,4003,1904,2099
132709,25,8557,3836,4721
132709,31,782,308,474
132709,39,615,311,304
132709,40,7942,3525,4417
132709,41,30541,11987,18554
132709,42,30541,11987,18554
132709,43,26602,10533,16069
132709,44,4049,1829,2220
132709,45,22553,8704,13849
132709,51,3939,1454,2485
132709,59,1263,463,800
132709,60,21290,8241,13049
132806,1,59,20,39
132806,2,59,20,39
132806,3,59,20,39
132806,5,59,20,39
132806,20,59,20,39
132806,21,59,20,39
132806,22,59,20,39
132806,23,59,20,39
132806,25,59,20,39
132806,40,59,20,39
132842,1,991,200,791
132842,2,294,75,219
132842,3,263,64,199
132842,4,10,4,6
132842,5,253,60,193
132842,11,31,11,20
132842,12,697,125,572
132842,19,53,11,42
132842,20,200,49,151
132842,21,591,131,460
132842,22,175,50,125
132842,23,147,40,107
132842,24,9,4,5
132842,25,138,36,102
132842,31,28,10,18
132842,32,416,81,335
132842,39,34,9,25
132842,40,104,27,77
132842,41,400,69,331
132842,42,119,25,94
132842,43,116,24,92
132842,44,1,0,1
132842,45,115,24,91
132842,51,3,1,2
132842,52,281,44,237
132842,59,19,2,17
132842,60,96,22,74
132851,1,8162,3089,5073
132851,2,8162,3089,5073
132851,3,7113,2707,4406
132851,4,1375,595,780
132851,5,5738,2112,3626
132851,11,1049,382,667
132851,19,188,76,112
132851,20,5550,2036,3514
132851,21,3048,1273,1775
132851,22,3048,1273,1775
132851,23,2840,1199,1641
132851,24,827,359,468
132851,25,2013,840,1173
132851,31,208,74,134
132851,39,65,23,42
132851,40,1948,817,1131
132851,41,5114,1816,3298
132851,42,5114,1816,3298
132851,43,4273,1508,2765
132851,44,548,236,312
132851,45,3725,1272,2453
132851,51,841,308,533
132851,59,123,53,70
132851,60,3602,1219,2383
132879,1,302,156,146
132879,2,302,156,146
132879,3,299,154,145
132879,4,47,30,17
132879,5,252,124,128
132879,11,3,2,1
132879,19,38,23,15
132879,20,214,101,113
132879,21,232,126,106
132879,22,232,126,106
132879,23,232,126,106
132879,24,44,29,15
132879,25,188,97,91
132879,39,26,16,10
132879,40,162,81,81
132879,41,70,30,40
132879,42,70,30,40
132879,43,67,28,39
132879,44,3,1,2
132879,45,64,27,37
132879,51,3,2,1
132879,59,12,7,5
132879,60,52,20,32
132903,1,59589,26844,32745
132903,2,51333,23288,28045
132903,3,50919,23111,27808
132903,4,6047,2718,3329
132903,5,44872,20393,24479
132903,11,414,177,237
132903,12,8256,3556,4700
132903,19,7531,3200,4331
132903,20,37341,17193,20148
132903,21,39966,18105,21861
132903,22,36229,16510,19719
132903,23,36096,16452,19644
132903,24,5833,2634,3199
132903,25,30263,13818,16445
132903,31,133,58,75
132903,32,3737,1595,2142
132903,39,4499,1979,2520
132903,40,25764,11839,13925
132903,41,19623,8739,10884
132903,42,15104,6778,8326
132903,43,14823,6659,8164
132903,44,214,84,130
132903,45,14609,6575,8034
132903,51,281,119,162
132903,52,4519,1961,2558
132903,59,3032,1221,1811
132903,60,11577,5354,6223
132976,1,567,276,291
132976,2,567,276,291
132976,3,225,91,134
132976,4,128,50,78
132976,5,97,41,56
132976,11,342,185,157
132976,20,97,41,56
132976,21,225,91,134
132976,22,225,91,134
132976,23,225,91,134
132976,24,128,50,78
132976,25,97,41,56
132976,40,97,41,56
132976,41,342,185,157
132976,42,342,185,157
132976,51,342,185,157
133021,1,2160,795,1365
133021,2,2160,795,1365
133021,3,1635,604,1031
133021,4,407,166,241
133021,5,1228,438,790
133021,11,525,191,334
133021,19,122,34,88
133021,20,1106,404,702
133021,21,942,382,560
133021,22,942,382,560
133021,23,909,372,537
133021,24,340,138,202
133021,25,569,234,335
133021,31,33,10,23
133021,39,53,19,34
133021,40,516,215,301
133021,41,1218,413,805
133021,42,1218,413,805
133021,43,726,232,494
133021,44,67,28,39
133021,45,659,204,455
133021,51,492,181,311
133021,59,69,15,54
133021,60,590,189,401
133085,1,505,261,244
133085,2,495,256,239
133085,3,491,254,237
133085,4,126,65,61
133085,5,365,189,176
133085,11,4,2,2
133085,12,10,5,5
133085,19,47,25,22
133085,20,318,164,154
133085,21,479,248,231
133085,22,475,247,228
133085,23,474,247,227
133085,24,125,65,60
133085,25,349,182,167
133085,31,1,0,1
133085,32,4,1,3
133085,39,46,25,21
133085,40,303,157,146
133085,41,26,13,13
133085,42,20,9,11
133085,43,17,7,10
133085,44,1,0,1
133085,45,16,7,9
133085,51,3,2,1
133085,52,6,4,2
133085,59,1,0,1
133085,60,15,7,8
133155,1,614,270,344
133155,2,614,270,344
133155,3,614,270,344
133155,4,303,133,170
133155,5,311,137,174
133155,20,311,137,174
133155,21,307,145,162
133155,22,307,145,162
133155,23,307,145,162
133155,24,144,67,77
133155,25,163,78,85
133155,40,163,78,85
133155,41,307,125,182
133155,42,307,125,182
133155,43,307,125,182
133155,44,159,66,93
133155,45,148,59,89
133155,60,148,59,89
133386,1,14865,6001,8864
133386,2,14865,6001,8864
133386,3,12993,5359,7634
133386,4,2325,1099,1226
133386,5,10668,4260,6408
133386,11,1872,642,1230
133386,19,909,392,517
133386,20,9759,3868,5891
133386,21,6156,2788,3368
133386,22,6156,2788,3368
133386,23,5708,2638,3070
133386,24,1497,713,784
133386,25,4211,1925,2286
133386,31,448,150,298
133386,39,457,222,235
133386,40,3754,1703,2051
133386,41,8709,3213,5496
133386,42,8709,3213,5496
133386,43,7285,2721,4564
133386,44,828,386,442
133386,45,6457,2335,4122
133386,51,1424,492,932
133386,59,452,170,282
133386,60,6005,2165,3840
133465,1,1109,256,853
133465,2,973,235,738
133465,3,972,235,737
133465,4,61,22,39
133465,5,911,213,698
133465,11,1,0,1
133465,12,136,21,115
133465,19,237,54,183
133465,20,674,159,515
133465,21,488,140,348
133465,22,467,134,333
133465,23,467,134,333
133465,24,31,11,20
133465,25,436,123,313
133465,32,21,6,15
133465,39,91,29,62
133465,40,345,94,251
133465,41,621,116,505
133465,42,506,101,405
133465,43,505,101,404
133465,44,30,11,19
133465,45,475,90,385
133465,51,1,0,1
133465,52,115,15,100
133465,59,146,25,121
133465,60,329,65,264
133492,1,2173,844,1329
133492,2,2173,844,1329
133492,3,2163,840,1323
133492,4,455,162,293
133492,5,1708,678,1030
133492,11,10,4,6
133492,19,88,34,54
133492,20,1620,644,976
133492,21,1947,761,1186
133492,22,1947,761,1186
133492,23,1941,759,1182
133492,24,452,162,290
133492,25,1489,597,892
133492,31,6,2,4
133492,39,68,28,40
133492,40,1421,569,852
133492,41,226,83,143
133492,42,226,83,143
133492,43,222,81,141
133492,44,3,0,3
133492,45,219,81,138
133492,51,4,2,2
133492,59,20,6,14
133492,60,199,75,124
133508,1,15423,6163,9260
133508,2,15423,6163,9260
133508,3,12850,5203,7647
133508,4,2926,1337,1589
133508,5,9924,3866,6058
133508,11,2573,960,1613
133508,19,722,294,428
133508,20,9202,3572,5630
133508,21,5040,2132,2908
133508,22,5040,2132,2908
133508,23,4717,2035,2682
133508,24,1779,804,975
133508,25,2938,1231,1707
133508,31,323,97,226
133508,39,270,136,134
133508,40,2668,1095,1573
133508,41,10383,4031,6352
133508,42,10383,4031,6352
133508,43,8133,3168,4965
133508,44,1147,533,614
133508,45,6986,2635,4351
133508,51,2250,863,1387
133508,59,452,158,294
133508,60,6534,2477,4057
133526,1,862,461,401
133526,2,862,461,401
133526,3,862,461,401
133526,4,208,129,79
133526,5,654,332,322
133526,19,10,7,3
133526,20,644,325,319
133526,21,845,451,394
133526,22,845,451,394
133526,23,845,451,394
133526,24,204,127,77
133526,25,641,324,317
133526,39,10,7,3
133526,40,631,317,314
133526,41,17,10,7
133526,42,17,10,7
133526,43,17,10,7
133526,44,4,2,2
133526,45,13,8,5
133526,60,13,8,5
133553,1,5279,4323,956
133553,2,4679,3885,794
133553,3,4666,3875,791
133553,4,944,763,181
133553,5,3722,3112,610
133553,11,13,10,3
133553,12,600,438,162
133553,19,282,240,42
133553,20,3440,2872,568
133553,21,4831,3964,867
133553,22,4359,3619,740
133553,23,4355,3616,739
133553,24,941,761,180
133553,25,3414,2855,559
133553,31,4,3,1
133553,32,472,345,127
133553,39,277,235,42
133553,40,3137,2620,517
133553,41,448,359,89
133553,42,320,266,54
133553,43,311,259,52
133553,44,3,2,1
133553,45,308,257,51
133553,51,9,7,2
133553,52,128,93,35
133553,59,5,5,0
133553,60,303,252,51
133650,1,10743,4136,6607
133650,2,8930,3466,5464
133650,3,8825,3407,5418
133650,4,1277,467,810
133650,5,7548,2940,4608
133650,11,105,59,46
133650,12,1813,670,1143
133650,19,396,169,227
133650,20,7152,2771,4381
133650,21,9597,3668,5929
133650,22,8040,3081,4959
133650,23,8022,3067,4955
133650,24,1273,465,808
133650,25,6749,2602,4147
133650,31,18,14,4
133650,32,1557,587,970
133650,39,344,151,193
133650,40,6405,2451,3954
133650,41,1146,468,678
133650,42,890,385,505
133650,43,803,340,463
133650,44,4,2,2
133650,45,799,338,461
133650,51,87,45,42
133650,52,256,83,173
133650,59,52,18,34
133650,60,747,320,427
133669,1,30759,13178,17581
133669,2,25790,11296,14494
133669,3,24685,10726,13959
133669,4,3458,1538,1920
133669,5,21227,9188,12039
133669,11,1105,570,535
133669,12,4969,1882,3087
133669,19,3276,1333,1943
133669,20,17951,7855,10096
133669,21,17779,8017,9762
133669,22,15891,7187,8704
133669,23,15566,7023,8543
133669,24,3298,1456,1842
133669,25,12268,5567,6701
133669,31,325,164,161
133669,32,1888,830,1058
133669,39,1584,712,872
133669,40,10684,4855,5829
133669,41,12980,5161,7819
133669,42,9899,4109,5790
133669,43,9119,3703,5416
133669,44,160,82,78
133669,45,8959,3621,5338
133669,51,780,406,374
133669,52,3081,1052,2029
133669,59,1692,621,1071
133669,60,7267,3000,4267
133702,1,28134,11532,16602
133702,2,28134,11532,16602
133702,3,25018,10338,14680
133702,4,3866,1753,2113
133702,5,21152,8585,12567
133702,11,3116,1194,1922
133702,19,1561,676,885
133702,20,19591,7909,11682
133702,21,9217,4039,5178
133702,22,9217,4039,5178
133702,23,8676,3866,4810
133702,24,1923,901,1022
133702,25,6753,2965,3788
133702,31,541,173,368
133702,39,634,280,354
133702,40,6119,2685,3434
133702,41,18917,7493,11424
133702,42,18917,7493,11424
133702,43,16342,6472,9870
133702,44,1943,852,1091
133702,45,14399,5620,8779
133702,51,2575,1021,1554
133702,59,927,396,531
133702,60,13472,5224,8248
133711,1,2839,1177,1662
133711,2,2839,1177,1662
133711,3,2839,1177,1662
133711,4,708,287,421
133711,5,2131,890,1241
133711,19,186,97,89
133711,20,1945,793,1152
133711,21,2746,1133,1613
133711,22,2746,1133,1613
133711,23,2746,1133,1613
133711,24,708,287,421
133711,25,2038,846,1192
133711,39,184,95,89
133711,40,1854,751,1103
133711,41,93,44,49
133711,42,93,44,49
133711,43,93,44,49
133711,45,93,44,49
133711,59,2,2,0
133711,60,91,42,49
133809,1,558,279,279
133809,2,558,279,279
133809,3,558,279,279
133809,4,198,99,99
133809,5,360,180,180
133809,19,27,18,9
133809,20,333,162,171
133809,21,533,267,266
133809,22,533,267,266
133809,23,533,267,266
133809,24,196,98,98
133809,25,337,169,168
133809,39,26,17,9
133809,40,311,152,159
133809,41,25,12,13
133809,42,25,12,13
133809,43,25,12,13
133809,44,2,1,1
133809,45,23,11,12
133809,59,1,1,0
133809,60,22,10,12
133845,1,630,87,543
133845,2,630,87,543
133845,3,630,87,543
133845,4,174,22,152
133845,5,456,65,391
133845,20,456,65,391
133845,21,630,87,543
133845,22,630,87,543
133845,23,630,87,543
133845,24,174,22,152
133845,25,456,65,391
133845,40,456,65,391
133854,1,508,86,422
133854,2,508,86,422
133854,3,508,86,422
133854,4,126,20,106
133854,5,382,66,316
133854,20,382,66,316
133854,21,508,86,422
133854,22,508,86,422
133854,23,508,86,422
133854,24,126,20,106
133854,25,382,66,316
133854,40,382,66,316
133863,1,454,91,363
133863,2,454,91,363
133863,3,454,91,363
133863,4,121,28,93
133863,5,333,63,270
133863,20,333,63,270
133863,21,454,91,363
133863,22,454,91,363
133863,23,454,91,363
133863,24,121,28,93
133863,25,333,63,270
133863,40,333,63,270
133872,1,2293,500,1793
133872,2,2160,466,1694
133872,3,2064,420,1644
133872,4,59,15,44
133872,5,2005,405,1600
133872,11,96,46,50
133872,12,133,34,99
133872,19,448,90,358
133872,20,1557,315,1242
133872,21,737,177,560
133872,22,604,143,461
133872,23,597,141,456
133872,24,45,10,35
133872,25,552,131,421
133872,31,7,2,5
133872,32,133,34,99
133872,39,178,40,138
133872,40,374,91,283
133872,41,1556,323,1233
133872,42,1556,323,1233
133872,43,1467,279,1188
133872,44,14,5,9
133872,45,1453,274,1179
133872,51,89,44,45
133872,59,270,50,220
133872,60,1183,224,959
133881,1,5644,3786,1858
133881,2,3257,2372,885
133881,3,3191,2322,869
133881,4,783,573,210
133881,5,2408,1749,659
133881,11,66,50,16
133881,12,2387,1414,973
133881,19,239,174,65
133881,20,2169,1575,594
133881,21,4138,2854,1284
133881,22,3068,2233,835
133881,23,3063,2229,834
133881,24,781,571,210
133881,25,2282,1658,624
133881,31,5,4,1
133881,32,1070,621,449
133881,39,224,162,62
133881,40,2058,1496,562
133881,41,1506,932,574
133881,42,189,139,50
133881,43,128,93,35
133881,44,2,2,0
133881,45,126,91,35
133881,51,61,46,15
133881,52,1317,793,524
133881,59,15,12,3
133881,60,111,79,32
133942,1,68,9,59
133942,2,68,9,59
133942,3,68,9,59
133942,5,68,9,59
133942,20,68,9,59
133942,21,68,9,59
133942,22,68,9,59
133942,23,68,9,59
133942,25,68,9,59
133942,40,68,9,59
133951,1,47663,21064,26599
133951,2,39142,17427,21715
133951,3,38234,17100,21134
133951,4,4524,2068,2456
133951,5,33710,15032,18678
133951,11,908,327,581
133951,12,8521,3637,4884
133951,19,5614,2399,3215
133951,20,28096,12633,15463
133951,21,31932,14100,17832
133951,22,25954,11419,14535
133951,23,25645,11304,14341
133951,24,4304,1948,2356
133951,25,21341,9356,11985
133951,31,309,115,194
133951,32,5978,2681,3297
133951,39,3658,1598,2060
133951,40,17683,7758,9925
133951,41,15731,6964,8767
133951,42,13188,6008,7180
133951,43,12589,5796,6793
133951,44,220,120,100
133951,45,12369,5676,6693
133951,51,599,212,387
133951,52,2543,956,1587
133951,59,1956,801,1155
133951,60,10413,4875,5538
133960,1,1139,515,624
133960,2,1139,515,624
133960,3,964,449,515
133960,4,223,115,108
133960,5,741,334,407
133960,11,175,66,109
133960,19,18,10,8
133960,20,723,324,399
133960,21,435,216,219
133960,22,435,216,219
133960,23,414,212,202
133960,24,143,72,71
133960,25,271,140,131
133960,31,21,4,17
133960,39,7,4,3
133960,40,264,136,128
133960,41,704,299,405
133960,42,704,299,405
133960,43,550,237,313
133960,44,80,43,37
133960,45,470,194,276
133960,51,154,62,92
133960,59,11,6,5
133960,60,459,188,271
133979,1,1560,606,954
133979,2,1517,589,928
133979,3,1517,589,928
133979,4,412,170,242
133979,5,1105,419,686
133979,12,43,17,26
133979,19,89,37,52
133979,20,1016,382,634
133979,21,1430,550,880
133979,22,1414,543,871
133979,23,1414,543,871
133979,24,400,163,237
133979,25,1014,380,634
133979,32,16,7,9
133979,39,83,31,52
133979,40,931,349,582
133979,41,130,56,74
133979,42,103,46,57
133979,43,103,46,57
133979,44,12,7,5
133979,45,91,39,52
133979,52,27,10,17
133979,59,6,6,0
133979,60,85,33,52
133997,1,5818,2028,3790
133997,2,5818,2028,3790
133997,3,5818,2028,3790
133997,4,3134,1122,2012
133997,5,2684,906,1778
133997,20,2684,906,1778
133997,21,5818,2028,3790
133997,22,5818,2028,3790
133997,23,5818,2028,3790
133997,24,3134,1122,2012
133997,25,2684,906,1778
133997,40,2684,906,1778
134024,1,70,16,54
134024,2,70,16,54
134024,3,70,16,54
134024,4,19,3,16
134024,5,51,13,38
134024,20,51,13,38
134024,21,69,15,54
134024,22,69,15,54
134024,23,69,15,54
134024,24,19,3,16
134024,25,50,12,38
134024,40,50,12,38
134024,41,1,1,0
134024,42,1,1,0
134024,43,1,1,0
134024,45,1,1,0
134024,60,1,1,0
134079,1,2619,1015,1604
134079,2,2416,948,1468
134079,3,2379,932,1447
134079,4,635,233,402
134079,5,1744,699,1045
134079,11,37,16,21
134079,12,203,67,136
134079,19,157,64,93
134079,20,1587,635,952
134079,21,2283,917,1366
134079,22,2126,862,1264
134079,23,2124,860,1264
134079,24,633,233,400
134079,25,1491,627,864
134079,31,2,2,0
134079,32,157,55,102
134079,39,112,54,58
134079,40,1379,573,806
134079,41,336,98,238
134079,42,290,86,204
134079,43,255,72,183
134079,44,2,0,2
134079,45,253,72,181
134079,51,35,14,21
134079,52,46,12,34
134079,59,45,10,35
134079,60,208,62,146
134097,1,40909,18407,22502
134097,2,32528,14627,17901
134097,3,32086,14441,17645
134097,4,6032,2476,3556
134097,5,26054,11965,14089
134097,11,442,186,256
134097,12,8381,3780,4601
134097,19,2348,1226,1122
134097,20,23706,10739,12967
134097,21,34882,15584,19298
134097,22,28910,12669,16241
134097,23,28709,12600,16109
134097,24,5980,2447,3533
134097,25,22729,10153,12576
134097,31,201,69,132
134097,32,5972,2915,3057
134097,39,1961,1008,953
134097,40,20768,9145,11623
134097,41,6027,2823,3204
134097,42,3618,1958,1660
134097,43,3377,1841,1536
134097,44,52,29,23
134097,45,3325,1812,1513
134097,51,241,117,124
134097,52,2409,865,1544
134097,59,387,218,169
134097,60,2938,1594,1344
134112,1,4330,1401,2929
134112,2,4330,1401,2929
134112,3,4330,1401,2929
134112,4,3789,1233,2556
134112,5,541,168,373
134112,20,541,168,373
134112,21,4330,1401,2929
134112,22,4330,1401,2929
134112,23,4330,1401,2929
134112,24,3789,1233,2556
134112,25,541,168,373
134112,40,541,168,373
134121,1,103,25,78
134121,2,99,25,74
134121,3,99,25,74
134121,4,18,5,13
134121,5,81,20,61
134121,12,4,0,4
134121,19,16,6,10
134121,20,65,14,51
134121,21,103,25,78
134121,22,99,25,74
134121,23,99,25,74
134121,24,18,5,13
134121,25,81,20,61
134121,32,4,0,4
134121,39,16,6,10
134121,40,65,14,51
134130,1,49878,23028,26850
134130,2,33168,14979,18189
134130,3,32346,14582,17764
134130,4,6370,2656,3714
134130,5,25976,11926,14050
134130,11,822,397,425
134130,12,16710,8049,8661
134130,19,1806,940,866
134130,20,24170,10986,13184
134130,21,42490,19474,23016
134130,22,30314,13427,16887
134130,23,30054,13303,16751
134130,24,6348,2646,3702
134130,25,23706,10657,13049
134130,31,260,124,136
134130,32,12176,6047,6129
134130,39,1583,831,752
134130,40,22123,9826,12297
134130,41,7388,3554,3834
134130,42,2854,1552,1302
134130,43,2292,1279,1013
134130,44,22,10,12
134130,45,2270,1269,1001
134130,51,562,273,289
134130,52,4534,2002,2532
134130,59,223,109,114
134130,60,2047,1160,887
134149,1,2054,520,1534
134149,2,1746,443,1303
134149,3,1746,443,1303
134149,4,37,9,28
134149,5,1709,434,1275
134149,12,308,77,231
134149,19,313,69,244
134149,20,1396,365,1031
134149,21,1166,278,888
134149,22,1080,259,821
134149,23,1080,259,821
134149,24,36,8,28
134149,25,1044,251,793
134149,32,86,19,67
134149,39,227,46,181
134149,40,817,205,612
134149,41,888,242,646
134149,42,666,184,482
134149,43,666,184,482
134149,44,1,1,0
134149,45,665,183,482
134149,52,222,58,164
134149,59,86,23,63
134149,60,579,160,419
134228,1,28,7,21
134228,2,28,7,21
134228,3,28,7,21
134228,4,23,7,16
134228,5,5,0,5
134228,20,5,0,5
134228,21,24,7,17
134228,22,24,7,17
134228,23,24,7,17
134228,24,20,7,13
134228,25,4,0,4
134228,40,4,0,4
134228,41,4,0,4
134228,42,4,0,4
134228,43,4,0,4
134228,44,3,0,3
134228,45,1,0,1
134228,60,1,0,1
134237,1,20949,15170,5779
134237,2,18880,14205,4675
134237,3,18880,14205,4675
134237,4,2807,2133,674
134237,5,16073,12072,4001
134237,12,2069,965,1104
134237,20,16073,12072,4001
134237,21,20949,15170,5779
134237,22,18880,14205,4675
134237,23,18880,14205,4675
134237,24,2807,2133,674
134237,25,16073,12072,4001
134237,32,2069,965,1104
134237,40,16073,12072,4001
134291,1,675,517,158
134291,2,675,517,158
134291,3,675,517,158
134291,4,377,286,91
134291,5,298,231,67
134291,20,298,231,67
134291,21,556,416,140
134291,22,556,416,140
134291,23,556,416,140
134291,24,312,232,80
134291,25,244,184,60
134291,40,244,184,60
134291,41,119,101,18
134291,42,119,101,18
134291,43,119,101,18
134291,44,65,54,11
134291,45,54,47,7
134291,60,54,47,7
134307,1,710,685,25
134307,2,710,685,25
134307,3,710,685,25
134307,4,208,203,5
134307,5,502,482,20
134307,20,502,482,20
134307,21,321,309,12
134307,22,321,309,12
134307,23,321,309,12
134307,24,118,115,3
134307,25,203,194,9
134307,40,203,194,9
134307,41,389,376,13
134307,42,389,376,13
134307,43,389,376,13
134307,44,90,88,2
134307,45,299,288,11
134307,60,299,288,11
134343,1,6271,2450,3821
134343,2,6271,2450,3821
134343,3,3643,1566,2077
134343,4,853,412,441
134343,5,2790,1154,1636
134343,11,2628,884,1744
134343,19,165,65,100
134343,20,2625,1089,1536
134343,21,2224,931,1293
134343,22,2224,931,1293
134343,23,1659,741,918
134343,24,536,261,275
134343,25,1123,480,643
134343,31,565,190,375
134343,39,78,31,47
134343,40,1045,449,596
134343,41,4047,1519,2528
134343,42,4047,1519,2528
134343,43,1984,825,1159
134343,44,317,151,166
134343,45,1667,674,993
134343,51,2063,694,1369
134343,59,87,34,53
134343,60,1580,640,940
134422,1,68,4,64
134422,2,68,4,64
134422,3,68,4,64
134422,4,14,2,12
134422,5,54,2,52
134422,19,9,0,9
134422,20,45,2,43
134422,21,68,4,64
134422,22,68,4,64
134422,23,68,4,64
134422,24,14,2,12
134422,25,54,2,52
134422,39,9,0,9
134422,40,45,2,43
134495,1,26590,11565,15025
134495,2,26590,11565,15025
134495,3,23596,10343,13253
134495,4,4977,2324,2653
134495,5,18619,8019,10600
134495,11,2994,1222,1772
134495,19,2033,932,1101
134495,20,16586,7087,9499
134495,21,11532,5576,5956
134495,22,11532,5576,5956
134495,23,11202,5404,5798
134495,24,3385,1624,1761
134495,25,7817,3780,4037
134495,31,330,172,158
134495,39,1103,574,529
134495,40,6714,3206,3508
134495,41,15058,5989,9069
134495,42,15058,5989,9069
134495,43,12394,4939,7455
134495,44,1592,700,892
134495,45,10802,4239,6563
134495,51,2664,1050,1614
134495,59,930,358,572
134495,60,9872,3881,5991
134510,1,200,108,92
134510,2,200,108,92
134510,3,194,104,90
134510,4,34,19,15
134510,5,160,85,75
134510,11,6,4,2
134510,19,17,12,5
134510,20,143,73,70
134510,21,95,45,50
134510,22,95,45,50
134510,23,95,45,50
134510,24,19,10,9
134510,25,76,35,41
134510,39,3,2,1
134510,40,73,33,40
134510,41,105,63,42
134510,42,105,63,42
134510,43,99,59,40
134510,44,15,9,6
134510,45,84,50,34
134510,51,6,4,2
134510,59,14,10,4
134510,60,70,40,30
134529,1,73,5,68
134529,2,73,5,68
134529,3,73,5,68
134529,4,18,3,15
134529,5,55,2,53
134529,20,55,2,53
134529,21,73,5,68
134529,22,73,5,68
134529,23,73,5,68
134529,24,18,3,15
134529,25,55,2,53
134529,40,55,2,53
134574,1,173,52,121
134574,2,173,52,121
134574,3,173,52,121
134574,4,66,20,46
134574,5,107,32,75
134574,20,107,32,75
134574,21,108,34,74
134574,22,108,34,74
134574,23,108,34,74
134574,24,39,12,27
134574,25,69,22,47
134574,40,69,22,47
134574,41,65,18,47
134574,42,65,18,47
134574,43,65,18,47
134574,44,27,8,19
134574,45,38,10,28
134574,60,38,10,28
134608,1,17248,6977,10271
134608,2,17248,6977,10271
134608,3,13993,5694,8299
134608,4,2564,1243,1321
134608,5,11429,4451,6978
134608,11,3255,1283,1972
134608,19,453,184,269
134608,20,10976,4267,6709
134608,21,5940,2788,3152
134608,22,5940,2788,3152
134608,23,5326,2551,2775
134608,24,1519,763,756
134608,25,3807,1788,2019
134608,31,614,237,377
134608,39,185,89,96
134608,40,3622,1699,1923
134608,41,11308,4189,7119
134608,42,11308,4189,7119
134608,43,8667,3143,5524
134608,44,1045,480,565
134608,45,7622,2663,4959
134608,51,2641,1046,1595
134608,59,268,95,173
134608,60,7354,2568,4786
134680,1,474,238,236
134680,2,474,238,236
134680,3,474,238,236
134680,4,45,25,20
134680,5,429,213,216
134680,19,23,9,14
134680,20,406,204,202
134680,21,397,210,187
134680,22,397,210,187
134680,23,397,210,187
134680,24,35,20,15
134680,25,362,190,172
134680,39,20,9,11
134680,40,342,181,161
134680,41,77,28,49
134680,42,77,28,49
134680,43,77,28,49
134680,44,10,5,5
134680,45,67,23,44
134680,59,3,0,3
134680,60,64,23,41
134714,1,257,58,199
134714,2,257,58,199
134714,3,257,58,199
134714,4,83,18,65
134714,5,174,40,134
134714,20,174,40,134
134714,21,104,31,73
134714,22,104,31,73
134714,23,104,31,73
134714,24,34,9,25
134714,25,70,22,48
134714,40,70,22,48
134714,41,153,27,126
134714,42,153,27,126
134714,43,153,27,126
134714,44,49,9,40
134714,45,104,18,86
134714,60,104,18,86
134811,1,3208,1284,1924
134811,2,3167,1265,1902
134811,3,3167,1265,1902
134811,4,494,202,292
134811,5,2673,1063,1610
134811,12,41,19,22
134811,19,429,149,280
134811,20,2244,914,1330
134811,21,2435,977,1458
134811,22,2426,972,1454
134811,23,2426,972,1454
134811,24,446,182,264
134811,25,1980,790,1190
134811,32,9,5,4
134811,39,360,124,236
134811,40,1620,666,954
134811,41,773,307,466
134811,42,741,293,448
134811,43,741,293,448
134811,44,48,20,28
134811,45,693,273,420
134811,52,32,14,18
134811,59,69,25,44
134811,60,624,248,376
134909,1,463,310,153
134909,2,463,310,153
134909,3,463,310,153
134909,4,60,46,14
134909,5,403,264,139
134909,19,5,1,4
134909,20,398,263,135
134909,21,314,226,88
134909,22,314,226,88
134909,23,314,226,88
134909,24,52,41,11
134909,25,262,185,77
134909,39,4,1,3
134909,40,258,184,74
134909,41,149,84,65
134909,42,149,84,65
134909,43,149,84,65
134909,44,8,5,3
134909,45,141,79,62
134909,59,1,0,1
134909,60,140,79,61
134945,1,4157,1497,2660
134945,2,3425,1291,2134
134945,3,3360,1251,2109
134945,4,539,285,254
134945,5,2821,966,1855
134945,11,65,40,25
134945,12,732,206,526
134945,19,607,131,476
134945,20,2214,835,1379
134945,21,2388,1151,1237
134945,22,2201,1068,1133
134945,23,2195,1067,1128
134945,24,532,282,250
134945,25,1663,785,878
134945,31,6,1,5
134945,32,187,83,104
134945,39,268,94,174
134945,40,1395,691,704
134945,41,1769,346,1423
134945,42,1224,223,1001
134945,43,1165,184,981
134945,44,7,3,4
134945,45,1158,181,977
134945,51,59,39,20
134945,52,545,123,422
134945,59,339,37,302
134945,60,819,144,675
135063,1,449,84,365
135063,2,449,84,365
135063,3,445,81,364
135063,4,15,4,11
135063,5,430,77,353
135063,11,4,3,1
135063,19,36,5,31
135063,20,394,72,322
135063,21,64,15,49
135063,22,64,15,49
135063,23,64,15,49
135063,24,3,0,3
135063,25,61,15,46
135063,39,10,2,8
135063,40,51,13,38
135063,41,385,69,316
135063,42,385,69,316
135063,43,381,66,315
135063,44,12,4,8
135063,45,369,62,307
135063,51,4,3,1
135063,59,26,3,23
135063,60,343,59,284
135081,1,17129,5432,11697
135081,2,16039,5061,10978
135081,3,15788,4981,10807
135081,4,2289,723,1566
135081,5,13499,4258,9241
135081,11,251,80,171
135081,12,1090,371,719
135081,19,224,66,158
135081,20,13275,4192,9083
135081,21,12264,4024,8240
135081,22,12007,3926,8081
135081,23,11898,3897,8001
135081,24,2014,641,1373
135081,25,9884,3256,6628
135081,31,109,29,80
135081,32,257,98,159
135081,39,82,26,56
135081,40,9802,3230,6572
135081,41,4865,1408,3457
135081,42,4032,1135,2897
135081,43,3890,1084,2806
135081,44,275,82,193
135081,45,3615,1002,2613
135081,51,142,51,91
135081,52,833,273,560
135081,59,142,40,102
135081,60,3473,962,2511
135124,1,614,143,471
135124,2,614,143,471
135124,3,614,143,471
135124,4,178,43,135
135124,5,436,100,336
135124,19,15,0,15
135124,20,421,100,321
135124,21,614,143,471
135124,22,614,143,471
135124,23,614,143,471
135124,24,178,43,135
135124,25,436,100,336
135124,39,15,0,15
135124,40,421,100,321
135142,1,290,8,282
135142,2,290,8,282
135142,3,290,8,282
135142,4,72,2,70
135142,5,218,6,212
135142,20,218,6,212
135142,21,49,3,46
135142,22,49,3,46
135142,23,49,3,46
135142,24,7,0,7
135142,25,42,3,39
135142,40,42,3,39
135142,41,241,5,236
135142,42,241,5,236
135142,43,241,5,236
135142,44,65,2,63
135142,45,176,3,173
135142,60,176,3,173
135160,1,3057,1061,1996
135160,2,3057,1061,1996
135160,3,2234,781,1453
135160,4,583,232,351
135160,5,1651,549,1102
135160,11,823,280,543
135160,19,161,62,99
135160,20,1490,487,1003
135160,21,951,356,595
135160,22,951,356,595
135160,23,838,323,515
135160,24,318,124,194
135160,25,520,199,321
135160,31,113,33,80
135160,39,60,27,33
135160,40,460,172,288
135160,41,2106,705,1401
135160,42,2106,705,1401
135160,43,1396,458,938
135160,44,265,108,157
135160,45,1131,350,781
135160,51,710,247,463
135160,59,101,35,66
135160,60,1030,315,715
135179,1,637,291,346
135179,2,637,291,346
135179,3,637,291,346
135179,4,337,168,169
135179,5,300,123,177
135179,20,300,123,177
135179,21,428,206,222
135179,22,428,206,222
135179,23,428,206,222
135179,24,264,137,127
135179,25,164,69,95
135179,40,164,69,95
135179,41,209,85,124
135179,42,209,85,124
135179,43,209,85,124
135179,44,73,31,42
135179,45,136,54,82
135179,60,136,54,82
135188,1,4288,1665,2623
135188,2,4288,1665,2623
135188,3,3510,1370,2140
135188,4,895,405,490
135188,5,2615,965,1650
135188,11,778,295,483
135188,19,136,59,77
135188,20,2479,906,1573
135188,21,1246,533,713
135188,22,1246,533,713
135188,23,1188,507,681
135188,24,474,214,260
135188,25,714,293,421
135188,31,58,26,32
135188,39,52,28,24
135188,40,662,265,397
135188,41,3042,1132,1910
135188,42,3042,1132,1910
135188,43,2322,863,1459
135188,44,421,191,230
135188,45,1901,672,1229
135188,51,720,269,451
135188,59,84,31,53
135188,60,1817,641,1176
135267,1,816,575,241
135267,2,816,575,241
135267,3,705,467,238
135267,4,327,220,107
135267,5,378,247,131
135267,11,111,108,3
135267,20,378,247,131
135267,21,705,467,238
135267,22,705,467,238
135267,23,705,467,238
135267,24,327,220,107
135267,25,378,247,131
135267,40,378,247,131
135267,41,111,108,3
135267,42,111,108,3
135267,51,111,108,3
135276,1,1017,647,370
135276,2,1017,647,370
135276,3,1017,647,370
135276,4,558,342,216
135276,5,459,305,154
135276,20,459,305,154
135276,21,700,432,268
135276,22,700,432,268
135276,23,700,432,268
135276,24,377,223,154
135276,25,323,209,114
135276,40,323,209,114
135276,41,317,215,102
135276,42,317,215,102
135276,43,317,215,102
135276,44,181,119,62
135276,45,136,96,40
135276,60,136,96,40
135294,1,890,526,364
135294,2,890,526,364
135294,3,890,526,364
135294,4,382,241,141
135294,5,508,285,223
135294,20,508,285,223
135294,21,574,328,246
135294,22,574,328,246
135294,23,574,328,246
135294,24,193,113,80
135294,25,381,215,166
135294,40,381,215,166
135294,41,316,198,118
135294,42,316,198,118
135294,43,316,198,118
135294,44,189,128,61
135294,45,127,70,57
135294,60,127,70,57
135337,1,209,22,187
135337,2,209,22,187
135337,3,209,22,187
135337,4,12,3,9
135337,5,197,19,178
135337,20,197,19,178
135337,21,151,13,138
135337,22,151,13,138
135337,23,151,13,138
135337,24,10,1,9
135337,25,141,12,129
135337,40,141,12,129
135337,41,58,9,49
135337,42,58,9,49
135337,43,58,9,49
135337,44,2,2,0
135337,45,56,7,49
135337,60,56,7,49
135364,1,1277,914,363
135364,2,511,339,172
135364,3,510,338,172
135364,4,19,15,4
135364,5,491,323,168
135364,11,1,1,0
135364,12,766,575,191
135364,19,83,53,30
135364,20,408,270,138
135364,21,285,202,83
135364,22,122,89,33
135364,23,122,89,33
135364,24,3,3,0
135364,25,119,86,33
135364,32,163,113,50
135364,39,13,9,4
135364,40,106,77,29
135364,41,992,712,280
135364,42,389,250,139
135364,43,388,249,139
135364,44,16,12,4
135364,45,372,237,135
135364,51,1,1,0
135364,52,603,462,141
135364,59,70,44,26
135364,60,302,193,109
135391,1,10533,4126,6407
135391,2,10533,4126,6407
135391,3,9421,3704,5717
135391,4,1790,799,991
135391,5,7631,2905,4726
135391,11,1112,422,690
135391,19,545,215,330
135391,20,7086,2690,4396
135391,21,4381,1872,2509
135391,22,4381,1872,2509
135391,23,4078,1771,2307
135391,24,1121,513,608
135391,25,2957,1258,1699
135391,31,303,101,202
135391,39,231,109,122
135391,40,2726,1149,1577
135391,41,6152,2254,3898
135391,42,6152,2254,3898
135391,43,5343,1933,3410
135391,44,669,286,383
135391,45,4674,1647,3027
135391,51,809,321,488
135391,59,314,106,208
135391,60,4360,1541,2819
135407,1,1252,616,636
135407,2,1252,616,636
135407,3,1252,616,636
135407,4,905,480,425
135407,5,347,136,211
135407,20,347,136,211
135407,21,1249,615,634
135407,22,1249,615,634
135407,23,1249,615,634
135407,24,903,479,424
135407,25,346,136,210
135407,40,346,136,210
135407,41,3,1,2
135407,42,3,1,2
135407,43,3,1,2
135407,44,2,1,1
135407,45,1,0,1
135407,60,1,0,1
135416,1,254,47,207
135416,2,254,47,207
135416,3,254,47,207
135416,4,50,6,44
135416,5,204,41,163
135416,20,204,41,163
135416,21,254,47,207
135416,22,254,47,207
135416,23,254,47,207
135416,24,50,6,44
135416,25,204,41,163
135416,40,204,41,163
135522,1,446,200,246
135522,2,446,200,246
135522,3,446,200,246
135522,4,236,126,110
135522,5,210,74,136
135522,20,210,74,136
135522,21,325,143,182
135522,22,325,143,182
135522,23,325,143,182
135522,24,205,96,109
135522,25,120,47,73
135522,40,120,47,73
135522,41,121,57,64
135522,42,121,57,64
135522,43,121,57,64
135522,44,31,30,1
135522,45,90,27,63
135522,60,90,27,63
135610,1,347,115,232
135610,2,258,83,175
135610,3,257,83,174
135610,5,257,83,174
135610,11,1,0,1
135610,12,89,32,57
135610,19,13,3,10
135610,20,244,80,164
135610,21,113,36,77
135610,22,106,32,74
135610,23,106,32,74
135610,25,106,32,74
135610,32,7,4,3
135610,40,106,32,74
135610,41,234,79,155
135610,42,152,51,101
135610,43,151,51,100
135610,45,151,51,100
135610,51,1,0,1
135610,52,82,28,54
135610,59,13,3,10
135610,60,138,48,90
135647,1,1158,839,319
135647,2,1158,839,319
135647,3,1158,839,319
135647,4,368,261,107
135647,5,790,578,212
135647,20,790,578,212
135647,21,747,533,214
135647,22,747,533,214
135647,23,747,533,214
135647,24,272,184,88
135647,25,475,349,126
135647,40,475,349,126
135647,41,411,306,105
135647,42,411,306,105
135647,43,411,306,105
135647,44,96,77,19
135647,45,315,229,86
135647,60,315,229,86
135717,1,66298,27724,38574
135717,2,66298,27724,38574
135717,3,61684,25993,35691
135717,4,12642,5729,6913
135717,5,49042,20264,28778
135717,11,4614,1731,2883
135717,19,1613,729,884
135717,20,47429,19535,27894
135717,21,26579,11469,15110
135717,22,26579,11469,15110
135717,23,26099,11283,14816
135717,24,8738,3972,4766
135717,25,17361,7311,10050
135717,31,480,186,294
135717,39,759,373,386
135717,40,16602,6938,9664
135717,41,39719,16255,23464
135717,42,39719,16255,23464
135717,43,35585,14710,20875
135717,44,3904,1757,2147
135717,45,31681,12953,18728
135717,51,4134,1545,2589
135717,59,854,356,498
135717,60,30827,12597,18230
135726,1,16935,8268,8667
135726,2,11380,5533,5847
135726,3,11246,5481,5765
135726,4,2151,1044,1107
135726,5,9095,4437,4658
135726,11,134,52,82
135726,12,5555,2735,2820
135726,19,599,265,334
135726,20,8496,4172,4324
135726,21,15597,7747,7850
135726,22,10637,5229,5408
135726,23,10517,5179,5338
135726,24,2115,1022,1093
135726,25,8402,4157,4245
135726,31,120,50,70
135726,32,4960,2518,2442
135726,39,551,248,303
135726,40,7851,3909,3942
135726,41,1338,521,817
135726,42,743,304,439
135726,43,729,302,427
135726,44,36,22,14
135726,45,693,280,413
135726,51,14,2,12
135726,52,595,217,378
135726,59,48,17,31
135726,60,645,263,382
135735,1,2025,1789,236
135735,2,2025,1789,236
135735,3,1460,1358,102
135735,4,515,474,41
135735,5,945,884,61
135735,11,565,431,134
135735,20,945,884,61
135735,21,1289,1198,91
135735,22,1289,1198,91
135735,23,1235,1161,74
135735,24,404,380,24
135735,25,831,781,50
135735,31,54,37,17
135735,40,831,781,50
135735,41,736,591,145
135735,42,736,591,145
135735,43,225,197,28
135735,44,111,94,17
135735,45,114,103,11
135735,51,511,394,117
135735,60,114,103,11
135771,1,631,131,500
135771,2,631,131,500
135771,3,631,131,500
135771,4,141,27,114
135771,5,490,104,386
135771,20,490,104,386
135771,21,631,131,500
135771,22,631,131,500
135771,23,631,131,500
135771,24,141,27,114
135771,25,490,104,386
135771,40,490,104,386
135939,1,189,68,121
135939,2,189,68,121
135939,3,189,68,121
135939,4,65,24,41
135939,5,124,44,80
135939,19,4,1,3
135939,20,120,43,77
135939,21,189,68,121
135939,22,189,68,121
135939,23,189,68,121
135939,24,65,24,41
135939,25,124,44,80
135939,39,4,1,3
135939,40,120,43,77
135957,1,768,260,508
135957,2,768,260,508
135957,3,768,260,508
135957,4,98,36,62
135957,5,670,224,446
135957,19,66,20,46
135957,20,604,204,400
135957,21,669,228,441
135957,22,669,228,441
135957,23,669,228,441
135957,24,98,36,62
135957,25,571,192,379
135957,39,53,15,38
135957,40,518,177,341
135957,41,99,32,67
135957,42,99,32,67
135957,43,99,32,67
135957,45,99,32,67
135957,59,13,5,8
135957,60,86,27,59
136048,1,98,6,92
136048,2,98,6,92
136048,3,98,6,92
136048,4,27,3,24
136048,5,71,3,68
136048,20,71,3,68
136048,21,63,5,58
136048,22,63,5,58
136048,23,63,5,58
136048,24,21,2,19
136048,25,42,3,39
136048,40,42,3,39
136048,41,35,1,34
136048,42,35,1,34
136048,43,35,1,34
136048,44,6,1,5
136048,45,29,0,29
136048,60,29,0,29
136066,1,738,466,272
136066,2,738,466,272
136066,3,738,466,272
136066,4,190,113,77
136066,5,548,353,195
136066,20,548,353,195
136066,21,681,438,243
136066,22,681,438,243
136066,23,681,438,243
136066,24,180,108,72
136066,25,501,330,171
136066,40,501,330,171
136066,41,57,28,29
136066,42,57,28,29
136066,43,57,28,29
136066,44,10,5,5
136066,45,47,23,24
136066,60,47,23,24
136075,1,39,2,37
136075,2,39,2,37
136075,3,39,2,37
136075,5,39,2,37
136075,20,39,2,37
136075,21,39,2,37
136075,22,39,2,37
136075,23,39,2,37
136075,25,39,2,37
136075,40,39,2,37
136109,1,166,7,159
136109,2,166,7,159
136109,3,166,7,159
136109,4,28,1,27
136109,5,138,6,132
136109,20,138,6,132
136109,21,106,5,101
136109,22,106,5,101
136109,23,106,5,101
136109,24,24,1,23
136109,25,82,4,78
136109,40,82,4,78
136109,41,60,2,58
136109,42,60,2,58
136109,43,60,2,58
136109,44,4,0,4
136109,45,56,2,54
136109,60,56,2,54
136145,1,1179,368,811
136145,2,1179,368,811
136145,3,898,262,636
136145,4,239,87,152
136145,5,659,175,484
136145,11,281,106,175
136145,19,52,15,37
136145,20,607,160,447
136145,21,482,140,342
136145,22,482,140,342
136145,23,451,133,318
136145,24,168,56,112
136145,25,283,77,206
136145,31,31,7,24
136145,39,22,5,17
136145,40,261,72,189
136145,41,697,228,469
136145,42,697,228,469
136145,43,447,129,318
136145,44,71,31,40
136145,45,376,98,278
136145,51,250,99,151
136145,59,30,10,20
136145,60,346,88,258
136172,1,16083,7093,8990
136172,2,14263,6401,7862
136172,3,14006,6308,7698
136172,4,1609,744,865
136172,5,12397,5564,6833
136172,11,257,93,164
136172,12,1820,692,1128
136172,19,1964,864,1100
136172,20,10433,4700,5733
136172,21,10829,4734,6095
136172,22,10088,4464,5624
136172,23,9990,4437,5553
136172,24,1573,723,850
136172,25,8417,3714,4703
136172,31,98,27,71
136172,32,741,270,471
136172,39,1331,592,739
136172,40,7086,3122,3964
136172,41,5254,2359,2895
136172,42,4175,1937,2238
136172,43,4016,1871,2145
136172,44,36,21,15
136172,45,3980,1850,2130
136172,51,159,66,93
136172,52,1079,422,657
136172,59,633,272,361
136172,60,3347,1578,1769
136206,1,646,390,256
136206,2,612,372,240
136206,3,609,371,238
136206,4,124,72,52
136206,5,485,299,186
136206,11,3,1,2
136206,12,34,18,16
136206,19,126,90,36
136206,20,359,209,150
136206,21,555,347,208
136206,22,538,336,202
136206,23,536,335,201
136206,24,124,72,52
136206,25,412,263,149
136206,31,2,1,1
136206,32,17,11,6
136206,39,115,83,32
136206,40,297,180,117
136206,41,91,43,48
136206,42,74,36,38
136206,43,73,36,37
136206,45,73,36,37
136206,51,1,0,1
136206,52,17,7,10
136206,59,11,7,4
136206,60,62,29,33
136215,1,25670,7844,17826
136215,2,5156,1515,3641
136215,3,5053,1505,3548
136215,4,654,210,444
136215,5,4399,1295,3104
136215,11,103,10,93
136215,12,20514,6329,14185
136215,19,853,222,631
136215,20,3546,1073,2473
136215,21,13390,4319,9071
136215,22,3452,1109,2343
136215,23,3452,1109,2343
136215,24,614,200,414
136215,25,2838,909,1929
136215,32,9938,3210,6728
136215,39,584,156,428
136215,40,2254,753,1501
136215,41,12280,3525,8755
136215,42,1704,406,1298
136215,43,1601,396,1205
136215,44,40,10,30
136215,45,1561,386,1175
136215,51,103,10,93
136215,52,10576,3119,7457
136215,59,269,66,203
136215,60,1292,320,972
136233,1,6708,2842,3866
136233,2,6708,2842,3866
136233,3,5549,2315,3234
136233,4,949,455,494
136233,5,4600,1860,2740
136233,11,1159,527,632
136233,19,455,196,259
136233,20,4145,1664,2481
136233,21,2677,1194,1483
136233,22,2677,1194,1483
136233,23,2531,1136,1395
136233,24,629,308,321
136233,25,1902,828,1074
136233,31,146,58,88
136233,39,197,91,106
136233,40,1705,737,968
136233,41,4031,1648,2383
136233,42,4031,1648,2383
136233,43,3018,1179,1839
136233,44,320,147,173
136233,45,2698,1032,1666
136233,51,1013,469,544
136233,59,258,105,153
136233,60,2440,927,1513
136288,1,759,245,514
136288,2,714,233,481
136288,3,714,233,481
136288,4,38,6,32
136288,5,676,227,449
136288,12,45,12,33
136288,19,92,33,59
136288,20,584,194,390
136288,21,563,167,396
136288,22,539,162,377
136288,23,539,162,377
136288,24,35,5,30
136288,25,504,157,347
136288,32,24,5,19
136288,39,73,21,52
136288,40,431,136,295
136288,41,196,78,118
136288,42,175,71,104
136288,43,175,71,104
136288,44,3,1,2
136288,45,172,70,102
136288,52,21,7,14
136288,59,19,12,7
136288,60,153,58,95
136303,1,540,198,342
136303,2,540,198,342
136303,3,392,136,256
136303,4,233,63,170
136303,5,159,73,86
136303,11,148,62,86
136303,20,159,73,86
136303,21,225,53,172
136303,22,225,53,172
136303,23,225,53,172
136303,24,136,25,111
136303,25,89,28,61
136303,40,89,28,61
136303,41,315,145,170
136303,42,315,145,170
136303,43,167,83,84
136303,44,97,38,59
136303,45,70,45,25
136303,51,148,62,86
136303,60,70,45,25
136330,1,3764,1350,2414
136330,2,2887,1058,1829
136330,3,2501,879,1622
136330,4,578,194,384
136330,5,1923,685,1238
136330,11,386,179,207
136330,12,877,292,585
136330,19,320,114,206
136330,20,1603,571,1032
136330,21,2989,1013,1976
136330,22,2358,815,1543
136330,23,2358,815,1543
136330,24,578,194,384
136330,25,1780,621,1159
136330,32,631,198,433
136330,39,301,103,198
136330,40,1479,518,961
136330,41,775,337,438
136330,42,529,243,286
136330,43,143,64,79
136330,45,143,64,79
136330,51,386,179,207
136330,52,246,94,152
136330,59,19,11,8
136330,60,124,53,71
136358,1,29763,12887,16876
136358,2,29763,12887,16876
136358,3,26106,11497,14609
136358,4,5328,2536,2792
136358,5,20778,8961,11817
136358,11,3657,1390,2267
136358,19,1518,726,792
136358,20,19260,8235,11025
136358,21,9460,4509,4951
136358,22,9460,4509,4951
136358,23,9073,4387,4686
136358,24,2506,1218,1288
136358,25,6567,3169,3398
136358,31,387,122,265
136358,39,584,340,244
136358,40,5983,2829,3154
136358,41,20303,8378,11925
136358,42,20303,8378,11925
136358,43,17033,7110,9923
136358,44,2822,1318,1504
136358,45,14211,5792,8419
136358,51,3270,1268,2002
136358,59,934,386,548
136358,60,13277,5406,7871
136400,1,10206,3960,6246
136400,2,10206,3960,6246
136400,3,8211,3254,4957
136400,4,2367,1037,1330
136400,5,5844,2217,3627
136400,11,1995,706,1289
136400,19,318,123,195
136400,20,5526,2094,3432
136400,21,4004,1753,2251
136400,22,4004,1753,2251
136400,23,3837,1698,2139
136400,24,1525,691,834
136400,25,2312,1007,1305
136400,31,167,55,112
136400,39,133,62,71
136400,40,2179,945,1234
136400,41,6202,2207,3995
136400,42,6202,2207,3995
136400,43,4374,1556,2818
136400,44,842,346,496
136400,45,3532,1210,2322
136400,51,1828,651,1177
136400,59,185,61,124
136400,60,3347,1149,2198
136473,1,11235,4457,6778
136473,2,11235,4457,6778
136473,3,9026,3595,5431
136473,4,1784,828,956
136473,5,7242,2767,4475
136473,11,2209,862,1347
136473,19,692,253,439
136473,20,6550,2514,4036
136473,21,4467,1899,2568
136473,22,4467,1899,2568
136473,23,4025,1738,2287
136473,24,1207,565,642
136473,25,2818,1173,1645
136473,31,442,161,281
136473,39,299,135,164
136473,40,2519,1038,1481
136473,41,6768,2558,4210
136473,42,6768,2558,4210
136473,43,5001,1857,3144
136473,44,577,263,314
136473,45,4424,1594,2830
136473,51,1767,701,1066
136473,59,393,118,275
136473,60,4031,1476,2555
136491,1,1044,735,309
136491,2,1044,735,309
136491,3,1044,735,309
136491,4,207,161,46
136491,5,837,574,263
136491,20,837,574,263
136491,21,1024,733,291
136491,22,1024,733,291
136491,23,1024,733,291
136491,24,205,159,46
136491,25,819,574,245
136491,40,819,574,245
136491,41,20,2,18
136491,42,20,2,18
136491,43,20,2,18
136491,44,2,2,0
136491,45,18,0,18
136491,60,18,0,18
136516,1,11085,4193,6892
136516,2,11085,4193,6892
136516,3,9443,3555,5888
136516,4,1736,783,953
136516,5,7707,2772,4935
136516,11,1642,638,1004
136516,19,477,175,302
136516,20,7230,2597,4633
136516,21,3841,1627,2214
136516,22,3841,1627,2214
136516,23,3537,1500,2037
136516,24,977,459,518
136516,25,2560,1041,1519
136516,31,304,127,177
136516,39,185,73,112
136516,40,2375,968,1407
136516,41,7244,2566,4678
136516,42,7244,2566,4678
136516,43,5906,2055,3851
136516,44,759,324,435
136516,45,5147,1731,3416
136516,51,1338,511,827
136516,59,292,102,190
136516,60,4855,1629,3226
136659,1,744,419,325
136659,2,744,419,325
136659,3,277,170,107
136659,4,168,86,82
136659,5,109,84,25
136659,11,467,249,218
136659,20,109,84,25
136659,21,157,90,67
136659,22,157,90,67
136659,23,157,90,67
136659,24,83,36,47
136659,25,74,54,20
136659,40,74,54,20
136659,41,587,329,258
136659,42,587,329,258
136659,43,120,80,40
136659,44,85,50,35
136659,45,35,30,5
136659,51,467,249,218
136659,60,35,30,5
136701,1,106,101,5
136701,12,106,101,5
136701,21,101,99,2
136701,32,101,99,2
136701,41,5,2,3
136701,52,5,2,3
136765,1,717,387,330
136765,2,717,387,330
136765,3,717,387,330
136765,4,557,307,250
136765,5,160,80,80
136765,20,160,80,80
136765,21,522,265,257
136765,22,522,265,257
136765,23,522,265,257
136765,24,412,214,198
136765,25,110,51,59
136765,40,110,51,59
136765,41,195,122,73
136765,42,195,122,73
136765,43,195,122,73
136765,44,145,93,52
136765,45,50,29,21
136765,60,50,29,21
136774,1,1253,486,767
136774,2,1253,486,767
136774,3,1253,486,767
136774,4,257,106,151
136774,5,996,380,616
136774,19,84,30,54
136774,20,912,350,562
136774,21,1212,475,737
136774,22,1212,475,737
136774,23,1212,475,737
136774,24,257,106,151
136774,25,955,369,586
136774,39,84,30,54
136774,40,871,339,532
136774,41,41,11,30
136774,42,41,11,30
136774,43,41,11,30
136774,45,41,11,30
136774,60,41,11,30
136783,1,32,4,28
136783,2,32,4,28
136783,3,32,4,28
136783,4,8,1,7
136783,5,24,3,21
136783,20,24,3,21
136783,21,32,4,28
136783,22,32,4,28
136783,23,32,4,28
136783,24,8,1,7
136783,25,24,3,21
136783,40,24,3,21
136826,1,816,475,341
136826,2,816,475,341
136826,3,816,475,341
136826,4,324,182,142
136826,5,492,293,199
136826,20,492,293,199
136826,21,572,354,218
136826,22,572,354,218
136826,23,572,354,218
136826,24,216,134,82
136826,25,356,220,136
136826,40,356,220,136
136826,41,244,121,123
136826,42,244,121,123
136826,43,244,121,123
136826,44,108,48,60
136826,45,136,73,63
136826,60,136,73,63
136950,1,3153,1288,1865
136950,2,2608,1052,1556
136950,3,2608,1052,1556
136950,4,477,192,285
136950,5,2131,860,1271
136950,12,545,236,309
136950,19,71,38,33
136950,20,2060,822,1238
136950,21,2589,1062,1527
136950,22,2366,960,1406
136950,23,2366,960,1406
136950,24,477,192,285
136950,25,1889,768,1121
136950,32,223,102,121
136950,39,71,38,33
136950,40,1818,730,1088
136950,41,564,226,338
136950,42,242,92,150
136950,43,242,92,150
136950,45,242,92,150
136950,52,322,134,188
136950,60,242,92,150
137023,1,631,312,319
137023,2,631,312,319
137023,3,631,312,319
137023,4,259,133,126
137023,5,372,179,193
137023,20,372,179,193
137023,21,406,172,234
137023,22,406,172,234
137023,23,406,172,234
137023,24,130,63,67
137023,25,276,109,167
137023,40,276,109,167
137023,41,225,140,85
137023,42,225,140,85
137023,43,225,140,85
137023,44,129,70,59
137023,45,96,70,26
137023,60,96,70,26
137032,1,16275,6773,9502
137032,2,12640,5345,7295
137032,3,11993,5046,6947
137032,4,639,260,379
137032,5,11354,4786,6568
137032,11,647,299,348
137032,12,3635,1428,2207
137032,19,1475,597,878
137032,20,9879,4189,5690
137032,21,12228,5162,7066
137032,22,8663,3748,4915
137032,23,8426,3628,4798
137032,24,639,260,379
137032,25,7787,3368,4419
137032,31,237,120,117
137032,32,3565,1414,2151
137032,39,1111,435,676
137032,40,6676,2933,3743
137032,41,4047,1611,2436
137032,42,3977,1597,2380
137032,43,3567,1418,2149
137032,45,3567,1418,2149
137032,51,410,179,231
137032,52,70,14,56
137032,59,364,162,202
137032,60,3203,1256,1947
137078,1,31820,12600,19220
137078,2,31820,12600,19220
137078,3,27166,10658,16508
137078,4,4202,1969,2233
137078,5,22964,8689,14275
137078,11,4654,1942,2712
137078,19,1708,634,1074
137078,20,21256,8055,13201
137078,21,9118,4239,4879
137078,22,9118,4239,4879
137078,23,8252,3883,4369
137078,24,2058,1046,1012
137078,25,6194,2837,3357
137078,31,866,356,510
137078,39,632,281,351
137078,40,5562,2556,3006
137078,41,22702,8361,14341
137078,42,22702,8361,14341
137078,43,18914,6775,12139
137078,44,2144,923,1221
137078,45,16770,5852,10918
137078,51,3788,1586,2202
137078,59,1076,353,723
137078,60,15694,5499,10195
137087,1,1128,629,499
137087,2,1128,629,499
137087,3,1128,629,499
137087,4,218,141,77
137087,5,910,488,422
137087,20,910,488,422
137087,21,1116,623,493
137087,22,1116,623,493
137087,23,1116,623,493
137087,24,216,139,77
137087,25,900,484,416
137087,40,900,484,416
137087,41,12,6,6
137087,42,12,6,6
137087,43,12,6,6
137087,44,2,2,0
137087,45,10,4,6
137087,60,10,4,6
137096,1,15113,6738,8375
137096,2,15113,6738,8375
137096,3,13764,6224,7540
137096,4,2975,1455,1520
137096,5,10789,4769,6020
137096,11,1349,514,835
137096,19,1435,701,734
137096,20,9354,4068,5286
137096,21,6059,2946,3113
137096,22,6059,2946,3113
137096,23,5503,2748,2755
137096,24,1418,739,679
137096,25,4085,2009,2076
137096,31,556,198,358
137096,39,683,355,328
137096,40,3402,1654,1748
137096,41,9054,3792,5262
137096,42,9054,3792,5262
137096,43,8261,3476,4785
137096,44,1557,716,841
137096,45,6704,2760,3944
137096,51,793,316,477
137096,59,752,346,406
137096,60,5952,2414,3538
137120,1,670,423,247
137120,2,670,423,247
137120,3,670,423,247
137120,4,370,201,169
137120,5,300,222,78
137120,20,300,222,78
137120,21,420,249,171
137120,22,420,249,171
137120,23,420,249,171
137120,24,247,121,126
137120,25,173,128,45
137120,40,173,128,45
137120,41,250,174,76
137120,42,250,174,76
137120,43,250,174,76
137120,44,123,80,43
137120,45,127,94,33
137120,60,127,94,33
137148,1,793,201,592
137148,2,131,37,94
137148,3,128,37,91
137148,4,16,5,11
137148,5,112,32,80
137148,11,3,0,3
137148,12,662,164,498
137148,19,17,5,12
137148,20,95,27,68
137148,21,58,19,39
137148,22,10,4,6
137148,23,10,4,6
137148,24,2,0,2
137148,25,8,4,4
137148,32,48,15,33
137148,39,3,1,2
137148,40,5,3,2
137148,41,735,182,553
137148,42,121,33,88
137148,43,118,33,85
137148,44,14,5,9
137148,45,104,28,76
137148,51,3,0,3
137148,52,614,149,465
137148,59,14,4,10
137148,60,90,24,66
137209,1,18427,8003,10424
137209,2,18427,8003,10424
137209,3,16567,7118,9449
137209,4,3226,1577,1649
137209,5,13341,5541,7800
137209,11,1860,885,975
137209,19,1302,498,804
137209,20,12039,5043,6996
137209,21,6885,3376,3509
137209,22,6885,3376,3509
137209,23,6799,3334,3465
137209,24,2140,1093,1047
137209,25,4659,2241,2418
137209,31,86,42,44
137209,39,510,233,277
137209,40,4149,2008,2141
137209,41,11542,4627,6915
137209,42,11542,4627,6915
137209,43,9768,3784,5984
137209,44,1086,484,602
137209,45,8682,3300,5382
137209,51,1774,843,931
137209,59,792,265,527
137209,60,7890,3035,4855
137245,1,1244,606,638
137245,2,1244,606,638
137245,3,1244,606,638
137245,4,667,314,353
137245,5,577,292,285
137245,20,577,292,285
137245,21,1244,606,638
137245,22,1244,606,638
137245,23,1244,606,638
137245,24,667,314,353
137245,25,577,292,285
137245,40,577,292,285
137272,1,94,93,1
137272,2,77,76,1
137272,3,77,76,1
137272,4,17,16,1
137272,5,60,60,0
137272,12,17,17,0
137272,19,8,8,0
137272,20,52,52,0
137272,21,94,93,1
137272,22,77,76,1
137272,23,77,76,1
137272,24,17,16,1
137272,25,60,60,0
137272,32,17,17,0
137272,39,8,8,0
137272,40,52,52,0
137281,1,6127,2320,3807
137281,2,6127,2320,3807
137281,3,5173,1966,3207
137281,4,1105,485,620
137281,5,4068,1481,2587
137281,11,954,354,600
137281,19,370,152,218
137281,20,3698,1329,2369
137281,21,2292,965,1327
137281,22,2292,965,1327
137281,23,2183,923,1260
137281,24,697,299,398
137281,25,1486,624,862
137281,31,109,42,67
137281,39,143,78,65
137281,40,1343,546,797
137281,41,3835,1355,2480
137281,42,3835,1355,2480
137281,43,2990,1043,1947
137281,44,408,186,222
137281,45,2582,857,1725
137281,51,845,312,533
137281,59,227,74,153
137281,60,2355,783,1572
137315,1,2699,1034,1665
137315,2,2699,1034,1665
137315,3,2031,785,1246
137315,4,568,245,323
137315,5,1463,540,923
137315,11,668,249,419
137315,19,23,8,15
137315,20,1440,532,908
137315,21,970,439,531
137315,22,970,439,531
137315,23,874,399,475
137315,24,339,160,179
137315,25,535,239,296
137315,31,96,40,56
137315,39,9,5,4
137315,40,526,234,292
137315,41,1729,595,1134
137315,42,1729,595,1134
137315,43,1157,386,771
137315,44,229,85,144
137315,45,928,301,627
137315,51,572,209,363
137315,59,14,3,11
137315,60,914,298,616
137351,1,41428,17988,23440
137351,2,31100,13867,17233
137351,3,30376,13521,16855
137351,4,3736,1631,2105
137351,5,26640,11890,14750
137351,11,724,346,378
137351,12,10328,4121,6207
137351,19,3355,1480,1875
137351,20,23285,10410,12875
137351,21,29437,12963,16474
137351,22,23734,10434,13300
137351,23,23440,10282,13158
137351,24,3696,1608,2088
137351,25,19744,8674,11070
137351,31,294,152,142
137351,32,5703,2529,3174
137351,39,2351,1063,1288
137351,40,17393,7611,9782
137351,41,11991,5025,6966
137351,42,7366,3433,3933
137351,43,6936,3239,3697
137351,44,40,23,17
137351,45,6896,3216,3680
137351,51,430,194,236
137351,52,4625,1592,3033
137351,59,1004,417,587
137351,60,5892,2799,3093
137476,1,2315,1010,1305
137476,2,1035,463,572
137476,3,1035,463,572
137476,4,195,76,119
137476,5,840,387,453
137476,12,1280,547,733
137476,19,134,72,62
137476,20,706,315,391
137476,21,1817,821,996
137476,22,963,430,533
137476,23,963,430,533
137476,24,194,76,118
137476,25,769,354,415
137476,32,854,391,463
137476,39,121,67,54
137476,40,648,287,361
137476,41,498,189,309
137476,42,72,33,39
137476,43,72,33,39
137476,44,1,0,1
137476,45,71,33,38
137476,52,426,156,270
137476,59,13,5,8
137476,60,58,28,30
137537,1,226,25,201
137537,2,226,25,201
137537,3,226,25,201
137537,4,20,3,17
137537,5,206,22,184
137537,20,206,22,184
137537,21,117,12,105
137537,22,117,12,105
137537,23,117,12,105
137537,24,19,2,17
137537,25,98,10,88
137537,40,98,10,88
137537,41,109,13,96
137537,42,109,13,96
137537,43,109,13,96
137537,44,1,1,0
137537,45,108,12,96
137537,60,108,12,96
137546,1,4044,1792,2252
137546,2,2729,1182,1547
137546,3,2711,1175,1536
137546,4,852,352,500
137546,5,1859,823,1036
137546,11,18,7,11
137546,12,1315,610,705
137546,19,83,42,41
137546,20,1776,781,995
137546,21,3828,1689,2139
137546,22,2692,1158,1534
137546,23,2677,1153,1524
137546,24,852,352,500
137546,25,1825,801,1024
137546,31,15,5,10
137546,32,1136,531,605
137546,39,79,40,39
137546,40,1746,761,985
137546,41,216,103,113
137546,42,37,24,13
137546,43,34,22,12
137546,45,34,22,12
137546,51,3,2,1
137546,52,179,79,100
137546,59,4,2,2
137546,60,30,20,10
137564,1,3434,1519,1915
137564,2,3083,1394,1689
137564,3,2633,1197,1436
137564,4,865,432,433
137564,5,1768,765,1003
137564,11,450,197,253
137564,12,351,125,226
137564,19,274,129,145
137564,20,1494,636,858
137564,21,2634,1173,1461
137564,22,2473,1121,1352
137564,23,2471,1119,1352
137564,24,842,422,420
137564,25,1629,697,932
137564,31,2,2,0
137564,32,161,52,109
137564,39,260,122,138
137564,40,1369,575,794
137564,41,800,346,454
137564,42,610,273,337
137564,43,162,78,84
137564,44,23,10,13
137564,45,139,68,71
137564,51,448,195,253
137564,52,190,73,117
137564,59,14,7,7
137564,60,125,61,64
137591,1,281,70,211
137591,2,281,70,211
137591,3,281,70,211
137591,4,77,15,62
137591,5,204,55,149
137591,20,204,55,149
137591,21,281,70,211
137591,22,281,70,211
137591,23,281,70,211
137591,24,77,15,62
137591,25,204,55,149
137591,40,204,55,149
137713,1,142,45,97
137713,2,142,45,97
137713,3,142,45,97
137713,4,114,40,74
137713,5,28,5,23
137713,20,28,5,23
137713,21,105,36,69
137713,22,105,36,69
137713,23,105,36,69
137713,24,93,36,57
137713,25,12,0,12
137713,40,12,0,12
137713,41,37,9,28
137713,42,37,9,28
137713,43,37,9,28
137713,44,21,4,17
137713,45,16,5,11
137713,60,16,5,11
137759,1,13509,6310,7199
137759,2,13509,6310,7199
137759,3,12249,5810,6439
137759,4,3020,1536,1484
137759,5,9229,4274,4955
137759,11,1260,500,760
137759,19,1091,600,491
137759,20,8138,3674,4464
137759,21,6355,3295,3060
137759,22,6355,3295,3060
137759,23,6215,3229,2986
137759,24,2158,1114,1044
137759,25,4057,2115,1942
137759,31,140,66,74
137759,39,649,383,266
137759,40,3408,1732,1676
137759,41,7154,3015,4139
137759,42,7154,3015,4139
137759,43,6034,2581,3453
137759,44,862,422,440
137759,45,5172,2159,3013
137759,51,1120,434,686
137759,59,442,217,225
137759,60,4730,1942,2788
137777,1,44,44,0
137777,2,32,32,0
137777,3,32,32,0
137777,4,4,4,0
137777,5,28,28,0
137777,12,12,12,0
137777,19,7,7,0
137777,20,21,21,0
137777,21,44,44,0
137777,22,32,32,0
137777,23,32,32,0
137777,24,4,4,0
137777,25,28,28,0
137777,32,12,12,0
137777,39,7,7,0
137777,40,21,21,0
137801,1,770,419,351
137801,2,738,404,334
137801,3,738,404,334
137801,4,71,46,25
137801,5,667,358,309
137801,12,32,15,17
137801,19,77,49,28
137801,20,590,309,281
137801,21,630,356,274
137801,22,609,347,262
137801,23,609,347,262
137801,24,71,46,25
137801,25,538,301,237
137801,32,21,9,12
137801,39,71,45,26
137801,40,467,256,211
137801,41,140,63,77
137801,42,129,57,72
137801,43,129,57,72
137801,45,129,57,72
137801,52,11,6,5
137801,59,6,4,2
137801,60,123,53,70
137810,1,486,140,346
137810,2,468,137,331
137810,3,468,137,331
137810,4,47,6,41
137810,5,421,131,290
137810,12,18,3,15
137810,19,51,14,37
137810,20,370,117,253
137810,21,368,97,271
137810,22,367,97,270
137810,23,367,97,270
137810,24,47,6,41
137810,25,320,91,229
137810,32,1,0,1
137810,39,39,9,30
137810,40,281,82,199
137810,41,118,43,75
137810,42,101,40,61
137810,43,101,40,61
137810,45,101,40,61
137810,52,17,3,14
137810,59,12,5,7
137810,60,89,35,54
137847,1,7260,3274,3986
137847,2,6499,2910,3589
137847,3,6476,2897,3579
137847,4,1592,667,925
137847,5,4884,2230,2654
137847,11,23,13,10
137847,12,761,364,397
137847,19,500,275,225
137847,20,4384,1955,2429
137847,21,6450,2894,3556
137847,22,6188,2759,3429
137847,23,6184,2755,3429
137847,24,1590,666,924
137847,25,4594,2089,2505
137847,31,4,4,0
137847,32,262,135,127
137847,39,439,241,198
137847,40,4155,1848,2307
137847,41,810,380,430
137847,42,311,151,160
137847,43,292,142,150
137847,44,2,1,1
137847,45,290,141,149
137847,51,19,9,10
137847,52,499,229,270
137847,59,61,34,27
137847,60,229,107,122
137856,1,58,46,12
137856,2,58,46,12
137856,3,58,46,12
137856,4,22,14,8
137856,5,36,32,4
137856,20,36,32,4
137856,21,48,37,11
137856,22,48,37,11
137856,23,48,37,11
137856,24,17,10,7
137856,25,31,27,4
137856,40,31,27,4
137856,41,10,9,1
137856,42,10,9,1
137856,43,10,9,1
137856,44,5,4,1
137856,45,5,5,0
137856,60,5,5,0
137865,1,421,205,216
137865,2,421,205,216
137865,3,421,205,216
137865,4,82,35,47
137865,5,339,170,169
137865,20,339,170,169
137865,21,385,179,206
137865,22,385,179,206
137865,23,385,179,206
137865,24,77,31,46
137865,25,308,148,160
137865,40,308,148,160
137865,41,36,26,10
137865,42,36,26,10
137865,43,36,26,10
137865,44,5,4,1
137865,45,31,22,9
137865,60,31,22,9
137953,1,323,190,133
137953,2,301,173,128
137953,3,289,167,122
137953,4,83,52,31
137953,5,206,115,91
137953,11,12,6,6
137953,12,22,17,5
137953,19,40,19,21
137953,20,166,96,70
137953,21,236,136,100
137953,22,236,136,100
137953,23,236,136,100
137953,24,75,48,27
137953,25,161,88,73
137953,39,34,15,19
137953,40,127,73,54
137953,41,87,54,33
137953,42,65,37,28
137953,43,53,31,22
137953,44,8,4,4
137953,45,45,27,18
137953,51,12,6,6
137953,52,22,17,5
137953,59,6,4,2
137953,60,39,23,16
137962,1,224,135,89
137962,2,224,135,89
137962,3,222,134,88
137962,4,24,17,7
137962,5,198,117,81
137962,11,2,1,1
137962,19,52,33,19
137962,20,146,84,62
137962,21,202,121,81
137962,22,202,121,81
137962,23,202,121,81
137962,24,24,17,7
137962,25,178,104,74
137962,39,50,32,18
137962,40,128,72,56
137962,41,22,14,8
137962,42,22,14,8
137962,43,20,13,7
137962,45,20,13,7
137962,51,2,1,1
137962,59,2,1,1
137962,60,18,12,6
138132,1,79,4,75
138132,2,79,4,75
138132,3,79,4,75
138132,4,65,4,61
138132,5,14,0,14
138132,20,14,0,14
138132,21,59,3,56
138132,22,59,3,56
138132,23,59,3,56
138132,24,47,3,44
138132,25,12,0,12
138132,40,12,0,12
138132,41,20,1,19
138132,42,20,1,19
138132,43,20,1,19
138132,44,18,1,17
138132,45,2,0,2
138132,60,2,0,2
138187,1,42180,18843,23337
138187,2,42180,18843,23337
138187,3,34819,15797,19022
138187,4,8167,3853,4314
138187,5,26652,11944,14708
138187,11,7361,3046,4315
138187,19,3538,1671,1867
138187,20,23114,10273,12841
138187,21,16523,7712,8811
138187,22,16523,7712,8811
138187,23,15250,7135,8115
138187,24,5443,2589,2854
138187,25,9807,4546,5261
138187,31,1273,577,696
138187,39,1565,784,781
138187,40,8242,3762,4480
138187,41,25657,11131,14526
138187,42,25657,11131,14526
138187,43,19569,8662,10907
138187,44,2724,1264,1460
138187,45,16845,7398,9447
138187,51,6088,2469,3619
138187,59,1973,887,1086
138187,60,14872,6511,8361
138275,1,1162,537,625
138275,2,1043,499,544
138275,3,1023,489,534
138275,4,179,99,80
138275,5,844,390,454
138275,11,20,10,10
138275,12,119,38,81
138275,19,166,78,88
138275,20,678,312,366
138275,21,975,474,501
138275,22,888,442,446
138275,23,887,441,446
138275,24,171,97,74
138275,25,716,344,372
138275,31,1,1,0
138275,32,87,32,55
138275,39,142,74,68
138275,40,574,270,304
138275,41,187,63,124
138275,42,155,57,98
138275,43,136,48,88
138275,44,8,2,6
138275,45,128,46,82
138275,51,19,9,10
138275,52,32,6,26
138275,59,24,4,20
138275,60,104,42,62
138284,1,349,184,165
138284,2,349,184,165
138284,3,349,184,165
138284,4,163,94,69
138284,5,186,90,96
138284,20,186,90,96
138284,21,318,159,159
138284,22,318,159,159
138284,23,318,159,159
138284,24,146,82,64
138284,25,172,77,95
138284,40,172,77,95
138284,41,31,25,6
138284,42,31,25,6
138284,43,31,25,6
138284,44,17,12,5
138284,45,14,13,1
138284,60,14,13,1
138293,1,715,478,237
138293,2,667,457,210
138293,3,662,456,206
138293,4,205,157,48
138293,5,457,299,158
138293,11,5,1,4
138293,12,48,21,27
138293,19,91,55,36
138293,20,366,244,122
138293,21,671,454,217
138293,22,633,437,196
138293,23,628,436,192
138293,24,205,157,48
138293,25,423,279,144
138293,31,5,1,4
138293,32,38,17,21
138293,39,91,55,36
138293,40,332,224,108
138293,41,44,24,20
138293,42,34,20,14
138293,43,34,20,14
138293,45,34,20,14
138293,52,10,4,6
138293,60,34,20,14
138309,1,5640,1441,4199
138309,2,5640,1441,4199
138309,3,5627,1440,4187
138309,4,341,98,243
138309,5,5286,1342,3944
138309,11,13,1,12
138309,19,1005,234,771
138309,20,4281,1108,3173
138309,21,3304,833,2471
138309,22,3304,833,2471
138309,23,3302,833,2469
138309,24,241,64,177
138309,25,3061,769,2292
138309,31,2,0,2
138309,39,742,171,571
138309,40,2319,598,1721
138309,41,2336,608,1728
138309,42,2336,608,1728
138309,43,2325,607,1718
138309,44,100,34,66
138309,45,2225,573,1652
138309,51,11,1,10
138309,59,263,63,200
138309,60,1962,510,1452
138354,1,12588,5224,7364
138354,2,10158,4361,5797
138354,3,9906,4256,5650
138354,4,1333,587,746
138354,5,8573,3669,4904
138354,11,252,105,147
138354,12,2430,863,1567
138354,19,1208,503,705
138354,20,7365,3166,4199
138354,21,8183,3498,4685
138354,22,7581,3287,4294
138354,23,7464,3227,4237
138354,24,1316,580,736
138354,25,6148,2647,3501
138354,31,117,60,57
138354,32,602,211,391
138354,39,914,384,530
138354,40,5234,2263,2971
138354,41,4405,1726,2679
138354,42,2577,1074,1503
138354,43,2442,1029,1413
138354,44,17,7,10
138354,45,2425,1022,1403
138354,51,135,45,90
138354,52,1828,652,1176
138354,59,294,119,175
138354,60,2131,903,1228
138372,1,703,364,339
138372,2,703,364,339
138372,3,586,313,273
138372,4,276,146,130
138372,5,310,167,143
138372,11,117,51,66
138372,20,310,167,143
138372,21,508,267,241
138372,22,508,267,241
138372,23,508,267,241
138372,24,237,127,110
138372,25,271,140,131
138372,40,271,140,131
138372,41,195,97,98
138372,42,195,97,98
138372,43,78,46,32
138372,44,39,19,20
138372,45,39,27,12
138372,51,117,51,66
138372,60,39,27,12
138479,1,827,430,397
138479,2,827,430,397
138479,3,827,430,397
138479,4,598,310,288
138479,5,229,120,109
138479,20,229,120,109
138479,21,827,430,397
138479,22,827,430,397
138479,23,827,430,397
138479,24,598,310,288
138479,25,229,120,109
138479,40,229,120,109
138488,1,437,131,306
138488,2,437,131,306
138488,3,437,131,306
138488,4,149,32,117
138488,5,288,99,189
138488,20,288,99,189
138488,21,177,63,114
138488,22,177,63,114
138488,23,177,63,114
138488,24,41,9,32
138488,25,136,54,82
138488,40,136,54,82
138488,41,260,68,192
138488,42,260,68,192
138488,43,260,68,192
138488,44,108,23,85
138488,45,152,45,107
138488,60,152,45,107
138497,1,288,177,111
138497,2,288,177,111
138497,3,288,177,111
138497,4,201,110,91
138497,5,87,67,20
138497,20,87,67,20
138497,21,288,177,111
138497,22,288,177,111
138497,23,288,177,111
138497,24,201,110,91
138497,25,87,67,20
138497,40,87,67,20
138558,1,3394,1552,1842
138558,2,3394,1552,1842
138558,3,3194,1469,1725
138558,4,999,460,539
138558,5,2195,1009,1186
138558,11,200,83,117
138558,19,230,96,134
138558,20,1965,913,1052
138558,21,2350,1180,1170
138558,22,2350,1180,1170
138558,23,2330,1171,1159
138558,24,944,434,510
138558,25,1386,737,649
138558,31,20,9,11
138558,39,132,78,54
138558,40,1254,659,595
138558,41,1044,372,672
138558,42,1044,372,672
138558,43,864,298,566
138558,44,55,26,29
138558,45,809,272,537
138558,51,180,74,106
138558,59,98,18,80
138558,60,711,254,457
138600,1,915,10,905
138600,2,915,10,905
138600,3,858,0,858
138600,4,252,0,252
138600,5,606,0,606
138600,11,57,10,47
138600,19,17,0,17
138600,20,589,0,589
138600,21,897,8,889
138600,22,897,8,889
138600,23,853,0,853
138600,24,252,0,252
138600,25,601,0,601
138600,31,44,8,36
138600,39,16,0,16
138600,40,585,0,585
138600,41,18,2,16
138600,42,18,2,16
138600,43,5,0,5
138600,45,5,0,5
138600,51,13,2,11
138600,59,1,0,1
138600,60,4,0,4
138655,1,383,305,78
138655,2,383,305,78
138655,3,379,303,76
138655,4,111,91,20
138655,5,268,212,56
138655,11,4,2,2
138655,20,268,212,56
138655,21,377,302,75
138655,22,377,302,75
138655,23,375,301,74
138655,24,107,89,18
138655,25,268,212,56
138655,31,2,1,1
138655,40,268,212,56
138655,41,6,3,3
138655,42,6,3,3
138655,43,4,2,2
138655,44,4,2,2
138655,51,2,1,1
138664,1,36,16,20
138664,2,36,16,20
138664,3,36,16,20
138664,4,14,6,8
138664,5,22,10,12
138664,20,22,10,12
138664,21,36,16,20
138664,22,36,16,20
138664,23,36,16,20
138664,24,14,6,8
138664,25,22,10,12
138664,40,22,10,12
138682,1,3894,1551,2343
138682,2,3894,1551,2343
138682,3,3743,1498,2245
138682,4,790,374,416
138682,5,2953,1124,1829
138682,11,151,53,98
138682,19,485,140,345
138682,20,2468,984,1484
138682,21,2091,882,1209
138682,22,2091,882,1209
138682,23,2089,880,1209
138682,24,416,184,232
138682,25,1673,696,977
138682,31,2,2,0
138682,39,271,81,190
138682,40,1402,615,787
138682,41,1803,669,1134
138682,42,1803,669,1134
138682,43,1654,618,1036
138682,44,374,190,184
138682,45,1280,428,852
138682,51,149,51,98
138682,59,214,59,155
138682,60,1066,369,697
138691,1,6195,1891,4304
138691,2,6195,1891,4304
138691,3,5984,1828,4156
138691,4,1134,438,696
138691,5,4850,1390,3460
138691,11,211,63,148
138691,19,911,249,662
138691,20,3939,1141,2798
138691,21,2953,1080,1873
138691,22,2953,1080,1873
138691,23,2921,1073,1848
138691,24,908,360,548
138691,25,2013,713,1300
138691,31,32,7,25
138691,39,391,133,258
138691,40,1622,580,1042
138691,41,3242,811,2431
138691,42,3242,811,2431
138691,43,3063,755,2308
138691,44,226,78,148
138691,45,2837,677,2160
138691,51,179,56,123
138691,59,520,116,404
138691,60,2317,561,1756
138716,1,4260,1382,2878
138716,2,3660,1257,2403
138716,3,3566,1221,2345
138716,4,520,172,348
138716,5,3046,1049,1997
138716,11,94,36,58
138716,12,600,125,475
138716,19,325,103,222
138716,20,2721,946,1775
138716,21,3241,1122,2119
138716,22,3019,1077,1942
138716,23,3013,1074,1939
138716,24,508,167,341
138716,25,2505,907,1598
138716,31,6,3,3
138716,32,222,45,177
138716,39,239,90,149
138716,40,2266,817,1449
138716,41,1019,260,759
138716,42,641,180,461
138716,43,553,147,406
138716,44,12,5,7
138716,45,541,142,399
138716,51,88,33,55
138716,52,378,80,298
138716,59,86,13,73
138716,60,455,129,326
138761,1,316,156,160
138761,2,316,156,160
138761,3,311,155,156
138761,4,184,86,98
138761,5,127,69,58
138761,11,5,1,4
138761,19,21,12,9
138761,20,106,57,49
138761,21,309,155,154
138761,22,309,155,154
138761,23,306,155,151
138761,24,184,86,98
138761,25,122,69,53
138761,31,3,0,3
138761,39,19,12,7
138761,40,103,57,46
138761,41,7,1,6
138761,42,7,1,6
138761,43,5,0,5
138761,45,5,0,5
138761,51,2,1,1
138761,59,2,0,2
138761,60,3,0,3
138789,1,7101,2292,4809
138789,2,6377,2133,4244
138789,3,6206,2053,4153
138789,4,958,322,636
138789,5,5248,1731,3517
138789,11,171,80,91
138789,12,724,159,565
138789,19,620,175,445
138789,20,4628,1556,3072
138789,21,4987,1625,3362
138789,22,4684,1557,3127
138789,23,4663,1550,3113
138789,24,877,292,585
138789,25,3786,1258,2528
138789,31,21,7,14
138789,32,303,68,235
138789,39,440,136,304
138789,40,3346,1122,2224
138789,41,2114,667,1447
138789,42,1693,576,1117
138789,43,1543,503,1040
138789,44,81,30,51
138789,45,1462,473,989
138789,51,150,73,77
138789,52,421,91,330
138789,59,180,39,141
138789,60,1282,434,848
138813,1,3078,1732,1346
138813,2,3078,1732,1346
138813,3,2974,1686,1288
138813,4,806,464,342
138813,5,2168,1222,946
138813,11,104,46,58
138813,19,386,201,185
138813,20,1782,1021,761
138813,21,2564,1460,1104
138813,22,2564,1460,1104
138813,23,2531,1447,1084
138813,24,719,408,311
138813,25,1812,1039,773
138813,31,33,13,20
138813,39,311,166,145
138813,40,1501,873,628
138813,41,514,272,242
138813,42,514,272,242
138813,43,443,239,204
138813,44,87,56,31
138813,45,356,183,173
138813,51,71,33,38
138813,59,75,35,40
138813,60,281,148,133
138822,1,528,51,477
138822,2,528,51,477
138822,3,528,51,477
138822,4,55,6,49
138822,5,473,45,428
138822,20,473,45,428
138822,21,528,51,477
138822,22,528,51,477
138822,23,528,51,477
138822,24,55,6,49
138822,25,473,45,428
138822,40,473,45,428
138840,1,4859,1958,2901
138840,2,4859,1958,2901
138840,3,4568,1845,2723
138840,4,975,461,514
138840,5,3593,1384,2209
138840,11,291,113,178
138840,19,842,307,535
138840,20,2751,1077,1674
138840,21,1763,925,838
138840,22,1763,925,838
138840,23,1735,905,830
138840,24,430,242,188
138840,25,1305,663,642
138840,31,28,20,8
138840,39,349,165,184
138840,40,956,498,458
138840,41,3096,1033,2063
138840,42,3096,1033,2063
138840,43,2833,940,1893
138840,44,545,219,326
138840,45,2288,721,1567
138840,51,263,93,170
138840,59,493,142,351
138840,60,1795,579,1216
138868,1,1439,638,801
138868,2,1439,638,801
138868,3,1354,612,742
138868,4,192,134,58
138868,5,1162,478,684
138868,11,85,26,59
138868,19,141,76,65
138868,20,1021,402,619
138868,21,1291,585,706
138868,22,1291,585,706
138868,23,1281,582,699
138868,24,191,133,58
138868,25,1090,449,641
138868,31,10,3,7
138868,39,140,75,65
138868,40,950,374,576
138868,41,148,53,95
138868,42,148,53,95
138868,43,73,30,43
138868,44,1,1,0
138868,45,72,29,43
138868,51,75,23,52
138868,59,1,1,0
138868,60,71,28,43
138901,1,3016,1109,1907
138901,2,3016,1109,1907
138901,3,2950,1073,1877
138901,4,510,207,303
138901,5,2440,866,1574
138901,11,66,36,30
138901,19,602,221,381
138901,20,1838,645,1193
138901,21,1635,599,1036
138901,22,1635,599,1036
138901,23,1629,595,1034
138901,24,265,99,166
138901,25,1364,496,868
138901,31,6,4,2
138901,39,351,123,228
138901,40,1013,373,640
138901,41,1381,510,871
138901,42,1381,510,871
138901,43,1321,478,843
138901,44,245,108,137
138901,45,1076,370,706
138901,51,60,32,28
138901,59,251,98,153
138901,60,825,272,553
138929,1,579,270,309
138929,12,579,270,309
138929,21,359,180,179
138929,32,359,180,179
138929,41,220,90,130
138929,52,220,90,130
138938,1,62,19,43
138938,2,62,19,43
138938,3,62,19,43
138938,4,34,12,22
138938,5,28,7,21
138938,20,28,7,21
138938,21,44,16,28
138938,22,44,16,28
138938,23,44,16,28
138938,24,34,12,22
138938,25,10,4,6
138938,40,10,4,6
138938,41,18,3,15
138938,42,18,3,15
138938,43,18,3,15
138938,45,18,3,15
138938,60,18,3,15
138947,1,3458,878,2580
138947,2,2629,651,1978
138947,3,2629,651,1978
138947,4,781,199,582
138947,5,1848,452,1396
138947,12,829,227,602
138947,19,112,30,82
138947,20,1736,422,1314
138947,21,3044,749,2295
138947,22,2514,611,1903
138947,23,2514,611,1903
138947,24,767,197,570
138947,25,1747,414,1333
138947,32,530,138,392
138947,39,108,30,78
138947,40,1639,384,1255
138947,41,414,129,285
138947,42,115,40,75
138947,43,115,40,75
138947,44,14,2,12
138947,45,101,38,63
138947,52,299,89,210
138947,59,4,0,4
138947,60,97,38,59
138956,1,4379,1897,2482
138956,2,4379,1897,2482
138956,3,4294,1874,2420
138956,4,823,434,389
138956,5,3471,1440,2031
138956,11,85,23,62
138956,19,487,218,269
138956,20,2984,1222,1762
138956,21,1762,858,904
138956,22,1762,858,904
138956,23,1749,849,900
138956,24,386,235,151
138956,25,1363,614,749
138956,31,13,9,4
138956,39,225,129,96
138956,40,1138,485,653
138956,41,2617,1039,1578
138956,42,2617,1039,1578
138956,43,2545,1025,1520
138956,44,437,199,238
138956,45,2108,826,1282
138956,51,72,14,58
138956,59,262,89,173
138956,60,1846,737,1109
139010,1,2695,760,1935
139010,2,2695,760,1935
139010,3,2533,709,1824
139010,4,522,174,348
139010,5,2011,535,1476
139010,11,162,51,111
139010,19,188,39,149
139010,20,1823,496,1327
139010,21,1139,322,817
139010,22,1139,322,817
139010,23,1131,319,812
139010,24,234,73,161
139010,25,897,246,651
139010,31,8,3,5
139010,39,73,20,53
139010,40,824,226,598
139010,41,1556,438,1118
139010,42,1556,438,1118
139010,43,1402,390,1012
139010,44,288,101,187
139010,45,1114,289,825
139010,51,154,48,106
139010,59,115,19,96
139010,60,999,270,729
139074,1,751,138,613
139074,2,751,138,613
139074,3,744,137,607
139074,4,113,25,88
139074,5,631,112,519
139074,11,7,1,6
139074,19,222,32,190
139074,20,409,80,329
139074,21,397,90,307
139074,22,397,90,307
139074,23,397,90,307
139074,24,75,21,54
139074,25,322,69,253
139074,39,79,17,62
139074,40,243,52,191
139074,41,354,48,306
139074,42,354,48,306
139074,43,347,47,300
139074,44,38,4,34
139074,45,309,43,266
139074,51,7,1,6
139074,59,143,15,128
139074,60,166,28,138
139092,1,53,7,46
139092,2,53,7,46
139092,3,53,7,46
139092,4,5,2,3
139092,5,48,5,43
139092,20,48,5,43
139092,21,53,7,46
139092,22,53,7,46
139092,23,53,7,46
139092,24,5,2,3
139092,25,48,5,43
139092,40,48,5,43
139144,1,2223,831,1392
139144,2,2141,809,1332
139144,3,2122,802,1320
139144,4,672,307,365
139144,5,1450,495,955
139144,11,19,7,12
139144,12,82,22,60
139144,19,40,18,22
139144,20,1410,477,933
139144,21,2122,801,1321
139144,22,2107,798,1309
139144,23,2102,797,1305
139144,24,672,307,365
139144,25,1430,490,940
139144,31,5,1,4
139144,32,15,3,12
139144,39,38,18,20
139144,40,1392,472,920
139144,41,101,30,71
139144,42,34,11,23
139144,43,20,5,15
139144,45,20,5,15
139144,51,14,6,8
139144,52,67,19,48
139144,59,2,0,2
139144,60,18,5,13
139153,1,788,324,464
139153,2,554,222,332
139153,3,554,222,332
139153,4,93,39,54
139153,5,461,183,278
139153,12,234,102,132
139153,19,14,3,11
139153,20,447,180,267
139153,21,347,161,186
139153,22,238,112,126
139153,23,238,112,126
139153,24,55,24,31
139153,25,183,88,95
139153,32,109,49,60
139153,39,5,1,4
139153,40,178,87,91
139153,41,441,163,278
139153,42,316,110,206
139153,43,316,110,206
139153,44,38,15,23
139153,45,278,95,183
139153,52,125,53,72
139153,59,9,2,7
139153,60,269,93,176
139199,1,2854,428,2426
139199,2,1700,191,1509
139199,3,1683,185,1498
139199,4,204,1,203
139199,5,1479,184,1295
139199,11,17,6,11
139199,12,1154,237,917
139199,19,323,53,270
139199,20,1156,131,1025
139199,21,1528,172,1356
139199,22,1074,104,970
139199,23,1073,104,969
139199,24,201,1,200
139199,25,872,103,769
139199,31,1,0,1
139199,32,454,68,386
139199,39,190,36,154
139199,40,682,67,615
139199,41,1326,256,1070
139199,42,626,87,539
139199,43,610,81,529
139199,44,3,0,3
139199,45,607,81,526
139199,51,16,6,10
139199,52,700,169,531
139199,59,133,17,116
139199,60,474,64,410
139205,1,693,376,317
139205,2,693,376,317
139205,3,543,300,243
139205,4,148,94,54
139205,5,395,206,189
139205,11,150,76,74
139205,19,47,33,14
139205,20,348,173,175
139205,21,503,284,219
139205,22,503,284,219
139205,23,498,283,215
139205,24,147,94,53
139205,25,351,189,162
139205,31,5,1,4
139205,39,45,33,12
139205,40,306,156,150
139205,41,190,92,98
139205,42,190,92,98
139205,43,45,17,28
139205,44,1,0,1
139205,45,44,17,27
139205,51,145,75,70
139205,59,2,0,2
139205,60,42,17,25
139214,1,233,16,217
139214,2,233,16,217
139214,3,233,16,217
139214,4,17,1,16
139214,5,216,15,201
139214,19,2,0,2
139214,20,214,15,199
139214,21,66,5,61
139214,22,66,5,61
139214,23,66,5,61
139214,24,6,0,6
139214,25,60,5,55
139214,40,60,5,55
139214,41,167,11,156
139214,42,167,11,156
139214,43,167,11,156
139214,44,11,1,10
139214,45,156,10,146
139214,59,2,0,2
139214,60,154,10,144
139250,1,2987,950,2037
139250,2,2987,950,2037
139250,3,2855,903,1952
139250,4,597,229,368
139250,5,2258,674,1584
139250,11,132,47,85
139250,19,233,76,157
139250,20,2025,598,1427
139250,21,1838,632,1206
139250,22,1838,632,1206
139250,23,1824,627,1197
139250,24,528,196,332
139250,25,1296,431,865
139250,31,14,5,9
139250,39,151,52,99
139250,40,1145,379,766
139250,41,1149,318,831
139250,42,1149,318,831
139250,43,1031,276,755
139250,44,69,33,36
139250,45,962,243,719
139250,51,118,42,76
139250,59,82,24,58
139250,60,880,219,661
139278,1,6915,2435,4480
139278,2,6915,2435,4480
139278,3,6283,2197,4086
139278,4,1602,774,828
139278,5,4681,1423,3258
139278,11,632,238,394
139278,19,590,213,377
139278,20,4091,1210,2881
139278,21,2223,834,1389
139278,22,2223,834,1389
139278,23,2005,779,1226
139278,24,662,325,337
139278,25,1343,454,889
139278,31,218,55,163
139278,39,199,89,110
139278,40,1144,365,779
139278,41,4692,1601,3091
139278,42,4692,1601,3091
139278,43,4278,1418,2860
139278,44,940,449,491
139278,45,3338,969,2369
139278,51,414,183,231
139278,59,391,124,267
139278,60,2947,845,2102
139287,1,103,69,34
139287,2,103,69,34
139287,3,103,69,34
139287,4,34,22,12
139287,5,69,47,22
139287,20,69,47,22
139287,21,59,41,18
139287,22,59,41,18
139287,23,59,41,18
139287,24,27,19,8
139287,25,32,22,10
139287,40,32,22,10
139287,41,44,28,16
139287,42,44,28,16
139287,43,44,28,16
139287,44,7,3,4
139287,45,37,25,12
139287,60,37,25,12
139311,1,7261,2214,5047
139311,2,6893,2085,4808
139311,3,6445,1919,4526
139311,4,578,245,333
139311,5,5867,1674,4193
139311,11,448,166,282
139311,12,368,129,239
139311,19,1017,266,751
139311,20,4850,1408,3442
139311,21,4092,1279,2813
139311,22,3939,1225,2714
139311,23,3839,1190,2649
139311,24,476,196,280
139311,25,3363,994,2369
139311,31,100,35,65
139311,32,153,54,99
139311,39,596,170,426
139311,40,2767,824,1943
139311,41,3169,935,2234
139311,42,2954,860,2094
139311,43,2606,729,1877
139311,44,102,49,53
139311,45,2504,680,1824
139311,51,348,131,217
139311,52,215,75,140
139311,59,421,96,325
139311,60,2083,584,1499
139348,1,233,113,120
139348,12,233,113,120
139348,21,149,69,80
139348,32,149,69,80
139348,41,84,44,40
139348,52,84,44,40
139357,1,3739,1354,2385
139357,2,3739,1354,2385
139357,3,3556,1269,2287
139357,4,676,314,362
139357,5,2880,955,1925
139357,11,183,85,98
139357,19,453,158,295
139357,20,2427,797,1630
139357,21,1426,590,836
139357,22,1426,590,836
139357,23,1384,574,810
139357,24,326,166,160
139357,25,1058,408,650
139357,31,42,16,26
139357,39,189,79,110
139357,40,869,329,540
139357,41,2313,764,1549
139357,42,2313,764,1549
139357,43,2172,695,1477
139357,44,350,148,202
139357,45,1822,547,1275
139357,51,141,69,72
139357,59,264,79,185
139357,60,1558,468,1090
139366,1,8156,3346,4810
139366,2,7013,2846,4167
139366,3,6849,2781,4068
139366,4,1117,460,657
139366,5,5732,2321,3411
139366,11,164,65,99
139366,12,1143,500,643
139366,19,697,282,415
139366,20,5035,2039,2996
139366,21,5382,2124,3258
139366,22,4979,1940,3039
139366,23,4944,1927,3017
139366,24,1026,405,621
139366,25,3918,1522,2396
139366,31,35,13,22
139366,32,403,184,219
139366,39,428,178,250
139366,40,3490,1344,2146
139366,41,2774,1222,1552
139366,42,2034,906,1128
139366,43,1905,854,1051
139366,44,91,55,36
139366,45,1814,799,1015
139366,51,129,52,77
139366,52,740,316,424
139366,59,269,104,165
139366,60,1545,695,850
139384,1,6051,2047,4004
139384,2,6051,2047,4004
139384,3,5220,1745,3475
139384,4,1154,515,639
139384,5,4066,1230,2836
139384,11,831,302,529
139384,19,1073,311,762
139384,20,2993,919,2074
139384,21,2135,820,1315
139384,22,2135,820,1315
139384,23,2080,797,1283
139384,24,549,279,270
139384,25,1531,518,1013
139384,31,55,23,32
139384,39,437,150,287
139384,40,1094,368,726
139384,41,3916,1227,2689
139384,42,3916,1227,2689
139384,43,3140,948,2192
139384,44,605,236,369
139384,45,2535,712,1823
139384,51,776,279,497
139384,59,636,161,475
139384,60,1899,551,1348
139393,1,1173,500,673
139393,2,1104,483,621
139393,3,1063,462,601
139393,4,295,129,166
139393,5,768,333,435
139393,11,41,21,20
139393,12,69,17,52
139393,19,26,13,13
139393,20,742,320,422
139393,21,1102,461,641
139393,22,1050,451,599
139393,23,1050,451,599
139393,24,295,129,166
139393,25,755,322,433
139393,32,52,10,42
139393,39,26,13,13
139393,40,729,309,420
139393,41,71,39,32
139393,42,54,32,22
139393,43,13,11,2
139393,45,13,11,2
139393,51,41,21,20
139393,52,17,7,10
139393,60,13,11,2
139463,1,5015,1961,3054
139463,2,5015,1961,3054
139463,3,4852,1886,2966
139463,4,965,425,540
139463,5,3887,1461,2426
139463,11,163,75,88
139463,19,318,130,188
139463,20,3569,1331,2238
139463,21,3044,1282,1762
139463,22,3044,1282,1762
139463,23,3010,1269,1741
139463,24,819,363,456
139463,25,2191,906,1285
139463,31,34,13,21
139463,39,211,90,121
139463,40,1980,816,1164
139463,41,1971,679,1292
139463,42,1971,679,1292
139463,43,1842,617,1225
139463,44,146,62,84
139463,45,1696,555,1141
139463,51,129,62,67
139463,59,107,40,67
139463,60,1589,515,1074
139506,1,68,29,39
139506,2,68,29,39
139506,3,68,29,39
139506,4,20,7,13
139506,5,48,22,26
139506,20,48,22,26
139506,21,68,29,39
139506,22,68,29,39
139506,23,68,29,39
139506,24,20,7,13
139506,25,48,22,26
139506,40,48,22,26
139579,1,1510,465,1045
139579,2,777,272,505
139579,3,775,272,503
139579,4,63,23,40
139579,5,712,249,463
139579,11,2,0,2
139579,12,733,193,540
139579,19,166,51,115
139579,20,546,198,348
139579,21,928,316,612
139579,22,379,158,221
139579,23,379,158,221
139579,24,41,18,23
139579,25,338,140,198
139579,32,549,158,391
139579,39,70,27,43
139579,40,268,113,155
139579,41,582,149,433
139579,42,398,114,284
139579,43,396,114,282
139579,44,22,5,17
139579,45,374,109,265
139579,51,2,0,2
139579,52,184,35,149
139579,59,96,24,72
139579,60,278,85,193
139621,1,2857,1225,1632
139621,2,2857,1225,1632
139621,3,2803,1204,1599
139621,4,1040,458,582
139621,5,1763,746,1017
139621,11,54,21,33
139621,19,249,121,128
139621,20,1514,625,889
139621,21,2194,952,1242
139621,22,2194,952,1242
139621,23,2189,951,1238
139621,24,929,404,525
139621,25,1260,547,713
139621,31,5,1,4
139621,39,186,87,99
139621,40,1074,460,614
139621,41,663,273,390
139621,42,663,273,390
139621,43,614,253,361
139621,44,111,54,57
139621,45,503,199,304
139621,51,49,20,29
139621,59,63,34,29
139621,60,440,165,275
139630,1,806,396,410
139630,2,806,396,410
139630,3,709,361,348
139630,4,167,88,79
139630,5,542,273,269
139630,11,97,35,62
139630,19,55,34,21
139630,20,487,239,248
139630,21,702,358,344
139630,22,702,358,344
139630,23,689,354,335
139630,24,167,88,79
139630,25,522,266,256
139630,31,13,4,9
139630,39,51,32,19
139630,40,471,234,237
139630,41,104,38,66
139630,42,104,38,66
139630,43,20,7,13
139630,45,20,7,13
139630,51,84,31,53
139630,59,4,2,2
139630,60,16,5,11
139658,1,14513,6328,8185
139658,2,7836,3393,4443
139658,3,7705,3337,4368
139658,4,1853,799,1054
139658,5,5852,2538,3314
139658,11,131,56,75
139658,12,6677,2935,3742
139658,19,245,71,174
139658,20,5607,2467,3140
139658,21,13181,5705,7476
139658,22,7676,3321,4355
139658,23,7607,3289,4318
139658,24,1853,799,1054
139658,25,5754,2490,3264
139658,31,69,32,37
139658,32,5505,2384,3121
139658,39,243,70,173
139658,40,5511,2420,3091
139658,41,1332,623,709
139658,42,160,72,88
139658,43,98,48,50
139658,45,98,48,50
139658,51,62,24,38
139658,52,1172,551,621
139658,59,2,1,1
139658,60,96,47,49
139700,1,5492,2101,3391
139700,2,5492,2101,3391
139700,3,5324,2043,3281
139700,4,1307,563,744
139700,5,4017,1480,2537
139700,11,168,58,110
139700,19,570,224,346
139700,20,3447,1256,2191
139700,21,2843,1237,1606
139700,22,2843,1237,1606
139700,23,2812,1229,1583
139700,24,1018,449,569
139700,25,1794,780,1014
139700,31,31,8,23
139700,39,294,136,158
139700,40,1500,644,856
139700,41,2649,864,1785
139700,42,2649,864,1785
139700,43,2512,814,1698
139700,44,289,114,175
139700,45,2223,700,1523
139700,51,137,50,87
139700,59,276,88,188
139700,60,1947,612,1335
139719,1,3180,1286,1894
139719,2,2858,1228,1630
139719,3,2805,1210,1595
139719,4,538,255,283
139719,5,2267,955,1312
139719,11,53,18,35
139719,12,322,58,264
139719,19,94,38,56
139719,20,2173,917,1256
139719,21,2695,1163,1532
139719,22,2570,1134,1436
139719,23,2561,1128,1433
139719,24,524,248,276
139719,25,2037,880,1157
139719,31,9,6,3
139719,32,125,29,96
139719,39,77,35,42
139719,40,1960,845,1115
139719,41,485,123,362
139719,42,288,94,194
139719,43,244,82,162
139719,44,14,7,7
139719,45,230,75,155
139719,51,44,12,32
139719,52,197,29,168
139719,59,17,3,14
139719,60,213,72,141
139746,1,60,16,44
139746,2,60,16,44
139746,3,60,16,44
139746,5,60,16,44
139746,20,60,16,44
139746,21,60,16,44
139746,22,60,16,44
139746,23,60,16,44
139746,25,60,16,44
139746,40,60,16,44
139755,1,21471,14846,6625
139755,2,14558,9725,4833
139755,3,13975,9343,4632
139755,4,2673,1677,996
139755,5,11302,7666,3636
139755,11,583,382,201
139755,12,6913,5121,1792
139755,19,501,393,108
139755,20,10801,7273,3528
139755,21,18743,12840,5903
139755,22,13291,8837,4454
139755,23,13193,8770,4423
139755,24,2669,1673,996
139755,25,10524,7097,3427
139755,31,98,67,31
139755,32,5452,4003,1449
139755,39,478,376,102
139755,40,10046,6721,3325
139755,41,2728,2006,722
139755,42,1267,888,379
139755,43,782,573,209
139755,44,4,4,0
139755,45,778,569,209
139755,51,485,315,170
139755,52,1461,1118,343
139755,59,23,17,6
139755,60,755,552,203
139764,1,2806,1003,1803
139764,2,2667,962,1705
139764,3,2598,936,1662
139764,4,376,151,225
139764,5,2222,785,1437
139764,11,69,26,43
139764,12,139,41,98
139764,19,387,138,249
139764,20,1835,647,1188
139764,21,1946,711,1235
139764,22,1870,694,1176
139764,23,1866,693,1173
139764,24,351,139,212
139764,25,1515,554,961
139764,31,4,1,3
139764,32,76,17,59
139764,39,248,92,156
139764,40,1267,462,805
139764,41,860,292,568
139764,42,797,268,529
139764,43,732,243,489
139764,44,25,12,13
139764,45,707,231,476
139764,51,65,25,40
139764,52,63,24,39
139764,59,139,46,93
139764,60,568,185,383
139861,1,6551,2573,3978
139861,2,5729,2294,3435
139861,3,5636,2256,3380
139861,4,1395,542,853
139861,5,4241,1714,2527
139861,11,93,38,55
139861,12,822,279,543
139861,19,355,150,205
139861,20,3886,1564,2322
139861,21,5600,2220,3380
139861,22,5264,2091,3173
139861,23,5229,2071,3158
139861,24,1395,542,853
139861,25,3834,1529,2305
139861,31,35,20,15
139861,32,336,129,207
139861,39,302,146,156
139861,40,3532,1383,2149
139861,41,951,353,598
139861,42,465,203,262
139861,43,407,185,222
139861,45,407,185,222
139861,51,58,18,40
139861,52,486,150,336
139861,59,53,4,49
139861,60,354,181,173
139904,1,1651,794,857
139904,2,1651,794,857
139904,3,1549,761,788
139904,4,1067,567,500
139904,5,482,194,288
139904,11,102,33,69
139904,19,451,182,269
139904,20,31,12,19
139904,21,1336,687,649
139904,22,1336,687,649
139904,23,1332,685,647
139904,24,977,531,446
139904,25,355,154,201
139904,31,4,2,2
139904,39,340,148,192
139904,40,15,6,9
139904,41,315,107,208
139904,42,315,107,208
139904,43,217,76,141
139904,44,90,36,54
139904,45,127,40,87
139904,51,98,31,67
139904,59,111,34,77
139904,60,16,6,10
139931,1,20517,9860,10657
139931,2,17904,8958,8946
139931,3,17103,8581,8522
139931,4,3583,1857,1726
139931,5,13520,6724,6796
139931,11,801,377,424
139931,12,2613,902,1711
139931,19,1136,536,600
139931,20,12384,6188,6196
139931,21,16767,8251,8516
139931,22,15762,7896,7866
139931,23,15718,7885,7833
139931,24,3544,1832,1712
139931,25,12174,6053,6121
139931,31,44,11,33
139931,32,1005,355,650
139931,39,1014,487,527
139931,40,11160,5566,5594
139931,41,3750,1609,2141
139931,42,2142,1062,1080
139931,43,1385,696,689
139931,44,39,25,14
139931,45,1346,671,675
139931,51,757,366,391
139931,52,1608,547,1061
139931,59,122,49,73
139931,60,1224,622,602
139940,1,32165,13372,18793
139940,2,24868,10357,14511
139940,3,24128,10091,14037
139940,4,3469,1503,1966
139940,5,20659,8588,12071
139940,11,740,266,474
139940,12,7297,3015,4282
139940,19,2941,1170,1771
139940,20,17718,7418,10300
139940,21,23677,9961,13716
139940,22,18410,7675,10735
139940,23,18267,7625,10642
139940,24,3388,1462,1926
139940,25,14879,6163,8716
139940,31,143,50,93
139940,32,5267,2286,2981
139940,39,2133,873,1260
139940,40,12746,5290,7456
139940,41,8488,3411,5077
139940,42,6458,2682,3776
139940,43,5861,2466,3395
139940,44,81,41,40
139940,45,5780,2425,3355
139940,51,597,216,381
139940,52,2030,729,1301
139940,59,808,297,511
139940,60,4972,2128,2844
139959,1,34536,14773,19763
139959,2,26278,11320,14958
139959,3,26120,11251,14869
139959,4,5237,2033,3204
139959,5,20883,9218,11665
139959,11,158,69,89
139959,12,8258,3453,4805
139959,19,1292,628,664
139959,20,19591,8590,11001
139959,21,31364,13347,18017
139959,22,24746,10520,14226
139959,23,24654,10486,14168
139959,24,5219,2026,3193
139959,25,19435,8460,10975
139959,31,92,34,58
139959,32,6618,2827,3791
139959,39,1217,596,621
139959,40,18218,7864,10354
139959,41,3172,1426,1746
139959,42,1532,800,732
139959,43,1466,765,701
139959,44,18,7,11
139959,45,1448,758,690
139959,51,66,35,31
139959,52,1640,626,1014
139959,59,75,32,43
139959,60,1373,726,647
139968,1,4187,1387,2800
139968,2,4187,1387,2800
139968,3,4031,1327,2704
139968,4,1142,469,673
139968,5,2889,858,2031
139968,11,156,60,96
139968,19,276,87,189
139968,20,2613,771,1842
139968,21,2758,983,1775
139968,22,2758,983,1775
139968,23,2727,970,1757
139968,24,1072,427,645
139968,25,1655,543,1112
139968,31,31,13,18
139968,39,168,64,104
139968,40,1487,479,1008
139968,41,1429,404,1025
139968,42,1429,404,1025
139968,43,1304,357,947
139968,44,70,42,28
139968,45,1234,315,919
139968,51,125,47,78
139968,59,108,23,85
139968,60,1126,292,834
139986,1,5177,1793,3384
139986,2,5177,1793,3384
139986,3,4919,1686,3233
139986,4,1006,456,550
139986,5,3913,1230,2683
139986,11,258,107,151
139986,19,1162,372,790
139986,20,2751,858,1893
139986,21,2142,820,1322
139986,22,2142,820,1322
139986,23,2123,812,1311
139986,24,511,249,262
139986,25,1612,563,1049
139986,31,19,8,11
139986,39,509,191,318
139986,40,1103,372,731
139986,41,3035,973,2062
139986,42,3035,973,2062
139986,43,2796,874,1922
139986,44,495,207,288
139986,45,2301,667,1634
139986,51,239,99,140
139986,59,653,181,472
139986,60,1648,486,1162
139995,1,174,84,90
139995,2,174,84,90
139995,3,174,84,90
139995,4,93,45,48
139995,5,81,39,42
139995,20,81,39,42
139995,21,174,84,90
139995,22,174,84,90
139995,23,174,84,90
139995,24,93,45,48
139995,25,81,39,42
139995,40,81,39,42
140003,1,368,59,309
140003,2,368,59,309
140003,3,368,59,309
140003,4,105,15,90
140003,5,263,44,219
140003,20,263,44,219
140003,21,168,21,147
140003,22,168,21,147
140003,23,168,21,147
140003,24,51,6,45
140003,25,117,15,102
140003,40,117,15,102
140003,41,200,38,162
140003,42,200,38,162
140003,43,200,38,162
140003,44,54,9,45
140003,45,146,29,117
140003,60,146,29,117
140012,1,7180,2823,4357
140012,2,7180,2823,4357
140012,3,6918,2718,4200
140012,4,1021,510,511
140012,5,5897,2208,3689
140012,11,262,105,157
140012,19,1306,463,843
140012,20,4591,1745,2846
140012,21,2282,1026,1256
140012,22,2282,1026,1256
140012,23,2258,1019,1239
140012,24,454,254,200
140012,25,1804,765,1039
140012,31,24,7,17
140012,39,439,193,246
140012,40,1365,572,793
140012,41,4898,1797,3101
140012,42,4898,1797,3101
140012,43,4660,1699,2961
140012,44,567,256,311
140012,45,4093,1443,2650
140012,51,238,98,140
140012,59,867,270,597
140012,60,3226,1173,2053
140146,1,562,294,268
140146,12,562,294,268
140146,21,190,131,59
140146,32,190,131,59
140146,41,372,163,209
140146,52,372,163,209
140164,1,24629,10204,14425
140164,2,22621,9450,13171
140164,3,22211,9292,12919
140164,4,3229,1317,1912
140164,5,18982,7975,11007
140164,11,410,158,252
140164,12,2008,754,1254
140164,19,2597,1135,1462
140164,20,16385,6840,9545
140164,21,17690,7263,10427
140164,22,16869,6995,9874
140164,23,16689,6921,9768
140164,24,3148,1280,1868
140164,25,13541,5641,7900
140164,31,180,74,106
140164,32,821,268,553
140164,39,1931,850,1081
140164,40,11610,4791,6819
140164,41,6939,2941,3998
140164,42,5752,2455,3297
140164,43,5522,2371,3151
140164,44,81,37,44
140164,45,5441,2334,3107
140164,51,230,84,146
140164,52,1187,486,701
140164,59,666,285,381
140164,60,4775,2049,2726
140234,1,940,411,529
140234,2,856,394,462
140234,3,854,394,460
140234,4,271,168,103
140234,5,583,226,357
140234,11,2,0,2
140234,12,84,17,67
140234,19,75,30,45
140234,20,508,196,312
140234,21,858,392,466
140234,22,786,380,406
140234,23,786,380,406
140234,24,267,167,100
140234,25,519,213,306
140234,32,72,12,60
140234,39,64,30,34
140234,40,455,183,272
140234,41,82,19,63
140234,42,70,14,56
140234,43,68,14,54
140234,44,4,1,3
140234,45,64,13,51
140234,51,2,0,2
140234,52,12,5,7
140234,59,11,0,11
140234,60,53,13,40
140243,1,3579,1349,2230
140243,2,3579,1349,2230
140243,3,3227,1209,2018
140243,4,898,414,484
140243,5,2329,795,1534
140243,11,352,140,212
140243,19,290,82,208
140243,20,2039,713,1326
140243,21,1042,405,637
140243,22,1042,405,637
140243,23,1032,398,634
140243,24,378,181,197
140243,25,654,217,437
140243,31,10,7,3
140243,39,109,36,73
140243,40,545,181,364
140243,41,2537,944,1593
140243,42,2537,944,1593
140243,43,2195,811,1384
140243,44,520,233,287
140243,45,1675,578,1097
140243,51,342,133,209
140243,59,181,46,135
140243,60,1494,532,962
140252,1,2730,1460,1270
140252,2,765,390,375
140252,3,765,390,375
140252,4,75,50,25
140252,5,690,340,350
140252,12,1965,1070,895
140252,19,85,52,33
140252,20,605,288,317
140252,21,2342,1285,1057
140252,22,556,312,244
140252,23,556,312,244
140252,24,73,49,24
140252,25,483,263,220
140252,32,1786,973,813
140252,39,65,41,24
140252,40,418,222,196
140252,41,388,175,213
140252,42,209,78,131
140252,43,209,78,131
140252,44,2,1,1
140252,45,207,77,130
140252,52,179,97,82
140252,59,20,11,9
140252,60,187,66,121
140331,1,10470,4556,5914
140331,2,10470,4556,5914
140331,3,9935,4328,5607
140331,4,2176,1040,1136
140331,5,7759,3288,4471
140331,11,535,228,307
140331,19,1659,688,971
140331,20,6100,2600,3500
140331,21,3434,1641,1793
140331,22,3434,1641,1793
140331,23,3323,1597,1726
140331,24,1032,523,509
140331,25,2291,1074,1217
140331,31,111,44,67
140331,39,583,291,292
140331,40,1708,783,925
140331,41,7036,2915,4121
140331,42,7036,2915,4121
140331,43,6612,2731,3881
140331,44,1144,517,627
140331,45,5468,2214,3254
140331,51,424,184,240
140331,59,1076,397,679
140331,60,4392,1817,2575
140340,1,459,193,266
140340,2,393,165,228
140340,3,391,164,227
140340,4,39,21,18
140340,5,352,143,209
140340,11,2,1,1
140340,12,66,28,38
140340,19,15,6,9
140340,20,337,137,200
140340,21,324,138,186
140340,22,279,118,161
140340,23,279,118,161
140340,24,39,21,18
140340,25,240,97,143
140340,32,45,20,25
140340,39,14,6,8
140340,40,226,91,135
140340,41,135,55,80
140340,42,114,47,67
140340,43,112,46,66
140340,45,112,46,66
140340,51,2,1,1
140340,52,21,8,13
140340,59,1,0,1
140340,60,111,46,65
140447,1,8351,3038,5313
140447,2,4419,1628,2791
140447,3,4304,1584,2720
140447,4,767,353,414
140447,5,3537,1231,2306
140447,11,115,44,71
140447,12,3932,1410,2522
140447,19,461,106,355
140447,20,3076,1125,1951
140447,21,6435,2544,3891
140447,22,3659,1459,2200
140447,23,3606,1437,2169
140447,24,727,342,385
140447,25,2879,1095,1784
140447,31,53,22,31
140447,32,2776,1085,1691
140447,39,339,81,258
140447,40,2540,1014,1526
140447,41,1916,494,1422
140447,42,760,169,591
140447,43,698,147,551
140447,44,40,11,29
140447,45,658,136,522
140447,51,62,22,40
140447,52,1156,325,831
140447,59,122,25,97
140447,60,536,111,425
140553,1,2170,2166,4
140553,2,2170,2166,4
140553,3,2161,2161,0
140553,4,486,486,0
140553,5,1675,1675,0
140553,11,9,5,4
140553,19,66,66,0
140553,20,1609,1609,0
140553,21,2006,2006,0
140553,22,2006,2006,0
140553,23,2002,2002,0
140553,24,483,483,0
140553,25,1519,1519,0
140553,31,4,4,0
140553,39,62,62,0
140553,40,1457,1457,0
140553,41,164,160,4
140553,42,164,160,4
140553,43,159,159,0
140553,44,3,3,0
140553,45,156,156,0
140553,51,5,1,4
140553,59,4,4,0
140553,60,152,152,0
140562,1,372,127,245
140562,12,372,127,245
140562,21,366,125,241
140562,32,366,125,241
140562,41,6,2,4
140562,52,6,2,4
140599,1,2058,775,1283
140599,2,2058,775,1283
140599,3,1453,481,972
140599,4,345,146,199
140599,5,1108,335,773
140599,11,605,294,311
140599,19,2,0,2
140599,20,1106,335,771
140599,21,789,271,518
140599,22,789,271,518
140599,23,782,266,516
140599,24,212,91,121
140599,25,570,175,395
140599,31,7,5,2
140599,39,1,0,1
140599,40,569,175,394
140599,41,1269,504,765
140599,42,1269,504,765
140599,43,671,215,456
140599,44,133,55,78
140599,45,538,160,378
140599,51,598,289,309
140599,59,1,0,1
140599,60,537,160,377
140678,1,2441,1021,1420
140678,2,2441,1021,1420
140678,3,2300,981,1319
140678,4,675,325,350
140678,5,1625,656,969
140678,11,141,40,101
140678,19,235,110,125
140678,20,1390,546,844
140678,21,1027,490,537
140678,22,1027,490,537
140678,23,1021,488,533
140678,24,395,211,184
140678,25,626,277,349
140678,31,6,2,4
140678,39,123,61,62
140678,40,503,216,287
140678,41,1414,531,883
140678,42,1414,531,883
140678,43,1279,493,786
140678,44,280,114,166
140678,45,999,379,620
140678,51,135,38,97
140678,59,112,49,63
140678,60,887,330,557
140696,1,1100,466,634
140696,2,1091,466,625
140696,3,1020,441,579
140696,4,284,130,154
140696,5,736,311,425
140696,11,71,25,46
140696,12,9,0,9
140696,19,41,21,20
140696,20,695,290,405
140696,21,996,434,562
140696,22,992,434,558
140696,23,964,423,541
140696,24,283,129,154
140696,25,681,294,387
140696,31,28,11,17
140696,32,4,0,4
140696,39,38,20,18
140696,40,643,274,369
140696,41,104,32,72
140696,42,99,32,67
140696,43,56,18,38
140696,44,1,1,0
140696,45,55,17,38
140696,51,43,14,29
140696,52,5,0,5
140696,59,3,1,2
140696,60,52,16,36
140720,1,924,472,452
140720,2,924,472,452
140720,3,921,470,451
140720,4,268,185,83
140720,5,653,285,368
140720,11,3,2,1
140720,19,88,62,26
140720,20,565,223,342
140720,21,838,428,410
140720,22,838,428,410
140720,23,836,427,409
140720,24,252,174,78
140720,25,584,253,331
140720,31,2,1,1
140720,39,80,58,22
140720,40,504,195,309
140720,41,86,44,42
140720,42,86,44,42
140720,43,85,43,42
140720,44,16,11,5
140720,45,69,32,37
140720,51,1,1,0
140720,59,8,4,4
140720,60,61,28,33
140818,1,2368,667,1701
140818,2,1281,425,856
140818,3,1281,425,856
140818,4,255,101,154
140818,5,1026,324,702
140818,12,1087,242,845
140818,19,99,32,67
140818,20,927,292,635
140818,21,1501,481,1020
140818,22,1131,380,751
140818,23,1131,380,751
140818,24,253,100,153
140818,25,878,280,598
140818,32,370,101,269
140818,39,89,31,58
140818,40,789,249,540
140818,41,867,186,681
140818,42,150,45,105
140818,43,150,45,105
140818,44,2,1,1
140818,45,148,44,104
140818,52,717,141,576
140818,59,10,1,9
140818,60,138,43,95
140827,1,116,46,70
140827,2,116,46,70
140827,3,116,46,70
140827,4,8,5,3
140827,5,108,41,67
140827,20,108,41,67
140827,21,116,46,70
140827,22,116,46,70
140827,23,116,46,70
140827,24,8,5,3
140827,25,108,41,67
140827,40,108,41,67
140872,1,1309,647,662
140872,2,1217,610,607
140872,3,1191,604,587
140872,4,346,192,154
140872,5,845,412,433
140872,11,26,6,20
140872,12,92,37,55
140872,19,35,19,16
140872,20,810,393,417
140872,21,1225,611,614
140872,22,1141,580,561
140872,23,1136,579,557
140872,24,344,192,152
140872,25,792,387,405
140872,31,5,1,4
140872,32,84,31,53
140872,39,29,17,12
140872,40,763,370,393
140872,41,84,36,48
140872,42,76,30,46
140872,43,55,25,30
140872,44,2,0,2
140872,45,53,25,28
140872,51,21,5,16
140872,52,8,6,2
140872,59,6,2,4
140872,60,47,23,24
140942,1,4784,1827,2957
140942,2,4784,1827,2957
140942,3,4523,1715,2808
140942,4,900,426,474
140942,5,3623,1289,2334
140942,11,261,112,149
140942,19,777,299,478
140942,20,2846,990,1856
140942,21,1749,828,921
140942,22,1749,828,921
140942,23,1711,815,896
140942,24,362,194,168
140942,25,1349,621,728
140942,31,38,13,25
140942,39,369,173,196
140942,40,980,448,532
140942,41,3035,999,2036
140942,42,3035,999,2036
140942,43,2812,900,1912
140942,44,538,232,306
140942,45,2274,668,1606
140942,51,223,99,124
140942,59,408,126,282
140942,60,1866,542,1324
140951,1,11093,4064,7029
140951,2,8825,3163,5662
140951,3,8750,3139,5611
140951,4,1691,535,1156
140951,5,7059,2604,4455
140951,11,75,24,51
140951,12,2268,901,1367
140951,19,643,247,396
140951,20,6416,2357,4059
140951,21,8950,3230,5720
140951,22,7347,2603,4744
140951,23,7332,2596,4736
140951,24,1598,505,1093
140951,25,5734,2091,3643
140951,31,15,7,8
140951,32,1603,627,976
140951,39,581,221,360
140951,40,5153,1870,3283
140951,41,2143,834,1309
140951,42,1478,560,918
140951,43,1418,543,875
140951,44,93,30,63
140951,45,1325,513,812
140951,51,60,17,43
140951,52,665,274,391
140951,59,62,26,36
140951,60,1263,487,776
140960,1,4772,2117,2655
140960,2,4602,2072,2530
140960,3,4462,2019,2443
140960,4,1299,547,752
140960,5,3163,1472,1691
140960,11,140,53,87
140960,12,170,45,125
140960,19,160,87,73
140960,20,3003,1385,1618
140960,21,4221,1864,2357
140960,22,4098,1837,2261
140960,23,4066,1829,2237
140960,24,1264,533,731
140960,25,2802,1296,1506
140960,31,32,8,24
140960,32,123,27,96
140960,39,143,80,63
140960,40,2659,1216,1443
140960,41,551,253,298
140960,42,504,235,269
140960,43,396,190,206
140960,44,35,14,21
140960,45,361,176,185
140960,51,108,45,63
140960,52,47,18,29
140960,59,17,7,10
140960,60,344,169,175
140988,1,1629,676,953
140988,2,1544,657,887
140988,3,1518,644,874
140988,4,309,167,142
140988,5,1209,477,732
140988,11,26,13,13
140988,12,85,19,66
140988,19,116,63,53
140988,20,1093,414,679
140988,21,1428,604,824
140988,22,1384,595,789
140988,23,1382,595,787
140988,24,307,165,142
140988,25,1075,430,645
140988,31,2,0,2
140988,32,44,9,35
140988,39,108,60,48
140988,40,967,370,597
140988,41,201,72,129
140988,42,160,62,98
140988,43,136,49,87
140988,44,2,2,0
140988,45,134,47,87
140988,51,24,13,11
140988,52,41,10,31
140988,59,8,3,5
140988,60,126,44,82
141006,1,1828,910,918
141006,2,1828,910,918
141006,3,1644,835,809
141006,4,524,310,214
141006,5,1120,525,595
141006,11,184,75,109
141006,19,26,14,12
141006,20,1094,511,583
141006,21,976,514,462
141006,22,976,514,462
141006,23,952,507,445
141006,24,376,229,147
141006,25,576,278,298
141006,31,24,7,17
141006,39,16,8,8
141006,40,560,270,290
141006,41,852,396,456
141006,42,852,396,456
141006,43,692,328,364
141006,44,148,81,67
141006,45,544,247,297
141006,51,160,68,92
141006,59,10,6,4
141006,60,534,241,293
141015,1,135,69,66
141015,2,135,69,66
141015,3,135,69,66
141015,4,7,2,5
141015,5,128,67,61
141015,20,128,67,61
141015,21,111,57,54
141015,22,111,57,54
141015,23,111,57,54
141015,24,7,2,5
141015,25,104,55,49
141015,40,104,55,49
141015,41,24,12,12
141015,42,24,12,12
141015,43,24,12,12
141015,45,24,12,12
141015,60,24,12,12
141060,1,2129,0,2129
141060,2,2129,0,2129
141060,3,2129,0,2129
141060,4,559,0,559
141060,5,1570,0,1570
141060,19,55,0,55
141060,20,1515,0,1515
141060,21,2061,0,2061
141060,22,2061,0,2061
141060,23,2061,0,2061
141060,24,557,0,557
141060,25,1504,0,1504
141060,39,51,0,51
141060,40,1453,0,1453
141060,41,68,0,68
141060,42,68,0,68
141060,43,68,0,68
141060,44,2,0,2
141060,45,66,0,66
141060,59,4,0,4
141060,60,62,0,62
141097,1,6549,5144,1405
141097,2,5732,4649,1083
141097,3,5636,4601,1035
141097,4,805,687,118
141097,5,4831,3914,917
141097,11,96,48,48
141097,12,817,495,322
141097,19,794,590,204
141097,20,4037,3324,713
141097,21,4362,3502,860
141097,22,4142,3371,771
141097,23,4084,3343,741
141097,24,761,653,108
141097,25,3323,2690,633
141097,31,58,28,30
141097,32,220,131,89
141097,39,570,425,145
141097,40,2753,2265,488
141097,41,2187,1642,545
141097,42,1590,1278,312
141097,43,1552,1258,294
141097,44,44,34,10
141097,45,1508,1224,284
141097,51,38,20,18
141097,52,597,364,233
141097,59,224,165,59
141097,60,1284,1059,225
141158,1,1546,506,1040
141158,2,1546,506,1040
141158,3,1255,407,848
141158,4,226,94,132
141158,5,1029,313,716
141158,11,291,99,192
141158,19,450,128,322
141158,20,579,185,394
141158,21,443,152,291
141158,22,443,152,291
141158,23,421,146,275
141158,24,78,37,41
141158,25,343,109,234
141158,31,22,6,16
141158,39,148,50,98
141158,40,195,59,136
141158,41,1103,354,749
141158,42,1103,354,749
141158,43,834,261,573
141158,44,148,57,91
141158,45,686,204,482
141158,51,269,93,176
141158,59,302,78,224
141158,60,384,126,258
141167,1,1090,457,633
141167,2,886,409,477
141167,3,815,382,433
141167,4,79,51,28
141167,5,736,331,405
141167,11,71,27,44
141167,12,204,48,156
141167,19,165,69,96
141167,20,571,262,309
141167,21,588,267,321
141167,22,506,244,262
141167,23,486,237,249
141167,24,70,43,27
141167,25,416,194,222
141167,31,20,7,13
141167,32,82,23,59
141167,39,103,46,57
141167,40,313,148,165
141167,41,502,190,312
141167,42,380,165,215
141167,43,329,145,184
141167,44,9,8,1
141167,45,320,137,183
141167,51,51,20,31
141167,52,122,25,97
141167,59,62,23,39
141167,60,258,114,144
141185,1,870,410,460
141185,2,870,410,460
141185,3,817,393,424
141185,4,168,71,97
141185,5,649,322,327
141185,11,53,17,36
141185,19,60,31,29
141185,20,589,291,298
141185,21,777,369,408
141185,22,777,369,408
141185,23,771,367,404
141185,24,163,68,95
141185,25,608,299,309
141185,31,6,2,4
141185,39,57,29,28
141185,40,551,270,281
141185,41,93,41,52
141185,42,93,41,52
141185,43,46,26,20
141185,44,5,3,2
141185,45,41,23,18
141185,51,47,15,32
141185,59,3,2,1
141185,60,38,21,17
141237,1,1606,698,908
141237,2,1606,698,908
141237,3,697,334,363
141237,4,199,96,103
141237,5,498,238,260
141237,11,909,364,545
141237,19,47,23,24
141237,20,451,215,236
141237,21,691,327,364
141237,22,691,327,364
141237,23,659,316,343
141237,24,197,95,102
141237,25,462,221,241
141237,31,32,11,21
141237,39,43,23,20
141237,40,419,198,221
141237,41,915,371,544
141237,42,915,371,544
141237,43,38,18,20
141237,44,2,1,1
141237,45,36,17,19
141237,51,877,353,524
141237,59,4,0,4
141237,60,32,17,15
141255,1,3966,1374,2592
141255,2,3966,1374,2592
141255,3,3378,1186,2192
141255,4,686,316,370
141255,5,2692,870,1822
141255,11,588,188,400
141255,19,428,149,279
141255,20,2264,721,1543
141255,21,1386,528,858
141255,22,1386,528,858
141255,23,1364,522,842
141255,24,303,140,163
141255,25,1061,382,679
141255,31,22,6,16
141255,39,174,66,108
141255,40,887,316,571
141255,41,2580,846,1734
141255,42,2580,846,1734
141255,43,2014,664,1350
141255,44,383,176,207
141255,45,1631,488,1143
141255,51,566,182,384
141255,59,254,83,171
141255,60,1377,405,972
141264,1,11885,4598,7287
141264,2,9718,3953,5765
141264,3,9634,3918,5716
141264,4,1722,717,1005
141264,5,7912,3201,4711
141264,11,84,35,49
141264,12,2167,645,1522
141264,19,792,328,464
141264,20,7120,2873,4247
141264,21,8964,3514,5450
141264,22,8277,3322,4955
141264,23,8250,3310,4940
141264,24,1688,705,983
141264,25,6562,2605,3957
141264,31,27,12,15
141264,32,687,192,495
141264,39,643,275,368
141264,40,5919,2330,3589
141264,41,2921,1084,1837
141264,42,1441,631,810
141264,43,1384,608,776
141264,44,34,12,22
141264,45,1350,596,754
141264,51,57,23,34
141264,52,1480,453,1027
141264,59,149,53,96
141264,60,1201,543,658
141325,1,700,32,668
141325,2,651,26,625
141325,3,530,0,530
141325,4,119,0,119
141325,5,411,0,411
141325,11,121,26,95
141325,12,49,6,43
141325,19,46,0,46
141325,20,365,0,365
141325,21,517,6,511
141325,22,468,0,468
141325,23,453,0,453
141325,24,119,0,119
141325,25,334,0,334
141325,31,15,0,15
141325,32,49,6,43
141325,39,39,0,39
141325,40,295,0,295
141325,41,183,26,157
141325,42,183,26,157
141325,43,77,0,77
141325,45,77,0,77
141325,51,106,26,80
141325,59,7,0,7
141325,60,70,0,70
141334,1,11929,4254,7675
141334,2,9959,3702,6257
141334,3,9777,3616,6161
141334,4,2237,788,1449
141334,5,7540,2828,4712
141334,11,182,86,96
141334,12,1970,552,1418
141334,19,769,282,487
141334,20,6771,2546,4225
141334,21,9067,3294,5773
141334,22,8369,3090,5279
141334,23,8292,3053,5239
141334,24,2198,769,1429
141334,25,6094,2284,3810
141334,31,77,37,40
141334,32,698,204,494
141334,39,567,228,339
141334,40,5527,2056,3471
141334,41,2862,960,1902
141334,42,1590,612,978
141334,43,1485,563,922
141334,44,39,19,20
141334,45,1446,544,902
141334,51,105,49,56
141334,52,1272,348,924
141334,59,202,54,148
141334,60,1244,490,754
141361,1,1117,469,648
141361,2,1117,469,648
141361,3,1083,460,623
141361,4,420,162,258
141361,5,663,298,365
141361,11,34,9,25
141361,19,37,20,17
141361,20,626,278,348
141361,21,1091,458,633
141361,22,1091,458,633
141361,23,1067,450,617
141361,24,419,161,258
141361,25,648,289,359
141361,31,24,8,16
141361,39,37,20,17
141361,40,611,269,342
141361,41,26,11,15
141361,42,26,11,15
141361,43,16,10,6
141361,44,1,1,0
141361,45,15,9,6
141361,51,10,1,9
141361,60,15,9,6
141468,1,1678,649,1029
141468,2,1678,649,1029
141468,3,1678,649,1029
141468,4,281,114,167
141468,5,1397,535,862
141468,19,129,51,78
141468,20,1268,484,784
141468,21,1217,474,743
141468,22,1217,474,743
141468,23,1217,474,743
141468,24,195,80,115
141468,25,1022,394,628
141468,39,76,30,46
141468,40,946,364,582
141468,41,461,175,286
141468,42,461,175,286
141468,43,461,175,286
141468,44,86,34,52
141468,45,375,141,234
141468,59,53,21,32
141468,60,322,120,202
141486,1,2752,925,1827
141486,2,2036,702,1334
141486,3,1864,654,1210
141486,4,280,93,187
141486,5,1584,561,1023
141486,11,172,48,124
141486,12,716,223,493
141486,19,157,50,107
141486,20,1427,511,916
141486,21,2124,682,1442
141486,22,1644,541,1103
141486,23,1566,518,1048
141486,24,263,82,181
141486,25,1303,436,867
141486,31,78,23,55
141486,32,480,141,339
141486,39,135,44,91
141486,40,1168,392,776
141486,41,628,243,385
141486,42,392,161,231
141486,43,298,136,162
141486,44,17,11,6
141486,45,281,125,156
141486,51,94,25,69
141486,52,236,82,154
141486,59,22,6,16
141486,60,259,119,140
141565,1,4043,1628,2415
141565,2,3457,1394,2063
141565,3,3335,1346,1989
141565,4,496,176,320
141565,5,2839,1170,1669
141565,11,122,48,74
141565,12,586,234,352
141565,19,636,253,383
141565,20,2203,917,1286
141565,21,3220,1316,1904
141565,22,2766,1125,1641
141565,23,2756,1119,1637
141565,24,489,173,316
141565,25,2267,946,1321
141565,31,10,6,4
141565,32,454,191,263
141565,39,502,208,294
141565,40,1765,738,1027
141565,41,823,312,511
141565,42,691,269,422
141565,43,579,227,352
141565,44,7,3,4
141565,45,572,224,348
141565,51,112,42,70
141565,52,132,43,89
141565,59,134,45,89
141565,60,438,179,259
141574,1,20006,8849,11157
141574,2,14499,6557,7942
141574,3,14097,6438,7659
141574,4,2005,847,1158
141574,5,12092,5591,6501
141574,11,402,119,283
141574,12,5507,2292,3215
141574,19,1823,799,1024
141574,20,10269,4792,5477
141574,21,14803,6540,8263
141574,22,12064,5409,6655
141574,23,11822,5337,6485
141574,24,1957,823,1134
141574,25,9865,4514,5351
141574,31,242,72,170
141574,32,2739,1131,1608
141574,39,1345,580,765
141574,40,8520,3934,4586
141574,41,5203,2309,2894
141574,42,2435,1148,1287
141574,43,2275,1101,1174
141574,44,48,24,24
141574,45,2227,1077,1150
141574,51,160,47,113
141574,52,2768,1161,1607
141574,59,478,219,259
141574,60,1749,858,891
141608,1,85,40,45
141608,2,85,40,45
141608,3,85,40,45
141608,4,9,5,4
141608,5,76,35,41
141608,20,76,35,41
141608,21,85,40,45
141608,22,85,40,45
141608,23,85,40,45
141608,24,9,5,4
141608,25,76,35,41
141608,40,76,35,41
141644,1,6736,2998,3738
141644,2,5582,2481,3101
141644,3,5386,2370,3016
141644,4,576,199,377
141644,5,4810,2171,2639
141644,11,196,111,85
141644,12,1154,517,637
141644,19,855,414,441
141644,20,3955,1757,2198
141644,21,4359,1737,2622
141644,22,3719,1471,2248
141644,23,3691,1452,2239
141644,24,516,162,354
141644,25,3175,1290,1885
141644,31,28,19,9
141644,32,640,266,374
141644,39,616,260,356
141644,40,2559,1030,1529
141644,41,2377,1261,1116
141644,42,1863,1010,853
141644,43,1695,918,777
141644,44,60,37,23
141644,45,1635,881,754
141644,51,168,92,76
141644,52,514,251,263
141644,59,239,154,85
141644,60,1396,727,669
141680,1,4368,2583,1785
141680,2,4368,2583,1785
141680,3,3434,2187,1247
141680,4,670,451,219
141680,5,2764,1736,1028
141680,11,934,396,538
141680,19,445,242,203
141680,20,2319,1494,825
141680,21,1632,1043,589
141680,22,1632,1043,589
141680,23,1582,1015,567
141680,24,432,294,138
141680,25,1150,721,429
141680,31,50,28,22
141680,39,204,122,82
141680,40,946,599,347
141680,41,2736,1540,1196
141680,42,2736,1540,1196
141680,43,1852,1172,680
141680,44,238,157,81
141680,45,1614,1015,599
141680,51,884,368,516
141680,59,241,120,121
141680,60,1373,895,478
141796,1,8376,3616,4760
141796,2,8376,3616,4760
141796,3,6025,2639,3386
141796,4,1267,548,719
141796,5,4758,2091,2667
141796,11,2351,977,1374
141796,19,801,323,478
141796,20,3957,1768,2189
141796,21,3176,1397,1779
141796,22,3176,1397,1779
141796,23,2996,1303,1693
141796,24,815,352,463
141796,25,2181,951,1230
141796,31,180,94,86
141796,39,365,158,207
141796,40,1816,793,1023
141796,41,5200,2219,2981
141796,42,5200,2219,2981
141796,43,3029,1336,1693
141796,44,452,196,256
141796,45,2577,1140,1437
141796,51,2171,883,1288
141796,59,436,165,271
141796,60,2141,975,1166
141802,1,1530,615,915
141802,2,1530,615,915
141802,3,1251,494,757
141802,4,328,139,189
141802,5,923,355,568
141802,11,279,121,158
141802,19,94,38,56
141802,20,829,317,512
141802,21,574,240,334
141802,22,574,240,334
141802,23,558,232,326
141802,24,211,87,124
141802,25,347,145,202
141802,31,16,8,8
141802,39,30,13,17
141802,40,317,132,185
141802,41,956,375,581
141802,42,956,375,581
141802,43,693,262,431
141802,44,117,52,65
141802,45,576,210,366
141802,51,263,113,150
141802,59,64,25,39
141802,60,512,185,327
141811,1,7976,3289,4687
141811,2,7976,3289,4687
141811,3,5932,2545,3387
141811,4,1301,614,687
141811,5,4631,1931,2700
141811,11,2044,744,1300
141811,19,683,270,413
141811,20,3948,1661,2287
141811,21,3141,1428,1713
141811,22,3141,1428,1713
141811,23,3020,1365,1655
141811,24,837,403,434
141811,25,2183,962,1221
141811,31,121,63,58
141811,39,303,139,164
141811,40,1880,823,1057
141811,41,4835,1861,2974
141811,42,4835,1861,2974
141811,43,2912,1180,1732
141811,44,464,211,253
141811,45,2448,969,1479
141811,51,1923,681,1242
141811,59,380,131,249
141811,60,2068,838,1230
141839,1,4076,1449,2627
141839,2,4076,1449,2627
141839,3,3553,1282,2271
141839,4,770,328,442
141839,5,2783,954,1829
141839,11,523,167,356
141839,19,268,93,175
141839,20,2515,861,1654
141839,21,1460,558,902
141839,22,1460,558,902
141839,23,1428,546,882
141839,24,431,181,250
141839,25,997,365,632
141839,31,32,12,20
141839,39,82,31,51
141839,40,915,334,581
141839,41,2616,891,1725
141839,42,2616,891,1725
141839,43,2125,736,1389
141839,44,339,147,192
141839,45,1786,589,1197
141839,51,491,155,336
141839,59,186,62,124
141839,60,1600,527,1073
141848,1,81,6,75
141848,2,81,6,75
141848,3,81,6,75
141848,4,31,3,28
141848,5,50,3,47
141848,20,50,3,47
141848,21,78,6,72
141848,22,78,6,72
141848,23,78,6,72
141848,24,30,3,27
141848,25,48,3,45
141848,40,48,3,45
141848,41,3,0,3
141848,42,3,0,3
141848,43,3,0,3
141848,44,1,0,1
141848,45,2,0,2
141848,60,2,0,2
141936,1,64,23,41
141936,12,64,23,41
141936,21,64,23,41
141936,32,64,23,41
141945,1,188,62,126
141945,2,188,62,126
141945,3,188,62,126
141945,4,56,23,33
141945,5,132,39,93
141945,20,132,39,93
141945,21,188,62,126
141945,22,188,62,126
141945,23,188,62,126
141945,24,56,23,33
141945,25,132,39,93
141945,40,132,39,93
141981,1,2361,792,1569
141981,2,2361,792,1569
141981,3,2192,740,1452
141981,4,291,115,176
141981,5,1901,625,1276
141981,11,169,52,117
141981,19,539,169,370
141981,20,1362,456,906
141981,21,1043,349,694
141981,22,1043,349,694
141981,23,1035,344,691
141981,24,214,79,135
141981,25,821,265,556
141981,31,8,5,3
141981,39,221,60,161
141981,40,600,205,395
141981,41,1318,443,875
141981,42,1318,443,875
141981,43,1157,396,761
141981,44,77,36,41
141981,45,1080,360,720
141981,51,161,47,114
141981,59,318,109,209
141981,60,762,251,511
141990,1,2799,1045,1754
141990,2,2799,1045,1754
141990,3,1911,712,1199
141990,4,422,171,251
141990,5,1489,541,948
141990,11,888,333,555
141990,19,290,91,199
141990,20,1199,450,749
141990,21,959,380,579
141990,22,959,380,579
141990,23,893,351,542
141990,24,283,108,175
141990,25,610,243,367
141990,31,66,29,37
141990,39,114,43,71
141990,40,496,200,296
141990,41,1840,665,1175
141990,42,1840,665,1175
141990,43,1018,361,657
141990,44,139,63,76
141990,45,879,298,581
141990,51,822,304,518
141990,59,176,48,128
141990,60,703,250,453
142054,1,552,91,461
142054,2,552,91,461
142054,3,552,91,461
142054,4,49,10,39
142054,5,503,81,422
142054,19,116,23,93
142054,20,387,58,329
142054,21,496,78,418
142054,22,496,78,418
142054,23,496,78,418
142054,24,49,10,39
142054,25,447,68,379
142054,39,92,15,77
142054,40,355,53,302
142054,41,56,13,43
142054,42,56,13,43
142054,43,56,13,43
142054,45,56,13,43
142054,59,24,8,16
142054,60,32,5,27
142090,1,186,102,84
142090,2,186,102,84
142090,3,183,101,82
142090,4,47,33,14
142090,5,136,68,68
142090,11,3,1,2
142090,19,10,7,3
142090,20,126,61,65
142090,21,167,92,75
142090,22,167,92,75
142090,23,167,92,75
142090,24,47,33,14
142090,25,120,59,61
142090,39,10,7,3
142090,40,110,52,58
142090,41,19,10,9
142090,42,19,10,9
142090,43,16,9,7
142090,45,16,9,7
142090,51,3,1,2
142090,60,16,9,7
142115,1,21981,9973,12008
142115,2,19026,8846,10180
142115,3,16557,7841,8716
142115,4,2194,1000,1194
142115,5,14363,6841,7522
142115,11,2469,1005,1464
142115,12,2955,1127,1828
142115,19,1400,631,769
142115,20,12963,6210,6753
142115,21,13264,6412,6852
142115,22,12452,6030,6422
142115,23,12427,6023,6404
142115,24,2079,950,1129
142115,25,10348,5073,5275
142115,31,25,7,18
142115,32,812,382,430
142115,39,974,456,518
142115,40,9374,4617,4757
142115,41,8717,3561,5156
142115,42,6574,2816,3758
142115,43,4130,1818,2312
142115,44,115,50,65
142115,45,4015,1768,2247
142115,51,2444,998,1446
142115,52,2143,745,1398
142115,59,426,175,251
142115,60,3589,1593,1996
142179,1,725,270,455
142179,2,725,270,455
142179,3,575,209,366
142179,4,82,50,32
142179,5,493,159,334
142179,11,150,61,89
142179,19,54,17,37
142179,20,439,142,297
142179,21,294,146,148
142179,22,294,146,148
142179,23,289,143,146
142179,24,53,34,19
142179,25,236,109,127
142179,31,5,3,2
142179,39,29,11,18
142179,40,207,98,109
142179,41,431,124,307
142179,42,431,124,307
142179,43,286,66,220
142179,44,29,16,13
142179,45,257,50,207
142179,51,145,58,87
142179,59,25,6,19
142179,60,232,44,188
142276,1,13326,6194,7132
142276,2,11418,5315,6103
142276,3,9337,4475,4862
142276,4,1551,771,780
142276,5,7786,3704,4082
142276,11,2081,840,1241
142276,12,1908,879,1029
142276,19,458,192,266
142276,20,7328,3512,3816
142276,21,8231,4032,4199
142276,22,7016,3462,3554
142276,23,6969,3444,3525
142276,24,1334,661,673
142276,25,5635,2783,2852
142276,31,47,18,29
142276,32,1215,570,645
142276,39,335,152,183
142276,40,5300,2631,2669
142276,41,5095,2162,2933
142276,42,4402,1853,2549
142276,43,2368,1031,1337
142276,44,217,110,107
142276,45,2151,921,1230
142276,51,2034,822,1212
142276,52,693,309,384
142276,59,123,40,83
142276,60,2028,881,1147
142285,1,12024,6402,5622
142285,2,9540,5012,4528
142285,3,8539,4586,3953
142285,4,1630,837,793
142285,5,6909,3749,3160
142285,11,1001,426,575
142285,12,2484,1390,1094
142285,19,671,363,308
142285,20,6238,3386,2852
142285,21,9387,5086,4301
142285,22,8011,4295,3716
142285,23,7976,4278,3698
142285,24,1590,809,781
142285,25,6386,3469,2917
142285,31,35,17,18
142285,32,1376,791,585
142285,39,575,319,256
142285,40,5811,3150,2661
142285,41,2637,1316,1321
142285,42,1529,717,812
142285,43,563,308,255
142285,44,40,28,12
142285,45,523,280,243
142285,51,966,409,557
142285,52,1108,599,509
142285,59,96,44,52
142285,60,427,236,191
142294,1,1122,495,627
142294,2,1095,490,605
142294,3,1086,487,599
142294,4,292,143,149
142294,5,794,344,450
142294,11,9,3,6
142294,12,27,5,22
142294,19,64,36,28
142294,20,730,308,422
142294,21,1070,476,594
142294,22,1055,473,582
142294,23,1054,472,582
142294,24,291,143,148
142294,25,763,329,434
142294,31,1,1,0
142294,32,15,3,12
142294,39,64,36,28
142294,40,699,293,406
142294,41,52,19,33
142294,42,40,17,23
142294,43,32,15,17
142294,44,1,0,1
142294,45,31,15,16
142294,51,8,2,6
142294,52,12,2,10
142294,60,31,15,16
142328,1,4304,1685,2619
142328,2,4304,1685,2619
142328,3,3161,1213,1948
142328,4,475,195,280
142328,5,2686,1018,1668
142328,11,1143,472,671
142328,19,366,135,231
142328,20,2320,883,1437
142328,21,2443,991,1452
142328,22,2443,991,1452
142328,23,2420,984,1436
142328,24,446,186,260
142328,25,1974,798,1176
142328,31,23,7,16
142328,39,225,100,125
142328,40,1749,698,1051
142328,41,1861,694,1167
142328,42,1861,694,1167
142328,43,741,229,512
142328,44,29,9,20
142328,45,712,220,492
142328,51,1120,465,655
142328,59,141,35,106
142328,60,571,185,386
142337,1,251,147,104
142337,2,251,147,104
142337,3,251,147,104
142337,4,31,20,11
142337,5,220,127,93
142337,19,15,4,11
142337,20,205,123,82
142337,21,174,108,66
142337,22,174,108,66
142337,23,174,108,66
142337,24,31,20,11
142337,25,143,88,55
142337,39,10,3,7
142337,40,133,85,48
142337,41,77,39,38
142337,42,77,39,38
142337,43,77,39,38
142337,45,77,39,38
142337,59,5,1,4
142337,60,72,38,34
142407,1,57,0,57
142407,2,57,0,57
142407,3,57,0,57
142407,4,47,0,47
142407,5,10,0,10
142407,20,10,0,10
142407,21,34,0,34
142407,22,34,0,34
142407,23,34,0,34
142407,24,31,0,31
142407,25,3,0,3
142407,40,3,0,3
142407,41,23,0,23
142407,42,23,0,23
142407,43,23,0,23
142407,44,16,0,16
142407,45,7,0,7
142407,60,7,0,7
142416,1,25,2,23
142416,2,25,2,23
142416,3,25,2,23
142416,4,16,1,15
142416,5,9,1,8
142416,20,9,1,8
142416,21,25,2,23
142416,22,25,2,23
142416,23,25,2,23
142416,24,16,1,15
142416,25,9,1,8
142416,40,9,1,8
142443,1,6029,2402,3627
142443,2,6029,2402,3627
142443,3,5095,2066,3029
142443,4,1049,490,559
142443,5,4046,1576,2470
142443,11,934,336,598
142443,19,253,112,141
142443,20,3793,1464,2329
142443,21,3068,1406,1662
142443,22,3068,1406,1662
142443,23,2915,1353,1562
142443,24,754,377,377
142443,25,2161,976,1185
142443,31,153,53,100
142443,39,155,77,78
142443,40,2006,899,1107
142443,41,2961,996,1965
142443,42,2961,996,1965
142443,43,2180,713,1467
142443,44,295,113,182
142443,45,1885,600,1285
142443,51,781,283,498
142443,59,98,35,63
142443,60,1787,565,1222
142461,1,2246,949,1297
142461,2,1488,648,840
142461,3,1251,496,755
142461,4,252,98,154
142461,5,999,398,601
142461,11,237,152,85
142461,12,758,301,457
142461,19,89,37,52
142461,20,910,361,549
142461,21,1692,691,1001
142461,22,1136,454,682
142461,23,1125,448,677
142461,24,249,96,153
142461,25,876,352,524
142461,31,11,6,5
142461,32,556,237,319
142461,39,70,33,37
142461,40,806,319,487
142461,41,554,258,296
142461,42,352,194,158
142461,43,126,48,78
142461,44,3,2,1
142461,45,123,46,77
142461,51,226,146,80
142461,52,202,64,138
142461,59,19,4,15
142461,60,104,42,62
142489,1,36,1,35
142489,2,36,1,35
142489,3,36,1,35
142489,4,21,1,20
142489,5,15,0,15
142489,20,15,0,15
142489,21,36,1,35
142489,22,36,1,35
142489,23,36,1,35
142489,24,21,1,20
142489,25,15,0,15
142489,40,15,0,15
142522,1,27692,11780,15912
142522,2,27692,11780,15912
142522,3,20208,8594,11614
142522,4,2423,754,1669
142522,5,17785,7840,9945
142522,11,7484,3186,4298
142522,19,1859,601,1258
142522,20,15926,7239,8687
142522,21,14376,6357,8019
142522,22,14376,6357,8019
142522,23,14369,6353,8016
142522,24,2234,686,1548
142522,25,12135,5667,6468
142522,31,7,4,3
142522,39,1685,537,1148
142522,40,10450,5130,5320
142522,41,13316,5423,7893
142522,42,13316,5423,7893
142522,43,5839,2241,3598
142522,44,189,68,121
142522,45,5650,2173,3477
142522,51,7477,3182,4295
142522,59,174,64,110
142522,60,5476,2109,3367
142559,1,8330,2982,5348
142559,2,8330,2982,5348
142559,3,5023,1920,3103
142559,4,1145,510,635
142559,5,3878,1410,2468
142559,11,3307,1062,2245
142559,19,308,111,197
142559,20,3570,1299,2271
142559,21,2730,1118,1612
142559,22,2730,1118,1612
142559,23,2613,1081,1532
142559,24,783,374,409
142559,25,1830,707,1123
142559,31,117,37,80
142559,39,176,61,115
142559,40,1654,646,1008
142559,41,5600,1864,3736
142559,42,5600,1864,3736
142559,43,2410,839,1571
142559,44,362,136,226
142559,45,2048,703,1345
142559,51,3190,1025,2165
142559,59,132,50,82
142559,60,1916,653,1263
142832,1,981,209,772
142832,12,981,209,772
142832,21,772,160,612
142832,32,772,160,612
142832,41,209,49,160
142832,52,209,49,160
142869,1,45,4,41
142869,2,45,4,41
142869,3,45,4,41
142869,4,29,4,25
142869,5,16,0,16
142869,20,16,0,16
142869,21,25,1,24
142869,22,25,1,24
142869,23,25,1,24
142869,24,15,1,14
142869,25,10,0,10
142869,40,10,0,10
142869,41,20,3,17
142869,42,20,3,17
142869,43,20,3,17
142869,44,14,3,11
142869,45,6,0,6
142869,60,6,0,6
142878,1,40,2,38
142878,2,40,2,38
142878,3,40,2,38
142878,4,38,1,37
142878,5,2,1,1
142878,20,2,1,1
142878,21,40,2,38
142878,22,40,2,38
142878,23,40,2,38
142878,24,38,1,37
142878,25,2,1,1
142878,40,2,1,1
142887,1,406,190,216
142887,2,406,190,216
142887,3,406,190,216
142887,4,100,50,50
142887,5,306,140,166
142887,19,12,5,7
142887,20,294,135,159
142887,21,299,136,163
142887,22,299,136,163
142887,23,299,136,163
142887,24,75,35,40
142887,25,224,101,123
142887,39,11,4,7
142887,40,213,97,116
142887,41,107,54,53
142887,42,107,54,53
142887,43,107,54,53
142887,44,25,15,10
142887,45,82,39,43
142887,59,1,1,0
142887,60,81,38,43
143048,1,3402,1031,2371
143048,2,2714,802,1912
143048,3,2641,781,1860
143048,4,577,170,407
143048,5,2064,611,1453
143048,11,73,21,52
143048,12,688,229,459
143048,19,270,93,177
143048,20,1794,518,1276
143048,21,3107,942,2165
143048,22,2469,728,1741
143048,23,2469,728,1741
143048,24,575,170,405
143048,25,1894,558,1336
143048,32,638,214,424
143048,39,255,83,172
143048,40,1639,475,1164
143048,41,295,89,206
143048,42,245,74,171
143048,43,172,53,119
143048,44,2,0,2
143048,45,170,53,117
143048,51,73,21,52
143048,52,50,15,35
143048,59,15,10,5
143048,60,155,43,112
143084,1,2524,1089,1435
143084,2,2524,1089,1435
143084,3,2504,1081,1423
143084,4,627,291,336
143084,5,1877,790,1087
143084,11,20,8,12
143084,19,49,21,28
143084,20,1828,769,1059
143084,21,2509,1079,1430
143084,22,2509,1079,1430
143084,23,2494,1075,1419
143084,24,627,291,336
143084,25,1867,784,1083
143084,31,15,4,11
143084,39,48,20,28
143084,40,1819,764,1055
143084,41,15,10,5
143084,42,15,10,5
143084,43,10,6,4
143084,45,10,6,4
143084,51,5,4,1
143084,59,1,1,0
143084,60,9,5,4
143118,1,4946,1608,3338
143118,2,3246,1195,2051
143118,3,3236,1190,2046
143118,4,701,302,399
143118,5,2535,888,1647
143118,11,10,5,5
143118,12,1700,413,1287
143118,19,455,143,312
143118,20,2080,745,1335
143118,21,3342,1176,2166
143118,22,2852,1081,1771
143118,23,2851,1080,1771
143118,24,701,302,399
143118,25,2150,778,1372
143118,31,1,1,0
143118,32,490,95,395
143118,39,378,123,255
143118,40,1772,655,1117
143118,41,1604,432,1172
143118,42,394,114,280
143118,43,385,110,275
143118,45,385,110,275
143118,51,9,4,5
143118,52,1210,318,892
143118,59,77,20,57
143118,60,308,90,218
143181,1,33,2,31
143181,2,33,2,31
143181,3,33,2,31
143181,4,13,1,12
143181,5,20,1,19
143181,20,20,1,19
143181,21,33,2,31
143181,22,33,2,31
143181,23,33,2,31
143181,24,13,1,12
143181,25,20,1,19
143181,40,20,1,19
143215,1,11332,5039,6293
143215,2,11332,5039,6293
143215,3,9862,4365,5497
143215,4,1550,809,741
143215,5,8312,3556,4756
143215,11,1470,674,796
143215,19,490,232,258
143215,20,7822,3324,4498
143215,21,4879,2347,2532
143215,22,4879,2347,2532
143215,23,4741,2274,2467
143215,24,1098,585,513
143215,25,3643,1689,1954
143215,31,138,73,65
143215,39,302,147,155
143215,40,3341,1542,1799
143215,41,6453,2692,3761
143215,42,6453,2692,3761
143215,43,5121,2091,3030
143215,44,452,224,228
143215,45,4669,1867,2802
143215,51,1332,601,731
143215,59,188,85,103
143215,60,4481,1782,2699
143233,1,60,28,32
143233,12,60,28,32
143233,21,29,13,16
143233,32,29,13,16
143233,41,31,15,16
143233,52,31,15,16
143279,1,6574,2666,3908
143279,2,6574,2666,3908
143279,3,4736,1930,2806
143279,4,569,284,285
143279,5,4167,1646,2521
143279,11,1838,736,1102
143279,19,285,116,169
143279,20,3882,1530,2352
143279,21,2581,1104,1477
143279,22,2581,1104,1477
143279,23,2422,1039,1383
143279,24,438,227,211
143279,25,1984,812,1172
143279,31,159,65,94
143279,39,187,80,107
143279,40,1797,732,1065
143279,41,3993,1562,2431
143279,42,3993,1562,2431
143279,43,2314,891,1423
143279,44,131,57,74
143279,45,2183,834,1349
143279,51,1679,671,1008
143279,59,98,36,62
143279,60,2085,798,1287
143288,1,543,229,314
143288,2,543,229,314
143288,3,539,228,311
143288,4,116,53,63
143288,5,423,175,248
143288,11,4,1,3
143288,19,46,21,25
143288,20,377,154,223
143288,21,523,222,301
143288,22,523,222,301
143288,23,522,222,300
143288,24,115,53,62
143288,25,407,169,238
143288,31,1,0,1
143288,39,45,20,25
143288,40,362,149,213
143288,41,20,7,13
143288,42,20,7,13
143288,43,17,6,11
143288,44,1,0,1
143288,45,16,6,10
143288,51,3,1,2
143288,59,1,1,0
143288,60,15,5,10
143297,1,256,30,226
143297,2,243,30,213
143297,3,243,30,213
143297,5,243,30,213
143297,12,13,0,13
143297,19,26,3,23
143297,20,217,27,190
143297,21,178,22,156
143297,22,178,22,156
143297,23,178,22,156
143297,25,178,22,156
143297,39,26,3,23
143297,40,152,19,133
143297,41,78,8,70
143297,42,65,8,57
143297,43,65,8,57
143297,45,65,8,57
143297,52,13,0,13
143297,60,65,8,57
143303,1,20,2,18
143303,2,20,2,18
143303,3,20,2,18
143303,5,20,2,18
143303,20,20,2,18
143303,21,20,2,18
143303,22,20,2,18
143303,23,20,2,18
143303,25,20,2,18
143303,40,20,2,18
143358,1,5430,2621,2809
143358,2,4825,2309,2516
143358,3,4823,2308,2515
143358,4,1085,510,575
143358,5,3738,1798,1940
143358,11,2,1,1
143358,12,605,312,293
143358,19,266,154,112
143358,20,3472,1644,1828
143358,21,4912,2352,2560
143358,22,4618,2196,2422
143358,23,4618,2196,2422
143358,24,1082,508,574
143358,25,3536,1688,1848
143358,32,294,156,138
143358,39,246,143,103
143358,40,3290,1545,1745
143358,41,518,269,249
143358,42,207,113,94
143358,43,205,112,93
143358,44,3,2,1
143358,45,202,110,92
143358,51,2,1,1
143358,52,311,156,155
143358,59,20,11,9
143358,60,182,99,83
143376,1,395,18,377
143376,2,395,18,377
143376,3,395,18,377
143376,4,298,10,288
143376,5,97,8,89
143376,20,97,8,89
143376,21,304,17,287
143376,22,304,17,287
143376,23,304,17,287
143376,24,219,10,209
143376,25,85,7,78
143376,40,85,7,78
143376,41,91,1,90
143376,42,91,1,90
143376,43,91,1,90
143376,44,79,0,79
143376,45,12,1,11
143376,60,12,1,11
143464,1,105,1,104
143464,2,105,1,104
143464,3,105,1,104
143464,4,12,1,11
143464,5,93,0,93
143464,20,93,0,93
143464,21,57,0,57
143464,22,57,0,57
143464,23,57,0,57
143464,24,4,0,4
143464,25,53,0,53
143464,40,53,0,53
143464,41,48,1,47
143464,42,48,1,47
143464,43,48,1,47
143464,44,8,1,7
143464,45,40,0,40
143464,60,40,0,40
143473,1,83,4,79
143473,2,83,4,79
143473,3,83,4,79
143473,4,50,3,47
143473,5,33,1,32
143473,20,33,1,32
143473,21,14,0,14
143473,22,14,0,14
143473,23,14,0,14
143473,24,5,0,5
143473,25,9,0,9
143473,40,9,0,9
143473,41,69,4,65
143473,42,69,4,65
143473,43,69,4,65
143473,44,45,3,42
143473,45,24,1,23
143473,60,24,1,23
143482,1,84,2,82
143482,2,84,2,82
143482,3,84,2,82
143482,4,26,1,25
143482,5,58,1,57
143482,20,58,1,57
143482,21,22,0,22
143482,22,22,0,22
143482,23,22,0,22
143482,24,3,0,3
143482,25,19,0,19
143482,40,19,0,19
143482,41,62,2,60
143482,42,62,2,60
143482,43,62,2,60
143482,44,23,1,22
143482,45,39,1,38
143482,60,39,1,38
143491,1,125,1,124
143491,2,125,1,124
143491,3,125,1,124
143491,4,70,0,70
143491,5,55,1,54
143491,20,55,1,54
143491,21,9,0,9
143491,22,9,0,9
143491,23,9,0,9
143491,24,1,0,1
143491,25,8,0,8
143491,40,8,0,8
143491,41,116,1,115
143491,42,116,1,115
143491,43,116,1,115
143491,44,69,0,69
143491,45,47,1,46
143491,60,47,1,46
143516,1,79,7,72
143516,2,79,7,72
143516,3,79,7,72
143516,4,34,2,32
143516,5,45,5,40
143516,20,45,5,40
143516,21,13,1,12
143516,22,13,1,12
143516,23,13,1,12
143516,24,4,0,4
143516,25,9,1,8
143516,40,9,1,8
143516,41,66,6,60
143516,42,66,6,60
143516,43,66,6,60
143516,44,30,2,28
143516,45,36,4,32
143516,60,36,4,32
143534,1,32,1,31
143534,2,32,1,31
143534,3,32,1,31
143534,4,1,0,1
143534,5,31,1,30
143534,20,31,1,30
143534,21,32,1,31
143534,22,32,1,31
143534,23,32,1,31
143534,24,1,0,1
143534,25,31,1,30
143534,40,31,1,30
143543,1,81,8,73
143543,2,81,8,73
143543,3,81,8,73
143543,4,32,3,29
143543,5,49,5,44
143543,20,49,5,44
143543,21,47,8,39
143543,22,47,8,39
143543,23,47,8,39
143543,24,18,3,15
143543,25,29,5,24
143543,40,29,5,24
143543,41,34,0,34
143543,42,34,0,34
143543,43,34,0,34
143543,44,14,0,14
143543,45,20,0,20
143543,60,20,0,20
143552,1,86,0,86
143552,2,86,0,86
143552,3,86,0,86
143552,4,4,0,4
143552,5,82,0,82
143552,20,82,0,82
143552,21,59,0,59
143552,22,59,0,59
143552,23,59,0,59
143552,24,4,0,4
143552,25,55,0,55
143552,40,55,0,55
143552,41,27,0,27
143552,42,27,0,27
143552,43,27,0,27
143552,45,27,0,27
143552,60,27,0,27
143613,1,2328,843,1485
143613,2,2328,843,1485
143613,3,1724,576,1148
143613,4,429,196,233
143613,5,1295,380,915
143613,11,604,267,337
143613,19,310,89,221
143613,20,985,291,694
143613,21,1026,406,620
143613,22,1026,406,620
143613,23,994,395,599
143613,24,301,153,148
143613,25,693,242,451
143613,31,32,11,21
143613,39,203,59,144
143613,40,490,183,307
143613,41,1302,437,865
143613,42,1302,437,865
143613,43,730,181,549
143613,44,128,43,85
143613,45,602,138,464
143613,51,572,256,316
143613,59,107,30,77
143613,60,495,108,387
143659,1,437,246,191
143659,12,437,246,191
143659,21,136,99,37
143659,32,136,99,37
143659,41,301,147,154
143659,52,301,147,154
143695,1,23,1,22
143695,2,23,1,22
143695,3,23,1,22
143695,4,7,0,7
143695,5,16,1,15
143695,20,16,1,15
143695,21,23,1,22
143695,22,23,1,22
143695,23,23,1,22
143695,24,7,0,7
143695,25,16,1,15
143695,40,16,1,15
143853,1,2730,1191,1539
143853,12,2730,1191,1539
143853,21,2668,1166,1502
143853,32,2668,1166,1502
143853,41,62,25,37
143853,52,62,25,37
143978,1,1636,321,1315
143978,12,1636,321,1315
143978,21,1034,192,842
143978,32,1034,192,842
143978,41,602,129,473
143978,52,602,129,473
144005,1,5701,1672,4029
144005,2,4340,1239,3101
144005,3,4321,1230,3091
144005,4,276,94,182
144005,5,4045,1136,2909
144005,11,19,9,10
144005,12,1361,433,928
144005,19,535,154,381
144005,20,3510,982,2528
144005,21,3590,1116,2474
144005,22,2852,864,1988
144005,23,2848,862,1986
144005,24,225,74,151
144005,25,2623,788,1835
144005,31,4,2,2
144005,32,738,252,486
144005,39,401,126,275
144005,40,2222,662,1560
144005,41,2111,556,1555
144005,42,1488,375,1113
144005,43,1473,368,1105
144005,44,51,20,31
144005,45,1422,348,1074
144005,51,15,7,8
144005,52,623,181,442
144005,59,134,28,106
144005,60,1288,320,968
144014,1,251,135,116
144014,12,251,135,116
144014,21,141,84,57
144014,32,141,84,57
144014,41,110,51,59
144014,52,110,51,59
144050,1,15048,8722,6326
144050,2,5703,3023,2680
144050,3,5697,3022,2675
144050,4,1426,781,645
144050,5,4271,2241,2030
144050,11,6,1,5
144050,12,9345,5699,3646
144050,19,18,11,7
144050,20,4253,2230,2023
144050,21,12848,7140,5708
144050,22,5630,2982,2648
144050,23,5624,2981,2643
144050,24,1426,781,645
144050,25,4198,2200,1998
144050,31,6,1,5
144050,32,7218,4158,3060
144050,39,18,11,7
144050,40,4180,2189,1991
144050,41,2200,1582,618
144050,42,73,41,32
144050,43,73,41,32
144050,45,73,41,32
144050,52,2127,1541,586
144050,60,73,41,32
144157,1,5860,2159,3701
144157,2,5860,2159,3701
144157,3,4509,1689,2820
144157,4,662,314,348
144157,5,3847,1375,2472
144157,11,1351,470,881
144157,19,419,163,256
144157,20,3428,1212,2216
144157,21,3287,1278,2009
144157,22,3287,1278,2009
144157,23,3136,1219,1917
144157,24,504,237,267
144157,25,2632,982,1650
144157,31,151,59,92
144157,39,319,117,202
144157,40,2313,865,1448
144157,41,2573,881,1692
144157,42,2573,881,1692
144157,43,1373,470,903
144157,44,158,77,81
144157,45,1215,393,822
144157,51,1200,411,789
144157,59,100,46,54
144157,60,1115,347,768
144166,1,6842,2187,4655
144166,2,6842,2187,4655
144166,3,5222,1531,3691
144166,4,774,253,521
144166,5,4448,1278,3170
144166,11,1620,656,964
144166,19,651,255,396
144166,20,3797,1023,2774
144166,21,3047,934,2113
144166,22,3047,934,2113
144166,23,3029,924,2105
144166,24,556,181,375
144166,25,2473,743,1730
144166,31,18,10,8
144166,39,380,158,222
144166,40,2093,585,1508
144166,41,3795,1253,2542
144166,42,3795,1253,2542
144166,43,2193,607,1586
144166,44,218,72,146
144166,45,1975,535,1440
144166,51,1602,646,956
144166,59,271,97,174
144166,60,1704,438,1266
144175,1,5298,2274,3024
144175,2,5298,2274,3024
144175,3,3671,1612,2059
144175,4,469,203,266
144175,5,3202,1409,1793
144175,11,1627,662,965
144175,19,334,137,197
144175,20,2868,1272,1596
144175,21,1940,683,1257
144175,22,1940,683,1257
144175,23,1816,646,1170
144175,24,319,133,186
144175,25,1497,513,984
144175,31,124,37,87
144175,39,214,84,130
144175,40,1283,429,854
144175,41,3358,1591,1767
144175,42,3358,1591,1767
144175,43,1855,966,889
144175,44,150,70,80
144175,45,1705,896,809
144175,51,1503,625,878
144175,59,120,53,67
144175,60,1585,843,742
144184,1,11800,4988,6812
144184,2,11800,4988,6812
144184,3,6221,2576,3645
144184,4,642,276,366
144184,5,5579,2300,3279
144184,11,5579,2412,3167
144184,19,698,312,386
144184,20,4881,1988,2893
144184,21,3070,1358,1712
144184,22,3070,1358,1712
144184,23,2775,1219,1556
144184,24,447,199,248
144184,25,2328,1020,1308
144184,31,295,139,156
144184,39,329,157,172
144184,40,1999,863,1136
144184,41,8730,3630,5100
144184,42,8730,3630,5100
144184,43,3446,1357,2089
144184,44,195,77,118
144184,45,3251,1280,1971
144184,51,5284,2273,3011
144184,59,369,155,214
144184,60,2882,1125,1757
144193,1,9384,3685,5699
144193,2,9384,3685,5699
144193,3,4791,1939,2852
144193,4,766,380,386
144193,5,4025,1559,2466
144193,11,4593,1746,2847
144193,19,507,276,231
144193,20,3518,1283,2235
144193,21,3760,1524,2236
144193,22,3760,1524,2236
144193,23,2478,1084,1394
144193,24,487,230,257
144193,25,1991,854,1137
144193,31,1282,440,842
144193,39,355,208,147
144193,40,1636,646,990
144193,41,5624,2161,3463
144193,42,5624,2161,3463
144193,43,2313,855,1458
144193,44,279,150,129
144193,45,2034,705,1329
144193,51,3311,1306,2005
144193,59,152,68,84
144193,60,1882,637,1245
144209,1,9036,3802,5234
144209,2,9036,3802,5234
144209,3,8752,3692,5060
144209,4,1574,701,873
144209,5,7178,2991,4187
144209,11,284,110,174
144209,19,1225,535,690
144209,20,5953,2456,3497
144209,21,6059,2608,3451
144209,22,6059,2608,3451
144209,23,5987,2583,3404
144209,24,1307,580,727
144209,25,4680,2003,2677
144209,31,72,25,47
144209,39,776,354,422
144209,40,3904,1649,2255
144209,41,2977,1194,1783
144209,42,2977,1194,1783
144209,43,2765,1109,1656
144209,44,267,121,146
144209,45,2498,988,1510
144209,51,212,85,127
144209,59,449,181,268
144209,60,2049,807,1242
144218,1,12640,5179,7461
144218,2,12640,5179,7461
144218,3,9444,3971,5473
144218,4,1484,712,772
144218,5,7960,3259,4701
144218,11,3196,1208,1988
144218,19,733,316,417
144218,20,7227,2943,4284
144218,21,4387,1997,2390
144218,22,4387,1997,2390
144218,23,4244,1941,2303
144218,24,933,453,480
144218,25,3311,1488,1823
144218,31,143,56,87
144218,39,393,178,215
144218,40,2918,1310,1608
144218,41,8253,3182,5071
144218,42,8253,3182,5071
144218,43,5200,2030,3170
144218,44,551,259,292
144218,45,4649,1771,2878
144218,51,3053,1152,1901
144218,59,340,138,202
144218,60,4309,1633,2676
144281,1,10142,4492,5650
144281,2,9671,4330,5341
144281,3,9577,4292,5285
144281,4,2161,906,1255
144281,5,7416,3386,4030
144281,11,94,38,56
144281,12,471,162,309
144281,19,682,310,372
144281,20,6734,3076,3658
144281,21,9066,4019,5047
144281,22,8720,3898,4822
144281,23,8689,3890,4799
144281,24,2125,888,1237
144281,25,6564,3002,3562
144281,31,31,8,23
144281,32,346,121,225
144281,39,622,282,340
144281,40,5942,2720,3222
144281,41,1076,473,603
144281,42,951,432,519
144281,43,888,402,486
144281,44,36,18,18
144281,45,852,384,468
144281,51,63,30,33
144281,52,125,41,84
144281,59,60,28,32
144281,60,792,356,436
144351,1,5286,1644,3642
144351,2,1604,634,970
144351,3,1563,618,945
144351,4,376,182,194
144351,5,1187,436,751
144351,11,41,16,25
144351,12,3682,1010,2672
144351,19,207,78,129
144351,20,980,358,622
144351,21,1684,647,1037
144351,22,1489,580,909
144351,23,1487,579,908
144351,24,376,182,194
144351,25,1111,397,714
144351,31,2,1,1
144351,32,195,67,128
144351,39,198,74,124
144351,40,913,323,590
144351,41,3602,997,2605
144351,42,115,54,61
144351,43,76,39,37
144351,45,76,39,37
144351,51,39,15,24
144351,52,3487,943,2544
144351,59,9,4,5
144351,60,67,35,32
144467,1,958,472,486
144467,2,958,472,486
144467,3,958,472,486
144467,4,140,60,80
144467,5,818,412,406
144467,19,81,34,47
144467,20,737,378,359
144467,21,958,472,486
144467,22,958,472,486
144467,23,958,472,486
144467,24,140,60,80
144467,25,818,412,406
144467,39,81,34,47
144467,40,737,378,359
144485,1,590,404,186
144485,2,590,404,186
144485,3,590,404,186
144485,4,199,129,70
144485,5,391,275,116
144485,20,391,275,116
144485,21,590,404,186
144485,22,590,404,186
144485,23,590,404,186
144485,24,199,129,70
144485,25,391,275,116
144485,40,391,275,116
144564,1,4035,1802,2233
144564,2,4035,1802,2233
144564,3,2339,1091,1248
144564,4,698,329,369
144564,5,1641,762,879
144564,11,1696,711,985
144564,19,108,46,62
144564,20,1533,716,817
144564,21,1175,557,618
144564,22,1175,557,618
144564,23,1146,542,604
144564,24,426,209,217
144564,25,720,333,387
144564,31,29,15,14
144564,39,48,28,20
144564,40,672,305,367
144564,41,2860,1245,1615
144564,42,2860,1245,1615
144564,43,1193,549,644
144564,44,272,120,152
144564,45,921,429,492
144564,51,1667,696,971
144564,59,60,18,42
144564,60,861,411,450
144573,1,58,5,53
144573,2,58,5,53
144573,3,58,5,53
144573,4,21,4,17
144573,5,37,1,36
144573,20,37,1,36
144573,21,58,5,53
144573,22,58,5,53
144573,23,58,5,53
144573,24,21,4,17
144573,25,37,1,36
144573,40,37,1,36
144740,1,24414,11397,13017
144740,2,16420,7616,8804
144740,3,16120,7454,8666
144740,4,2425,1014,1411
144740,5,13695,6440,7255
144740,11,300,162,138
144740,12,7994,3781,4213
144740,19,1698,862,836
144740,20,11997,5578,6419
144740,21,18706,8671,10035
144740,22,13594,6364,7230
144740,23,13556,6345,7211
144740,24,2422,1014,1408
144740,25,11134,5331,5803
144740,31,38,19,19
144740,32,5112,2307,2805
144740,39,1412,748,664
144740,40,9722,4583,5139
144740,41,5708,2726,2982
144740,42,2826,1252,1574
144740,43,2564,1109,1455
144740,44,3,0,3
144740,45,2561,1109,1452
144740,51,262,143,119
144740,52,2882,1474,1408
144740,59,286,114,172
144740,60,2275,995,1280
144795,1,147,5,142
144795,2,147,5,142
144795,3,147,5,142
144795,4,73,4,69
144795,5,74,1,73
144795,20,74,1,73
144795,21,136,5,131
144795,22,136,5,131
144795,23,136,5,131
144795,24,71,4,67
144795,25,65,1,64
144795,40,65,1,64
144795,41,11,0,11
144795,42,11,0,11
144795,43,11,0,11
144795,44,2,0,2
144795,45,9,0,9
144795,60,9,0,9
144865,1,28627,13325,15302
144865,2,28627,13325,15302
144865,3,21214,10166,11048
144865,4,3813,2049,1764
144865,5,17401,8117,9284
144865,11,7413,3159,4254
144865,19,1314,606,708
144865,20,16087,7511,8576
144865,21,9908,5204,4704
144865,22,9908,5204,4704
144865,23,8985,4660,4325
144865,24,2521,1388,1133
144865,25,6464,3272,3192
144865,31,923,544,379
144865,39,580,314,266
144865,40,5884,2958,2926
144865,41,18719,8121,10598
144865,42,18719,8121,10598
144865,43,12229,5506,6723
144865,44,1292,661,631
144865,45,10937,4845,6092
144865,51,6490,2615,3875
144865,59,734,292,442
144865,60,10203,4553,5650
144883,1,684,288,396
144883,2,684,288,396
144883,3,679,285,394
144883,4,185,83,102
144883,5,494,202,292
144883,11,5,3,2
144883,19,61,23,38
144883,20,433,179,254
144883,21,669,278,391
144883,22,669,278,391
144883,23,669,278,391
144883,24,178,78,100
144883,25,491,200,291
144883,39,61,23,38
144883,40,430,177,253
144883,41,15,10,5
144883,42,15,10,5
144883,43,10,7,3
144883,44,7,5,2
144883,45,3,2,1
144883,51,5,3,2
144883,60,3,2,1
144892,1,9775,3927,5848
144892,2,8347,3368,4979
144892,3,8255,3351,4904
144892,4,1333,512,821
144892,5,6922,2839,4083
144892,11,92,17,75
144892,12,1428,559,869
144892,19,884,377,507
144892,20,6038,2462,3576
144892,21,8013,3284,4729
144892,22,7327,3002,4325
144892,23,7316,2998,4318
144892,24,1329,508,821
144892,25,5987,2490,3497
144892,31,11,4,7
144892,32,686,282,404
144892,39,741,324,417
144892,40,5246,2166,3080
144892,41,1762,643,1119
144892,42,1020,366,654
144892,43,939,353,586
144892,44,4,4,0
144892,45,935,349,586
144892,51,81,13,68
144892,52,742,277,465
144892,59,143,53,90
144892,60,792,296,496
144944,1,11285,5127,6158
144944,2,11285,5127,6158
144944,3,8599,4004,4595
144944,4,1357,747,610
144944,5,7242,3257,3985
144944,11,2686,1123,1563
144944,19,468,240,228
144944,20,6774,3017,3757
144944,21,3780,1857,1923
144944,22,3780,1857,1923
144944,23,3554,1735,1819
144944,24,975,527,448
144944,25,2579,1208,1371
144944,31,226,122,104
144944,39,219,123,96
144944,40,2360,1085,1275
144944,41,7505,3270,4235
144944,42,7505,3270,4235
144944,43,5045,2269,2776
144944,44,382,220,162
144944,45,4663,2049,2614
144944,51,2460,1001,1459
144944,59,249,117,132
144944,60,4414,1932,2482
144962,1,3210,1263,1947
144962,2,2900,1160,1740
144962,3,2819,1124,1695
144962,4,506,230,276
144962,5,2313,894,1419
144962,11,81,36,45
144962,12,310,103,207
144962,19,299,107,192
144962,20,2014,787,1227
144962,21,2782,1093,1689
144962,22,2736,1083,1653
144962,23,2719,1074,1645
144962,24,506,230,276
144962,25,2213,844,1369
144962,31,17,9,8
144962,32,46,10,36
144962,39,296,107,189
144962,40,1917,737,1180
144962,41,428,170,258
144962,42,164,77,87
144962,43,100,50,50
144962,45,100,50,50
144962,51,64,27,37
144962,52,264,93,171
144962,59,3,0,3
144962,60,97,50,47
144971,1,692,286,406
144971,2,692,286,406
144971,3,667,274,393
144971,4,138,57,81
144971,5,529,217,312
144971,11,25,12,13
144971,19,74,33,41
144971,20,455,184,271
144971,21,644,263,381
144971,22,644,263,381
144971,23,640,261,379
144971,24,138,57,81
144971,25,502,204,298
144971,31,4,2,2
144971,39,74,33,41
144971,40,428,171,257
144971,41,48,23,25
144971,42,48,23,25
144971,43,27,13,14
144971,45,27,13,14
144971,51,21,10,11
144971,60,27,13,14
145099,1,53,2,51
145099,2,53,2,51
145099,3,53,2,51
145099,4,51,2,49
145099,5,2,0,2
145099,20,2,0,2
145099,21,53,2,51
145099,22,53,2,51
145099,23,53,2,51
145099,24,51,2,49
145099,25,2,0,2
145099,40,2,0,2
145239,1,387,64,323
145239,2,387,64,323
145239,3,375,63,312
145239,4,65,11,54
145239,5,310,52,258
145239,11,12,1,11
145239,19,151,28,123
145239,20,159,24,135
145239,21,387,64,323
145239,22,387,64,323
145239,23,375,63,312
145239,24,65,11,54
145239,25,310,52,258
145239,31,12,1,11
145239,39,151,28,123
145239,40,159,24,135
145275,1,399,188,211
145275,12,399,188,211
145275,21,229,122,107
145275,32,229,122,107
145275,41,170,66,104
145275,52,170,66,104
145309,1,44,16,28
145309,2,44,16,28
145309,3,44,16,28
145309,4,21,7,14
145309,5,23,9,14
145309,20,23,9,14
145309,21,44,16,28
145309,22,44,16,28
145309,23,44,16,28
145309,24,21,7,14
145309,25,23,9,14
145309,40,23,9,14
145336,1,5568,1629,3939
145336,2,3218,1028,2190
145336,3,3179,1014,2165
145336,5,3179,1014,2165
145336,11,39,14,25
145336,12,2350,601,1749
145336,19,792,268,524
145336,20,2387,746,1641
145336,21,2009,631,1378
145336,22,1315,444,871
145336,23,1313,443,870
145336,25,1313,443,870
145336,31,2,1,1
145336,32,694,187,507
145336,39,404,145,259
145336,40,909,298,611
145336,41,3559,998,2561
145336,42,1903,584,1319
145336,43,1866,571,1295
145336,45,1866,571,1295
145336,51,37,13,24
145336,52,1656,414,1242
145336,59,388,123,265
145336,60,1478,448,1030
145354,1,82,4,78
145354,2,82,4,78
145354,3,82,4,78
145354,5,82,4,78
145354,20,82,4,78
145354,21,25,3,22
145354,22,25,3,22
145354,23,25,3,22
145354,25,25,3,22
145354,40,25,3,22
145354,41,57,1,56
145354,42,57,1,56
145354,43,57,1,56
145354,45,57,1,56
145354,60,57,1,56
145372,1,1368,648,720
145372,2,1129,582,547
145372,3,1101,566,535
145372,4,277,150,127
145372,5,824,416,408
145372,11,28,16,12
145372,12,239,66,173
145372,19,102,47,55
145372,20,722,369,353
145372,21,1129,576,553
145372,22,1090,570,520
145372,23,1076,558,518
145372,24,277,150,127
145372,25,799,408,391
145372,31,14,12,2
145372,32,39,6,33
145372,39,97,46,51
145372,40,702,362,340
145372,41,239,72,167
145372,42,39,12,27
145372,43,25,8,17
145372,45,25,8,17
145372,51,14,4,10
145372,52,200,60,140
145372,59,5,1,4
145372,60,20,7,13
145406,1,218,4,214
145406,2,218,4,214
145406,3,218,4,214
145406,4,33,1,32
145406,5,185,3,182
145406,20,185,3,182
145406,21,76,3,73
145406,22,76,3,73
145406,23,76,3,73
145406,24,13,1,12
145406,25,63,2,61
145406,40,63,2,61
145406,41,142,1,141
145406,42,142,1,141
145406,43,142,1,141
145406,44,20,0,20
145406,45,122,1,121
145406,60,122,1,121
145424,1,81,1,80
145424,2,81,1,80
145424,3,81,1,80
145424,4,4,0,4
145424,5,77,1,76
145424,20,77,1,76
145424,21,28,0,28
145424,22,28,0,28
145424,23,28,0,28
145424,24,2,0,2
145424,25,26,0,26
145424,40,26,0,26
145424,41,53,1,52
145424,42,53,1,52
145424,43,53,1,52
145424,44,2,0,2
145424,45,51,1,50
145424,60,51,1,50
145433,1,92,6,86
145433,2,92,6,86
145433,3,92,6,86
145433,4,21,3,18
145433,5,71,3,68
145433,20,71,3,68
145433,21,40,2,38
145433,22,40,2,38
145433,23,40,2,38
145433,24,8,0,8
145433,25,32,2,30
145433,40,32,2,30
145433,41,52,4,48
145433,42,52,4,48
145433,43,52,4,48
145433,44,13,3,10
145433,45,39,1,38
145433,60,39,1,38
145460,1,600,137,463
145460,2,381,99,282
145460,3,381,99,282
145460,4,27,4,23
145460,5,354,95,259
145460,12,219,38,181
145460,19,29,9,20
145460,20,325,86,239
145460,21,213,56,157
145460,22,167,44,123
145460,23,167,44,123
145460,24,19,3,16
145460,25,148,41,107
145460,32,46,12,34
145460,39,14,4,10
145460,40,134,37,97
145460,41,387,81,306
145460,42,214,55,159
145460,43,214,55,159
145460,44,8,1,7
145460,45,206,54,152
145460,52,173,26,147
145460,59,15,5,10
145460,60,191,49,142
145497,1,522,62,460
145497,2,521,61,460
145497,3,458,59,399
145497,4,340,29,311
145497,5,118,30,88
145497,11,63,2,61
145497,12,1,1,0
145497,19,11,3,8
145497,20,107,27,80
145497,21,436,54,382
145497,22,435,53,382
145497,23,435,53,382
145497,24,340,29,311
145497,25,95,24,71
145497,32,1,1,0
145497,39,11,3,8
145497,40,84,21,63
145497,41,86,8,78
145497,42,86,8,78
145497,43,23,6,17
145497,45,23,6,17
145497,51,63,2,61
145497,60,23,6,17
145521,1,2031,792,1239
145521,2,2031,792,1239
145521,3,1698,644,1054
145521,4,423,195,228
145521,5,1275,449,826
145521,11,333,148,185
145521,19,73,28,45
145521,20,1202,421,781
145521,21,1050,442,608
145521,22,1050,442,608
145521,23,1010,425,585
145521,24,335,160,175
145521,25,675,265,410
145521,31,40,17,23
145521,39,40,18,22
145521,40,635,247,388
145521,41,981,350,631
145521,42,981,350,631
145521,43,688,219,469
145521,44,88,35,53
145521,45,600,184,416
145521,51,293,131,162
145521,59,33,10,23
145521,60,567,174,393
145558,1,2157,973,1184
145558,12,2157,973,1184
145558,21,1993,918,1075
145558,32,1993,918,1075
145558,41,164,55,109
145558,52,164,55,109
145600,1,28038,12860,15178
145600,2,16671,8274,8397
145600,3,16601,8240,8361
145600,4,3104,1544,1560
145600,5,13497,6696,6801
145600,11,70,34,36
145600,12,11367,4586,6781
145600,19,1640,815,825
145600,20,11857,5881,5976
145600,21,23239,11001,12238
145600,22,15402,7592,7810
145600,23,15357,7569,7788
145600,24,3079,1528,1551
145600,25,12278,6041,6237
145600,31,45,23,22
145600,32,7837,3409,4428
145600,39,1468,738,730
145600,40,10810,5303,5507
145600,41,4799,1859,2940
145600,42,1269,682,587
145600,43,1244,671,573
145600,44,25,16,9
145600,45,1219,655,564
145600,51,25,11,14
145600,52,3530,1177,2353
145600,59,172,77,95
145600,60,1047,578,469
145619,1,6318,2237,4081
145619,2,3828,1509,2319
145619,3,3739,1480,2259
145619,4,635,284,351
145619,5,3104,1196,1908
145619,11,89,29,60
145619,12,2490,728,1762
145619,19,573,224,349
145619,20,2531,972,1559
145619,21,3588,1445,2143
145619,22,3056,1252,1804
145619,23,3037,1247,1790
145619,24,623,280,343
145619,25,2414,967,1447
145619,31,19,5,14
145619,32,532,193,339
145619,39,439,186,253
145619,40,1975,781,1194
145619,41,2730,792,1938
145619,42,772,257,515
145619,43,702,233,469
145619,44,12,4,8
145619,45,690,229,461
145619,51,70,24,46
145619,52,1958,535,1423
145619,59,134,38,96
145619,60,556,191,365
145628,1,636,192,444
145628,12,636,192,444
145628,21,636,192,444
145628,32,636,192,444
145637,1,44942,24798,20144
145637,2,32695,18455,14240
145637,3,31663,17793,13870
145637,4,7329,4123,3206
145637,5,24334,13670,10664
145637,11,1032,662,370
145637,12,12247,6343,5904
145637,19,1343,738,605
145637,20,22991,12932,10059
145637,21,41118,22787,18331
145637,22,31516,17685,13831
145637,23,31129,17447,13682
145637,24,7321,4116,3205
145637,25,23808,13331,10477
145637,31,387,238,149
145637,32,9602,5102,4500
145637,39,1327,731,596
145637,40,22481,12600,9881
145637,41,3824,2011,1813
145637,42,1179,770,409
145637,43,534,346,188
145637,44,8,7,1
145637,45,526,339,187
145637,51,645,424,221
145637,52,2645,1241,1404
145637,59,16,7,9
145637,60,510,332,178
145646,1,2009,886,1123
145646,2,2009,886,1123
145646,3,2000,885,1115
145646,4,527,255,272
145646,5,1473,630,843
145646,11,9,1,8
145646,19,35,14,21
145646,20,1438,616,822
145646,21,2001,882,1119
145646,22,2001,882,1119
145646,23,1994,881,1113
145646,24,527,255,272
145646,25,1467,626,841
145646,31,7,1,6
145646,39,35,14,21
145646,40,1432,612,820
145646,41,8,4,4
145646,42,8,4,4
145646,43,6,4,2
145646,45,6,4,2
145646,51,2,0,2
145646,60,6,4,2
145682,1,10770,4809,5961
145682,2,10770,4809,5961
145682,3,7882,3529,4353
145682,4,1588,843,745
145682,5,6294,2686,3608
145682,11,2888,1280,1608
145682,19,169,66,103
145682,20,6125,2620,3505
145682,21,3967,2037,1930
145682,22,3967,2037,1930
145682,23,3496,1807,1689
145682,24,1125,616,509
145682,25,2371,1191,1180
145682,31,471,230,241
145682,39,94,47,47
145682,40,2277,1144,1133
145682,41,6803,2772,4031
145682,42,6803,2772,4031
145682,43,4386,1722,2664
145682,44,463,227,236
145682,45,3923,1495,2428
145682,51,2417,1050,1367
145682,59,75,19,56
145682,60,3848,1476,2372
145691,1,1028,504,524
145691,2,1010,504,506
145691,3,981,490,491
145691,4,270,140,130
145691,5,711,350,361
145691,11,29,14,15
145691,12,18,0,18
145691,19,32,13,19
145691,20,679,337,342
145691,21,981,488,493
145691,22,981,488,493
145691,23,974,484,490
145691,24,270,140,130
145691,25,704,344,360
145691,31,7,4,3
145691,39,32,13,19
145691,40,672,331,341
145691,41,47,16,31
145691,42,29,16,13
145691,43,7,6,1
145691,45,7,6,1
145691,51,22,10,12
145691,52,18,0,18
145691,60,7,6,1
145707,1,1470,520,950
145707,2,1470,520,950
145707,3,899,321,578
145707,4,238,113,125
145707,5,661,208,453
145707,11,571,199,372
145707,19,8,2,6
145707,20,653,206,447
145707,21,680,285,395
145707,22,680,285,395
145707,23,653,271,382
145707,24,220,109,111
145707,25,433,162,271
145707,31,27,14,13
145707,39,7,2,5
145707,40,426,160,266
145707,41,790,235,555
145707,42,790,235,555
145707,43,246,50,196
145707,44,18,4,14
145707,45,228,46,182
145707,51,544,185,359
145707,59,1,0,1
145707,60,227,46,181
145725,1,7850,5023,2827
145725,2,2926,2059,867
145725,3,2855,2014,841
145725,4,464,355,109
145725,5,2391,1659,732
145725,11,71,45,26
145725,12,4924,2964,1960
145725,19,309,244,65
145725,20,2082,1415,667
145725,21,6539,4161,2378
145725,22,2712,1894,818
145725,23,2709,1892,817
145725,24,464,355,109
145725,25,2245,1537,708
145725,31,3,2,1
145725,32,3827,2267,1560
145725,39,276,213,63
145725,40,1969,1324,645
145725,41,1311,862,449
145725,42,214,165,49
145725,43,146,122,24
145725,45,146,122,24
145725,51,68,43,25
145725,52,1097,697,400
145725,59,33,31,2
145725,60,113,91,22
145770,1,1017,289,728
145770,2,296,89,207
145770,3,293,89,204
145770,4,69,22,47
145770,5,224,67,157
145770,11,3,0,3
145770,12,721,200,521
145770,19,15,4,11
145770,20,209,63,146
145770,21,220,64,156
145770,22,73,21,52
145770,23,73,21,52
145770,24,8,3,5
145770,25,65,18,47
145770,32,147,43,104
145770,39,5,2,3
145770,40,60,16,44
145770,41,797,225,572
145770,42,223,68,155
145770,43,220,68,152
145770,44,61,19,42
145770,45,159,49,110
145770,51,3,0,3
145770,52,574,157,417
145770,59,10,2,8
145770,60,149,47,102
145813,1,20272,8878,11394
145813,2,17749,7986,9763
145813,3,17667,7952,9715
145813,4,2981,1215,1766
145813,5,14686,6737,7949
145813,11,82,34,48
145813,12,2523,892,1631
145813,19,1856,972,884
145813,20,12830,5765,7065
145813,21,17864,7918,9946
145813,22,16683,7447,9236
145813,23,16632,7428,9204
145813,24,2978,1213,1765
145813,25,13654,6215,7439
145813,31,51,19,32
145813,32,1181,471,710
145813,39,1718,914,804
145813,40,11936,5301,6635
145813,41,2408,960,1448
145813,42,1066,539,527
145813,43,1035,524,511
145813,44,3,2,1
145813,45,1032,522,510
145813,51,31,15,16
145813,52,1342,421,921
145813,59,138,58,80
145813,60,894,464,430
145831,1,3705,1500,2205
145831,2,3705,1500,2205
145831,3,2981,1205,1776
145831,4,320,172,148
145831,5,2661,1033,1628
145831,11,724,295,429
145831,19,73,30,43
145831,20,2588,1003,1585
145831,21,1499,687,812
145831,22,1499,687,812
145831,23,1438,658,780
145831,24,194,113,81
145831,25,1244,545,699
145831,31,61,29,32
145831,39,37,19,18
145831,40,1207,526,681
145831,41,2206,813,1393
145831,42,2206,813,1393
145831,43,1543,547,996
145831,44,126,59,67
145831,45,1417,488,929
145831,51,663,266,397
145831,59,36,11,25
145831,60,1381,477,904
145886,1,129,27,102
145886,12,129,27,102
145886,21,116,27,89
145886,32,116,27,89
145886,41,13,0,13
145886,52,13,0,13
146010,1,346,150,196
146010,2,346,150,196
146010,3,345,149,196
146010,4,29,14,15
146010,5,316,135,181
146010,11,1,1,0
146010,19,30,11,19
146010,20,286,124,162
146010,21,250,109,141
146010,22,250,109,141
146010,23,250,109,141
146010,24,12,6,6
146010,25,238,103,135
146010,39,11,5,6
146010,40,227,98,129
146010,41,96,41,55
146010,42,96,41,55
146010,43,95,40,55
146010,44,17,8,9
146010,45,78,32,46
146010,51,1,1,0
146010,59,19,6,13
146010,60,59,26,33
146205,1,7150,2923,4227
146205,2,7150,2923,4227
146205,3,3857,1740,2117
146205,4,736,347,389
146205,5,3121,1393,1728
146205,11,3293,1183,2110
146205,19,1169,491,678
146205,20,1952,902,1050
146205,21,2091,1007,1084
146205,22,2091,1007,1084
146205,23,2061,993,1068
146205,24,581,264,317
146205,25,1480,729,751
146205,31,30,14,16
146205,39,571,268,303
146205,40,909,461,448
146205,41,5059,1916,3143
146205,42,5059,1916,3143
146205,43,1796,747,1049
146205,44,155,83,72
146205,45,1641,664,977
146205,51,3263,1169,2094
146205,59,598,223,375
146205,60,1043,441,602
146241,1,1466,743,723
146241,12,1466,743,723
146241,21,1046,533,513
146241,32,1046,533,513
146241,41,420,210,210
146241,52,420,210,210
146278,1,1923,779,1144
146278,2,1923,779,1144
146278,3,1638,654,984
146278,4,538,249,289
146278,5,1100,405,695
146278,11,285,125,160
146278,19,175,76,99
146278,20,925,329,596
146278,21,956,458,498
146278,22,956,458,498
146278,23,949,454,495
146278,24,419,208,211
146278,25,530,246,284
146278,31,7,4,3
146278,39,98,56,42
146278,40,432,190,242
146278,41,967,321,646
146278,42,967,321,646
146278,43,689,200,489
146278,44,119,41,78
146278,45,570,159,411
146278,51,278,121,157
146278,59,77,20,57
146278,60,493,139,354
146296,1,16869,7791,9078
146296,2,16869,7791,9078
146296,3,13014,6057,6957
146296,4,1699,880,819
146296,5,11315,5177,6138
146296,11,3855,1734,2121
146296,19,411,142,269
146296,20,10904,5035,5869
146296,21,5849,2880,2969
146296,22,5849,2880,2969
146296,23,5743,2842,2901
146296,24,987,536,451
146296,25,4756,2306,2450
146296,31,106,38,68
146296,39,201,77,124
146296,40,4555,2229,2326
146296,41,11020,4911,6109
146296,42,11020,4911,6109
146296,43,7271,3215,4056
146296,44,712,344,368
146296,45,6559,2871,3688
146296,51,3749,1696,2053
146296,59,210,65,145
146296,60,6349,2806,3543
146339,1,1170,511,659
146339,2,1066,471,595
146339,3,1020,454,566
146339,4,201,93,108
146339,5,819,361,458
146339,11,46,17,29
146339,12,104,40,64
146339,19,173,66,107
146339,20,646,295,351
146339,21,856,405,451
146339,22,783,379,404
146339,23,776,374,402
146339,24,189,89,100
146339,25,587,285,302
146339,31,7,5,2
146339,32,73,26,47
146339,39,83,38,45
146339,40,504,247,257
146339,41,314,106,208
146339,42,283,92,191
146339,43,244,80,164
146339,44,12,4,8
146339,45,232,76,156
146339,51,39,12,27
146339,52,31,14,17
146339,59,90,28,62
146339,60,142,48,94
146348,1,3825,1459,2366
146348,2,3825,1459,2366
146348,3,3115,1180,1935
146348,4,383,178,205
146348,5,2732,1002,1730
146348,11,710,279,431
146348,19,128,56,72
146348,20,2604,946,1658
146348,21,1599,709,890
146348,22,1599,709,890
146348,23,1503,648,855
146348,24,282,137,145
146348,25,1221,511,710
146348,31,96,61,35
146348,39,72,32,40
146348,40,1149,479,670
146348,41,2226,750,1476
146348,42,2226,750,1476
146348,43,1612,532,1080
146348,44,101,41,60
146348,45,1511,491,1020
146348,51,614,218,396
146348,59,56,24,32
146348,60,1455,467,988
146366,1,5258,2131,3127
146366,2,5258,2131,3127
146366,3,3091,1150,1941
146366,4,353,186,167
146366,5,2738,964,1774
146366,11,2167,981,1186
146366,19,113,38,75
146366,20,2625,926,1699
146366,21,1952,823,1129
146366,22,1952,823,1129
146366,23,1841,764,1077
146366,24,229,145,84
146366,25,1612,619,993
146366,31,111,59,52
146366,39,81,30,51
146366,40,1531,589,942
146366,41,3306,1308,1998
146366,42,3306,1308,1998
146366,43,1250,386,864
146366,44,124,41,83
146366,45,1126,345,781
146366,51,2056,922,1134
146366,59,32,8,24
146366,60,1094,337,757
146393,1,1659,389,1270
146393,2,1659,389,1270
146393,3,1579,385,1194
146393,4,98,36,62
146393,5,1481,349,1132
146393,11,80,4,76
146393,19,229,62,167
146393,20,1252,287,965
146393,21,938,310,628
146393,22,938,310,628
146393,23,926,309,617
146393,24,86,30,56
146393,25,840,279,561
146393,31,12,1,11
146393,39,172,55,117
146393,40,668,224,444
146393,41,721,79,642
146393,42,721,79,642
146393,43,653,76,577
146393,44,12,6,6
146393,45,641,70,571
146393,51,68,3,65
146393,59,57,7,50
146393,60,584,63,521
146418,1,4717,2168,2549
146418,2,4717,2168,2549
146418,3,3627,1650,1977
146418,4,603,316,287
146418,5,3024,1334,1690
146418,11,1090,518,572
146418,19,335,173,162
146418,20,2689,1161,1528
146418,21,2348,1124,1224
146418,22,2348,1124,1224
146418,23,2312,1098,1214
146418,24,472,249,223
146418,25,1840,849,991
146418,31,36,26,10
146418,39,255,133,122
146418,40,1585,716,869
146418,41,2369,1044,1325
146418,42,2369,1044,1325
146418,43,1315,552,763
146418,44,131,67,64
146418,45,1184,485,699
146418,51,1054,492,562
146418,59,80,40,40
146418,60,1104,445,659
146427,1,1424,614,810
146427,2,1424,614,810
146427,3,1402,603,799
146427,4,380,149,231
146427,5,1022,454,568
146427,11,22,11,11
146427,19,22,13,9
146427,20,1000,441,559
146427,21,1400,600,800
146427,22,1400,600,800
146427,23,1396,599,797
146427,24,380,149,231
146427,25,1016,450,566
146427,31,4,1,3
146427,39,22,13,9
146427,40,994,437,557
146427,41,24,14,10
146427,42,24,14,10
146427,43,6,4,2
146427,45,6,4,2
146427,51,18,10,8
146427,60,6,4,2
146454,1,33,0,33
146454,2,33,0,33
146454,3,33,0,33
146454,4,11,0,11
146454,5,22,0,22
146454,20,22,0,22
146454,21,33,0,33
146454,22,33,0,33
146454,23,33,0,33
146454,24,11,0,11
146454,25,22,0,22
146454,40,22,0,22
146472,1,17685,7934,9751
146472,2,17685,7934,9751
146472,3,11978,5657,6321
146472,4,2049,1103,946
146472,5,9929,4554,5375
146472,11,5707,2277,3430
146472,19,606,271,335
146472,20,9323,4283,5040
146472,21,4764,2421,2343
146472,22,4764,2421,2343
146472,23,4060,2105,1955
146472,24,1177,618,559
146472,25,2883,1487,1396
146472,31,704,316,388
146472,39,290,146,144
146472,40,2593,1341,1252
146472,41,12921,5513,7408
146472,42,12921,5513,7408
146472,43,7918,3552,4366
146472,44,872,485,387
146472,45,7046,3067,3979
146472,51,5003,1961,3042
146472,59,316,125,191
146472,60,6730,2942,3788
146481,1,1618,681,937
146481,2,1590,671,919
146481,3,1577,665,912
146481,4,399,182,217
146481,5,1178,483,695
146481,11,13,6,7
146481,12,28,10,18
146481,19,87,35,52
146481,20,1091,448,643
146481,21,1582,666,916
146481,22,1571,661,910
146481,23,1567,658,909
146481,24,399,182,217
146481,25,1168,476,692
146481,31,4,3,1
146481,32,11,5,6
146481,39,87,35,52
146481,40,1081,441,640
146481,41,36,15,21
146481,42,19,10,9
146481,43,10,7,3
146481,45,10,7,3
146481,51,9,3,6
146481,52,17,5,12
146481,60,10,7,3
146490,1,530,311,219
146490,12,530,311,219
146490,41,530,311,219
146490,52,530,311,219
146506,1,6351,3021,3330
146506,2,6351,3021,3330
146506,3,4118,1719,2399
146506,4,1101,525,576
146506,5,3017,1194,1823
146506,11,2233,1302,931
146506,19,176,72,104
146506,20,2841,1122,1719
146506,21,2809,1274,1535
146506,22,2809,1274,1535
146506,23,2734,1239,1495
146506,24,909,447,462
146506,25,1825,792,1033
146506,31,75,35,40
146506,39,120,58,62
146506,40,1705,734,971
146506,41,3542,1747,1795
146506,42,3542,1747,1795
146506,43,1384,480,904
146506,44,192,78,114
146506,45,1192,402,790
146506,51,2158,1267,891
146506,59,56,14,42
146506,60,1136,388,748
146533,1,316,45,271
146533,2,316,45,271
146533,3,284,38,246
146533,5,284,38,246
146533,11,32,7,25
146533,19,85,12,73
146533,20,199,26,173
146533,21,254,34,220
146533,22,254,34,220
146533,23,254,34,220
146533,25,254,34,220
146533,39,85,12,73
146533,40,169,22,147
146533,41,62,11,51
146533,42,62,11,51
146533,43,30,4,26
146533,45,30,4,26
146533,51,32,7,25
146533,60,30,4,26
146603,1,8520,3788,4732
146603,2,8520,3788,4732
146603,3,4678,1918,2760
146603,4,735,385,350
146603,5,3943,1533,2410
146603,11,3842,1870,1972
146603,19,128,55,73
146603,20,3815,1478,2337
146603,21,2421,1119,1302
146603,22,2421,1119,1302
146603,23,2177,1009,1168
146603,24,567,296,271
146603,25,1610,713,897
146603,31,244,110,134
146603,39,72,38,34
146603,40,1538,675,863
146603,41,6099,2669,3430
146603,42,6099,2669,3430
146603,43,2501,909,1592
146603,44,168,89,79
146603,45,2333,820,1513
146603,51,3598,1760,1838
146603,59,56,17,39
146603,60,2277,803,1474
146612,1,6525,2647,3878
146612,2,4613,2032,2581
146612,3,4489,1939,2550
146612,4,694,313,381
146612,5,3795,1626,2169
146612,11,124,93,31
146612,12,1912,615,1297
146612,19,633,269,364
146612,20,3162,1357,1805
146612,21,4123,1811,2312
146612,22,3723,1672,2051
146612,23,3715,1666,2049
146612,24,694,313,381
146612,25,3021,1353,1668
146612,31,8,6,2
146612,32,400,139,261
146612,39,456,208,248
146612,40,2565,1145,1420
146612,41,2402,836,1566
146612,42,890,360,530
146612,43,774,273,501
146612,45,774,273,501
146612,51,116,87,29
146612,52,1512,476,1036
146612,59,177,61,116
146612,60,597,212,385
146621,1,55,0,55
146621,2,55,0,55
146621,3,55,0,55
146621,4,15,0,15
146621,5,40,0,40
146621,19,6,0,6
146621,20,34,0,34
146621,21,45,0,45
146621,22,45,0,45
146621,23,45,0,45
146621,24,7,0,7
146621,25,38,0,38
146621,39,6,0,6
146621,40,32,0,32
146621,41,10,0,10
146621,42,10,0,10
146621,43,10,0,10
146621,44,8,0,8
146621,45,2,0,2
146621,60,2,0,2
146667,1,997,557,440
146667,2,623,295,328
146667,3,613,291,322
146667,4,79,42,37
146667,5,534,249,285
146667,11,10,4,6
146667,12,374,262,112
146667,19,67,35,32
146667,20,467,214,253
146667,21,734,403,331
146667,22,511,252,259
146667,23,503,249,254
146667,24,79,42,37
146667,25,424,207,217
146667,31,8,3,5
146667,32,223,151,72
146667,39,57,30,27
146667,40,367,177,190
146667,41,263,154,109
146667,42,112,43,69
146667,43,110,42,68
146667,45,110,42,68
146667,51,2,1,1
146667,52,151,111,40
146667,59,10,5,5
146667,60,100,37,63
146676,1,1240,538,702
146676,2,1240,538,702
146676,3,1163,511,652
146676,4,396,197,199
146676,5,767,314,453
146676,11,77,27,50
146676,19,99,51,48
146676,20,668,263,405
146676,21,798,423,375
146676,22,798,423,375
146676,23,797,423,374
146676,24,375,195,180
146676,25,422,228,194
146676,31,1,0,1
146676,39,64,44,20
146676,40,358,184,174
146676,41,442,115,327
146676,42,442,115,327
146676,43,366,88,278
146676,44,21,2,19
146676,45,345,86,259
146676,51,76,27,49
146676,59,35,7,28
146676,60,310,79,231
146685,1,7020,2955,4065
146685,2,7020,2955,4065
146685,3,5751,2413,3338
146685,4,1418,684,734
146685,5,4333,1729,2604
146685,11,1269,542,727
146685,19,233,106,127
146685,20,4100,1623,2477
146685,21,2985,1422,1563
146685,22,2985,1422,1563
146685,23,2751,1298,1453
146685,24,1024,505,519
146685,25,1727,793,934
146685,31,234,124,110
146685,39,140,69,71
146685,40,1587,724,863
146685,41,4035,1533,2502
146685,42,4035,1533,2502
146685,43,3000,1115,1885
146685,44,394,179,215
146685,45,2606,936,1670
146685,51,1035,418,617
146685,59,93,37,56
146685,60,2513,899,1614
146700,1,617,473,144
146700,2,617,473,144
146700,3,617,473,144
146700,4,184,132,52
146700,5,433,341,92
146700,19,59,56,3
146700,20,374,285,89
146700,21,617,473,144
146700,22,617,473,144
146700,23,617,473,144
146700,24,184,132,52
146700,25,433,341,92
146700,39,59,56,3
146700,40,374,285,89
146719,1,15957,5771,10186
146719,2,10168,3688,6480
146719,3,9931,3595,6336
146719,4,2512,861,1651
146719,5,7419,2734,4685
146719,11,237,93,144
146719,12,5789,2083,3706
146719,19,597,226,371
146719,20,6822,2508,4314
146719,21,13463,4995,8468
146719,22,9339,3345,5994
146719,23,9181,3293,5888
146719,24,2497,847,1650
146719,25,6684,2446,4238
146719,31,158,52,106
146719,32,4124,1650,2474
146719,39,491,191,300
146719,40,6193,2255,3938
146719,41,2494,776,1718
146719,42,829,343,486
146719,43,750,302,448
146719,44,15,14,1
146719,45,735,288,447
146719,51,79,41,38
146719,52,1665,433,1232
146719,59,106,35,71
146719,60,629,253,376
146728,1,261,137,124
146728,12,261,137,124
146728,21,165,85,80
146728,32,165,85,80
146728,41,96,52,44
146728,52,96,52,44
146755,1,234,25,209
146755,2,234,25,209
146755,3,191,16,175
146755,5,191,16,175
146755,11,43,9,34
146755,19,95,9,86
146755,20,96,7,89
146755,21,114,10,104
146755,22,114,10,104
146755,23,114,10,104
146755,25,114,10,104
146755,39,50,6,44
146755,40,64,4,60
146755,41,120,15,105
146755,42,120,15,105
146755,43,77,6,71
146755,45,77,6,71
146755,51,43,9,34
146755,59,45,3,42
146755,60,32,3,29
146791,1,209,104,105
146791,2,209,104,105
146791,3,209,104,105
146791,4,98,48,50
146791,5,111,56,55
146791,20,111,56,55
146791,21,209,104,105
146791,22,209,104,105
146791,23,209,104,105
146791,24,98,48,50
146791,25,111,56,55
146791,40,111,56,55
146807,1,62,6,56
146807,2,62,6,56
146807,3,62,6,56
146807,4,5,1,4
146807,5,57,5,52
146807,20,57,5,52
146807,21,39,2,37
146807,22,39,2,37
146807,23,39,2,37
146807,24,4,0,4
146807,25,35,2,33
146807,40,35,2,33
146807,41,23,4,19
146807,42,23,4,19
146807,43,23,4,19
146807,44,1,1,0
146807,45,22,3,19
146807,60,22,3,19
146816,1,215,41,174
146816,2,215,41,174
146816,3,209,39,170
146816,4,29,9,20
146816,5,180,30,150
146816,11,6,2,4
146816,19,41,9,32
146816,20,139,21,118
146816,21,104,26,78
146816,22,104,26,78
146816,23,104,26,78
146816,24,22,8,14
146816,25,82,18,64
146816,39,24,8,16
146816,40,58,10,48
146816,41,111,15,96
146816,42,111,15,96
146816,43,105,13,92
146816,44,7,1,6
146816,45,98,12,86
146816,51,6,2,4
146816,59,17,1,16
146816,60,81,11,70
146825,1,571,251,320
146825,2,571,251,320
146825,3,542,236,306
146825,4,120,56,64
146825,5,422,180,242
146825,11,29,15,14
146825,19,54,24,30
146825,20,368,156,212
146825,21,517,233,284
146825,22,517,233,284
146825,23,516,232,284
146825,24,120,56,64
146825,25,396,176,220
146825,31,1,1,0
146825,39,49,24,25
146825,40,347,152,195
146825,41,54,18,36
146825,42,54,18,36
146825,43,26,4,22
146825,45,26,4,22
146825,51,28,14,14
146825,59,5,0,5
146825,60,21,4,17
146977,1,207,106,101
146977,12,207,106,101
146977,21,51,29,22
146977,32,51,29,22
146977,41,156,77,79
146977,52,156,77,79
147004,1,7023,3183,3840
147004,2,7023,3183,3840
147004,3,4892,2291,2601
147004,4,1212,648,564
147004,5,3680,1643,2037
147004,11,2131,892,1239
147004,19,348,136,212
147004,20,3332,1507,1825
147004,21,2642,1333,1309
147004,22,2642,1333,1309
147004,23,2239,1139,1100
147004,24,748,422,326
147004,25,1491,717,774
147004,31,403,194,209
147004,39,124,53,71
147004,40,1367,664,703
147004,41,4381,1850,2531
147004,42,4381,1850,2531
147004,43,2653,1152,1501
147004,44,464,226,238
147004,45,2189,926,1263
147004,51,1728,698,1030
147004,59,224,83,141
147004,60,1965,843,1122
147013,1,3027,1230,1797
147013,2,2358,1038,1320
147013,3,2312,1016,1296
147013,4,387,194,193
147013,5,1925,822,1103
147013,11,46,22,24
147013,12,669,192,477
147013,19,340,126,214
147013,20,1585,696,889
147013,21,1935,894,1041
147013,22,1776,841,935
147013,23,1773,839,934
147013,24,387,194,193
147013,25,1386,645,741
147013,31,3,2,1
147013,32,159,53,106
147013,39,224,97,127
147013,40,1162,548,614
147013,41,1092,336,756
147013,42,582,197,385
147013,43,539,177,362
147013,45,539,177,362
147013,51,43,20,23
147013,52,510,139,371
147013,59,116,29,87
147013,60,423,148,275
147031,1,84,31,53
147031,12,84,31,53
147031,21,44,15,29
147031,32,44,15,29
147031,41,40,16,24
147031,52,40,16,24
147129,1,508,64,444
147129,2,508,64,444
147129,3,508,64,444
147129,4,14,1,13
147129,5,494,63,431
147129,19,105,19,86
147129,20,389,44,345
147129,21,350,46,304
147129,22,350,46,304
147129,23,350,46,304
147129,24,14,1,13
147129,25,336,45,291
147129,39,69,15,54
147129,40,267,30,237
147129,41,158,18,140
147129,42,158,18,140
147129,43,158,18,140
147129,45,158,18,140
147129,59,36,4,32
147129,60,122,14,108
147165,1,543,111,432
147165,2,543,111,432
147165,3,532,105,427
147165,4,15,7,8
147165,5,517,98,419
147165,11,11,6,5
147165,19,124,19,105
147165,20,393,79,314
147165,21,183,47,136
147165,22,183,47,136
147165,23,182,46,136
147165,24,6,4,2
147165,25,176,42,134
147165,31,1,1,0
147165,39,43,9,34
147165,40,133,33,100
147165,41,360,64,296
147165,42,360,64,296
147165,43,350,59,291
147165,44,9,3,6
147165,45,341,56,285
147165,51,10,5,5
147165,59,81,10,71
147165,60,260,46,214
147244,1,2261,933,1328
147244,2,2153,880,1273
147244,3,2122,870,1252
147244,4,451,206,245
147244,5,1671,664,1007
147244,11,31,10,21
147244,12,108,53,55
147244,19,128,40,88
147244,20,1543,624,919
147244,21,2126,890,1236
147244,22,2044,845,1199
147244,23,2028,841,1187
147244,24,450,206,244
147244,25,1578,635,943
147244,31,16,4,12
147244,32,82,45,37
147244,39,118,37,81
147244,40,1460,598,862
147244,41,135,43,92
147244,42,109,35,74
147244,43,94,29,65
147244,44,1,0,1
147244,45,93,29,64
147244,51,15,6,9
147244,52,26,8,18
147244,59,10,3,7
147244,60,83,26,57
147341,1,1255,568,687
147341,2,1255,568,687
147341,3,1247,563,684
147341,4,390,179,211
147341,5,857,384,473
147341,11,8,5,3
147341,19,42,18,24
147341,20,815,366,449
147341,21,1244,564,680
147341,22,1244,564,680
147341,23,1239,560,679
147341,24,390,179,211
147341,25,849,381,468
147341,31,5,4,1
147341,39,41,17,24
147341,40,808,364,444
147341,41,11,4,7
147341,42,11,4,7
147341,43,8,3,5
147341,45,8,3,5
147341,51,3,1,2
147341,59,1,1,0
147341,60,7,2,5
147369,1,3709,2095,1614
147369,2,3103,1726,1377
147369,3,3019,1682,1337
147369,4,468,261,207
147369,5,2551,1421,1130
147369,11,84,44,40
147369,12,606,369,237
147369,19,434,241,193
147369,20,2117,1180,937
147369,21,2601,1413,1188
147369,22,2413,1303,1110
147369,23,2406,1297,1109
147369,24,414,228,186
147369,25,1992,1069,923
147369,31,7,6,1
147369,32,188,110,78
147369,39,347,193,154
147369,40,1645,876,769
147369,41,1108,682,426
147369,42,690,423,267
147369,43,613,385,228
147369,44,54,33,21
147369,45,559,352,207
147369,51,77,38,39
147369,52,418,259,159
147369,59,87,48,39
147369,60,472,304,168
147378,1,16106,7668,8438
147378,2,16106,7668,8438
147378,3,10987,5251,5736
147378,4,2180,1159,1021
147378,5,8807,4092,4715
147378,11,5119,2417,2702
147378,19,373,168,205
147378,20,8434,3924,4510
147378,21,6764,3398,3366
147378,22,6764,3398,3366
147378,23,5515,2816,2699
147378,24,1651,894,757
147378,25,3864,1922,1942
147378,31,1249,582,667
147378,39,155,70,85
147378,40,3709,1852,1857
147378,41,9342,4270,5072
147378,42,9342,4270,5072
147378,43,5472,2435,3037
147378,44,529,265,264
147378,45,4943,2170,2773
147378,51,3870,1835,2035
147378,59,218,98,120
147378,60,4725,2072,2653
147396,1,103,94,9
147396,2,103,94,9
147396,3,103,94,9
147396,4,38,33,5
147396,5,65,61,4
147396,19,6,6,0
147396,20,59,55,4
147396,21,103,94,9
147396,22,103,94,9
147396,23,103,94,9
147396,24,38,33,5
147396,25,65,61,4
147396,39,6,6,0
147396,40,59,55,4
147411,1,4886,1987,2899
147411,2,4886,1987,2899
147411,3,2914,1349,1565
147411,4,541,293,248
147411,5,2373,1056,1317
147411,11,1972,638,1334
147411,19,55,28,27
147411,20,2318,1028,1290
147411,21,1553,740,813
147411,22,1553,740,813
147411,23,1238,622,616
147411,24,325,177,148
147411,25,913,445,468
147411,31,315,118,197
147411,39,28,17,11
147411,40,885,428,457
147411,41,3333,1247,2086
147411,42,3333,1247,2086
147411,43,1676,727,949
147411,44,216,116,100
147411,45,1460,611,849
147411,51,1657,520,1137
147411,59,27,11,16
147411,60,1433,600,833
147439,1,86,5,81
147439,2,86,5,81
147439,3,86,5,81
147439,4,19,0,19
147439,5,67,5,62
147439,20,67,5,62
147439,21,72,5,67
147439,22,72,5,67
147439,23,72,5,67
147439,24,16,0,16
147439,25,56,5,51
147439,40,56,5,51
147439,41,14,0,14
147439,42,14,0,14
147439,43,14,0,14
147439,44,3,0,3
147439,45,11,0,11
147439,60,11,0,11
147536,1,4814,946,3868
147536,2,1427,325,1102
147536,3,1393,321,1072
147536,4,28,5,23
147536,5,1365,316,1049
147536,11,34,4,30
147536,12,3387,621,2766
147536,19,319,64,255
147536,20,1046,252,794
147536,21,2209,500,1709
147536,22,784,162,622
147536,23,784,162,622
147536,24,27,4,23
147536,25,757,158,599
147536,32,1425,338,1087
147536,39,209,37,172
147536,40,548,121,427
147536,41,2605,446,2159
147536,42,643,163,480
147536,43,609,159,450
147536,44,1,1,0
147536,45,608,158,450
147536,51,34,4,30
147536,52,1962,283,1679
147536,59,110,27,83
147536,60,498,131,367
147590,1,786,332,454
147590,2,121,35,86
147590,3,87,27,60
147590,5,87,27,60
147590,11,34,8,26
147590,12,665,297,368
147590,19,28,8,20
147590,20,59,19,40
147590,21,699,301,398
147590,22,62,19,43
147590,23,54,16,38
147590,25,54,16,38
147590,31,8,3,5
147590,32,637,282,355
147590,39,18,5,13
147590,40,36,11,25
147590,41,87,31,56
147590,42,59,16,43
147590,43,33,11,22
147590,45,33,11,22
147590,51,26,5,21
147590,52,28,15,13
147590,59,10,3,7
147590,60,23,8,15
147642,1,78,3,75
147642,2,78,3,75
147642,3,78,3,75
147642,4,25,1,24
147642,5,53,2,51
147642,20,53,2,51
147642,21,16,0,16
147642,22,16,0,16
147642,23,16,0,16
147642,24,7,0,7
147642,25,9,0,9
147642,40,9,0,9
147642,41,62,3,59
147642,42,62,3,59
147642,43,62,3,59
147642,44,18,1,17
147642,45,44,2,42
147642,60,44,2,42
147660,1,3048,1384,1664
147660,2,2797,1251,1546
147660,3,2700,1189,1511
147660,4,529,258,271
147660,5,2171,931,1240
147660,11,97,62,35
147660,12,251,133,118
147660,19,324,137,187
147660,20,1847,794,1053
147660,21,2682,1194,1488
147660,22,2592,1145,1447
147660,23,2575,1134,1441
147660,24,529,258,271
147660,25,2046,876,1170
147660,31,17,11,6
147660,32,90,49,41
147660,39,308,130,178
147660,40,1738,746,992
147660,41,366,190,176
147660,42,205,106,99
147660,43,125,55,70
147660,45,125,55,70
147660,51,80,51,29
147660,52,161,84,77
147660,59,16,7,9
147660,60,109,48,61
147679,1,3136,1119,2017
147679,2,2204,811,1393
147679,3,2190,802,1388
147679,4,373,157,216
147679,5,1817,645,1172
147679,11,14,9,5
147679,12,932,308,624
147679,19,275,106,169
147679,20,1542,539,1003
147679,21,1970,750,1220
147679,22,1861,696,1165
147679,23,1860,695,1165
147679,24,371,157,214
147679,25,1489,538,951
147679,31,1,1,0
147679,32,109,54,55
147679,39,210,80,130
147679,40,1279,458,821
147679,41,1166,369,797
147679,42,343,115,228
147679,43,330,107,223
147679,44,2,0,2
147679,45,328,107,221
147679,51,13,8,5
147679,52,823,254,569
147679,59,65,26,39
147679,60,263,81,182
147697,1,205,132,73
147697,12,205,132,73
147697,21,119,88,31
147697,32,119,88,31
147697,41,86,44,42
147697,52,86,44,42
147703,1,21138,10262,10876
147703,2,15814,7926,7888
147703,3,15782,7910,7872
147703,4,2679,1282,1397
147703,5,13103,6628,6475
147703,11,32,16,16
147703,12,5324,2336,2988
147703,19,1881,977,904
147703,20,11222,5651,5571
147703,21,16053,8036,8017
147703,22,13821,6919,6902
147703,23,13813,6915,6898
147703,24,2630,1261,1369
147703,25,11183,5654,5529
147703,31,8,4,4
147703,32,2232,1117,1115
147703,39,1592,852,740
147703,40,9591,4802,4789
147703,41,5085,2226,2859
147703,42,1993,1007,986
147703,43,1969,995,974
147703,44,49,21,28
147703,45,1920,974,946
147703,51,24,12,12
147703,52,3092,1219,1873
147703,59,289,125,164
147703,60,1631,849,782
147749,1,430,95,335
147749,2,430,95,335
147749,3,430,95,335
147749,4,85,21,64
147749,5,345,74,271
147749,19,8,2,6
147749,20,337,72,265
147749,21,235,57,178
147749,22,235,57,178
147749,23,235,57,178
147749,24,69,16,53
147749,25,166,41,125
147749,40,166,41,125
147749,41,195,38,157
147749,42,195,38,157
147749,43,195,38,157
147749,44,16,5,11
147749,45,179,33,146
147749,59,8,2,6
147749,60,171,31,140
147767,1,21592,11489,10103
147767,2,9283,4518,4765
147767,3,8855,4341,4514
147767,4,2040,989,1051
147767,5,6815,3352,3463
147767,11,428,177,251
147767,12,12309,6971,5338
147767,19,77,44,33
147767,20,6738,3308,3430
147767,21,17190,8893,8297
147767,22,8489,4166,4323
147767,23,8458,4146,4312
147767,24,2040,989,1051
147767,25,6418,3157,3261
147767,31,31,20,11
147767,32,8701,4727,3974
147767,39,77,44,33
147767,40,6341,3113,3228
147767,41,4402,2596,1806
147767,42,794,352,442
147767,43,397,195,202
147767,45,397,195,202
147767,51,397,157,240
147767,52,3608,2244,1364
147767,60,397,195,202
147776,1,10821,4701,6120
147776,2,8950,3998,4952
147776,3,8827,3941,4886
147776,4,808,353,455
147776,5,8019,3588,4431
147776,11,123,57,66
147776,12,1871,703,1168
147776,19,1356,624,732
147776,20,6663,2964,3699
147776,21,5415,2434,2981
147776,22,5068,2286,2782
147776,23,5023,2270,2753
147776,24,764,327,437
147776,25,4259,1943,2316
147776,31,45,16,29
147776,32,347,148,199
147776,39,745,345,400
147776,40,3514,1598,1916
147776,41,5406,2267,3139
147776,42,3882,1712,2170
147776,43,3804,1671,2133
147776,44,44,26,18
147776,45,3760,1645,2115
147776,51,78,41,37
147776,52,1524,555,969
147776,59,611,279,332
147776,60,3149,1366,1783
147800,1,10866,5288,5578
147800,2,10866,5288,5578
147800,3,10111,4957,5154
147800,4,1262,700,562
147800,5,8849,4257,4592
147800,11,755,331,424
147800,19,1036,515,521
147800,20,7813,3742,4071
147800,21,2976,1639,1337
147800,22,2976,1639,1337
147800,23,2976,1639,1337
147800,24,749,429,320
147800,25,2227,1210,1017
147800,39,267,162,105
147800,40,1960,1048,912
147800,41,7890,3649,4241
147800,42,7890,3649,4241
147800,43,7135,3318,3817
147800,44,513,271,242
147800,45,6622,3047,3575
147800,51,755,331,424
147800,59,769,353,416
147800,60,5853,2694,3159
147819,1,70,1,69
147819,2,70,1,69
147819,3,70,1,69
147819,4,38,0,38
147819,5,32,1,31
147819,20,32,1,31
147819,21,70,1,69
147819,22,70,1,69
147819,23,70,1,69
147819,24,38,0,38
147819,25,32,1,31
147819,40,32,1,31
147828,1,4579,1484,3095
147828,2,3335,1224,2111
147828,3,3325,1221,2104
147828,4,753,335,418
147828,5,2572,886,1686
147828,11,10,3,7
147828,12,1244,260,984
147828,19,344,96,248
147828,20,2228,790,1438
147828,21,3185,1203,1982
147828,22,2905,1142,1763
147828,23,2903,1142,1761
147828,24,753,335,418
147828,25,2150,807,1343
147828,31,2,0,2
147828,32,280,61,219
147828,39,276,82,194
147828,40,1874,725,1149
147828,41,1394,281,1113
147828,42,430,82,348
147828,43,422,79,343
147828,45,422,79,343
147828,51,8,3,5
147828,52,964,199,765
147828,59,68,14,54
147828,60,354,65,289
147916,1,8437,4087,4350
147916,2,8437,4087,4350
147916,3,7429,3796,3633
147916,4,1057,635,422
147916,5,6372,3161,3211
147916,11,1008,291,717
147916,19,292,153,139
147916,20,6080,3008,3072
147916,21,3150,1750,1400
147916,22,3150,1750,1400
147916,23,3015,1724,1291
147916,24,675,437,238
147916,25,2340,1287,1053
147916,31,135,26,109
147916,39,172,101,71
147916,40,2168,1186,982
147916,41,5287,2337,2950
147916,42,5287,2337,2950
147916,43,4414,2072,2342
147916,44,382,198,184
147916,45,4032,1874,2158
147916,51,873,265,608
147916,59,120,52,68
147916,60,3912,1822,2090
147970,1,179,17,162
147970,2,179,17,162
147970,3,179,17,162
147970,4,56,8,48
147970,5,123,9,114
147970,20,123,9,114
147970,21,179,17,162
147970,22,179,17,162
147970,23,179,17,162
147970,24,56,8,48
147970,25,123,9,114
147970,40,123,9,114
148007,1,5064,2088,2976
148007,2,5064,2088,2976
148007,3,4651,1876,2775
148007,4,612,288,324
148007,5,4039,1588,2451
148007,11,413,212,201
148007,19,359,121,238
148007,20,3680,1467,2213
148007,21,1997,893,1104
148007,22,1997,893,1104
148007,23,1933,863,1070
148007,24,418,203,215
148007,25,1515,660,855
148007,31,64,30,34
148007,39,190,69,121
148007,40,1325,591,734
148007,41,3067,1195,1872
148007,42,3067,1195,1872
148007,43,2718,1013,1705
148007,44,194,85,109
148007,45,2524,928,1596
148007,51,349,182,167
148007,59,169,52,117
148007,60,2355,876,1479
148016,1,508,235,273
148016,2,508,235,273
148016,3,495,231,264
148016,4,125,54,71
148016,5,370,177,193
148016,11,13,4,9
148016,19,23,13,10
148016,20,347,164,183
148016,21,490,226,264
148016,22,490,226,264
148016,23,480,222,258
148016,24,125,54,71
148016,25,355,168,187
148016,31,10,4,6
148016,39,22,12,10
148016,40,333,156,177
148016,41,18,9,9
148016,42,18,9,9
148016,43,15,9,6
148016,45,15,9,6
148016,51,3,0,3
148016,59,1,1,0
148016,60,14,8,6
148098,1,49,3,46
148098,2,49,3,46
148098,3,49,3,46
148098,4,8,0,8
148098,5,41,3,38
148098,20,41,3,38
148098,21,35,3,32
148098,22,35,3,32
148098,23,35,3,32
148098,24,8,0,8
148098,25,27,3,24
148098,40,27,3,24
148098,41,14,0,14
148098,42,14,0,14
148098,43,14,0,14
148098,45,14,0,14
148098,60,14,0,14
148131,1,1455,609,846
148131,2,1196,526,670
148131,3,1166,514,652
148131,4,275,148,127
148131,5,891,366,525
148131,11,30,12,18
148131,12,259,83,176
148131,19,103,42,61
148131,20,788,324,464
148131,21,1162,517,645
148131,22,1082,487,595
148131,23,1082,487,595
148131,24,275,148,127
148131,25,807,339,468
148131,32,80,30,50
148131,39,99,39,60
148131,40,708,300,408
148131,41,293,92,201
148131,42,114,39,75
148131,43,84,27,57
148131,45,84,27,57
148131,51,30,12,18
148131,52,179,53,126
148131,59,4,3,1
148131,60,80,24,56
148140,1,200,102,98
148140,2,200,102,98
148140,3,200,102,98
148140,4,23,15,8
148140,5,177,87,90
148140,19,14,4,10
148140,20,163,83,80
148140,21,200,102,98
148140,22,200,102,98
148140,23,200,102,98
148140,24,23,15,8
148140,25,177,87,90
148140,39,14,4,10
148140,40,163,83,80
148177,1,2322,1037,1285
148177,2,2322,1037,1285
148177,3,2322,1037,1285
148177,4,509,236,273
148177,5,1813,801,1012
148177,19,318,130,188
148177,20,1495,671,824
148177,21,1770,787,983
148177,22,1770,787,983
148177,23,1770,787,983
148177,24,449,208,241
148177,25,1321,579,742
148177,39,236,98,138
148177,40,1085,481,604
148177,41,552,250,302
148177,42,552,250,302
148177,43,552,250,302
148177,44,60,28,32
148177,45,492,222,270
148177,59,82,32,50
148177,60,410,190,220
148256,1,2714,1174,1540
148256,2,2714,1174,1540
148256,3,1747,773,974
148256,4,417,205,212
148256,5,1330,568,762
148256,11,967,401,566
148256,19,79,40,39
148256,20,1251,528,723
148256,21,1479,673,806
148256,22,1479,673,806
148256,23,1278,598,680
148256,24,355,181,174
148256,25,923,417,506
148256,31,201,75,126
148256,39,53,25,28
148256,40,870,392,478
148256,41,1235,501,734
148256,42,1235,501,734
148256,43,469,175,294
148256,44,62,24,38
148256,45,407,151,256
148256,51,766,326,440
148256,59,26,15,11
148256,60,381,136,245
148292,1,3340,1297,2043
148292,2,3340,1297,2043
148292,3,2634,978,1656
148292,4,605,274,331
148292,5,2029,704,1325
148292,11,706,319,387
148292,19,11,5,6
148292,20,2018,699,1319
148292,21,1061,480,581
148292,22,1061,480,581
148292,23,1004,452,552
148292,24,272,142,130
148292,25,732,310,422
148292,31,57,28,29
148292,39,7,3,4
148292,40,725,307,418
148292,41,2279,817,1462
148292,42,2279,817,1462
148292,43,1630,526,1104
148292,44,333,132,201
148292,45,1297,394,903
148292,51,649,291,358
148292,59,4,2,2
148292,60,1293,392,901
148335,1,3233,1563,1670
148335,2,2781,1375,1406
148335,3,2775,1375,1400
148335,4,699,359,340
148335,5,2076,1016,1060
148335,11,6,0,6
148335,12,452,188,264
148335,19,754,384,370
148335,20,1322,632,690
148335,21,2672,1332,1340
148335,22,2649,1321,1328
148335,23,2649,1321,1328
148335,24,698,359,339
148335,25,1951,962,989
148335,32,23,11,12
148335,39,731,373,358
148335,40,1220,589,631
148335,41,561,231,330
148335,42,132,54,78
148335,43,126,54,72
148335,44,1,0,1
148335,45,125,54,71
148335,51,6,0,6
148335,52,429,177,252
148335,59,23,11,12
148335,60,102,43,59
148380,1,8150,3560,4590
148380,2,8150,3560,4590
148380,3,7395,3216,4179
148380,4,1144,584,560
148380,5,6251,2632,3619
148380,11,755,344,411
148380,19,207,92,115
148380,20,6044,2540,3504
148380,21,3652,1653,1999
148380,22,3652,1653,1999
148380,23,3388,1528,1860
148380,24,776,386,390
148380,25,2612,1142,1470
148380,31,264,125,139
148380,39,101,45,56
148380,40,2511,1097,1414
148380,41,4498,1907,2591
148380,42,4498,1907,2591
148380,43,4007,1688,2319
148380,44,368,198,170
148380,45,3639,1490,2149
148380,51,491,219,272
148380,59,106,47,59
148380,60,3533,1443,2090
148399,1,484,80,404
148399,2,484,80,404
148399,3,484,80,404
148399,4,129,25,104
148399,5,355,55,300
148399,20,355,55,300
148399,21,214,27,187
148399,22,214,27,187
148399,23,214,27,187
148399,24,67,11,56
148399,25,147,16,131
148399,40,147,16,131
148399,41,270,53,217
148399,42,270,53,217
148399,43,270,53,217
148399,44,62,14,48
148399,45,208,39,169
148399,60,208,39,169
148405,1,1230,452,778
148405,2,972,357,615
148405,3,963,353,610
148405,4,110,42,68
148405,5,853,311,542
148405,11,9,4,5
148405,12,258,95,163
148405,19,257,104,153
148405,20,596,207,389
148405,21,876,327,549
148405,22,838,308,530
148405,23,836,308,528
148405,24,103,40,63
148405,25,733,268,465
148405,31,2,0,2
148405,32,38,19,19
148405,39,199,73,126
148405,40,534,195,339
148405,41,354,125,229
148405,42,134,49,85
148405,43,127,45,82
148405,44,7,2,5
148405,45,120,43,77
148405,51,7,4,3
148405,52,220,76,144
148405,59,58,31,27
148405,60,62,12,50
148487,1,6130,2115,4015
148487,2,3658,1383,2275
148487,3,3596,1357,2239
148487,4,444,173,271
148487,5,3152,1184,1968
148487,11,62,26,36
148487,12,2472,732,1740
148487,19,637,237,400
148487,20,2515,947,1568
148487,21,3832,1419,2413
148487,22,2731,1080,1651
148487,23,2710,1072,1638
148487,24,429,168,261
148487,25,2281,904,1377
148487,31,21,8,13
148487,32,1101,339,762
148487,39,518,201,317
148487,40,1763,703,1060
148487,41,2298,696,1602
148487,42,927,303,624
148487,43,886,285,601
148487,44,15,5,10
148487,45,871,280,591
148487,51,41,18,23
148487,52,1371,393,978
148487,59,119,36,83
148487,60,752,244,508
148496,1,3470,1043,2427
148496,2,2069,699,1370
148496,3,2020,680,1340
148496,4,497,182,315
148496,5,1523,498,1025
148496,11,49,19,30
148496,12,1401,344,1057
148496,19,125,40,85
148496,20,1398,458,940
148496,21,2457,795,1662
148496,22,1907,643,1264
148496,23,1880,632,1248
148496,24,497,182,315
148496,25,1383,450,933
148496,31,27,11,16
148496,32,550,152,398
148496,39,111,34,77
148496,40,1272,416,856
148496,41,1013,248,765
148496,42,162,56,106
148496,43,140,48,92
148496,45,140,48,92
148496,51,22,8,14
148496,52,851,192,659
148496,59,14,6,8
148496,60,126,42,84
148511,1,2280,606,1674
148511,2,124,37,87
148511,3,121,36,85
148511,5,121,36,85
148511,11,3,1,2
148511,12,2156,569,1587
148511,19,55,15,40
148511,20,66,21,45
148511,21,1442,469,973
148511,22,79,18,61
148511,23,79,18,61
148511,25,79,18,61
148511,32,1363,451,912
148511,39,47,12,35
148511,40,32,6,26
148511,41,838,137,701
148511,42,45,19,26
148511,43,42,18,24
148511,45,42,18,24
148511,51,3,1,2
148511,52,793,118,675
148511,59,8,3,5
148511,60,34,15,19
148575,1,701,70,631
148575,2,420,46,374
148575,3,417,46,371
148575,5,417,46,371
148575,11,3,0,3
148575,12,281,24,257
148575,19,77,10,67
148575,20,340,36,304
148575,21,327,38,289
148575,22,314,37,277
148575,23,314,37,277
148575,25,314,37,277
148575,32,13,1,12
148575,39,55,9,46
148575,40,259,28,231
148575,41,374,32,342
148575,42,106,9,97
148575,43,103,9,94
148575,45,103,9,94
148575,51,3,0,3
148575,52,268,23,245
148575,59,22,1,21
148575,60,81,8,73
148584,1,3764,932,2832
148584,2,1780,565,1215
148584,3,1757,552,1205
148584,4,237,108,129
148584,5,1520,444,1076
148584,11,23,13,10
148584,12,1984,367,1617
148584,19,209,59,150
148584,20,1311,385,926
148584,21,1589,529,1060
148584,22,1403,482,921
148584,23,1397,479,918
148584,24,237,108,129
148584,25,1160,371,789
148584,31,6,3,3
148584,32,186,47,139
148584,39,176,51,125
148584,40,984,320,664
148584,41,2175,403,1772
148584,42,377,83,294
148584,43,360,73,287
148584,45,360,73,287
148584,51,17,10,7
148584,52,1798,320,1478
148584,59,33,8,25
148584,60,327,65,262
148593,1,124,12,112
148593,2,124,12,112
148593,3,124,12,112
148593,5,124,12,112
148593,19,124,12,112
148593,21,115,12,103
148593,22,115,12,103
148593,23,115,12,103
148593,25,115,12,103
148593,39,115,12,103
148593,41,9,0,9
148593,42,9,0,9
148593,43,9,0,9
148593,45,9,0,9
148593,59,9,0,9
148627,1,4252,1276,2976
148627,2,2920,955,1965
148627,3,2891,946,1945
148627,4,594,214,380
148627,5,2297,732,1565
148627,11,29,9,20
148627,12,1332,321,1011
148627,19,332,102,230
148627,20,1965,630,1335
148627,21,2635,846,1789
148627,22,2452,801,1651
148627,23,2443,800,1643
148627,24,591,212,379
148627,25,1852,588,1264
148627,31,9,1,8
148627,32,183,45,138
148627,39,263,81,182
148627,40,1589,507,1082
148627,41,1617,430,1187
148627,42,468,154,314
148627,43,448,146,302
148627,44,3,2,1
148627,45,445,144,301
148627,51,20,8,12
148627,52,1149,276,873
148627,59,69,21,48
148627,60,376,123,253
148654,1,5137,2525,2612
148654,2,3039,1488,1551
148654,3,2959,1452,1507
148654,4,316,113,203
148654,5,2643,1339,1304
148654,11,80,36,44
148654,12,2098,1037,1061
148654,19,639,337,302
148654,20,2004,1002,1002
148654,21,2587,1199,1388
148654,22,1969,880,1089
148654,23,1942,867,1075
148654,24,312,112,200
148654,25,1630,755,875
148654,31,27,13,14
148654,32,618,319,299
148654,39,402,206,196
148654,40,1228,549,679
148654,41,2550,1326,1224
148654,42,1070,608,462
148654,43,1017,585,432
148654,44,4,1,3
148654,45,1013,584,429
148654,51,53,23,30
148654,52,1480,718,762
148654,59,237,131,106
148654,60,776,453,323
148672,1,2220,896,1324
148672,2,2220,896,1324
148672,3,1788,716,1072
148672,4,471,220,251
148672,5,1317,496,821
148672,11,432,180,252
148672,19,40,11,29
148672,20,1277,485,792
148672,21,998,434,564
148672,22,998,434,564
148672,23,979,421,558
148672,24,374,175,199
148672,25,605,246,359
148672,31,19,13,6
148672,39,16,5,11
148672,40,589,241,348
148672,41,1222,462,760
148672,42,1222,462,760
148672,43,809,295,514
148672,44,97,45,52
148672,45,712,250,462
148672,51,413,167,246
148672,59,24,6,18
148672,60,688,244,444
148724,1,30,13,17
148724,12,30,13,17
148724,41,30,13,17
148724,52,30,13,17
148821,1,1834,741,1093
148821,2,1834,741,1093
148821,3,1309,473,836
148821,4,124,61,63
148821,5,1185,412,773
148821,11,525,268,257
148821,19,116,37,79
148821,20,1069,375,694
148821,21,870,348,522
148821,22,870,348,522
148821,23,839,333,506
148821,24,100,53,47
148821,25,739,280,459
148821,31,31,15,16
148821,39,72,26,46
148821,40,667,254,413
148821,41,964,393,571
148821,42,964,393,571
148821,43,470,140,330
148821,44,24,8,16
148821,45,446,132,314
148821,51,494,253,241
148821,59,44,11,33
148821,60,402,121,281
148849,1,97,57,40
148849,2,97,57,40
148849,3,97,57,40
148849,4,8,4,4
148849,5,89,53,36
148849,19,12,8,4
148849,20,77,45,32
148849,21,79,48,31
148849,22,79,48,31
148849,23,79,48,31
148849,24,8,4,4
148849,25,71,44,27
148849,39,10,7,3
148849,40,61,37,24
148849,41,18,9,9
148849,42,18,9,9
148849,43,18,9,9
148849,45,18,9,9
148849,59,2,1,1
148849,60,16,8,8
148876,1,1607,354,1253
148876,2,1607,354,1253
148876,3,1598,350,1248
148876,4,292,69,223
148876,5,1306,281,1025
148876,11,9,4,5
148876,19,114,29,85
148876,20,1192,252,940
148876,21,1143,240,903
148876,22,1143,240,903
148876,23,1143,240,903
148876,24,265,66,199
148876,25,878,174,704
148876,39,86,18,68
148876,40,792,156,636
148876,41,464,114,350
148876,42,464,114,350
148876,43,455,110,345
148876,44,27,3,24
148876,45,428,107,321
148876,51,9,4,5
148876,59,28,11,17
148876,60,400,96,304
148885,1,233,222,11
148885,12,233,222,11
148885,21,233,222,11
148885,32,233,222,11
148937,1,1930,780,1150
148937,2,1930,780,1150
148937,3,1027,454,573
148937,4,199,111,88
148937,5,828,343,485
148937,11,903,326,577
148937,19,57,23,34
148937,20,771,320,451
148937,21,810,352,458
148937,22,810,352,458
148937,23,700,334,366
148937,24,155,87,68
148937,25,545,247,298
148937,31,110,18,92
148937,39,42,20,22
148937,40,503,227,276
148937,41,1120,428,692
148937,42,1120,428,692
148937,43,327,120,207
148937,44,44,24,20
148937,45,283,96,187
148937,51,793,308,485
148937,59,15,3,12
148937,60,268,93,175
148955,1,64,4,60
148955,2,64,4,60
148955,3,64,4,60
148955,4,13,0,13
148955,5,51,4,47
148955,20,51,4,47
148955,21,64,4,60
148955,22,64,4,60
148955,23,64,4,60
148955,24,13,0,13
148955,25,51,4,47
148955,40,51,4,47
148982,1,219,75,144
148982,12,219,75,144
148982,21,3,3,0
148982,32,3,3,0
148982,41,216,72,144
148982,52,216,72,144
148991,1,1784,741,1043
148991,2,1784,741,1043
148991,3,1207,493,714
148991,4,485,245,240
148991,5,722,248,474
148991,11,577,248,329
148991,19,199,85,114
148991,20,523,163,360
148991,21,713,336,377
148991,22,713,336,377
148991,23,696,328,368
148991,24,349,190,159
148991,25,347,138,209
148991,31,17,8,9
148991,39,110,54,56
148991,40,237,84,153
148991,41,1071,405,666
148991,42,1071,405,666
148991,43,511,165,346
148991,44,136,55,81
148991,45,375,110,265
148991,51,560,240,320
148991,59,89,31,58
148991,60,286,79,207
149028,1,291,26,265
149028,2,227,21,206
149028,3,220,19,201
149028,5,220,19,201
149028,11,7,2,5
149028,12,64,5,59
149028,19,48,5,43
149028,20,172,14,158
149028,21,151,13,138
149028,22,151,13,138
149028,23,151,13,138
149028,25,151,13,138
149028,39,32,3,29
149028,40,119,10,109
149028,41,140,13,127
149028,42,76,8,68
149028,43,69,6,63
149028,45,69,6,63
149028,51,7,2,5
149028,52,64,5,59
149028,59,16,2,14
149028,60,53,4,49
149204,1,45,0,45
149204,2,45,0,45
149204,3,45,0,45
149204,4,17,0,17
149204,5,28,0,28
149204,20,28,0,28
149204,21,45,0,45
149204,22,45,0,45
149204,23,45,0,45
149204,24,17,0,17
149204,25,28,0,28
149204,40,28,0,28
149222,1,17964,9644,8320
149222,2,13306,7281,6025
149222,3,13220,7246,5974
149222,4,2631,1349,1282
149222,5,10589,5897,4692
149222,11,86,35,51
149222,12,4658,2363,2295
149222,19,1751,999,752
149222,20,8838,4898,3940
149222,21,14478,7774,6704
149222,22,11803,6403,5400
149222,23,11742,6379,5363
149222,24,2591,1325,1266
149222,25,9151,5054,4097
149222,31,61,24,37
149222,32,2675,1371,1304
149222,39,1574,907,667
149222,40,7577,4147,3430
149222,41,3486,1870,1616
149222,42,1503,878,625
149222,43,1478,867,611
149222,44,40,24,16
149222,45,1438,843,595
149222,51,25,11,14
149222,52,1983,992,991
149222,59,177,92,85
149222,60,1261,751,510
149231,1,13850,6332,7518
149231,2,11229,5294,5935
149231,3,11179,5273,5906
149231,4,1966,855,1111
149231,5,9213,4418,4795
149231,11,50,21,29
149231,12,2621,1038,1583
149231,19,1252,620,632
149231,20,7961,3798,4163
149231,21,10759,5016,5743
149231,22,9556,4480,5076
149231,23,9543,4476,5067
149231,24,1930,839,1091
149231,25,7613,3637,3976
149231,31,13,4,9
149231,32,1203,536,667
149231,39,991,521,470
149231,40,6622,3116,3506
149231,41,3091,1316,1775
149231,42,1673,814,859
149231,43,1636,797,839
149231,44,36,16,20
149231,45,1600,781,819
149231,51,37,17,20
149231,52,1418,502,916
149231,59,261,99,162
149231,60,1339,682,657
149310,1,257,152,105
149310,2,257,152,105
149310,3,86,22,64
149310,4,28,9,19
149310,5,58,13,45
149310,11,171,130,41
149310,20,58,13,45
149310,21,257,152,105
149310,22,257,152,105
149310,23,86,22,64
149310,24,28,9,19
149310,25,58,13,45
149310,31,171,130,41
149310,40,58,13,45
149329,1,77,77,0
149329,2,67,67,0
149329,3,67,67,0
149329,4,18,18,0
149329,5,49,49,0
149329,12,10,10,0
149329,20,49,49,0
149329,21,77,77,0
149329,22,67,67,0
149329,23,67,67,0
149329,24,18,18,0
149329,25,49,49,0
149329,32,10,10,0
149329,40,49,49,0
149365,1,5212,1757,3455
149365,2,5212,1757,3455
149365,3,4642,1574,3068
149365,4,950,417,533
149365,5,3692,1157,2535
149365,11,570,183,387
149365,19,318,95,223
149365,20,3374,1062,2312
149365,21,2085,798,1287
149365,22,2085,798,1287
149365,23,1998,767,1231
149365,24,502,230,272
149365,25,1496,537,959
149365,31,87,31,56
149365,39,145,51,94
149365,40,1351,486,865
149365,41,3127,959,2168
149365,42,3127,959,2168
149365,43,2644,807,1837
149365,44,448,187,261
149365,45,2196,620,1576
149365,51,483,152,331
149365,59,173,44,129
149365,60,2023,576,1447
149499,1,14,0,14
149499,2,14,0,14
149499,3,14,0,14
149499,4,2,0,2
149499,5,12,0,12
149499,20,12,0,12
149499,21,14,0,14
149499,22,14,0,14
149499,23,14,0,14
149499,24,2,0,2
149499,25,12,0,12
149499,40,12,0,12
149505,1,1380,482,898
149505,2,1333,471,862
149505,3,1191,423,768
149505,4,205,83,122
149505,5,986,340,646
149505,11,142,48,94
149505,12,47,11,36
149505,19,152,51,101
149505,20,834,289,545
149505,21,1125,404,721
149505,22,1106,397,709
149505,23,1025,376,649
149505,24,204,83,121
149505,25,821,293,528
149505,31,81,21,60
149505,32,19,7,12
149505,39,115,40,75
149505,40,706,253,453
149505,41,255,78,177
149505,42,227,74,153
149505,43,166,47,119
149505,44,1,0,1
149505,45,165,47,118
149505,51,61,27,34
149505,52,28,4,24
149505,59,37,11,26
149505,60,128,36,92
149514,1,2125,1355,770
149514,2,906,466,440
149514,3,899,466,433
149514,4,182,110,72
149514,5,717,356,361
149514,11,7,0,7
149514,12,1219,889,330
149514,19,85,43,42
149514,20,632,313,319
149514,21,1234,754,480
149514,22,744,400,344
149514,23,744,400,344
149514,24,182,110,72
149514,25,562,290,272
149514,32,490,354,136
149514,39,67,35,32
149514,40,495,255,240
149514,41,891,601,290
149514,42,162,66,96
149514,43,155,66,89
149514,45,155,66,89
149514,51,7,0,7
149514,52,729,535,194
149514,59,18,8,10
149514,60,137,58,79
149532,1,11225,4953,6272
149532,2,11225,4953,6272
149532,3,9184,4130,5054
149532,4,1213,643,570
149532,5,7971,3487,4484
149532,11,2041,823,1218
149532,19,429,186,243
149532,20,7542,3301,4241
149532,21,3559,1664,1895
149532,22,3559,1664,1895
149532,23,3491,1643,1848
149532,24,751,403,348
149532,25,2740,1240,1500
149532,31,68,21,47
149532,39,199,94,105
149532,40,2541,1146,1395
149532,41,7666,3289,4377
149532,42,7666,3289,4377
149532,43,5693,2487,3206
149532,44,462,240,222
149532,45,5231,2247,2984
149532,51,1973,802,1171
149532,59,230,92,138
149532,60,5001,2155,2846
149550,1,189,9,180
149550,2,189,9,180
149550,3,189,9,180
149550,4,36,1,35
149550,5,153,8,145
149550,20,153,8,145
149550,21,130,5,125
149550,22,130,5,125
149550,23,130,5,125
149550,24,32,1,31
149550,25,98,4,94
149550,40,98,4,94
149550,41,59,4,55
149550,42,59,4,55
149550,43,59,4,55
149550,44,4,0,4
149550,45,55,4,51
149550,60,55,4,51
149639,1,178,91,87
149639,2,133,69,64
149639,3,104,51,53
149639,4,15,9,6
149639,5,89,42,47
149639,11,29,18,11
149639,12,45,22,23
149639,19,8,4,4
149639,20,81,38,43
149639,21,108,53,55
149639,22,99,49,50
149639,23,99,49,50
149639,24,15,9,6
149639,25,84,40,44
149639,32,9,4,5
149639,39,8,4,4
149639,40,76,36,40
149639,41,70,38,32
149639,42,34,20,14
149639,43,5,2,3
149639,45,5,2,3
149639,51,29,18,11
149639,52,36,18,18
149639,60,5,2,3
149727,1,10721,4747,5974
149727,2,10721,4747,5974
149727,3,8055,3591,4464
149727,4,1475,757,718
149727,5,6580,2834,3746
149727,11,2666,1156,1510
149727,19,413,158,255
149727,20,6167,2676,3491
149727,21,3469,1757,1712
149727,22,3469,1757,1712
149727,23,3400,1725,1675
149727,24,1006,533,473
149727,25,2394,1192,1202
149727,31,69,32,37
149727,39,189,87,102
149727,40,2205,1105,1100
149727,41,7252,2990,4262
149727,42,7252,2990,4262
149727,43,4655,1866,2789
149727,44,469,224,245
149727,45,4186,1642,2544
149727,51,2597,1124,1473
149727,59,224,71,153
149727,60,3962,1571,2391
149763,1,462,60,402
149763,2,321,40,281
149763,3,321,40,281
149763,5,321,40,281
149763,12,141,20,121
149763,19,128,19,109
149763,20,193,21,172
149763,21,316,43,273
149763,22,221,31,190
149763,23,221,31,190
149763,25,221,31,190
149763,32,95,12,83
149763,39,72,12,60
149763,40,149,19,130
149763,41,146,17,129
149763,42,100,9,91
149763,43,100,9,91
149763,45,100,9,91
149763,52,46,8,38
149763,59,56,7,49
149763,60,44,2,42
149772,1,11707,5798,5909
149772,2,9873,5053,4820
149772,3,9873,5053,4820
149772,4,1652,813,839
149772,5,8221,4240,3981
149772,12,1834,745,1089
149772,19,1243,644,599
149772,20,6978,3596,3382
149772,21,9605,4915,4690
149772,22,8805,4531,4274
149772,23,8805,4531,4274
149772,24,1608,786,822
149772,25,7197,3745,3452
149772,32,800,384,416
149772,39,1068,569,499
149772,40,6129,3176,2953
149772,41,2102,883,1219
149772,42,1068,522,546
149772,43,1068,522,546
149772,44,44,27,17
149772,45,1024,495,529
149772,52,1034,361,673
149772,59,175,75,100
149772,60,849,420,429
149781,1,2993,1412,1581
149781,2,2444,1190,1254
149781,3,2415,1172,1243
149781,4,597,281,316
149781,5,1818,891,927
149781,11,29,18,11
149781,12,549,222,327
149781,19,61,20,41
149781,20,1757,871,886
149781,21,2665,1264,1401
149781,22,2378,1152,1226
149781,23,2376,1151,1225
149781,24,597,281,316
149781,25,1779,870,909
149781,31,2,1,1
149781,32,287,112,175
149781,39,61,20,41
149781,40,1718,850,868
149781,41,328,148,180
149781,42,66,38,28
149781,43,39,21,18
149781,45,39,21,18
149781,51,27,17,10
149781,52,262,110,152
149781,60,39,21,18
149842,1,14830,6640,8190
149842,2,14830,6640,8190
149842,3,11217,5029,6188
149842,4,2381,1228,1153
149842,5,8836,3801,5035
149842,11,3613,1611,2002
149842,19,1657,606,1051
149842,20,7179,3195,3984
149842,21,5541,2907,2634
149842,22,5541,2907,2634
149842,23,4733,2456,2277
149842,24,1564,852,712
149842,25,3169,1604,1565
149842,31,808,451,357
149842,39,506,220,286
149842,40,2663,1384,1279
149842,41,9289,3733,5556
149842,42,9289,3733,5556
149842,43,6484,2573,3911
149842,44,817,376,441
149842,45,5667,2197,3470
149842,51,2805,1160,1645
149842,59,1151,386,765
149842,60,4516,1811,2705
150048,1,424,181,243
150048,2,424,181,243
150048,3,398,164,234
150048,4,151,82,69
150048,5,247,82,165
150048,11,26,17,9
150048,19,34,13,21
150048,20,213,69,144
150048,21,284,138,146
150048,22,284,138,146
150048,23,284,138,146
150048,24,143,77,66
150048,25,141,61,80
150048,39,23,11,12
150048,40,118,50,68
150048,41,140,43,97
150048,42,140,43,97
150048,43,114,26,88
150048,44,8,5,3
150048,45,106,21,85
150048,51,26,17,9
150048,59,11,2,9
150048,60,95,19,76
150066,1,2442,1060,1382
150066,2,2016,805,1211
150066,3,1862,743,1119
150066,4,442,175,267
150066,5,1420,568,852
150066,11,154,62,92
150066,12,426,255,171
150066,19,96,43,53
150066,20,1324,525,799
150066,21,1797,744,1053
150066,22,1737,703,1034
150066,23,1727,698,1029
150066,24,434,173,261
150066,25,1293,525,768
150066,31,10,5,5
150066,32,60,41,19
150066,39,74,38,36
150066,40,1219,487,732
150066,41,645,316,329
150066,42,279,102,177
150066,43,135,45,90
150066,44,8,2,6
150066,45,127,43,84
150066,51,144,57,87
150066,52,366,214,152
150066,59,22,5,17
150066,60,105,38,67
150075,1,9,0,9
150075,2,9,0,9
150075,3,9,0,9
150075,4,1,0,1
150075,5,8,0,8
150075,20,8,0,8
150075,21,9,0,9
150075,22,9,0,9
150075,23,9,0,9
150075,24,1,0,1
150075,25,8,0,8
150075,40,8,0,8
150136,1,20503,8210,12293
150136,2,16300,6877,9423
150136,3,15985,6735,9250
150136,4,3616,1381,2235
150136,5,12369,5354,7015
150136,11,315,142,173
150136,12,4203,1333,2870
150136,19,762,345,417
150136,20,11607,5009,6598
150136,21,16588,6929,9659
150136,22,15128,6347,8781
150136,23,15001,6304,8697
150136,24,3605,1378,2227
150136,25,11396,4926,6470
150136,31,127,43,84
150136,32,1460,582,878
150136,39,666,319,347
150136,40,10730,4607,6123
150136,41,3915,1281,2634
150136,42,1172,530,642
150136,43,984,431,553
150136,44,11,3,8
150136,45,973,428,545
150136,51,188,99,89
150136,52,2743,751,1992
150136,59,96,26,70
150136,60,877,402,475
150145,1,1804,634,1170
150145,2,1655,560,1095
150145,3,1579,532,1047
150145,4,248,99,149
150145,5,1331,433,898
150145,11,76,28,48
150145,12,149,74,75
150145,19,192,50,142
150145,20,1139,383,756
150145,21,1333,477,856
150145,22,1302,466,836
150145,23,1301,466,835
150145,24,245,99,146
150145,25,1056,367,689
150145,31,1,0,1
150145,32,31,11,20
150145,39,128,38,90
150145,40,928,329,599
150145,41,471,157,314
150145,42,353,94,259
150145,43,278,66,212
150145,44,3,0,3
150145,45,275,66,209
150145,51,75,28,47
150145,52,118,63,55
150145,59,64,12,52
150145,60,211,54,157
150163,1,4827,1939,2888
150163,2,4051,1599,2452
150163,3,3998,1573,2425
150163,4,1015,380,635
150163,5,2983,1193,1790
150163,11,53,26,27
150163,12,776,340,436
150163,19,290,119,171
150163,20,2693,1074,1619
150163,21,4348,1695,2653
150163,22,3974,1553,2421
150163,23,3948,1541,2407
150163,24,1014,379,635
150163,25,2934,1162,1772
150163,31,26,12,14
150163,32,374,142,232
150163,39,275,111,164
150163,40,2659,1051,1608
150163,41,479,244,235
150163,42,77,46,31
150163,43,50,32,18
150163,44,1,1,0
150163,45,49,31,18
150163,51,27,14,13
150163,52,402,198,204
150163,59,15,8,7
150163,60,34,23,11
150172,1,1140,635,505
150172,2,988,557,431
150172,3,988,557,431
150172,4,168,109,59
150172,5,820,448,372
150172,12,152,78,74
150172,19,138,74,64
150172,20,682,374,308
150172,21,622,326,296
150172,22,580,311,269
150172,23,580,311,269
150172,24,149,96,53
150172,25,431,215,216
150172,32,42,15,27
150172,39,94,54,40
150172,40,337,161,176
150172,41,518,309,209
150172,42,408,246,162
150172,43,408,246,162
150172,44,19,13,6
150172,45,389,233,156
150172,52,110,63,47
150172,59,44,20,24
150172,60,345,213,132
150215,1,188,67,121
150215,12,188,67,121
150215,21,129,43,86
150215,32,129,43,86
150215,41,59,24,35
150215,52,59,24,35
150251,1,265,17,248
150251,2,265,17,248
150251,3,252,14,238
150251,4,92,9,83
150251,5,160,5,155
150251,11,13,3,10
150251,20,160,5,155
150251,21,83,4,79
150251,22,83,4,79
150251,23,83,4,79
150251,24,49,4,45
150251,25,34,0,34
150251,40,34,0,34
150251,41,182,13,169
150251,42,182,13,169
150251,43,169,10,159
150251,44,43,5,38
150251,45,126,5,121
150251,51,13,3,10
150251,60,126,5,121
150288,1,301,268,33
150288,12,301,268,33
150288,21,239,210,29
150288,32,239,210,29
150288,41,62,58,4
150288,52,62,58,4
150303,1,182,5,177
150303,2,182,5,177
150303,3,182,5,177
150303,4,27,3,24
150303,5,155,2,153
150303,20,155,2,153
150303,21,126,3,123
150303,22,126,3,123
150303,23,126,3,123
150303,24,21,2,19
150303,25,105,1,104
150303,40,105,1,104
150303,41,56,2,54
150303,42,56,2,54
150303,43,56,2,54
150303,44,6,1,5
150303,45,50,1,49
150303,60,50,1,49
150400,1,2304,1045,1259
150400,2,2304,1045,1259
150400,3,2272,1031,1241
150400,4,641,283,358
150400,5,1631,748,883
150400,11,32,14,18
150400,19,21,13,8
150400,20,1610,735,875
150400,21,2280,1033,1247
150400,22,2280,1033,1247
150400,23,2269,1030,1239
150400,24,641,283,358
150400,25,1628,747,881
150400,31,11,3,8
150400,39,21,13,8
150400,40,1607,734,873
150400,41,24,12,12
150400,42,24,12,12
150400,43,3,1,2
150400,45,3,1,2
150400,51,21,11,10
150400,60,3,1,2
150428,1,53,2,51
150428,2,53,2,51
150428,3,53,2,51
150428,4,16,1,15
150428,5,37,1,36
150428,20,37,1,36
150428,21,49,2,47
150428,22,49,2,47
150428,23,49,2,47
150428,24,16,1,15
150428,25,33,1,32
150428,40,33,1,32
150428,41,4,0,4
150428,42,4,0,4
150428,43,4,0,4
150428,45,4,0,4
150428,60,4,0,4
150437,1,77,0,77
150437,2,77,0,77
150437,3,77,0,77
150437,4,20,0,20
150437,5,57,0,57
150437,20,57,0,57
150437,21,35,0,35
150437,22,35,0,35
150437,23,35,0,35
150437,24,20,0,20
150437,25,15,0,15
150437,40,15,0,15
150437,41,42,0,42
150437,42,42,0,42
150437,43,42,0,42
150437,45,42,0,42
150437,60,42,0,42
150455,1,1159,519,640
150455,2,1064,474,590
150455,3,1016,452,564
150455,4,253,113,140
150455,5,763,339,424
150455,11,48,22,26
150455,12,95,45,50
150455,19,18,9,9
150455,20,745,330,415
150455,21,1099,490,609
150455,22,1045,464,581
150455,23,1010,448,562
150455,24,253,113,140
150455,25,757,335,422
150455,31,35,16,19
150455,32,54,26,28
150455,39,18,9,9
150455,40,739,326,413
150455,41,60,29,31
150455,42,19,10,9
150455,43,6,4,2
150455,45,6,4,2
150455,51,13,6,7
150455,52,41,19,22
150455,60,6,4,2
150534,1,2630,1086,1544
150534,2,2477,1037,1440
150534,3,2373,993,1380
150534,4,543,236,307
150534,5,1830,757,1073
150534,11,104,44,60
150534,12,153,49,104
150534,19,67,32,35
150534,20,1763,725,1038
150534,21,2433,1002,1431
150534,22,2290,956,1334
150534,23,2290,956,1334
150534,24,543,236,307
150534,25,1747,720,1027
150534,32,143,46,97
150534,39,59,28,31
150534,40,1688,692,996
150534,41,197,84,113
150534,42,187,81,106
150534,43,83,37,46
150534,45,83,37,46
150534,51,104,44,60
150534,52,10,3,7
150534,59,8,4,4
150534,60,75,33,42
150604,1,1014,502,512
150604,2,1014,502,512
150604,3,969,483,486
150604,4,272,135,137
150604,5,697,348,349
150604,11,45,19,26
150604,19,15,9,6
150604,20,682,339,343
150604,21,952,471,481
150604,22,952,471,481
150604,23,952,471,481
150604,24,272,135,137
150604,25,680,336,344
150604,39,14,8,6
150604,40,666,328,338
150604,41,62,31,31
150604,42,62,31,31
150604,43,17,12,5
150604,45,17,12,5
150604,51,45,19,26
150604,59,1,1,0
150604,60,16,11,5
150668,1,888,368,520
150668,2,828,354,474
150668,3,778,327,451
150668,4,167,74,93
150668,5,611,253,358
150668,11,50,27,23
150668,12,60,14,46
150668,19,42,16,26
150668,20,569,237,332
150668,21,760,324,436
150668,22,745,315,430
150668,23,742,314,428
150668,24,167,74,93
150668,25,575,240,335
150668,31,3,1,2
150668,32,15,9,6
150668,39,40,16,24
150668,40,535,224,311
150668,41,128,44,84
150668,42,83,39,44
150668,43,36,13,23
150668,45,36,13,23
150668,51,47,26,21
150668,52,45,5,40
150668,59,2,0,2
150668,60,34,13,21
150677,1,1904,848,1056
150677,2,1615,665,950
150677,3,1286,544,742
150677,4,372,158,214
150677,5,914,386,528
150677,11,329,121,208
150677,12,289,183,106
150677,19,52,26,26
150677,20,862,360,502
150677,21,1416,608,808
150677,22,1274,526,748
150677,23,1255,524,731
150677,24,372,158,214
150677,25,883,366,517
150677,31,19,2,17
150677,32,142,82,60
150677,39,51,25,26
150677,40,832,341,491
150677,41,488,240,248
150677,42,341,139,202
150677,43,31,20,11
150677,45,31,20,11
150677,51,310,119,191
150677,52,147,101,46
150677,59,1,1,0
150677,60,30,19,11
150695,1,70,2,68
150695,2,70,2,68
150695,3,70,2,68
150695,4,31,1,30
150695,5,39,1,38
150695,20,39,1,38
150695,21,70,2,68
150695,22,70,2,68
150695,23,70,2,68
150695,24,31,1,30
150695,25,39,1,38
150695,40,39,1,38
150710,1,108,59,49
150710,2,108,59,49
150710,3,108,59,49
150710,4,37,21,16
150710,5,71,38,33
150710,20,71,38,33
150710,21,108,59,49
150710,22,108,59,49
150710,23,108,59,49
150710,24,37,21,16
150710,25,71,38,33
150710,40,71,38,33
150756,1,1163,499,664
150756,2,1163,499,664
150756,3,1159,496,663
150756,4,334,136,198
150756,5,825,360,465
150756,11,4,3,1
150756,19,15,7,8
150756,20,810,353,457
150756,21,1158,497,661
150756,22,1158,497,661
150756,23,1156,495,661
150756,24,334,136,198
150756,25,822,359,463
150756,31,2,2,0
150756,39,15,7,8
150756,40,807,352,455
150756,41,5,2,3
150756,42,5,2,3
150756,43,3,1,2
150756,45,3,1,2
150756,51,2,1,1
150756,60,3,1,2
150765,1,86,3,83
150765,2,86,3,83
150765,3,86,3,83
150765,4,16,0,16
150765,5,70,3,67
150765,20,70,3,67
150765,21,86,3,83
150765,22,86,3,83
150765,23,86,3,83
150765,24,16,0,16
150765,25,70,3,67
150765,40,70,3,67
150774,1,524,329,195
150774,2,524,329,195
150774,3,490,305,185
150774,4,165,96,69
150774,5,325,209,116
150774,11,34,24,10
150774,19,42,26,16
150774,20,283,183,100
150774,21,496,311,185
150774,22,496,311,185
150774,23,481,299,182
150774,24,165,96,69
150774,25,316,203,113
150774,31,15,12,3
150774,39,39,25,14
150774,40,277,178,99
150774,41,28,18,10
150774,42,28,18,10
150774,43,9,6,3
150774,45,9,6,3
150774,51,19,12,7
150774,59,3,1,2
150774,60,6,5,1
150853,1,116,5,111
150853,2,116,5,111
150853,3,116,5,111
150853,4,14,1,13
150853,5,102,4,98
150853,20,102,4,98
150853,21,94,5,89
150853,22,94,5,89
150853,23,94,5,89
150853,24,13,1,12
150853,25,81,4,77
150853,40,81,4,77
150853,41,22,0,22
150853,42,22,0,22
150853,43,22,0,22
150853,44,1,0,1
150853,45,21,0,21
150853,60,21,0,21
150941,1,1124,475,649
150941,2,1053,448,605
150941,3,1030,441,589
150941,4,226,106,120
150941,5,804,335,469
150941,11,23,7,16
150941,12,71,27,44
150941,19,34,17,17
150941,20,770,318,452
150941,21,990,413,577
150941,22,960,405,555
150941,23,960,405,555
150941,24,225,105,120
150941,25,735,300,435
150941,32,30,8,22
150941,39,33,17,16
150941,40,702,283,419
150941,41,134,62,72
150941,42,93,43,50
150941,43,70,36,34
150941,44,1,1,0
150941,45,69,35,34
150941,51,23,7,16
150941,52,41,19,22
150941,59,1,0,1
150941,60,68,35,33
150987,1,98778,40884,57894
150987,2,98778,40884,57894
150987,3,87017,35595,51422
150987,4,16181,7545,8636
150987,5,70836,28050,42786
150987,11,11761,5289,6472
150987,19,5018,2098,2920
150987,20,65818,25952,39866
150987,21,34212,14511,19701
150987,22,34212,14511,19701
150987,23,33497,14124,19373
150987,24,8051,3836,4215
150987,25,25446,10288,15158
150987,31,715,387,328
150987,39,2275,1017,1258
150987,40,23171,9271,13900
150987,41,64566,26373,38193
150987,42,64566,26373,38193
150987,43,53520,21471,32049
150987,44,8130,3709,4421
150987,45,45390,17762,27628
150987,51,11046,4902,6144
150987,59,2743,1081,1662
150987,60,42647,16681,25966
151102,1,13459,6042,7417
151102,2,12928,5827,7101
151102,3,9795,4537,5258
151102,4,1660,762,898
151102,5,8135,3775,4360
151102,11,3133,1290,1843
151102,12,531,215,316
151102,19,536,232,304
151102,20,7599,3543,4056
151102,21,7537,3492,4045
151102,22,7418,3431,3987
151102,23,7346,3419,3927
151102,24,1577,726,851
151102,25,5769,2693,3076
151102,31,72,12,60
151102,32,119,61,58
151102,39,407,191,216
151102,40,5362,2502,2860
151102,41,5922,2550,3372
151102,42,5510,2396,3114
151102,43,2449,1118,1331
151102,44,83,36,47
151102,45,2366,1082,1284
151102,51,3061,1278,1783
151102,52,412,154,258
151102,59,129,41,88
151102,60,2237,1041,1196
151111,1,30488,13273,17215
151111,2,22409,9747,12662
151111,3,21569,9390,12179
151111,4,3795,1613,2182
151111,5,17774,7777,9997
151111,11,840,357,483
151111,12,8079,3526,4553
151111,19,1754,770,984
151111,20,16020,7007,9013
151111,21,21097,9278,11819
151111,22,16760,7303,9457
151111,23,16616,7239,9377
151111,24,3503,1480,2023
151111,25,13113,5759,7354
151111,31,144,64,80
151111,32,4337,1975,2362
151111,39,1314,573,741
151111,40,11799,5186,6613
151111,41,9391,3995,5396
151111,42,5649,2444,3205
151111,43,4953,2151,2802
151111,44,292,133,159
151111,45,4661,2018,2643
151111,51,696,293,403
151111,52,3742,1551,2191
151111,59,440,197,243
151111,60,4221,1821,2400
151166,1,3726,681,3045
151166,2,3726,681,3045
151166,3,3726,681,3045
151166,4,312,78,234
151166,5,3414,603,2811
151166,19,524,100,424
151166,20,2890,503,2387
151166,21,2395,451,1944
151166,22,2395,451,1944
151166,23,2395,451,1944
151166,24,214,57,157
151166,25,2181,394,1787
151166,39,344,75,269
151166,40,1837,319,1518
151166,41,1331,230,1101
151166,42,1331,230,1101
151166,43,1331,230,1101
151166,44,98,21,77
151166,45,1233,209,1024
151166,59,180,25,155
151166,60,1053,184,869
151263,1,5452,1696,3756
151263,2,4162,1385,2777
151263,3,4108,1362,2746
151263,4,834,285,549
151263,5,3274,1077,2197
151263,11,54,23,31
151263,12,1290,311,979
151263,19,269,120,149
151263,20,3005,957,2048
151263,21,3609,1285,2324
151263,22,3169,1178,1991
151263,23,3167,1176,1991
151263,24,800,271,529
151263,25,2367,905,1462
151263,31,2,2,0
151263,32,440,107,333
151263,39,170,96,74
151263,40,2197,809,1388
151263,41,1843,411,1432
151263,42,993,207,786
151263,43,941,186,755
151263,44,34,14,20
151263,45,907,172,735
151263,51,52,21,31
151263,52,850,204,646
151263,59,99,24,75
151263,60,808,148,660
151290,1,6307,2456,3851
151290,2,5717,2166,3551
151290,3,5670,2143,3527
151290,4,920,404,516
151290,5,4750,1739,3011
151290,11,47,23,24
151290,12,590,290,300
151290,19,884,265,619
151290,20,3866,1474,2392
151290,21,4016,1568,2448
151290,22,3710,1430,2280
151290,23,3686,1416,2270
151290,24,571,283,288
151290,25,3115,1133,1982
151290,31,24,14,10
151290,32,306,138,168
151290,39,433,126,307
151290,40,2682,1007,1675
151290,41,2291,888,1403
151290,42,2007,736,1271
151290,43,1984,727,1257
151290,44,349,121,228
151290,45,1635,606,1029
151290,51,23,9,14
151290,52,284,152,132
151290,59,451,139,312
151290,60,1184,467,717
151306,1,9902,3824,6078
151306,2,8913,3637,5276
151306,3,8764,3578,5186
151306,4,1709,703,1006
151306,5,7055,2875,4180
151306,11,149,59,90
151306,12,989,187,802
151306,19,570,221,349
151306,20,6485,2654,3831
151306,21,7513,3110,4403
151306,22,7375,3079,4296
151306,23,7339,3065,4274
151306,24,1688,692,996
151306,25,5651,2373,3278
151306,31,36,14,22
151306,32,138,31,107
151306,39,427,186,241
151306,40,5224,2187,3037
151306,41,2389,714,1675
151306,42,1538,558,980
151306,43,1425,513,912
151306,44,21,11,10
151306,45,1404,502,902
151306,51,113,45,68
151306,52,851,156,695
151306,59,143,35,108
151306,60,1261,467,794
151324,1,12448,5588,6860
151324,2,10268,4713,5555
151324,3,10173,4673,5500
151324,4,2661,1116,1545
151324,5,7512,3557,3955
151324,11,95,40,55
151324,12,2180,875,1305
151324,19,719,367,352
151324,20,6793,3190,3603
151324,21,10068,4645,5423
151324,22,9131,4261,4870
151324,23,9122,4259,4863
151324,24,2654,1110,1544
151324,25,6468,3149,3319
151324,31,9,2,7
151324,32,937,384,553
151324,39,549,312,237
151324,40,5919,2837,3082
151324,41,2380,943,1437
151324,42,1137,452,685
151324,43,1051,414,637
151324,44,7,6,1
151324,45,1044,408,636
151324,51,86,38,48
151324,52,1243,491,752
151324,59,170,55,115
151324,60,874,353,521
151333,1,4178,1503,2675
151333,2,3981,1419,2562
151333,3,2708,901,1807
151333,4,508,179,329
151333,5,2200,722,1478
151333,11,1273,518,755
151333,12,197,84,113
151333,19,310,106,204
151333,20,1890,616,1274
151333,21,2063,730,1333
151333,22,2012,692,1320
151333,23,2002,686,1316
151333,24,461,164,297
151333,25,1541,522,1019
151333,31,10,6,4
151333,32,51,38,13
151333,39,210,76,134
151333,40,1331,446,885
151333,41,2115,773,1342
151333,42,1969,727,1242
151333,43,706,215,491
151333,44,47,15,32
151333,45,659,200,459
151333,51,1263,512,751
151333,52,146,46,100
151333,59,100,30,70
151333,60,559,170,389
151342,1,8073,3138,4935
151342,2,7512,2945,4567
151342,3,5538,2112,3426
151342,4,921,368,553
151342,5,4617,1744,2873
151342,11,1974,833,1141
151342,12,561,193,368
151342,19,407,155,252
151342,20,4210,1589,2621
151342,21,4083,1562,2521
151342,22,3984,1529,2455
151342,23,3944,1511,2433
151342,24,835,332,503
151342,25,3109,1179,1930
151342,31,40,18,22
151342,32,99,33,66
151342,39,294,122,172
151342,40,2815,1057,1758
151342,41,3990,1576,2414
151342,42,3528,1416,2112
151342,43,1594,601,993
151342,44,86,36,50
151342,45,1508,565,943
151342,51,1934,815,1119
151342,52,462,160,302
151342,59,113,33,80
151342,60,1395,532,863
151351,1,46817,23141,23676
151351,2,36862,17927,18935
151351,3,31984,15938,16046
151351,4,7604,3874,3730
151351,5,24380,12064,12316
151351,11,4878,1989,2889
151351,12,9955,5214,4741
151351,19,951,541,410
151351,20,23429,11523,11906
151351,21,37467,18902,18565
151351,22,31050,15417,15633
151351,23,30910,15352,15558
151351,24,7583,3859,3724
151351,25,23327,11493,11834
151351,31,140,65,75
151351,32,6417,3485,2932
151351,39,918,521,397
151351,40,22409,10972,11437
151351,41,9350,4239,5111
151351,42,5812,2510,3302
151351,43,1074,586,488
151351,44,21,15,6
151351,45,1053,571,482
151351,51,4738,1924,2814
151351,52,3538,1729,1809
151351,59,33,20,13
151351,60,1020,551,469
151360,1,6387,2124,4263
151360,2,5904,1984,3920
151360,3,4764,1510,3254
151360,4,830,320,510
151360,5,3934,1190,2744
151360,11,1140,474,666
151360,12,483,140,343
151360,19,383,121,262
151360,20,3551,1069,2482
151360,21,3358,1132,2226
151360,22,3221,1077,2144
151360,23,3189,1059,2130
151360,24,696,267,429
151360,25,2493,792,1701
151360,31,32,18,14
151360,32,137,55,82
151360,39,240,84,156
151360,40,2253,708,1545
151360,41,3029,992,2037
151360,42,2683,907,1776
151360,43,1575,451,1124
151360,44,134,53,81
151360,45,1441,398,1043
151360,51,1108,456,652
151360,52,346,85,261
151360,59,143,37,106
151360,60,1298,361,937
151379,1,6733,2782,3951
151379,2,6148,2573,3575
151379,3,5699,2405,3294
151379,4,1026,429,597
151379,5,4673,1976,2697
151379,11,449,168,281
151379,12,585,209,376
151379,19,510,224,286
151379,20,4163,1752,2411
151379,21,3695,1520,2175
151379,22,3665,1510,2155
151379,23,3643,1502,2141
151379,24,909,362,547
151379,25,2734,1140,1594
151379,31,22,8,14
151379,32,30,10,20
151379,39,331,161,170
151379,40,2403,979,1424
151379,41,3038,1262,1776
151379,42,2483,1063,1420
151379,43,2056,903,1153
151379,44,117,67,50
151379,45,1939,836,1103
151379,51,427,160,267
151379,52,555,199,356
151379,59,179,63,116
151379,60,1760,773,987
151388,1,4456,1563,2893
151388,2,4326,1533,2793
151388,3,3132,1071,2061
151388,4,404,157,247
151388,5,2728,914,1814
151388,11,1194,462,732
151388,12,130,30,100
151388,19,471,179,292
151388,20,2257,735,1522
151388,21,2009,702,1307
151388,22,1948,686,1262
151388,23,1925,676,1249
151388,24,386,151,235
151388,25,1539,525,1014
151388,31,23,10,13
151388,32,61,16,45
151388,39,243,92,151
151388,40,1296,433,863
151388,41,2447,861,1586
151388,42,2378,847,1531
151388,43,1207,395,812
151388,44,18,6,12
151388,45,1189,389,800
151388,51,1171,452,719
151388,52,69,14,55
151388,59,228,87,141
151388,60,961,302,659
151458,1,406,95,311
151458,2,406,95,311
151458,3,406,95,311
151458,4,167,37,130
151458,5,239,58,181
151458,19,86,13,73
151458,20,153,45,108
151458,21,406,95,311
151458,22,406,95,311
151458,23,406,95,311
151458,24,167,37,130
151458,25,239,58,181
151458,39,86,13,73
151458,40,153,45,108
151467,1,399,81,318
151467,2,399,81,318
151467,3,399,81,318
151467,4,159,35,124
151467,5,240,46,194
151467,19,101,13,88
151467,20,139,33,106
151467,21,399,81,318
151467,22,399,81,318
151467,23,399,81,318
151467,24,159,35,124
151467,25,240,46,194
151467,39,101,13,88
151467,40,139,33,106
151494,1,525,360,165
151494,2,525,360,165
151494,3,525,360,165
151494,4,55,40,15
151494,5,470,320,150
151494,19,9,5,4
151494,20,461,315,146
151494,21,381,288,93
151494,22,381,288,93
151494,23,381,288,93
151494,24,50,37,13
151494,25,331,251,80
151494,39,5,3,2
151494,40,326,248,78
151494,41,144,72,72
151494,42,144,72,72
151494,43,144,72,72
151494,44,5,3,2
151494,45,139,69,70
151494,59,4,2,2
151494,60,135,67,68
151500,1,283,174,109
151500,2,283,174,109
151500,3,283,174,109
151500,4,41,28,13
151500,5,242,146,96
151500,19,3,1,2
151500,20,239,145,94
151500,21,196,127,69
151500,22,196,127,69
151500,23,196,127,69
151500,24,32,24,8
151500,25,164,103,61
151500,39,3,1,2
151500,40,161,102,59
151500,41,87,47,40
151500,42,87,47,40
151500,43,87,47,40
151500,44,9,4,5
151500,45,78,43,35
151500,60,78,43,35
151519,1,4397,2804,1593
151519,2,4296,2738,1558
151519,3,4296,2738,1558
151519,4,770,440,330
151519,5,3526,2298,1228
151519,12,101,66,35
151519,19,105,61,44
151519,20,3421,2237,1184
151519,21,2375,1552,823
151519,22,2375,1552,823
151519,23,2375,1552,823
151519,24,411,238,173
151519,25,1964,1314,650
151519,39,62,31,31
151519,40,1902,1283,619
151519,41,2022,1252,770
151519,42,1921,1186,735
151519,43,1921,1186,735
151519,44,359,202,157
151519,45,1562,984,578
151519,52,101,66,35
151519,59,43,30,13
151519,60,1519,954,565
151537,1,40,3,37
151537,2,40,3,37
151537,3,40,3,37
151537,4,39,3,36
151537,5,1,0,1
151537,20,1,0,1
151537,21,40,3,37
151537,22,40,3,37
151537,23,40,3,37
151537,24,39,3,36
151537,25,1,0,1
151537,40,1,0,1
151564,1,39,0,39
151564,2,39,0,39
151564,3,39,0,39
151564,4,33,0,33
151564,5,6,0,6
151564,20,6,0,6
151564,21,16,0,16
151564,22,16,0,16
151564,23,16,0,16
151564,24,12,0,12
151564,25,4,0,4
151564,40,4,0,4
151564,41,23,0,23
151564,42,23,0,23
151564,43,23,0,23
151564,44,21,0,21
151564,45,2,0,2
151564,60,2,0,2
151607,1,82,1,81
151607,2,82,1,81
151607,3,82,1,81
151607,4,19,0,19
151607,5,63,1,62
151607,20,63,1,62
151607,21,61,1,60
151607,22,61,1,60
151607,23,61,1,60
151607,24,9,0,9
151607,25,52,1,51
151607,40,52,1,51
151607,41,21,0,21
151607,42,21,0,21
151607,43,21,0,21
151607,44,10,0,10
151607,45,11,0,11
151607,60,11,0,11
151616,1,619,139,480
151616,2,619,139,480
151616,3,619,139,480
151616,4,98,43,55
151616,5,521,96,425
151616,19,102,20,82
151616,20,419,76,343
151616,21,619,139,480
151616,22,619,139,480
151616,23,619,139,480
151616,24,98,43,55
151616,25,521,96,425
151616,39,102,20,82
151616,40,419,76,343
151625,1,290,60,230
151625,2,290,60,230
151625,3,290,60,230
151625,4,42,16,26
151625,5,248,44,204
151625,19,26,8,18
151625,20,222,36,186
151625,21,290,60,230
151625,22,290,60,230
151625,23,290,60,230
151625,24,42,16,26
151625,25,248,44,204
151625,39,26,8,18
151625,40,222,36,186
151652,1,194,15,179
151652,2,194,15,179
151652,3,194,15,179
151652,4,75,8,67
151652,5,119,7,112
151652,20,119,7,112
151652,21,155,15,140
151652,22,155,15,140
151652,23,155,15,140
151652,24,62,8,54
151652,25,93,7,86
151652,40,93,7,86
151652,41,39,0,39
151652,42,39,0,39
151652,43,39,0,39
151652,44,13,0,13
151652,45,26,0,26
151652,60,26,0,26
151661,1,1240,1208,32
151661,2,1240,1208,32
151661,3,1240,1208,32
151661,4,276,269,7
151661,5,964,939,25
151661,19,1,1,0
151661,20,963,938,25
151661,21,1240,1208,32
151661,22,1240,1208,32
151661,23,1240,1208,32
151661,24,276,269,7
151661,25,964,939,25
151661,39,1,1,0
151661,40,963,938,25
151777,1,1349,627,722
151777,2,1199,568,631
151777,3,1188,566,622
151777,4,367,182,185
151777,5,821,384,437
151777,11,11,2,9
151777,12,150,59,91
151777,19,20,15,5
151777,20,801,369,432
151777,21,1327,617,710
151777,22,1182,560,622
151777,23,1179,560,619
151777,24,367,182,185
151777,25,812,378,434
151777,31,3,0,3
151777,32,145,57,88
151777,39,20,15,5
151777,40,792,363,429
151777,41,22,10,12
151777,42,17,8,9
151777,43,9,6,3
151777,45,9,6,3
151777,51,8,2,6
151777,52,5,2,3
151777,60,9,6,3
151786,1,2714,999,1715
151786,2,2203,799,1404
151786,3,2054,738,1316
151786,4,336,173,163
151786,5,1718,565,1153
151786,11,149,61,88
151786,12,511,200,311
151786,19,295,78,217
151786,20,1423,487,936
151786,21,1863,755,1108
151786,22,1679,662,1017
151786,23,1675,659,1016
151786,24,334,173,161
151786,25,1341,486,855
151786,31,4,3,1
151786,32,184,93,91
151786,39,176,57,119
151786,40,1165,429,736
151786,41,851,244,607
151786,42,524,137,387
151786,43,379,79,300
151786,44,2,0,2
151786,45,377,79,298
151786,51,145,58,87
151786,52,327,107,220
151786,59,119,21,98
151786,60,258,58,200
151801,1,14959,5075,9884
151801,2,10766,3598,7168
151801,3,10625,3552,7073
151801,4,1437,511,926
151801,5,9188,3041,6147
151801,11,141,46,95
151801,12,4193,1477,2716
151801,19,1586,484,1102
151801,20,7602,2557,5045
151801,21,13321,4513,8808
151801,22,9581,3189,6392
151801,23,9581,3189,6392
151801,24,1358,485,873
151801,25,8223,2704,5519
151801,32,3740,1324,2416
151801,39,1499,454,1045
151801,40,6724,2250,4474
151801,41,1638,562,1076
151801,42,1185,409,776
151801,43,1044,363,681
151801,44,79,26,53
151801,45,965,337,628
151801,51,141,46,95
151801,52,453,153,300
151801,59,87,30,57
151801,60,878,307,571
151810,1,506,157,349
151810,2,452,143,309
151810,3,452,143,309
151810,4,54,19,35
151810,5,398,124,274
151810,12,54,14,40
151810,19,42,10,32
151810,20,356,114,242
151810,21,215,66,149
151810,22,192,56,136
151810,23,192,56,136
151810,24,23,8,15
151810,25,169,48,121
151810,32,23,10,13
151810,39,27,5,22
151810,40,142,43,99
151810,41,291,91,200
151810,42,260,87,173
151810,43,260,87,173
151810,44,31,11,20
151810,45,229,76,153
151810,52,31,4,27
151810,59,15,5,10
151810,60,214,71,143
151829,1,96,4,92
151829,2,96,4,92
151829,3,96,4,92
151829,4,21,0,21
151829,5,75,4,71
151829,20,75,4,71
151829,21,96,4,92
151829,22,96,4,92
151829,23,96,4,92
151829,24,21,0,21
151829,25,75,4,71
151829,40,75,4,71
151865,1,101,50,51
151865,12,101,50,51
151865,21,31,16,15
151865,32,31,16,15
151865,41,70,34,36
151865,52,70,34,36
151874,1,62,27,35
151874,2,62,27,35
151874,3,62,27,35
151874,4,26,10,16
151874,5,36,17,19
151874,20,36,17,19
151874,21,53,22,31
151874,22,53,22,31
151874,23,53,22,31
151874,24,24,10,14
151874,25,29,12,17
151874,40,29,12,17
151874,41,9,5,4
151874,42,9,5,4
151874,43,9,5,4
151874,44,2,0,2
151874,45,7,5,2
151874,60,7,5,2
151944,1,423,86,337
151944,2,423,86,337
151944,3,423,86,337
151944,4,67,17,50
151944,5,356,69,287
151944,19,66,12,54
151944,20,290,57,233
151944,21,423,86,337
151944,22,423,86,337
151944,23,423,86,337
151944,24,67,17,50
151944,25,356,69,287
151944,39,66,12,54
151944,40,290,57,233
151962,1,63,34,29
151962,2,63,34,29
151962,3,63,34,29
151962,4,16,10,6
151962,5,47,24,23
151962,19,17,8,9
151962,20,30,16,14
151962,21,63,34,29
151962,22,63,34,29
151962,23,63,34,29
151962,24,16,10,6
151962,25,47,24,23
151962,39,17,8,9
151962,40,30,16,14
152044,1,87,27,60
152044,2,87,27,60
152044,3,87,27,60
152044,4,37,4,33
152044,5,50,23,27
152044,20,50,23,27
152044,21,15,8,7
152044,22,15,8,7
152044,23,15,8,7
152044,24,3,1,2
152044,25,12,7,5
152044,40,12,7,5
152044,41,72,19,53
152044,42,72,19,53
152044,43,72,19,53
152044,44,34,3,31
152044,45,38,16,22
152044,60,38,16,22
152080,1,12124,6650,5474
152080,2,8477,4465,4012
152080,3,8466,4460,4006
152080,4,2070,1077,993
152080,5,6396,3383,3013
152080,11,11,5,6
152080,12,3647,2185,1462
152080,19,127,65,62
152080,20,6269,3318,2951
152080,21,11908,6560,5348
152080,22,8459,4452,4007
152080,23,8449,4448,4001
152080,24,2070,1077,993
152080,25,6379,3371,3008
152080,31,10,4,6
152080,32,3449,2108,1341
152080,39,127,65,62
152080,40,6252,3306,2946
152080,41,216,90,126
152080,42,18,13,5
152080,43,17,12,5
152080,45,17,12,5
152080,51,1,1,0
152080,52,198,77,121
152080,60,17,12,5
152099,1,2418,959,1459
152099,2,2311,904,1407
152099,3,587,284,303
152099,4,104,50,54
152099,5,483,234,249
152099,11,1724,620,1104
152099,12,107,55,52
152099,19,38,21,17
152099,20,445,213,232
152099,21,494,233,261
152099,22,461,216,245
152099,23,461,216,245
152099,24,99,47,52
152099,25,362,169,193
152099,32,33,17,16
152099,39,33,17,16
152099,40,329,152,177
152099,41,1924,726,1198
152099,42,1850,688,1162
152099,43,126,68,58
152099,44,5,3,2
152099,45,121,65,56
152099,51,1724,620,1104
152099,52,74,38,36
152099,59,5,4,1
152099,60,116,61,55
152150,1,37,2,35
152150,2,37,2,35
152150,3,37,2,35
152150,4,18,0,18
152150,5,19,2,17
152150,20,19,2,17
152150,21,15,2,13
152150,22,15,2,13
152150,23,15,2,13
152150,24,4,0,4
152150,25,11,2,9
152150,40,11,2,9
152150,41,22,0,22
152150,42,22,0,22
152150,43,22,0,22
152150,44,14,0,14
152150,45,8,0,8
152150,60,8,0,8
152220,1,81,6,75
152220,2,81,6,75
152220,3,81,6,75
152220,5,81,6,75
152220,20,81,6,75
152220,21,81,6,75
152220,22,81,6,75
152220,23,81,6,75
152220,25,81,6,75
152220,40,81,6,75
152248,1,9422,4020,5402
152248,2,8390,3599,4791
152248,3,7466,3176,4290
152248,4,827,447,380
152248,5,6639,2729,3910
152248,11,924,423,501
152248,12,1032,421,611
152248,19,710,245,465
152248,20,5929,2484,3445
152248,21,5168,2629,2539
152248,22,4836,2455,2381
152248,23,4725,2375,2350
152248,24,792,431,361
152248,25,3933,1944,1989
152248,31,111,80,31
152248,32,332,174,158
152248,39,383,199,184
152248,40,3550,1745,1805
152248,41,4254,1391,2863
152248,42,3554,1144,2410
152248,43,2741,801,1940
152248,44,35,16,19
152248,45,2706,785,1921
152248,51,813,343,470
152248,52,700,247,453
152248,59,327,46,281
152248,60,2379,739,1640
152266,1,6102,2456,3646
152266,2,6054,2428,3626
152266,3,3514,1455,2059
152266,4,653,287,366
152266,5,2861,1168,1693
152266,11,2540,973,1567
152266,12,48,28,20
152266,19,327,166,161
152266,20,2534,1002,1532
152266,21,2732,1184,1548
152266,22,2732,1184,1548
152266,23,2641,1138,1503
152266,24,611,267,344
152266,25,2030,871,1159
152266,31,91,46,45
152266,39,246,138,108
152266,40,1784,733,1051
152266,41,3370,1272,2098
152266,42,3322,1244,2078
152266,43,873,317,556
152266,44,42,20,22
152266,45,831,297,534
152266,51,2449,927,1522
152266,52,48,28,20
152266,59,81,28,53
152266,60,750,269,481
152275,1,187,60,127
152275,2,187,60,127
152275,3,187,60,127
152275,4,16,3,13
152275,5,171,57,114
152275,20,171,57,114
152275,21,122,37,85
152275,22,122,37,85
152275,23,122,37,85
152275,24,10,1,9
152275,25,112,36,76
152275,40,112,36,76
152275,41,65,23,42
152275,42,65,23,42
152275,43,65,23,42
152275,44,6,2,4
152275,45,59,21,38
152275,60,59,21,38
152309,1,51,6,45
152309,2,51,6,45
152309,3,51,6,45
152309,4,49,6,43
152309,5,2,0,2
152309,20,2,0,2
152309,21,49,5,44
152309,22,49,5,44
152309,23,49,5,44
152309,24,48,5,43
152309,25,1,0,1
152309,40,1,0,1
152309,41,2,1,1
152309,42,2,1,1
152309,43,2,1,1
152309,44,1,1,0
152309,45,1,0,1
152309,60,1,0,1
152318,1,2302,1803,499
152318,2,2205,1727,478
152318,3,2165,1702,463
152318,4,559,435,124
152318,5,1606,1267,339
152318,11,40,25,15
152318,12,97,76,21
152318,19,14,11,3
152318,20,1592,1256,336
152318,21,2255,1769,486
152318,22,2186,1715,471
152318,23,2151,1692,459
152318,24,559,435,124
152318,25,1592,1257,335
152318,31,35,23,12
152318,32,69,54,15
152318,39,14,11,3
152318,40,1578,1246,332
152318,41,47,34,13
152318,42,19,12,7
152318,43,14,10,4
152318,45,14,10,4
152318,51,5,2,3
152318,52,28,22,6
152318,60,14,10,4
152327,1,39,5,34
152327,2,39,5,34
152327,3,39,5,34
152327,4,10,2,8
152327,5,29,3,26
152327,20,29,3,26
152327,21,39,5,34
152327,22,39,5,34
152327,23,39,5,34
152327,24,10,2,8
152327,25,29,3,26
152327,40,29,3,26
152336,1,2381,686,1695
152336,2,1980,567,1413
152336,3,1878,537,1341
152336,4,388,131,257
152336,5,1490,406,1084
152336,11,102,30,72
152336,12,401,119,282
152336,19,202,49,153
152336,20,1288,357,931
152336,21,1815,559,1256
152336,22,1616,492,1124
152336,23,1616,492,1124
152336,24,385,130,255
152336,25,1231,362,869
152336,32,199,67,132
152336,39,141,41,100
152336,40,1090,321,769
152336,41,566,127,439
152336,42,364,75,289
152336,43,262,45,217
152336,44,3,1,2
152336,45,259,44,215
152336,51,102,30,72
152336,52,202,52,150
152336,59,61,8,53
152336,60,198,36,162
152363,1,1163,483,680
152363,2,1141,469,672
152363,3,1096,444,652
152363,4,296,167,129
152363,5,800,277,523
152363,11,45,25,20
152363,12,22,14,8
152363,19,71,9,62
152363,20,729,268,461
152363,21,1039,439,600
152363,22,1036,438,598
152363,23,1036,438,598
152363,24,295,167,128
152363,25,741,271,470
152363,32,3,1,2
152363,39,54,9,45
152363,40,687,262,425
152363,41,124,44,80
152363,42,105,31,74
152363,43,60,6,54
152363,44,1,0,1
152363,45,59,6,53
152363,51,45,25,20
152363,52,19,13,6
152363,59,17,0,17
152363,60,42,6,36
152381,1,887,40,847
152381,2,649,21,628
152381,3,630,19,611
152381,4,65,0,65
152381,5,565,19,546
152381,11,19,2,17
152381,12,238,19,219
152381,19,61,3,58
152381,20,504,16,488
152381,21,548,20,528
152381,22,384,9,375
152381,23,370,9,361
152381,24,61,0,61
152381,25,309,9,300
152381,31,14,0,14
152381,32,164,11,153
152381,39,33,1,32
152381,40,276,8,268
152381,41,339,20,319
152381,42,265,12,253
152381,43,260,10,250
152381,44,4,0,4
152381,45,256,10,246
152381,51,5,2,3
152381,52,74,8,66
152381,59,28,2,26
152381,60,228,8,220
152390,1,1479,0,1479
152390,2,1479,0,1479
152390,3,1470,0,1470
152390,4,437,0,437
152390,5,1033,0,1033
152390,11,9,0,9
152390,19,18,0,18
152390,20,1015,0,1015
152390,21,1469,0,1469
152390,22,1469,0,1469
152390,23,1460,0,1460
152390,24,437,0,437
152390,25,1023,0,1023
152390,31,9,0,9
152390,39,18,0,18
152390,40,1005,0,1005
152390,41,10,0,10
152390,42,10,0,10
152390,43,10,0,10
152390,45,10,0,10
152390,60,10,0,10
152415,1,366,33,333
152415,2,366,33,333
152415,3,366,33,333
152415,4,86,4,82
152415,5,280,29,251
152415,19,22,3,19
152415,20,258,26,232
152415,21,366,33,333
152415,22,366,33,333
152415,23,366,33,333
152415,24,86,4,82
152415,25,280,29,251
152415,39,22,3,19
152415,40,258,26,232
152451,1,246,203,43
152451,12,246,203,43
152451,21,163,161,2
152451,32,163,161,2
152451,41,83,42,41
152451,52,83,42,41
152497,1,269,8,261
152497,2,269,8,261
152497,3,269,8,261
152497,4,20,0,20
152497,5,249,8,241
152497,20,249,8,241
152497,21,212,8,204
152497,22,212,8,204
152497,23,212,8,204
152497,24,20,0,20
152497,25,192,8,184
152497,40,192,8,184
152497,41,57,0,57
152497,42,57,0,57
152497,43,57,0,57
152497,45,57,0,57
152497,60,57,0,57
152530,1,2245,1000,1245
152530,2,2146,960,1186
152530,3,1873,855,1018
152530,4,460,198,262
152530,5,1413,657,756
152530,11,273,105,168
152530,12,99,40,59
152530,19,51,27,24
152530,20,1362,630,732
152530,21,1929,875,1054
152530,22,1852,841,1011
152530,23,1826,833,993
152530,24,459,198,261
152530,25,1367,635,732
152530,31,26,8,18
152530,32,77,34,43
152530,39,50,27,23
152530,40,1317,608,709
152530,41,316,125,191
152530,42,294,119,175
152530,43,47,22,25
152530,44,1,0,1
152530,45,46,22,24
152530,51,247,97,150
152530,52,22,6,16
152530,59,1,0,1
152530,60,45,22,23
152567,1,1875,1216,659
152567,2,1874,1215,659
152567,3,1431,1030,401
152567,4,372,272,100
152567,5,1059,758,301
152567,11,443,185,258
152567,12,1,1,0
152567,19,31,20,11
152567,20,1028,738,290
152567,21,1430,1024,406
152567,22,1429,1023,406
152567,23,1399,1003,396
152567,24,372,272,100
152567,25,1027,731,296
152567,31,30,20,10
152567,32,1,1,0
152567,39,31,20,11
152567,40,996,711,285
152567,41,445,192,253
152567,42,445,192,253
152567,43,32,27,5
152567,45,32,27,5
152567,51,413,165,248
152567,60,32,27,5
152600,1,4508,2144,2364
152600,2,3251,1566,1685
152600,3,3209,1554,1655
152600,4,876,433,443
152600,5,2333,1121,1212
152600,11,42,12,30
152600,12,1257,578,679
152600,19,173,61,112
152600,20,2160,1060,1100
152600,21,4062,1985,2077
152600,22,3136,1522,1614
152600,23,3118,1516,1602
152600,24,876,433,443
152600,25,2242,1083,1159
152600,31,18,6,12
152600,32,926,463,463
152600,39,163,58,105
152600,40,2079,1025,1054
152600,41,446,159,287
152600,42,115,44,71
152600,43,91,38,53
152600,45,91,38,53
152600,51,24,6,18
152600,52,331,115,216
152600,59,10,3,7
152600,60,81,35,46
152628,1,89,1,88
152628,2,89,1,88
152628,3,89,1,88
152628,4,22,0,22
152628,5,67,1,66
152628,20,67,1,66
152628,21,41,1,40
152628,22,41,1,40
152628,23,41,1,40
152628,24,16,0,16
152628,25,25,1,24
152628,40,25,1,24
152628,41,48,0,48
152628,42,48,0,48
152628,43,48,0,48
152628,44,6,0,6
152628,45,42,0,42
152628,60,42,0,42
152637,1,18383,10203,8180
152637,2,18383,10203,8180
152637,3,8313,4626,3687
152637,4,3039,1860,1179
152637,5,5274,2766,2508
152637,11,10070,5577,4493
152637,19,440,206,234
152637,20,4834,2560,2274
152637,21,6049,3249,2800
152637,22,6049,3249,2800
152637,23,5642,3054,2588
152637,24,2259,1311,948
152637,25,3383,1743,1640
152637,31,407,195,212
152637,39,304,142,162
152637,40,3079,1601,1478
152637,41,12334,6954,5380
152637,42,12334,6954,5380
152637,43,2671,1572,1099
152637,44,780,549,231
152637,45,1891,1023,868
152637,51,9663,5382,4281
152637,59,136,64,72
152637,60,1755,959,796
152673,1,902,902,0
152673,2,902,902,0
152673,3,896,896,0
152673,4,241,241,0
152673,5,655,655,0
152673,11,6,6,0
152673,19,4,4,0
152673,20,651,651,0
152673,21,902,902,0
152673,22,902,902,0
152673,23,896,896,0
152673,24,241,241,0
152673,25,655,655,0
152673,31,6,6,0
152673,39,4,4,0
152673,40,651,651,0
152798,1,581,40,541
152798,2,398,26,372
152798,3,398,26,372
152798,4,1,0,1
152798,5,397,26,371
152798,12,183,14,169
152798,19,130,16,114
152798,20,267,10,257
152798,21,279,22,257
152798,22,258,20,238
152798,23,258,20,238
152798,24,1,0,1
152798,25,257,20,237
152798,32,21,2,19
152798,39,88,12,76
152798,40,169,8,161
152798,41,302,18,284
152798,42,140,6,134
152798,43,140,6,134
152798,45,140,6,134
152798,52,162,12,150
152798,59,42,4,38
152798,60,98,2,96
152822,1,1019,453,566
152822,2,1019,453,566
152822,3,1007,447,560
152822,4,184,96,88
152822,5,823,351,472
152822,11,12,6,6
152822,19,178,86,92
152822,20,645,265,380
152822,21,732,350,382
152822,22,732,350,382
152822,23,731,350,381
152822,24,174,94,80
152822,25,557,256,301
152822,31,1,0,1
152822,39,150,76,74
152822,40,407,180,227
152822,41,287,103,184
152822,42,287,103,184
152822,43,276,97,179
152822,44,10,2,8
152822,45,266,95,171
152822,51,11,6,5
152822,59,28,10,18
152822,60,238,85,153
152992,1,1174,486,688
152992,2,1042,446,596
152992,3,999,426,573
152992,4,180,107,73
152992,5,819,319,500
152992,11,43,20,23
152992,12,132,40,92
152992,19,147,44,103
152992,20,672,275,397
152992,21,881,410,471
152992,22,848,401,447
152992,23,848,401,447
152992,24,180,107,73
152992,25,668,294,374
152992,32,33,9,24
152992,39,99,34,65
152992,40,569,260,309
152992,41,293,76,217
152992,42,194,45,149
152992,43,151,25,126
152992,45,151,25,126
152992,51,43,20,23
152992,52,99,31,68
152992,59,48,10,38
152992,60,103,15,88
153001,1,2399,805,1594
153001,2,2293,790,1503
153001,3,2125,739,1386
153001,4,269,128,141
153001,5,1856,611,1245
153001,11,168,51,117
153001,12,106,15,91
153001,19,374,119,255
153001,20,1482,492,990
153001,21,1960,691,1269
153001,22,1960,691,1269
153001,23,1873,673,1200
153001,24,269,128,141
153001,25,1604,545,1059
153001,31,87,18,69
153001,39,344,111,233
153001,40,1260,434,826
153001,41,439,114,325
153001,42,333,99,234
153001,43,252,66,186
153001,45,252,66,186
153001,51,81,33,48
153001,52,106,15,91
153001,59,30,8,22
153001,60,222,58,164
153074,1,122,4,118
153074,2,122,4,118
153074,3,122,4,118
153074,4,13,0,13
153074,5,109,4,105
153074,20,109,4,105
153074,21,122,4,118
153074,22,122,4,118
153074,23,122,4,118
153074,24,13,0,13
153074,25,109,4,105
153074,40,109,4,105
153083,1,192,4,188
153083,2,192,4,188
153083,3,192,4,188
153083,4,11,0,11
153083,5,181,4,177
153083,20,181,4,177
153083,21,192,4,188
153083,22,192,4,188
153083,23,192,4,188
153083,24,11,0,11
153083,25,181,4,177
153083,40,181,4,177
153092,1,11,6,5
153092,2,11,6,5
153092,3,11,6,5
153092,4,6,3,3
153092,5,5,3,2
153092,20,5,3,2
153092,21,11,6,5
153092,22,11,6,5
153092,23,11,6,5
153092,24,6,3,3
153092,25,5,3,2
153092,40,5,3,2
153108,1,1386,654,732
153108,2,1386,654,732
153108,3,1303,629,674
153108,4,309,158,151
153108,5,994,471,523
153108,11,83,25,58
153108,19,22,11,11
153108,20,972,460,512
153108,21,1340,629,711
153108,22,1340,629,711
153108,23,1276,612,664
153108,24,309,158,151
153108,25,967,454,513
153108,31,64,17,47
153108,39,22,11,11
153108,40,945,443,502
153108,41,46,25,21
153108,42,46,25,21
153108,43,27,17,10
153108,45,27,17,10
153108,51,19,8,11
153108,60,27,17,10
153126,1,1225,399,826
153126,2,1011,342,669
153126,3,995,332,663
153126,4,181,57,124
153126,5,814,275,539
153126,11,16,10,6
153126,12,214,57,157
153126,19,123,46,77
153126,20,691,229,462
153126,21,1014,332,682
153126,22,877,292,585
153126,23,875,291,584
153126,24,181,57,124
153126,25,694,234,460
153126,31,2,1,1
153126,32,137,40,97
153126,39,98,38,60
153126,40,596,196,400
153126,41,211,67,144
153126,42,134,50,84
153126,43,120,41,79
153126,45,120,41,79
153126,51,14,9,5
153126,52,77,17,60
153126,59,25,8,17
153126,60,95,33,62
153144,1,1419,650,769
153144,2,1419,650,769
153144,3,1355,620,735
153144,4,390,158,232
153144,5,965,462,503
153144,11,64,30,34
153144,19,29,15,14
153144,20,936,447,489
153144,21,1351,618,733
153144,22,1351,618,733
153144,23,1335,611,724
153144,24,389,158,231
153144,25,946,453,493
153144,31,16,7,9
153144,39,29,15,14
153144,40,917,438,479
153144,41,68,32,36
153144,42,68,32,36
153144,43,20,9,11
153144,44,1,0,1
153144,45,19,9,10
153144,51,48,23,25
153144,60,19,9,10
153162,1,1125,506,619
153162,2,1125,506,619
153162,3,1122,505,617
153162,4,270,124,146
153162,5,852,381,471
153162,11,3,1,2
153162,19,45,20,25
153162,20,807,361,446
153162,21,1117,503,614
153162,22,1117,503,614
153162,23,1114,502,612
153162,24,270,124,146
153162,25,844,378,466
153162,31,3,1,2
153162,39,45,20,25
153162,40,799,358,441
153162,41,8,3,5
153162,42,8,3,5
153162,43,8,3,5
153162,45,8,3,5
153162,60,8,3,5
153171,1,34,1,33
153171,2,34,1,33
153171,3,34,1,33
153171,4,9,0,9
153171,5,25,1,24
153171,20,25,1,24
153171,21,34,1,33
153171,22,34,1,33
153171,23,34,1,33
153171,24,9,0,9
153171,25,25,1,24
153171,40,25,1,24
153214,1,20167,9304,10863
153214,2,20167,9304,10863
153214,3,14928,6634,8294
153214,4,3537,1762,1775
153214,5,11391,4872,6519
153214,11,5239,2670,2569
153214,19,1028,468,560
153214,20,10363,4404,5959
153214,21,7735,3824,3911
153214,22,7735,3824,3911
153214,23,7614,3765,3849
153214,24,2250,1201,1049
153214,25,5364,2564,2800
153214,31,121,59,62
153214,39,636,302,334
153214,40,4728,2262,2466
153214,41,12432,5480,6952
153214,42,12432,5480,6952
153214,43,7314,2869,4445
153214,44,1287,561,726
153214,45,6027,2308,3719
153214,51,5118,2611,2507
153214,59,392,166,226
153214,60,5635,2142,3493
153241,1,90,58,32
153241,2,90,58,32
153241,3,89,57,32
153241,4,11,11,0
153241,5,78,46,32
153241,11,1,1,0
153241,19,5,4,1
153241,20,73,42,31
153241,21,90,58,32
153241,22,90,58,32
153241,23,89,57,32
153241,24,11,11,0
153241,25,78,46,32
153241,31,1,1,0
153241,39,5,4,1
153241,40,73,42,31
153250,1,1430,772,658
153250,2,1376,747,629
153250,3,1338,726,612
153250,4,379,209,170
153250,5,959,517,442
153250,11,38,21,17
153250,12,54,25,29
153250,19,46,24,22
153250,20,913,493,420
153250,21,1345,728,617
153250,22,1345,728,617
153250,23,1332,723,609
153250,24,378,209,169
153250,25,954,514,440
153250,31,13,5,8
153250,39,46,24,22
153250,40,908,490,418
153250,41,85,44,41
153250,42,31,19,12
153250,43,6,3,3
153250,44,1,0,1
153250,45,5,3,2
153250,51,25,16,9
153250,52,54,25,29
153250,60,5,3,2
153269,1,5139,2143,2996
153269,2,3383,1475,1908
153269,3,3310,1434,1876
153269,4,850,355,495
153269,5,2460,1079,1381
153269,11,73,41,32
153269,12,1756,668,1088
153269,19,115,52,63
153269,20,2345,1027,1318
153269,21,4120,1749,2371
153269,22,3185,1368,1817
153269,23,3177,1363,1814
153269,24,850,355,495
153269,25,2327,1008,1319
153269,31,8,5,3
153269,32,935,381,554
153269,39,109,51,58
153269,40,2218,957,1261
153269,41,1019,394,625
153269,42,198,107,91
153269,43,133,71,62
153269,45,133,71,62
153269,51,65,36,29
153269,52,821,287,534
153269,59,6,1,5
153269,60,127,70,57
153278,1,2023,1142,881
153278,2,1694,972,722
153278,3,1687,969,718
153278,4,443,276,167
153278,5,1244,693,551
153278,11,7,3,4
153278,12,329,170,159
153278,19,142,68,74
153278,20,1102,625,477
153278,21,1754,1024,730
153278,22,1544,918,626
153278,23,1544,918,626
153278,24,441,274,167
153278,25,1103,644,459
153278,32,210,106,104
153278,39,119,65,54
153278,40,984,579,405
153278,41,269,118,151
153278,42,150,54,96
153278,43,143,51,92
153278,44,2,2,0
153278,45,141,49,92
153278,51,7,3,4
153278,52,119,64,55
153278,59,23,3,20
153278,60,118,46,72
153296,1,1034,516,518
153296,2,1034,516,518
153296,3,827,423,404
153296,4,363,212,151
153296,5,464,211,253
153296,11,207,93,114
153296,19,71,39,32
153296,20,393,172,221
153296,21,725,407,318
153296,22,725,407,318
153296,23,709,399,310
153296,24,344,206,138
153296,25,365,193,172
153296,31,16,8,8
153296,39,69,38,31
153296,40,296,155,141
153296,41,309,109,200
153296,42,309,109,200
153296,43,118,24,94
153296,44,19,6,13
153296,45,99,18,81
153296,51,191,85,106
153296,59,2,1,1
153296,60,97,17,80
153302,1,187,94,93
153302,2,187,94,93
153302,3,187,94,93
153302,4,34,17,17
153302,5,153,77,76
153302,19,30,16,14
153302,20,123,61,62
153302,21,179,90,89
153302,22,179,90,89
153302,23,179,90,89
153302,24,33,16,17
153302,25,146,74,72
153302,39,30,16,14
153302,40,116,58,58
153302,41,8,4,4
153302,42,8,4,4
153302,43,8,4,4
153302,44,1,1,0
153302,45,7,3,4
153302,60,7,3,4
153311,1,8694,3739,4955
153311,2,8694,3739,4955
153311,3,5709,2267,3442
153311,4,1211,559,652
153311,5,4498,1708,2790
153311,11,2985,1472,1513
153311,19,87,25,62
153311,20,4411,1683,2728
153311,21,2524,1100,1424
153311,22,2524,1100,1424
153311,23,2171,939,1232
153311,24,759,386,373
153311,25,1412,553,859
153311,31,353,161,192
153311,39,34,15,19
153311,40,1378,538,840
153311,41,6170,2639,3531
153311,42,6170,2639,3531
153311,43,3538,1328,2210
153311,44,452,173,279
153311,45,3086,1155,1931
153311,51,2632,1311,1321
153311,59,53,10,43
153311,60,3033,1145,1888
153320,1,267,142,125
153320,2,229,106,123
153320,3,220,102,118
153320,4,60,22,38
153320,5,160,80,80
153320,11,9,4,5
153320,12,38,36,2
153320,19,16,6,10
153320,20,144,74,70
153320,21,222,110,112
153320,22,206,95,111
153320,23,206,95,111
153320,24,60,22,38
153320,25,146,73,73
153320,32,16,15,1
153320,39,16,6,10
153320,40,130,67,63
153320,41,45,32,13
153320,42,23,11,12
153320,43,14,7,7
153320,45,14,7,7
153320,51,9,4,5
153320,52,22,21,1
153320,60,14,7,7
153339,1,21,1,20
153339,2,21,1,20
153339,3,21,1,20
153339,4,10,1,9
153339,5,11,0,11
153339,20,11,0,11
153339,21,21,1,20
153339,22,21,1,20
153339,23,21,1,20
153339,24,10,1,9
153339,25,11,0,11
153339,40,11,0,11
153366,1,2286,759,1527
153366,2,1559,678,881
153366,3,1434,632,802
153366,4,326,183,143
153366,5,1108,449,659
153366,11,125,46,79
153366,12,727,81,646
153366,19,221,82,139
153366,20,887,367,520
153366,21,1650,645,1005
153366,22,1293,606,687
153366,23,1292,606,686
153366,24,326,183,143
153366,25,966,423,543
153366,31,1,0,1
153366,32,357,39,318
153366,39,187,70,117
153366,40,779,353,426
153366,41,636,114,522
153366,42,266,72,194
153366,43,142,26,116
153366,45,142,26,116
153366,51,124,46,78
153366,52,370,42,328
153366,59,34,12,22
153366,60,108,14,94
153375,1,2129,894,1235
153375,2,2096,883,1213
153375,3,2079,877,1202
153375,4,298,153,145
153375,5,1781,724,1057
153375,11,17,6,11
153375,12,33,11,22
153375,19,300,120,180
153375,20,1481,604,877
153375,21,1728,766,962
153375,22,1728,766,962
153375,23,1728,766,962
153375,24,298,153,145
153375,25,1430,613,817
153375,39,255,109,146
153375,40,1175,504,671
153375,41,401,128,273
153375,42,368,117,251
153375,43,351,111,240
153375,45,351,111,240
153375,51,17,6,11
153375,52,33,11,22
153375,59,45,11,34
153375,60,306,100,206
153384,1,1721,791,930
153384,2,1721,791,930
153384,3,1661,751,910
153384,4,423,183,240
153384,5,1238,568,670
153384,11,60,40,20
153384,19,6,4,2
153384,20,1232,564,668
153384,21,1664,751,913
153384,22,1664,751,913
153384,23,1659,750,909
153384,24,423,183,240
153384,25,1236,567,669
153384,31,5,1,4
153384,39,6,4,2
153384,40,1230,563,667
153384,41,57,40,17
153384,42,57,40,17
153384,43,2,1,1
153384,45,2,1,1
153384,51,55,39,16
153384,60,2,1,1
153409,1,228,39,189
153409,2,205,35,170
153409,3,205,35,170
153409,4,24,5,19
153409,5,181,30,151
153409,12,23,4,19
153409,19,83,15,68
153409,20,98,15,83
153409,21,148,23,125
153409,22,139,20,119
153409,23,139,20,119
153409,24,18,2,16
153409,25,121,18,103
153409,32,9,3,6
153409,39,49,7,42
153409,40,72,11,61
153409,41,80,16,64
153409,42,66,15,51
153409,43,66,15,51
153409,44,6,3,3
153409,45,60,12,48
153409,52,14,1,13
153409,59,34,8,26
153409,60,26,4,22
153418,1,512,104,408
153418,2,483,93,390
153418,3,483,93,390
153418,4,39,8,31
153418,5,444,85,359
153418,12,29,11,18
153418,19,147,28,119
153418,20,297,57,240
153418,21,318,67,251
153418,22,296,57,239
153418,23,296,57,239
153418,24,28,4,24
153418,25,268,53,215
153418,32,22,10,12
153418,39,84,15,69
153418,40,184,38,146
153418,41,194,37,157
153418,42,187,36,151
153418,43,187,36,151
153418,44,11,4,7
153418,45,176,32,144
153418,52,7,1,6
153418,59,63,13,50
153418,60,113,19,94
153427,1,177,99,78
153427,2,177,99,78
153427,3,177,99,78
153427,4,88,40,48
153427,5,89,59,30
153427,20,89,59,30
153427,21,177,99,78
153427,22,177,99,78
153427,23,177,99,78
153427,24,88,40,48
153427,25,89,59,30
153427,40,89,59,30
153445,1,5809,2498,3311
153445,2,5809,2498,3311
153445,3,4276,1863,2413
153445,4,1123,565,558
153445,5,3153,1298,1855
153445,11,1533,635,898
153445,19,995,400,595
153445,20,2158,898,1260
153445,21,3068,1406,1662
153445,22,3068,1406,1662
153445,23,3036,1392,1644
153445,24,912,460,452
153445,25,2124,932,1192
153445,31,32,14,18
153445,39,682,295,387
153445,40,1442,637,805
153445,41,2741,1092,1649
153445,42,2741,1092,1649
153445,43,1240,471,769
153445,44,211,105,106
153445,45,1029,366,663
153445,51,1501,621,880
153445,59,313,105,208
153445,60,716,261,455
153463,1,32,0,32
153463,2,32,0,32
153463,3,32,0,32
153463,4,13,0,13
153463,5,19,0,19
153463,20,19,0,19
153463,21,32,0,32
153463,22,32,0,32
153463,23,32,0,32
153463,24,13,0,13
153463,25,19,0,19
153463,40,19,0,19
153472,1,4604,2057,2547
153472,2,4604,2057,2547
153472,3,3070,1291,1779
153472,4,767,413,354
153472,5,2303,878,1425
153472,11,1534,766,768
153472,19,841,256,585
153472,20,1462,622,840
153472,21,2565,1234,1331
153472,22,2565,1234,1331
153472,23,2310,1106,1204
153472,24,703,384,319
153472,25,1607,722,885
153472,31,255,128,127
153472,39,572,209,363
153472,40,1035,513,522
153472,41,2039,823,1216
153472,42,2039,823,1216
153472,43,760,185,575
153472,44,64,29,35
153472,45,696,156,540
153472,51,1279,638,641
153472,59,269,47,222
153472,60,427,109,318
153524,1,5697,2904,2793
153524,2,5697,2904,2793
153524,3,3494,1752,1742
153524,4,1213,710,503
153524,5,2281,1042,1239
153524,11,2203,1152,1051
153524,19,154,70,84
153524,20,2127,972,1155
153524,21,2998,1602,1396
153524,22,2998,1602,1396
153524,23,2822,1514,1308
153524,24,1141,682,459
153524,25,1681,832,849
153524,31,176,88,88
153524,39,101,44,57
153524,40,1580,788,792
153524,41,2699,1302,1397
153524,42,2699,1302,1397
153524,43,672,238,434
153524,44,72,28,44
153524,45,600,210,390
153524,51,2027,1064,963
153524,59,53,26,27
153524,60,547,184,363
153533,1,2574,1167,1407
153533,2,2574,1167,1407
153533,3,1715,770,945
153533,4,428,240,188
153533,5,1287,530,757
153533,11,859,397,462
153533,19,276,90,186
153533,20,1011,440,571
153533,21,1343,666,677
153533,22,1343,666,677
153533,23,1306,652,654
153533,24,405,232,173
153533,25,901,420,481
153533,31,37,14,23
153533,39,158,55,103
153533,40,743,365,378
153533,41,1231,501,730
153533,42,1231,501,730
153533,43,409,118,291
153533,44,23,8,15
153533,45,386,110,276
153533,51,822,383,439
153533,59,118,35,83
153533,60,268,75,193
153542,1,17,3,14
153542,2,17,3,14
153542,3,17,3,14
153542,4,9,0,9
153542,5,8,3,5
153542,20,8,3,5
153542,21,17,3,14
153542,22,17,3,14
153542,23,17,3,14
153542,24,9,0,9
153542,25,8,3,5
153542,40,8,3,5
153588,1,21,18,3
153588,2,21,18,3
153588,3,21,18,3
153588,4,6,6,0
153588,5,15,12,3
153588,20,15,12,3
153588,21,21,18,3
153588,22,21,18,3
153588,23,21,18,3
153588,24,6,6,0
153588,25,15,12,3
153588,40,15,12,3
153597,1,150,6,144
153597,2,150,6,144
153597,3,150,6,144
153597,4,47,1,46
153597,5,103,5,98
153597,20,103,5,98
153597,21,150,6,144
153597,22,150,6,144
153597,23,150,6,144
153597,24,47,1,46
153597,25,103,5,98
153597,40,103,5,98
153603,1,32955,18466,14489
153603,2,27659,15658,12001
153603,3,27112,15332,11780
153603,4,6089,3365,2724
153603,5,21023,11967,9056
153603,11,547,326,221
153603,12,5296,2808,2488
153603,19,2042,1128,914
153603,20,18981,10839,8142
153603,21,29398,16365,13033
153603,22,26177,14733,11444
153603,23,25985,14600,11385
153603,24,6063,3355,2708
153603,25,19922,11245,8677
153603,31,192,133,59
153603,32,3221,1632,1589
153603,39,1948,1083,865
153603,40,17974,10162,7812
153603,41,3557,2101,1456
153603,42,1482,925,557
153603,43,1127,732,395
153603,44,26,10,16
153603,45,1101,722,379
153603,51,355,193,162
153603,52,2075,1176,899
153603,59,94,45,49
153603,60,1007,677,330
153621,1,599,217,382
153621,2,599,217,382
153621,3,578,212,366
153621,4,103,59,44
153621,5,475,153,322
153621,11,21,5,16
153621,19,101,26,75
153621,20,374,127,247
153621,21,482,187,295
153621,22,482,187,295
153621,23,478,184,294
153621,24,102,58,44
153621,25,376,126,250
153621,31,4,3,1
153621,39,76,21,55
153621,40,300,105,195
153621,41,117,30,87
153621,42,117,30,87
153621,43,100,28,72
153621,44,1,1,0
153621,45,99,27,72
153621,51,17,2,15
153621,59,25,5,20
153621,60,74,22,52
153630,1,6861,2893,3968
153630,2,6861,2893,3968
153630,3,5097,2112,2985
153630,4,1393,774,619
153630,5,3704,1338,2366
153630,11,1764,781,983
153630,19,686,261,425
153630,20,3018,1077,1941
153630,21,3490,1623,1867
153630,22,3490,1623,1867
153630,23,3462,1609,1853
153630,24,1163,668,495
153630,25,2299,941,1358
153630,31,28,14,14
153630,39,481,215,266
153630,40,1818,726,1092
153630,41,3371,1270,2101
153630,42,3371,1270,2101
153630,43,1635,503,1132
153630,44,230,106,124
153630,45,1405,397,1008
153630,51,1736,767,969
153630,59,205,46,159
153630,60,1200,351,849
153658,1,29748,14372,15376
153658,2,21974,10550,11424
153658,3,21314,10260,11054
153658,4,4460,2036,2424
153658,5,16854,8224,8630
153658,11,660,290,370
153658,12,7774,3822,3952
153658,19,1140,596,544
153658,20,15714,7628,8086
153658,21,24295,11678,12617
153658,22,19522,9390,10132
153658,23,19301,9289,10012
153658,24,4270,1933,2337
153658,25,15031,7356,7675
153658,31,221,101,120
153658,32,4773,2288,2485
153658,39,937,531,406
153658,40,14094,6825,7269
153658,41,5453,2694,2759
153658,42,2452,1160,1292
153658,43,2013,971,1042
153658,44,190,103,87
153658,45,1823,868,955
153658,51,439,189,250
153658,52,3001,1534,1467
153658,59,203,65,138
153658,60,1620,803,817
153737,1,15076,7500,7576
153737,2,15076,7500,7576
153737,3,10645,4950,5695
153737,4,2712,1397,1315
153737,5,7933,3553,4380
153737,11,4431,2550,1881
153737,19,542,267,275
153737,20,7391,3286,4105
153737,21,6960,3608,3352
153737,22,6960,3608,3352
153737,23,6619,3398,3221
153737,24,2319,1231,1088
153737,25,4300,2167,2133
153737,31,341,210,131
153737,39,368,202,166
153737,40,3932,1965,1967
153737,41,8116,3892,4224
153737,42,8116,3892,4224
153737,43,4026,1552,2474
153737,44,393,166,227
153737,45,3633,1386,2247
153737,51,4090,2340,1750
153737,59,174,65,109
153737,60,3459,1321,2138
153746,1,92,5,87
153746,2,92,5,87
153746,3,92,5,87
153746,4,28,3,25
153746,5,64,2,62
153746,20,64,2,62
153746,21,92,5,87
153746,22,92,5,87
153746,23,92,5,87
153746,24,28,3,25
153746,25,64,2,62
153746,40,64,2,62
153764,1,100,6,94
153764,2,100,6,94
153764,3,100,6,94
153764,4,33,3,30
153764,5,67,3,64
153764,20,67,3,64
153764,21,100,6,94
153764,22,100,6,94
153764,23,100,6,94
153764,24,33,3,30
153764,25,67,3,64
153764,40,67,3,64
153773,1,103,3,100
153773,2,103,3,100
153773,3,103,3,100
153773,4,64,3,61
153773,5,39,0,39
153773,20,39,0,39
153773,21,103,3,100
153773,22,103,3,100
153773,23,103,3,100
153773,24,64,3,61
153773,25,39,0,39
153773,40,39,0,39
153782,1,84,3,81
153782,2,84,3,81
153782,3,84,3,81
153782,4,24,1,23
153782,5,60,2,58
153782,20,60,2,58
153782,21,84,3,81
153782,22,84,3,81
153782,23,84,3,81
153782,24,24,1,23
153782,25,60,2,58
153782,40,60,2,58
153825,1,1621,827,794
153825,2,1554,805,749
153825,3,1521,785,736
153825,4,414,213,201
153825,5,1107,572,535
153825,11,33,20,13
153825,12,67,22,45
153825,19,49,30,19
153825,20,1058,542,516
153825,21,1500,765,735
153825,22,1484,762,722
153825,23,1482,760,722
153825,24,414,213,201
153825,25,1068,547,521
153825,31,2,2,0
153825,32,16,3,13
153825,39,47,30,17
153825,40,1021,517,504
153825,41,121,62,59
153825,42,70,43,27
153825,43,39,25,14
153825,45,39,25,14
153825,51,31,18,13
153825,52,51,19,32
153825,59,2,0,2
153825,60,37,25,12
153834,1,2466,1066,1400
153834,2,2466,1066,1400
153834,3,2388,1031,1357
153834,4,628,273,355
153834,5,1760,758,1002
153834,11,78,35,43
153834,19,39,24,15
153834,20,1721,734,987
153834,21,2413,1040,1373
153834,22,2413,1040,1373
153834,23,2376,1024,1352
153834,24,627,273,354
153834,25,1749,751,998
153834,31,37,16,21
153834,39,39,24,15
153834,40,1710,727,983
153834,41,53,26,27
153834,42,53,26,27
153834,43,12,7,5
153834,44,1,0,1
153834,45,11,7,4
153834,51,41,19,22
153834,60,11,7,4
153861,1,1136,785,351
153861,2,319,172,147
153861,3,316,170,146
153861,4,19,9,10
153861,5,297,161,136
153861,11,3,2,1
153861,12,817,613,204
153861,19,54,27,27
153861,20,243,134,109
153861,21,832,568,264
153861,22,304,163,141
153861,23,304,163,141
153861,24,18,9,9
153861,25,286,154,132
153861,32,528,405,123
153861,39,49,24,25
153861,40,237,130,107
153861,41,304,217,87
153861,42,15,9,6
153861,43,12,7,5
153861,44,1,0,1
153861,45,11,7,4
153861,51,3,2,1
153861,52,289,208,81
153861,59,5,3,2
153861,60,6,4,2
153922,1,2101,838,1263
153922,2,2101,838,1263
153922,3,1266,478,788
153922,4,436,201,235
153922,5,830,277,553
153922,11,835,360,475
153922,19,69,24,45
153922,20,761,253,508
153922,21,937,393,544
153922,22,937,393,544
153922,23,919,387,532
153922,24,360,175,185
153922,25,559,212,347
153922,31,18,6,12
153922,39,56,20,36
153922,40,503,192,311
153922,41,1164,445,719
153922,42,1164,445,719
153922,43,347,91,256
153922,44,76,26,50
153922,45,271,65,206
153922,51,817,354,463
153922,59,13,4,9
153922,60,258,61,197
153977,1,831,123,708
153977,2,831,123,708
153977,3,826,121,705
153977,4,46,8,38
153977,5,780,113,667
153977,11,5,2,3
153977,19,237,43,194
153977,20,543,70,473
153977,21,357,56,301
153977,22,357,56,301
153977,23,357,56,301
153977,24,32,5,27
153977,25,325,51,274
153977,39,136,29,107
153977,40,189,22,167
153977,41,474,67,407
153977,42,474,67,407
153977,43,469,65,404
153977,44,14,3,11
153977,45,455,62,393
153977,51,5,2,3
153977,59,101,14,87
153977,60,354,48,306
154004,1,2542,840,1702
154004,2,1305,616,689
154004,3,1267,600,667
154004,4,357,160,197
154004,5,910,440,470
154004,11,38,16,22
154004,12,1237,224,1013
154004,19,69,26,43
154004,20,841,414,427
154004,21,1275,599,676
154004,22,1263,596,667
154004,23,1240,587,653
154004,24,357,160,197
154004,25,883,427,456
154004,31,23,9,14
154004,32,12,3,9
154004,39,69,26,43
154004,40,814,401,413
154004,41,1267,241,1026
154004,42,42,20,22
154004,43,27,13,14
154004,45,27,13,14
154004,51,15,7,8
154004,52,1225,221,1004
154004,60,27,13,14
154013,1,1761,542,1219
154013,2,1476,454,1022
154013,3,1454,444,1010
154013,4,154,40,114
154013,5,1300,404,896
154013,11,22,10,12
154013,12,285,88,197
154013,19,276,101,175
154013,20,1024,303,721
154013,21,995,299,696
154013,22,882,273,609
154013,23,880,273,607
154013,24,154,40,114
154013,25,726,233,493
154013,31,2,0,2
154013,32,113,26,87
154013,39,148,64,84
154013,40,578,169,409
154013,41,766,243,523
154013,42,594,181,413
154013,43,574,171,403
154013,45,574,171,403
154013,51,20,10,10
154013,52,172,62,110
154013,59,128,37,91
154013,60,446,134,312
154022,1,58104,16414,41690
154022,2,50895,14706,36189
154022,3,50403,14371,36032
154022,4,866,257,609
154022,5,49537,14114,35423
154022,11,492,335,157
154022,12,7209,1708,5501
154022,19,5789,1543,4246
154022,20,43748,12571,31177
154022,21,58078,16407,41671
154022,22,50869,14699,36170
154022,23,50394,14366,36028
154022,24,866,257,609
154022,25,49528,14109,35419
154022,31,475,333,142
154022,32,7209,1708,5501
154022,39,5789,1543,4246
154022,40,43739,12566,31173
154022,41,26,7,19
154022,42,26,7,19
154022,43,9,5,4
154022,45,9,5,4
154022,51,17,2,15
154022,60,9,5,4
154059,1,3207,1420,1787
154059,2,3207,1420,1787
154059,3,2139,941,1198
154059,4,647,354,293
154059,5,1492,587,905
154059,11,1068,479,589
154059,19,151,51,100
154059,20,1341,536,805
154059,21,1561,791,770
154059,22,1561,791,770
154059,23,1520,760,760
154059,24,572,324,248
154059,25,948,436,512
154059,31,41,31,10
154059,39,107,41,66
154059,40,841,395,446
154059,41,1646,629,1017
154059,42,1646,629,1017
154059,43,619,181,438
154059,44,75,30,45
154059,45,544,151,393
154059,51,1027,448,579
154059,59,44,10,34
154059,60,500,141,359
154095,1,12159,5030,7129
154095,2,10380,4471,5909
154095,3,10170,4384,5786
154095,4,1722,646,1076
154095,5,8448,3738,4710
154095,11,210,87,123
154095,12,1779,559,1220
154095,19,912,449,463
154095,20,7536,3289,4247
154095,21,9968,4118,5850
154095,22,9330,3926,5404
154095,23,9298,3920,5378
154095,24,1689,636,1053
154095,25,7609,3284,4325
154095,31,32,6,26
154095,32,638,192,446
154095,39,827,404,423
154095,40,6782,2880,3902
154095,41,2191,912,1279
154095,42,1050,545,505
154095,43,872,464,408
154095,44,33,10,23
154095,45,839,454,385
154095,51,178,81,97
154095,52,1141,367,774
154095,59,85,45,40
154095,60,754,409,345
154101,1,1233,532,701
154101,2,1233,532,701
154101,3,1147,509,638
154101,4,284,135,149
154101,5,863,374,489
154101,11,86,23,63
154101,19,40,22,18
154101,20,823,352,471
154101,21,1133,500,633
154101,22,1133,500,633
154101,23,1121,497,624
154101,24,284,135,149
154101,25,837,362,475
154101,31,12,3,9
154101,39,37,21,16
154101,40,800,341,459
154101,41,100,32,68
154101,42,100,32,68
154101,43,26,12,14
154101,45,26,12,14
154101,51,74,20,54
154101,59,3,1,2
154101,60,23,11,12
154110,1,5201,2080,3121
154110,2,5201,2080,3121
154110,3,3025,1088,1937
154110,4,770,381,389
154110,5,2255,707,1548
154110,11,2176,992,1184
154110,19,234,88,146
154110,20,2021,619,1402
154110,21,1856,798,1058
154110,22,1856,798,1058
154110,23,1774,761,1013
154110,24,592,308,284
154110,25,1182,453,729
154110,31,82,37,45
154110,39,134,54,80
154110,40,1048,399,649
154110,41,3345,1282,2063
154110,42,3345,1282,2063
154110,43,1251,327,924
154110,44,178,73,105
154110,45,1073,254,819
154110,51,2094,955,1139
154110,59,100,34,66
154110,60,973,220,753
154129,1,1628,716,912
154129,2,1628,716,912
154129,3,826,394,432
154129,4,246,162,84
154129,5,580,232,348
154129,11,802,322,480
154129,19,203,80,123
154129,20,377,152,225
154129,21,631,355,276
154129,22,631,355,276
154129,23,613,348,265
154129,24,225,159,66
154129,25,388,189,199
154129,31,18,7,11
154129,39,139,67,72
154129,40,249,122,127
154129,41,997,361,636
154129,42,997,361,636
154129,43,213,46,167
154129,44,21,3,18
154129,45,192,43,149
154129,51,784,315,469
154129,59,64,13,51
154129,60,128,30,98
154156,1,1763,814,949
154156,12,1763,814,949
154156,21,1408,737,671
154156,32,1408,737,671
154156,41,355,77,278
154156,52,355,77,278
154165,1,63,1,62
154165,2,63,1,62
154165,3,63,1,62
154165,4,14,0,14
154165,5,49,1,48
154165,20,49,1,48
154165,21,63,1,62
154165,22,63,1,62
154165,23,63,1,62
154165,24,14,0,14
154165,25,49,1,48
154165,40,49,1,48
154174,1,2135,1286,849
154174,2,39,19,20
154174,3,39,19,20
154174,4,6,1,5
154174,5,33,18,15
154174,12,2096,1267,829
154174,19,12,6,6
154174,20,21,12,9
154174,21,2100,1264,836
154174,22,36,19,17
154174,23,36,19,17
154174,24,5,1,4
154174,25,31,18,13
154174,32,2064,1245,819
154174,39,11,6,5
154174,40,20,12,8
154174,41,35,22,13
154174,42,3,0,3
154174,43,3,0,3
154174,44,1,0,1
154174,45,2,0,2
154174,52,32,22,10
154174,59,1,0,1
154174,60,1,0,1
154208,1,141,4,137
154208,2,141,4,137
154208,3,141,4,137
154208,4,32,1,31
154208,5,109,3,106
154208,20,109,3,106
154208,21,141,4,137
154208,22,141,4,137
154208,23,141,4,137
154208,24,32,1,31
154208,25,109,3,106
154208,40,109,3,106
154235,1,3607,1456,2151
154235,2,2743,1137,1606
154235,3,2716,1129,1587
154235,4,562,242,320
154235,5,2154,887,1267
154235,11,27,8,19
154235,12,864,319,545
154235,19,267,114,153
154235,20,1887,773,1114
154235,21,2832,1129,1703
154235,22,2440,1043,1397
154235,23,2435,1043,1392
154235,24,561,242,319
154235,25,1874,801,1073
154235,31,5,0,5
154235,32,392,86,306
154235,39,219,99,120
154235,40,1655,702,953
154235,41,775,327,448
154235,42,303,94,209
154235,43,281,86,195
154235,44,1,0,1
154235,45,280,86,194
154235,51,22,8,14
154235,52,472,233,239
154235,59,48,15,33
154235,60,232,71,161
154262,1,184,28,156
154262,2,184,28,156
154262,3,184,28,156
154262,4,1,0,1
154262,5,183,28,155
154262,19,63,10,53
154262,20,120,18,102
154262,21,139,20,119
154262,22,139,20,119
154262,23,139,20,119
154262,24,1,0,1
154262,25,138,20,118
154262,39,33,6,27
154262,40,105,14,91
154262,41,45,8,37
154262,42,45,8,37
154262,43,45,8,37
154262,45,45,8,37
154262,59,30,4,26
154262,60,15,4,11
154332,1,47,2,45
154332,2,47,2,45
154332,3,47,2,45
154332,4,13,0,13
154332,5,34,2,32
154332,20,34,2,32
154332,21,47,2,45
154332,22,47,2,45
154332,23,47,2,45
154332,24,13,0,13
154332,25,34,2,32
154332,40,34,2,32
154341,1,64,5,59
154341,2,64,5,59
154341,3,64,5,59
154341,4,20,0,20
154341,5,44,5,39
154341,20,44,5,39
154341,21,64,5,59
154341,22,64,5,59
154341,23,64,5,59
154341,24,20,0,20
154341,25,44,5,39
154341,40,44,5,39
154350,1,1773,768,1005
154350,2,1712,749,963
154350,3,1687,740,947
154350,4,377,152,225
154350,5,1310,588,722
154350,11,25,9,16
154350,12,61,19,42
154350,19,111,52,59
154350,20,1199,536,663
154350,21,1500,647,853
154350,22,1486,641,845
154350,23,1486,641,845
154350,24,373,150,223
154350,25,1113,491,622
154350,32,14,6,8
154350,39,82,35,47
154350,40,1031,456,575
154350,41,273,121,152
154350,42,226,108,118
154350,43,201,99,102
154350,44,4,2,2
154350,45,197,97,100
154350,51,25,9,16
154350,52,47,13,34
154350,59,29,17,12
154350,60,168,80,88
154378,1,3225,1302,1923
154378,2,3225,1302,1923
154378,3,2698,1070,1628
154378,4,381,181,200
154378,5,2317,889,1428
154378,11,527,232,295
154378,19,102,45,57
154378,20,2215,844,1371
154378,21,1611,683,928
154378,22,1611,683,928
154378,23,1482,621,861
154378,24,311,160,151
154378,25,1171,461,710
154378,31,129,62,67
154378,39,80,40,40
154378,40,1091,421,670
154378,41,1614,619,995
154378,42,1614,619,995
154378,43,1216,449,767
154378,44,70,21,49
154378,45,1146,428,718
154378,51,398,170,228
154378,59,22,5,17
154378,60,1124,423,701
154396,1,1573,645,928
154396,2,1573,645,928
154396,3,942,370,572
154396,4,313,162,151
154396,5,629,208,421
154396,11,631,275,356
154396,19,100,31,69
154396,20,529,177,352
154396,21,739,332,407
154396,22,739,332,407
154396,23,726,324,402
154396,24,289,155,134
154396,25,437,169,268
154396,31,13,8,5
154396,39,67,26,41
154396,40,370,143,227
154396,41,834,313,521
154396,42,834,313,521
154396,43,216,46,170
154396,44,24,7,17
154396,45,192,39,153
154396,51,618,267,351
154396,59,33,5,28
154396,60,159,34,125
154448,1,190,7,183
154448,2,190,7,183
154448,3,190,7,183
154448,4,22,1,21
154448,5,168,6,162
154448,20,168,6,162
154448,21,190,7,183
154448,22,190,7,183
154448,23,190,7,183
154448,24,22,1,21
154448,25,168,6,162
154448,40,168,6,162
154457,1,54,0,54
154457,2,54,0,54
154457,3,54,0,54
154457,4,19,0,19
154457,5,35,0,35
154457,20,35,0,35
154457,21,54,0,54
154457,22,54,0,54
154457,23,54,0,54
154457,24,19,0,19
154457,25,35,0,35
154457,40,35,0,35
154466,1,68,1,67
154466,2,68,1,67
154466,3,68,1,67
154466,4,19,0,19
154466,5,49,1,48
154466,20,49,1,48
154466,21,68,1,67
154466,22,68,1,67
154466,23,68,1,67
154466,24,19,0,19
154466,25,49,1,48
154466,40,49,1,48
154493,1,5304,2048,3256
154493,2,4632,1853,2779
154493,3,4513,1808,2705
154493,4,267,139,128
154493,5,4246,1669,2577
154493,11,119,45,74
154493,12,672,195,477
154493,19,183,56,127
154493,20,4063,1613,2450
154493,21,3651,1414,2237
154493,22,2981,1220,1761
154493,23,2946,1201,1745
154493,24,241,132,109
154493,25,2705,1069,1636
154493,31,35,19,16
154493,32,670,194,476
154493,39,115,39,76
154493,40,2590,1030,1560
154493,41,1653,634,1019
154493,42,1651,633,1018
154493,43,1567,607,960
154493,44,26,7,19
154493,45,1541,600,941
154493,51,84,26,58
154493,52,2,1,1
154493,59,68,17,51
154493,60,1473,583,890
154518,1,1150,700,450
154518,2,1150,700,450
154518,3,1090,671,419
154518,4,120,65,55
154518,5,970,606,364
154518,11,60,29,31
154518,19,183,120,63
154518,20,787,486,301
154518,21,923,556,367
154518,22,923,556,367
154518,23,921,554,367
154518,24,119,64,55
154518,25,802,490,312
154518,31,2,2,0
154518,39,145,96,49
154518,40,657,394,263
154518,41,227,144,83
154518,42,227,144,83
154518,43,169,117,52
154518,44,1,1,0
154518,45,168,116,52
154518,51,58,27,31
154518,59,38,24,14
154518,60,130,92,38
154527,1,1714,812,902
154527,2,1714,812,902
154527,3,1669,794,875
154527,4,451,207,244
154527,5,1218,587,631
154527,11,45,18,27
154527,19,36,23,13
154527,20,1182,564,618
154527,21,1643,772,871
154527,22,1643,772,871
154527,23,1641,771,870
154527,24,451,207,244
154527,25,1190,564,626
154527,31,2,1,1
154527,39,35,22,13
154527,40,1155,542,613
154527,41,71,40,31
154527,42,71,40,31
154527,43,28,23,5
154527,45,28,23,5
154527,51,43,17,26
154527,59,1,1,0
154527,60,27,22,5
154536,1,139,63,76
154536,12,139,63,76
154536,21,127,60,67
154536,32,127,60,67
154536,41,12,3,9
154536,52,12,3,9
154545,1,46,7,39
154545,2,46,7,39
154545,3,46,7,39
154545,4,11,2,9
154545,5,35,5,30
154545,20,35,5,30
154545,21,46,7,39
154545,22,46,7,39
154545,23,46,7,39
154545,24,11,2,9
154545,25,35,5,30
154545,40,35,5,30
154572,1,6331,2669,3662
154572,2,6331,2669,3662
154572,3,3557,1386,2171
154572,4,570,273,297
154572,5,2987,1113,1874
154572,11,2774,1283,1491
154572,19,1173,441,732
154572,20,1814,672,1142
154572,21,2459,1106,1353
154572,22,2459,1106,1353
154572,23,2195,985,1210
154572,24,427,215,212
154572,25,1768,770,998
154572,31,264,121,143
154572,39,690,299,391
154572,40,1078,471,607
154572,41,3872,1563,2309
154572,42,3872,1563,2309
154572,43,1362,401,961
154572,44,143,58,85
154572,45,1219,343,876
154572,51,2510,1162,1348
154572,59,483,142,341
154572,60,736,201,535
154590,1,1875,910,965
154590,2,1728,862,866
154590,3,1558,792,766
154590,4,264,173,91
154590,5,1294,619,675
154590,11,170,70,100
154590,12,147,48,99
154590,19,217,106,111
154590,20,1077,513,564
154590,21,1655,831,824
154590,22,1536,787,749
154590,23,1526,783,743
154590,24,264,173,91
154590,25,1262,610,652
154590,31,10,4,6
154590,32,119,44,75
154590,39,209,105,104
154590,40,1053,505,548
154590,41,220,79,141
154590,42,192,75,117
154590,43,32,9,23
154590,45,32,9,23
154590,51,160,66,94
154590,52,28,4,24
154590,59,8,1,7
154590,60,24,8,16
154642,1,2852,1007,1845
154642,2,2852,1007,1845
154642,3,2852,1007,1845
154642,4,551,226,325
154642,5,2301,781,1520
154642,19,200,83,117
154642,20,2101,698,1403
154642,21,1327,454,873
154642,22,1327,454,873
154642,23,1327,454,873
154642,24,418,176,242
154642,25,909,278,631
154642,39,138,58,80
154642,40,771,220,551
154642,41,1525,553,972
154642,42,1525,553,972
154642,43,1525,553,972
154642,44,133,50,83
154642,45,1392,503,889
154642,59,62,25,37
154642,60,1330,478,852
154688,1,3076,1237,1839
154688,2,1897,814,1083
154688,3,1759,773,986
154688,4,235,122,113
154688,5,1524,651,873
154688,11,138,41,97
154688,12,1179,423,756
154688,19,180,62,118
154688,20,1344,589,755
154688,21,1315,584,731
154688,22,1069,479,590
154688,23,1066,479,587
154688,24,235,122,113
154688,25,831,357,474
154688,31,3,0,3
154688,32,246,105,141
154688,39,96,29,67
154688,40,735,328,407
154688,41,1761,653,1108
154688,42,828,335,493
154688,43,693,294,399
154688,45,693,294,399
154688,51,135,41,94
154688,52,933,318,615
154688,59,84,33,51
154688,60,609,261,348
154697,1,5210,2713,2497
154697,2,5210,2713,2497
154697,3,2585,1163,1422
154697,4,712,349,363
154697,5,1873,814,1059
154697,11,2625,1550,1075
154697,19,179,64,115
154697,20,1694,750,944
154697,21,1402,582,820
154697,22,1402,582,820
154697,23,1282,524,758
154697,24,430,190,240
154697,25,852,334,518
154697,31,120,58,62
154697,39,109,44,65
154697,40,743,290,453
154697,41,3808,2131,1677
154697,42,3808,2131,1677
154697,43,1303,639,664
154697,44,282,159,123
154697,45,1021,480,541
154697,51,2505,1492,1013
154697,59,70,20,50
154697,60,951,460,491
154712,1,2177,1037,1140
154712,2,2113,1005,1108
154712,3,1750,826,924
154712,4,494,232,262
154712,5,1256,594,662
154712,11,363,179,184
154712,12,64,32,32
154712,19,69,44,25
154712,20,1187,550,637
154712,21,1796,856,940
154712,22,1750,831,919
154712,23,1728,817,911
154712,24,494,232,262
154712,25,1234,585,649
154712,31,22,14,8
154712,32,46,25,21
154712,39,68,44,24
154712,40,1166,541,625
154712,41,381,181,200
154712,42,363,174,189
154712,43,22,9,13
154712,45,22,9,13
154712,51,341,165,176
154712,52,18,7,11
154712,59,1,0,1
154712,60,21,9,12
154721,1,665,396,269
154721,2,665,396,269
154721,3,604,361,243
154721,4,184,117,67
154721,5,420,244,176
154721,11,61,35,26
154721,19,75,53,22
154721,20,345,191,154
154721,21,603,360,243
154721,22,603,360,243
154721,23,602,359,243
154721,24,184,117,67
154721,25,418,242,176
154721,31,1,1,0
154721,39,75,53,22
154721,40,343,189,154
154721,41,62,36,26
154721,42,62,36,26
154721,43,2,2,0
154721,45,2,2,0
154721,51,60,34,26
154721,60,2,2,0
154749,1,482,237,245
154749,2,482,237,245
154749,3,482,237,245
154749,4,123,77,46
154749,5,359,160,199
154749,19,74,32,42
154749,20,285,128,157
154749,21,464,232,232
154749,22,464,232,232
154749,23,464,232,232
154749,24,123,77,46
154749,25,341,155,186
154749,39,71,32,39
154749,40,270,123,147
154749,41,18,5,13
154749,42,18,5,13
154749,43,18,5,13
154749,45,18,5,13
154749,59,3,0,3
154749,60,15,5,10
154767,1,486,78,408
154767,2,486,78,408
154767,3,486,78,408
154767,4,134,19,115
154767,5,352,59,293
154767,19,17,2,15
154767,20,335,57,278
154767,21,486,78,408
154767,22,486,78,408
154767,23,486,78,408
154767,24,134,19,115
154767,25,352,59,293
154767,39,17,2,15
154767,40,335,57,278
154776,1,508,127,381
154776,2,508,127,381
154776,3,506,126,380
154776,4,187,64,123
154776,5,319,62,257
154776,11,2,1,1
154776,19,2,0,2
154776,20,317,62,255
154776,21,508,127,381
154776,22,508,127,381
154776,23,506,126,380
154776,24,187,64,123
154776,25,319,62,257
154776,31,2,1,1
154776,39,2,0,2
154776,40,317,62,255
154794,1,88,31,57
154794,2,88,31,57
154794,3,88,31,57
154794,4,8,7,1
154794,5,80,24,56
154794,19,10,2,8
154794,20,70,22,48
154794,21,88,31,57
154794,22,88,31,57
154794,23,88,31,57
154794,24,8,7,1
154794,25,80,24,56
154794,39,10,2,8
154794,40,70,22,48
154800,1,9142,3814,5328
154800,2,9142,3814,5328
154800,3,6861,2835,4026
154800,4,1700,790,910
154800,5,5161,2045,3116
154800,11,2281,979,1302
154800,19,618,255,363
154800,20,4543,1790,2753
154800,21,4111,1923,2188
154800,22,4111,1923,2188
154800,23,3521,1653,1868
154800,24,1250,586,664
154800,25,2271,1067,1204
154800,31,590,270,320
154800,39,304,142,162
154800,40,1967,925,1042
154800,41,5031,1891,3140
154800,42,5031,1891,3140
154800,43,3340,1182,2158
154800,44,450,204,246
154800,45,2890,978,1912
154800,51,1691,709,982
154800,59,314,113,201
154800,60,2576,865,1711
154837,1,337,173,164
154837,2,82,29,53
154837,3,82,29,53
154837,4,32,8,24
154837,5,50,21,29
154837,12,255,144,111
154837,19,29,11,18
154837,20,21,10,11
154837,21,248,132,116
154837,22,77,25,52
154837,23,77,25,52
154837,24,30,6,24
154837,25,47,19,28
154837,32,171,107,64
154837,39,28,11,17
154837,40,19,8,11
154837,41,89,41,48
154837,42,5,4,1
154837,43,5,4,1
154837,44,2,2,0
154837,45,3,2,1
154837,52,84,37,47
154837,59,1,0,1
154837,60,2,2,0
154855,1,1037,533,504
154855,2,1037,533,504
154855,3,765,421,344
154855,4,173,102,71
154855,5,592,319,273
154855,11,272,112,160
154855,19,94,56,38
154855,20,498,263,235
154855,21,741,412,329
154855,22,741,412,329
154855,23,739,412,327
154855,24,173,102,71
154855,25,566,310,256
154855,31,2,0,2
154855,39,93,55,38
154855,40,473,255,218
154855,41,296,121,175
154855,42,296,121,175
154855,43,26,9,17
154855,45,26,9,17
154855,51,270,112,158
154855,59,1,1,0
154855,60,25,8,17
154907,1,2318,884,1434
154907,2,2318,884,1434
154907,3,1296,460,836
154907,4,406,185,221
154907,5,890,275,615
154907,11,1022,424,598
154907,19,182,62,120
154907,20,708,213,495
154907,21,883,386,497
154907,22,883,386,497
154907,23,851,374,477
154907,24,357,175,182
154907,25,494,199,295
154907,31,32,12,20
154907,39,98,47,51
154907,40,396,152,244
154907,41,1435,498,937
154907,42,1435,498,937
154907,43,445,86,359
154907,44,49,10,39
154907,45,396,76,320
154907,51,990,412,578
154907,59,84,15,69
154907,60,312,61,251
154925,1,1866,937,929
154925,2,1866,937,929
154925,3,1273,716,557
154925,4,528,318,210
154925,5,745,398,347
154925,11,593,221,372
154925,19,70,37,33
154925,20,675,361,314
154925,21,1072,631,441
154925,22,1072,631,441
154925,23,1072,631,441
154925,24,495,305,190
154925,25,577,326,251
154925,39,65,34,31
154925,40,512,292,220
154925,41,794,306,488
154925,42,794,306,488
154925,43,201,85,116
154925,44,33,13,20
154925,45,168,72,96
154925,51,593,221,372
154925,59,5,3,2
154925,60,163,69,94
154934,1,1402,497,905
154934,2,1402,497,905
154934,3,815,255,560
154934,4,320,122,198
154934,5,495,133,362
154934,11,587,242,345
154934,19,121,27,94
154934,20,374,106,268
154934,21,643,252,391
154934,22,643,252,391
154934,23,570,211,359
154934,24,275,110,165
154934,25,295,101,194
154934,31,73,41,32
154934,39,63,19,44
154934,40,232,82,150
154934,41,759,245,514
154934,42,759,245,514
154934,43,245,44,201
154934,44,45,12,33
154934,45,200,32,168
154934,51,514,201,313
154934,59,58,8,50
154934,60,142,24,118
154952,1,3888,1504,2384
154952,2,3888,1504,2384
154952,3,3395,1333,2062
154952,4,762,354,408
154952,5,2633,979,1654
154952,11,493,171,322
154952,19,126,51,75
154952,20,2507,928,1579
154952,21,2071,853,1218
154952,22,2071,853,1218
154952,23,2071,853,1218
154952,24,561,257,304
154952,25,1510,596,914
154952,39,60,18,42
154952,40,1450,578,872
154952,41,1817,651,1166
154952,42,1817,651,1166
154952,43,1324,480,844
154952,44,201,97,104
154952,45,1123,383,740
154952,51,493,171,322
154952,59,66,33,33
154952,60,1057,350,707
154970,1,111,10,101
154970,2,111,10,101
154970,3,111,10,101
154970,4,31,3,28
154970,5,80,7,73
154970,20,80,7,73
154970,21,105,10,95
154970,22,105,10,95
154970,23,105,10,95
154970,24,31,3,28
154970,25,74,7,67
154970,40,74,7,67
154970,41,6,0,6
154970,42,6,0,6
154970,43,6,0,6
154970,45,6,0,6
154970,60,6,0,6
154998,1,1785,888,897
154998,2,1785,888,897
154998,3,1161,611,550
154998,4,461,250,211
154998,5,700,361,339
154998,11,624,277,347
154998,19,88,59,29
154998,20,612,302,310
154998,21,975,526,449
154998,22,975,526,449
154998,23,888,498,390
154998,24,407,229,178
154998,25,481,269,212
154998,31,87,28,59
154998,39,63,47,16
154998,40,418,222,196
154998,41,810,362,448
154998,42,810,362,448
154998,43,273,113,160
154998,44,54,21,33
154998,45,219,92,127
154998,51,537,249,288
154998,59,25,12,13
154998,60,194,80,114
155007,1,474,145,329
155007,2,474,145,329
155007,3,419,127,292
155007,4,135,48,87
155007,5,284,79,205
155007,11,55,18,37
155007,19,19,7,12
155007,20,265,72,193
155007,21,271,99,172
155007,22,271,99,172
155007,23,220,81,139
155007,24,105,42,63
155007,25,115,39,76
155007,31,51,18,33
155007,39,7,3,4
155007,40,108,36,72
155007,41,203,46,157
155007,42,203,46,157
155007,43,199,46,153
155007,44,30,6,24
155007,45,169,40,129
155007,51,4,0,4
155007,59,12,4,8
155007,60,157,36,121
155025,1,6033,2235,3798
155025,2,3873,1532,2341
155025,3,3724,1477,2247
155025,4,696,233,463
155025,5,3028,1244,1784
155025,11,149,55,94
155025,12,2160,703,1457
155025,19,387,147,240
155025,20,2641,1097,1544
155025,21,3787,1465,2322
155025,22,3445,1353,2092
155025,23,3384,1328,2056
155025,24,668,218,450
155025,25,2716,1110,1606
155025,31,61,25,36
155025,32,342,112,230
155025,39,339,134,205
155025,40,2377,976,1401
155025,41,2246,770,1476
155025,42,428,179,249
155025,43,340,149,191
155025,44,28,15,13
155025,45,312,134,178
155025,51,88,30,58
155025,52,1818,591,1227
155025,59,48,13,35
155025,60,264,121,143
155052,1,834,450,384
155052,2,834,450,384
155052,3,600,337,263
155052,4,174,103,71
155052,5,426,234,192
155052,11,234,113,121
155052,19,116,46,70
155052,20,310,188,122
155052,21,509,292,217
155052,22,509,292,217
155052,23,493,285,208
155052,24,155,97,58
155052,25,338,188,150
155052,31,16,7,9
155052,39,96,40,56
155052,40,242,148,94
155052,41,325,158,167
155052,42,325,158,167
155052,43,107,52,55
155052,44,19,6,13
155052,45,88,46,42
155052,51,218,106,112
155052,59,20,6,14
155052,60,68,40,28
155061,1,13441,5469,7972
155061,2,11433,4703,6730
155061,3,11064,4523,6541
155061,4,1063,466,597
155061,5,10001,4057,5944
155061,11,369,180,189
155061,12,2008,766,1242
155061,19,2091,871,1220
155061,20,7910,3186,4724
155061,21,5999,2530,3469
155061,22,5449,2312,3137
155061,23,5317,2230,3087
155061,24,981,429,552
155061,25,4336,1801,2535
155061,31,132,82,50
155061,32,550,218,332
155061,39,629,277,352
155061,40,3707,1524,2183
155061,41,7442,2939,4503
155061,42,5984,2391,3593
155061,43,5747,2293,3454
155061,44,82,37,45
155061,45,5665,2256,3409
155061,51,237,98,139
155061,52,1458,548,910
155061,59,1462,594,868
155061,60,4203,1662,2541
155070,1,260,133,127
155070,2,234,113,121
155070,3,233,113,120
155070,4,49,28,21
155070,5,184,85,99
155070,11,1,0,1
155070,12,26,20,6
155070,19,31,18,13
155070,20,153,67,86
155070,21,209,104,105
155070,22,183,84,99
155070,23,183,84,99
155070,24,37,17,20
155070,25,146,67,79
155070,32,26,20,6
155070,39,20,10,10
155070,40,126,57,69
155070,41,51,29,22
155070,42,51,29,22
155070,43,50,29,21
155070,44,12,11,1
155070,45,38,18,20
155070,51,1,0,1
155070,59,11,8,3
155070,60,27,10,17
155089,1,2178,913,1265
155089,2,1609,713,896
155089,3,1568,693,875
155089,4,184,91,93
155089,5,1384,602,782
155089,11,41,20,21
155089,12,569,200,369
155089,19,263,109,154
155089,20,1121,493,628
155089,21,1206,530,676
155089,22,1045,480,565
155089,23,1045,480,565
155089,24,178,90,88
155089,25,867,390,477
155089,32,161,50,111
155089,39,160,67,93
155089,40,707,323,384
155089,41,972,383,589
155089,42,564,233,331
155089,43,523,213,310
155089,44,6,1,5
155089,45,517,212,305
155089,51,41,20,21
155089,52,408,150,258
155089,59,103,42,61
155089,60,414,170,244
155098,1,1931,951,980
155098,2,1931,951,980
155098,3,1409,754,655
155098,4,503,286,217
155098,5,906,468,438
155098,11,522,197,325
155098,19,289,152,137
155098,20,617,316,301
155098,21,962,570,392
155098,22,962,570,392
155098,23,920,550,370
155098,24,385,231,154
155098,25,535,319,216
155098,31,42,20,22
155098,39,151,104,47
155098,40,384,215,169
155098,41,969,381,588
155098,42,969,381,588
155098,43,489,204,285
155098,44,118,55,63
155098,45,371,149,222
155098,51,480,177,303
155098,59,138,48,90
155098,60,233,101,132
155104,1,1997,916,1081
155104,2,1997,916,1081
155104,3,1448,677,771
155104,4,507,291,216
155104,5,941,386,555
155104,11,549,239,310
155104,19,66,36,30
155104,20,875,350,525
155104,21,1069,545,524
155104,22,1069,545,524
155104,23,1050,537,513
155104,24,445,269,176
155104,25,605,268,337
155104,31,19,8,11
155104,39,50,28,22
155104,40,555,240,315
155104,41,928,371,557
155104,42,928,371,557
155104,43,398,140,258
155104,44,62,22,40
155104,45,336,118,218
155104,51,530,231,299
155104,59,16,8,8
155104,60,320,110,210
155140,1,742,371,371
155140,2,742,371,371
155140,3,741,371,370
155140,4,146,82,64
155140,5,595,289,306
155140,11,1,0,1
155140,19,52,21,31
155140,20,543,268,275
155140,21,721,363,358
155140,22,721,363,358
155140,23,720,363,357
155140,24,145,81,64
155140,25,575,282,293
155140,31,1,0,1
155140,39,40,21,19
155140,40,535,261,274
155140,41,21,8,13
155140,42,21,8,13
155140,43,21,8,13
155140,44,1,1,0
155140,45,20,7,13
155140,59,12,0,12
155140,60,8,7,1
155159,1,77,2,75
155159,2,77,2,75
155159,3,77,2,75
155159,4,40,1,39
155159,5,37,1,36
155159,20,37,1,36
155159,21,77,2,75
155159,22,77,2,75
155159,23,77,2,75
155159,24,40,1,39
155159,25,37,1,36
155159,40,37,1,36
155177,1,445,188,257
155177,2,445,188,257
155177,3,440,183,257
155177,4,165,78,87
155177,5,275,105,170
155177,11,5,5,0
155177,19,50,15,35
155177,20,225,90,135
155177,21,376,169,207
155177,22,376,169,207
155177,23,376,169,207
155177,24,163,76,87
155177,25,213,93,120
155177,39,22,12,10
155177,40,191,81,110
155177,41,69,19,50
155177,42,69,19,50
155177,43,64,14,50
155177,44,2,2,0
155177,45,62,12,50
155177,51,5,5,0
155177,59,28,3,25
155177,60,34,9,25
155186,1,3226,1387,1839
155186,2,3226,1387,1839
155186,3,1777,772,1005
155186,4,579,319,260
155186,5,1198,453,745
155186,11,1449,615,834
155186,19,282,111,171
155186,20,916,342,574
155186,21,1178,589,589
155186,22,1178,589,589
155186,23,1118,569,549
155186,24,477,276,201
155186,25,641,293,348
155186,31,60,20,40
155186,39,131,62,69
155186,40,510,231,279
155186,41,2048,798,1250
155186,42,2048,798,1250
155186,43,659,203,456
155186,44,102,43,59
155186,45,557,160,397
155186,51,1389,595,794
155186,59,151,49,102
155186,60,406,111,295
155195,1,6127,2815,3312
155195,2,6127,2815,3312
155195,3,4064,1737,2327
155195,4,1094,560,534
155195,5,2970,1177,1793
155195,11,2063,1078,985
155195,19,320,114,206
155195,20,2650,1063,1587
155195,21,2371,1166,1205
155195,22,2371,1166,1205
155195,23,2330,1139,1191
155195,24,915,478,437
155195,25,1415,661,754
155195,31,41,27,14
155195,39,142,62,80
155195,40,1273,599,674
155195,41,3756,1649,2107
155195,42,3756,1649,2107
155195,43,1734,598,1136
155195,44,179,82,97
155195,45,1555,516,1039
155195,51,2022,1051,971
155195,59,178,52,126
155195,60,1377,464,913
155201,1,1031,468,563
155201,2,1031,468,563
155201,3,678,320,358
155201,4,310,169,141
155201,5,368,151,217
155201,11,353,148,205
155201,19,59,25,34
155201,20,309,126,183
155201,21,575,295,280
155201,22,575,295,280
155201,23,559,288,271
155201,24,291,163,128
155201,25,268,125,143
155201,31,16,7,9
155201,39,45,23,22
155201,40,223,102,121
155201,41,456,173,283
155201,42,456,173,283
155201,43,119,32,87
155201,44,19,6,13
155201,45,100,26,74
155201,51,337,141,196
155201,59,14,2,12
155201,60,86,24,62
155210,1,19672,9157,10515
155210,2,19672,9157,10515
155210,3,12361,5795,6566
155210,4,2100,1123,977
155210,5,10261,4672,5589
155210,11,7311,3362,3949
155210,19,997,446,551
155210,20,9264,4226,5038
155210,21,6331,3135,3196
155210,22,6331,3135,3196
155210,23,5335,2619,2716
155210,24,1377,743,634
155210,25,3958,1876,2082
155210,31,996,516,480
155210,39,449,219,230
155210,40,3509,1657,1852
155210,41,13341,6022,7319
155210,42,13341,6022,7319
155210,43,7026,3176,3850
155210,44,723,380,343
155210,45,6303,2796,3507
155210,51,6315,2846,3469
155210,59,548,227,321
155210,60,5755,2569,3186
155283,1,783,112,671
155283,2,783,112,671
155283,3,783,112,671
155283,4,207,28,179
155283,5,576,84,492
155283,20,576,84,492
155283,21,783,112,671
155283,22,783,112,671
155283,23,783,112,671
155283,24,207,28,179
155283,25,576,84,492
155283,40,576,84,492
155292,1,6570,2587,3983
155292,2,6570,2587,3983
155292,3,5327,2093,3234
155292,4,1023,504,519
155292,5,4304,1589,2715
155292,11,1243,494,749
155292,19,103,55,48
155292,20,4201,1534,2667
155292,21,2397,1050,1347
155292,22,2397,1050,1347
155292,23,2221,975,1246
155292,24,578,311,267
155292,25,1643,664,979
155292,31,176,75,101
155292,39,38,22,16
155292,40,1605,642,963
155292,41,4173,1537,2636
155292,42,4173,1537,2636
155292,43,3106,1118,1988
155292,44,445,193,252
155292,45,2661,925,1736
155292,51,1067,419,648
155292,59,65,33,32
155292,60,2596,892,1704
155317,1,26968,13137,13831
155317,2,19217,9639,9578
155317,3,18731,9398,9333
155317,4,4000,1948,2052
155317,5,14731,7450,7281
155317,11,486,241,245
155317,12,7751,3498,4253
155317,19,1421,689,732
155317,20,13310,6761,6549
155317,21,23034,11389,11645
155317,22,17193,8611,8582
155317,23,16877,8446,8431
155317,24,3898,1886,2012
155317,25,12979,6560,6419
155317,31,316,165,151
155317,32,5841,2778,3063
155317,39,1189,588,601
155317,40,11790,5972,5818
155317,41,3934,1748,2186
155317,42,2024,1028,996
155317,43,1854,952,902
155317,44,102,62,40
155317,45,1752,890,862
155317,51,170,76,94
155317,52,1910,720,1190
155317,59,232,101,131
155317,60,1520,789,731
155335,1,3736,1281,2455
155335,2,2795,1062,1733
155335,3,1276,438,838
155335,4,165,64,101
155335,5,1111,374,737
155335,11,1519,624,895
155335,12,941,219,722
155335,19,206,77,129
155335,20,905,297,608
155335,21,1275,436,839
155335,22,1121,394,727
155335,23,1107,390,717
155335,24,164,64,100
155335,25,943,326,617
155335,31,14,4,10
155335,32,154,42,112
155335,39,183,71,112
155335,40,760,255,505
155335,41,2461,845,1616
155335,42,1674,668,1006
155335,43,169,48,121
155335,44,1,0,1
155335,45,168,48,120
155335,51,1505,620,885
155335,52,787,177,610
155335,59,23,6,17
155335,60,145,42,103
155353,1,40,32,8
155353,2,40,32,8
155353,3,40,32,8
155353,4,33,26,7
155353,5,7,6,1
155353,20,7,6,1
155353,21,40,32,8
155353,22,40,32,8
155353,23,40,32,8
155353,24,33,26,7
155353,25,7,6,1
155353,40,7,6,1
155399,1,24581,12459,12122
155399,2,20169,10503,9666
155399,3,19647,10283,9364
155399,4,3821,1894,1927
155399,5,15826,8389,7437
155399,11,522,220,302
155399,12,4412,1956,2456
155399,19,1509,807,702
155399,20,14317,7582,6735
155399,21,20549,10631,9918
155399,22,18110,9496,8614
155399,23,17884,9392,8492
155399,24,3755,1860,1895
155399,25,14129,7532,6597
155399,31,226,104,122
155399,32,2439,1135,1304
155399,39,1313,717,596
155399,40,12816,6815,6001
155399,41,4032,1828,2204
155399,42,2059,1007,1052
155399,43,1763,891,872
155399,44,66,34,32
155399,45,1697,857,840
155399,51,296,116,180
155399,52,1973,821,1152
155399,59,196,90,106
155399,60,1501,767,734
155414,1,729,337,392
155414,2,684,317,367
155414,3,664,308,356
155414,4,151,77,74
155414,5,513,231,282
155414,11,20,9,11
155414,12,45,20,25
155414,19,104,63,41
155414,20,409,168,241
155414,21,624,290,334
155414,22,624,290,334
155414,23,624,290,334
155414,24,151,77,74
155414,25,473,213,260
155414,39,96,57,39
155414,40,377,156,221
155414,41,105,47,58
155414,42,60,27,33
155414,43,40,18,22
155414,45,40,18,22
155414,51,20,9,11
155414,52,45,20,25
155414,59,8,6,2
155414,60,32,12,20
155423,1,1162,679,483
155423,2,1162,679,483
155423,3,1161,679,482
155423,4,298,206,92
155423,5,863,473,390
155423,11,1,0,1
155423,20,863,473,390
155423,21,262,155,107
155423,22,262,155,107
155423,23,262,155,107
155423,24,83,69,14
155423,25,179,86,93
155423,40,179,86,93
155423,41,900,524,376
155423,42,900,524,376
155423,43,899,524,375
155423,44,215,137,78
155423,45,684,387,297
155423,51,1,0,1
155423,60,684,387,297
155441,1,37,4,33
155441,2,37,4,33
155441,3,37,4,33
155441,4,15,1,14
155441,5,22,3,19
155441,20,22,3,19
155441,21,24,1,23
155441,22,24,1,23
155441,23,24,1,23
155441,24,8,0,8
155441,25,16,1,15
155441,40,16,1,15
155441,41,13,3,10
155441,42,13,3,10
155441,43,13,3,10
155441,44,7,1,6
155441,45,6,2,4
155441,60,6,2,4
155450,1,1959,653,1306
155450,2,1959,653,1306
155450,3,1374,488,886
155450,4,201,99,102
155450,5,1173,389,784
155450,11,585,165,420
155450,19,82,30,52
155450,20,1091,359,732
155450,21,689,256,433
155450,22,689,256,433
155450,23,641,236,405
155450,24,176,85,91
155450,25,465,151,314
155450,31,48,20,28
155450,39,59,26,33
155450,40,406,125,281
155450,41,1270,397,873
155450,42,1270,397,873
155450,43,733,252,481
155450,44,25,14,11
155450,45,708,238,470
155450,51,537,145,392
155450,59,23,4,19
155450,60,685,234,451
155487,1,825,356,469
155487,2,825,356,469
155487,3,750,345,405
155487,4,235,110,125
155487,5,515,235,280
155487,11,75,11,64
155487,19,116,52,64
155487,20,399,183,216
155487,21,491,263,228
155487,22,491,263,228
155487,23,474,259,215
155487,24,128,86,42
155487,25,346,173,173
155487,31,17,4,13
155487,39,81,40,41
155487,40,265,133,132
155487,41,334,93,241
155487,42,334,93,241
155487,43,276,86,190
155487,44,107,24,83
155487,45,169,62,107
155487,51,58,7,51
155487,59,35,12,23
155487,60,134,50,84
155496,1,327,181,146
155496,2,327,181,146
155496,3,301,170,131
155496,4,73,42,31
155496,5,228,128,100
155496,11,26,11,15
155496,19,23,17,6
155496,20,205,111,94
155496,21,222,124,98
155496,22,222,124,98
155496,23,222,124,98
155496,24,73,42,31
155496,25,149,82,67
155496,39,22,16,6
155496,40,127,66,61
155496,41,105,57,48
155496,42,105,57,48
155496,43,79,46,33
155496,45,79,46,33
155496,51,26,11,15
155496,59,1,1,0
155496,60,78,45,33
155511,1,656,382,274
155511,2,637,378,259
155511,3,632,374,258
155511,4,170,99,71
155511,5,462,275,187
155511,11,5,4,1
155511,12,19,4,15
155511,19,92,61,31
155511,20,370,214,156
155511,21,603,353,250
155511,22,602,353,249
155511,23,602,353,249
155511,24,170,99,71
155511,25,432,254,178
155511,32,1,0,1
155511,39,84,58,26
155511,40,348,196,152
155511,41,53,29,24
155511,42,35,25,10
155511,43,30,21,9
155511,45,30,21,9
155511,51,5,4,1
155511,52,18,4,14
155511,59,8,3,5
155511,60,22,18,4
155520,1,1907,671,1236
155520,2,1438,563,875
155520,3,1390,542,848
155520,4,223,100,123
155520,5,1167,442,725
155520,11,48,21,27
155520,12,469,108,361
155520,19,335,101,234
155520,20,832,341,491
155520,21,1491,548,943
155520,22,1131,452,679
155520,23,1129,452,677
155520,24,218,96,122
155520,25,911,356,555
155520,31,2,0,2
155520,32,360,96,264
155520,39,206,75,131
155520,40,705,281,424
155520,41,416,123,293
155520,42,307,111,196
155520,43,261,90,171
155520,44,5,4,1
155520,45,256,86,170
155520,51,46,21,25
155520,52,109,12,97
155520,59,129,26,103
155520,60,127,60,67
155566,1,2667,967,1700
155566,2,2667,967,1700
155566,3,1434,429,1005
155566,4,363,171,192
155566,5,1071,258,813
155566,11,1233,538,695
155566,19,194,53,141
155566,20,877,205,672
155566,21,934,338,596
155566,22,934,338,596
155566,23,891,320,571
155566,24,326,154,172
155566,25,565,166,399
155566,31,43,18,25
155566,39,102,32,70
155566,40,463,134,329
155566,41,1733,629,1104
155566,42,1733,629,1104
155566,43,543,109,434
155566,44,37,17,20
155566,45,506,92,414
155566,51,1190,520,670
155566,59,92,21,71
155566,60,414,71,343
155593,1,844,510,334
155593,2,844,510,334
155593,3,504,355,149
155593,4,219,200,19
155593,5,285,155,130
155593,11,340,155,185
155593,19,74,32,42
155593,20,211,123,88
155593,21,535,366,169
155593,22,535,366,169
155593,23,474,352,122
155593,24,218,200,18
155593,25,256,152,104
155593,31,61,14,47
155593,39,74,32,42
155593,40,182,120,62
155593,41,309,144,165
155593,42,309,144,165
155593,43,30,3,27
155593,44,1,0,1
155593,45,29,3,26
155593,51,279,141,138
155593,60,29,3,26
155618,1,626,388,238
155618,2,626,388,238
155618,3,391,262,129
155618,4,190,131,59
155618,5,201,131,70
155618,11,235,126,109
155618,19,20,11,9
155618,20,181,120,61
155618,21,392,261,131
155618,22,392,261,131
155618,23,384,258,126
155618,24,188,129,59
155618,25,196,129,67
155618,31,8,3,5
155618,39,19,11,8
155618,40,177,118,59
155618,41,234,127,107
155618,42,234,127,107
155618,43,7,4,3
155618,44,2,2,0
155618,45,5,2,3
155618,51,227,123,104
155618,59,1,0,1
155618,60,4,2,2
155627,1,558,313,245
155627,2,538,303,235
155627,3,533,300,233
155627,4,145,89,56
155627,5,388,211,177
155627,11,5,3,2
155627,12,20,10,10
155627,19,40,27,13
155627,20,348,184,164
155627,21,523,292,231
155627,22,522,292,230
155627,23,520,290,230
155627,24,144,88,56
155627,25,376,202,174
155627,31,2,2,0
155627,32,1,0,1
155627,39,37,26,11
155627,40,339,176,163
155627,41,35,21,14
155627,42,16,11,5
155627,43,13,10,3
155627,44,1,1,0
155627,45,12,9,3
155627,51,3,1,2
155627,52,19,10,9
155627,59,3,1,2
155627,60,9,8,1
155636,1,356,98,258
155636,2,292,81,211
155636,3,246,72,174
155636,4,3,0,3
155636,5,243,72,171
155636,11,46,9,37
155636,12,64,17,47
155636,19,74,25,49
155636,20,169,47,122
155636,41,356,98,258
155636,42,292,81,211
155636,43,246,72,174
155636,44,3,0,3
155636,45,243,72,171
155636,51,46,9,37
155636,52,64,17,47
155636,59,74,25,49
155636,60,169,47,122
155681,1,7400,3656,3744
155681,2,6236,3230,3006
155681,3,6005,3107,2898
155681,4,1144,577,567
155681,5,4861,2530,2331
155681,11,231,123,108
155681,12,1164,426,738
155681,19,584,284,300
155681,20,4277,2246,2031
155681,21,6006,3085,2921
155681,22,5625,2909,2716
155681,23,5621,2907,2714
155681,24,1128,569,559
155681,25,4493,2338,2155
155681,31,4,2,2
155681,32,381,176,205
155681,39,533,264,269
155681,40,3960,2074,1886
155681,41,1394,571,823
155681,42,611,321,290
155681,43,384,200,184
155681,44,16,8,8
155681,45,368,192,176
155681,51,227,121,106
155681,52,783,250,533
155681,59,51,20,31
155681,60,317,172,145
155715,1,1541,617,924
155715,2,1541,617,924
155715,3,928,411,517
155715,4,323,186,137
155715,5,605,225,380
155715,11,613,206,407
155715,19,173,71,102
155715,20,432,154,278
155715,21,741,358,383
155715,22,741,358,383
155715,23,722,353,369
155715,24,301,178,123
155715,25,421,175,246
155715,31,19,5,14
155715,39,133,55,78
155715,40,288,120,168
155715,41,800,259,541
155715,42,800,259,541
155715,43,206,58,148
155715,44,22,8,14
155715,45,184,50,134
155715,51,594,201,393
155715,59,40,16,24
155715,60,144,34,110
155812,1,1325,461,864
155812,2,890,312,578
155812,3,782,277,505
155812,4,104,48,56
155812,5,678,229,449
155812,11,108,35,73
155812,12,435,149,286
155812,19,104,35,69
155812,20,574,194,380
155812,21,914,374,540
155812,22,566,252,314
155812,23,563,251,312
155812,24,104,48,56
155812,25,459,203,256
155812,31,3,1,2
155812,32,348,122,226
155812,39,76,31,45
155812,40,383,172,211
155812,41,411,87,324
155812,42,324,60,264
155812,43,219,26,193
155812,45,219,26,193
155812,51,105,34,71
155812,52,87,27,60
155812,59,28,4,24
155812,60,191,22,169
155830,1,447,305,142
155830,2,447,305,142
155830,3,294,215,79
155830,4,159,115,44
155830,5,135,100,35
155830,11,153,90,63
155830,19,35,27,8
155830,20,100,73,27
155830,21,270,204,66
155830,22,270,204,66
155830,23,258,194,64
155830,24,143,106,37
155830,25,115,88,27
155830,31,12,10,2
155830,39,32,24,8
155830,40,83,64,19
155830,41,177,101,76
155830,42,177,101,76
155830,43,36,21,15
155830,44,16,9,7
155830,45,20,12,8
155830,51,141,80,61
155830,59,3,3,0
155830,60,17,9,8
155858,1,1857,760,1097
155858,2,1857,760,1097
155858,3,1618,669,949
155858,4,348,165,183
155858,5,1270,504,766
155858,11,239,91,148
155858,19,96,31,65
155858,20,1174,473,701
155858,21,823,359,464
155858,22,823,359,464
155858,23,820,359,461
155858,24,300,152,148
155858,25,520,207,313
155858,31,3,0,3
155858,39,59,22,37
155858,40,461,185,276
155858,41,1034,401,633
155858,42,1034,401,633
155858,43,798,310,488
155858,44,48,13,35
155858,45,750,297,453
155858,51,236,91,145
155858,59,37,9,28
155858,60,713,288,425
155867,1,48,4,44
155867,2,48,4,44
155867,3,48,4,44
155867,4,15,1,14
155867,5,33,3,30
155867,20,33,3,30
155867,21,48,4,44
155867,22,48,4,44
155867,23,48,4,44
155867,24,15,1,14
155867,25,33,3,30
155867,40,33,3,30
155900,1,1661,903,758
155900,2,1358,772,586
155900,3,1332,755,577
155900,4,128,70,58
155900,5,1204,685,519
155900,11,26,17,9
155900,12,303,131,172
155900,19,238,143,95
155900,20,966,542,424
155900,21,574,287,287
155900,22,553,279,274
155900,23,552,279,273
155900,24,128,70,58
155900,25,424,209,215
155900,31,1,0,1
155900,32,21,8,13
155900,39,71,44,27
155900,40,353,165,188
155900,41,1087,616,471
155900,42,805,493,312
155900,43,780,476,304
155900,45,780,476,304
155900,51,25,17,8
155900,52,282,123,159
155900,59,167,99,68
155900,60,613,377,236
155937,1,690,376,314
155937,2,690,376,314
155937,3,640,351,289
155937,4,169,90,79
155937,5,471,261,210
155937,11,50,25,25
155937,19,63,45,18
155937,20,408,216,192
155937,21,595,336,259
155937,22,595,336,259
155937,23,595,336,259
155937,24,169,90,79
155937,25,426,246,180
155937,39,63,45,18
155937,40,363,201,162
155937,41,95,40,55
155937,42,95,40,55
155937,43,45,15,30
155937,45,45,15,30
155937,51,50,25,25
155937,60,45,15,30
155973,1,736,386,350
155973,2,725,376,349
155973,3,706,367,339
155973,4,159,98,61
155973,5,547,269,278
155973,11,19,9,10
155973,12,11,10,1
155973,19,103,47,56
155973,20,444,222,222
155973,21,565,335,230
155973,22,565,335,230
155973,23,565,335,230
155973,24,159,98,61
155973,25,406,237,169
155973,39,58,39,19
155973,40,348,198,150
155973,41,171,51,120
155973,42,160,41,119
155973,43,141,32,109
155973,45,141,32,109
155973,51,19,9,10
155973,52,11,10,1
155973,59,45,8,37
155973,60,96,24,72
156082,1,6973,2849,4124
156082,2,6179,2518,3661
156082,3,5320,2165,3155
156082,4,851,361,490
156082,5,4469,1804,2665
156082,11,859,353,506
156082,12,794,331,463
156082,19,494,197,297
156082,20,3975,1607,2368
156082,21,4562,1919,2643
156082,22,4072,1671,2401
156082,23,3956,1628,2328
156082,24,779,325,454
156082,25,3177,1303,1874
156082,31,116,43,73
156082,32,490,248,242
156082,39,368,152,216
156082,40,2809,1151,1658
156082,41,2411,930,1481
156082,42,2107,847,1260
156082,43,1364,537,827
156082,44,72,36,36
156082,45,1292,501,791
156082,51,743,310,433
156082,52,304,83,221
156082,59,126,45,81
156082,60,1166,456,710
156107,1,2934,1361,1573
156107,2,2934,1361,1573
156107,3,1690,810,880
156107,4,380,204,176
156107,5,1310,606,704
156107,11,1244,551,693
156107,19,210,81,129
156107,20,1100,525,575
156107,21,1087,541,546
156107,22,1087,541,546
156107,23,868,471,397
156107,24,189,137,52
156107,25,679,334,345
156107,31,219,70,149
156107,39,128,57,71
156107,40,551,277,274
156107,41,1847,820,1027
156107,42,1847,820,1027
156107,43,822,339,483
156107,44,191,67,124
156107,45,631,272,359
156107,51,1025,481,544
156107,59,82,24,58
156107,60,549,248,301
156125,1,14386,6882,7504
156125,2,11670,5564,6106
156125,3,11198,5291,5907
156125,4,1283,629,654
156125,5,9915,4662,5253
156125,11,472,273,199
156125,12,2716,1318,1398
156125,19,1296,601,695
156125,20,8619,4061,4558
156125,21,10184,4904,5280
156125,22,8807,4240,4567
156125,23,8566,4076,4490
156125,24,1218,591,627
156125,25,7348,3485,3863
156125,31,241,164,77
156125,32,1377,664,713
156125,39,956,460,496
156125,40,6392,3025,3367
156125,41,4202,1978,2224
156125,42,2863,1324,1539
156125,43,2632,1215,1417
156125,44,65,38,27
156125,45,2567,1177,1390
156125,51,231,109,122
156125,52,1339,654,685
156125,59,340,141,199
156125,60,2227,1036,1191
156134,1,967,517,450
156134,2,967,517,450
156134,3,967,517,450
156134,4,180,113,67
156134,5,787,404,383
156134,20,787,404,383
156134,21,967,517,450
156134,22,967,517,450
156134,23,967,517,450
156134,24,180,113,67
156134,25,787,404,383
156134,40,787,404,383
156189,1,631,289,342
156189,2,631,289,342
156189,3,617,286,331
156189,4,189,82,107
156189,5,428,204,224
156189,11,14,3,11
156189,19,39,24,15
156189,20,389,180,209
156189,21,606,281,325
156189,22,606,281,325
156189,23,606,281,325
156189,24,189,82,107
156189,25,417,199,218
156189,39,39,24,15
156189,40,378,175,203
156189,41,25,8,17
156189,42,25,8,17
156189,43,11,5,6
156189,45,11,5,6
156189,51,14,3,11
156189,60,11,5,6
156213,1,1797,672,1125
156213,2,1547,618,929
156213,3,1392,551,841
156213,4,322,117,205
156213,5,1070,434,636
156213,11,155,67,88
156213,12,250,54,196
156213,19,124,54,70
156213,20,946,380,566
156213,21,1390,529,861
156213,22,1326,517,809
156213,23,1308,514,794
156213,24,322,117,205
156213,25,986,397,589
156213,31,18,3,15
156213,32,64,12,52
156213,39,84,33,51
156213,40,902,364,538
156213,41,407,143,264
156213,42,221,101,120
156213,43,84,37,47
156213,45,84,37,47
156213,51,137,64,73
156213,52,186,42,144
156213,59,40,21,19
156213,60,44,16,28
156222,1,1440,941,499
156222,12,1440,941,499
156222,21,658,432,226
156222,32,658,432,226
156222,41,782,509,273
156222,52,782,509,273
156231,1,3359,1453,1906
156231,2,3359,1453,1906
156231,3,2525,1108,1417
156231,4,546,275,271
156231,5,1979,833,1146
156231,11,834,345,489
156231,19,125,45,80
156231,20,1854,788,1066
156231,21,1824,836,988
156231,22,1824,836,988
156231,23,1750,806,944
156231,24,418,215,203
156231,25,1332,591,741
156231,31,74,30,44
156231,39,76,30,46
156231,40,1256,561,695
156231,41,1535,617,918
156231,42,1535,617,918
156231,43,775,302,473
156231,44,128,60,68
156231,45,647,242,405
156231,51,760,315,445
156231,59,49,15,34
156231,60,598,227,371
156277,1,93,9,84
156277,2,93,9,84
156277,3,93,9,84
156277,4,31,3,28
156277,5,62,6,56
156277,20,62,6,56
156277,21,93,9,84
156277,22,93,9,84
156277,23,93,9,84
156277,24,31,3,28
156277,25,62,6,56
156277,40,62,6,56
156286,1,3419,1196,2223
156286,2,2593,945,1648
156286,3,2508,911,1597
156286,4,676,269,407
156286,5,1832,642,1190
156286,11,85,34,51
156286,12,826,251,575
156286,19,70,28,42
156286,20,1762,614,1148
156286,21,2682,998,1684
156286,22,2378,882,1496
156286,23,2354,874,1480
156286,24,674,267,407
156286,25,1680,607,1073
156286,31,24,8,16
156286,32,304,116,188
156286,39,55,22,33
156286,40,1625,585,1040
156286,41,737,198,539
156286,42,215,63,152
156286,43,154,37,117
156286,44,2,2,0
156286,45,152,35,117
156286,51,61,26,35
156286,52,522,135,387
156286,59,15,6,9
156286,60,137,29,108
156295,1,1623,695,928
156295,2,1623,695,928
156295,3,1587,679,908
156295,4,397,181,216
156295,5,1190,498,692
156295,11,36,16,20
156295,19,42,18,24
156295,20,1148,480,668
156295,21,1587,680,907
156295,22,1587,680,907
156295,23,1581,677,904
156295,24,397,181,216
156295,25,1184,496,688
156295,31,6,3,3
156295,39,42,18,24
156295,40,1142,478,664
156295,41,36,15,21
156295,42,36,15,21
156295,43,6,2,4
156295,45,6,2,4
156295,51,30,13,17
156295,60,6,2,4
156310,1,372,6,366
156310,2,372,6,366
156310,3,372,6,366
156310,4,46,0,46
156310,5,326,6,320
156310,20,326,6,320
156310,21,311,5,306
156310,22,311,5,306
156310,23,311,5,306
156310,24,43,0,43
156310,25,268,5,263
156310,40,268,5,263
156310,41,61,1,60
156310,42,61,1,60
156310,43,61,1,60
156310,44,3,0,3
156310,45,58,1,57
156310,60,58,1,57
156338,1,4758,2090,2668
156338,2,4758,2090,2668
156338,3,3122,1220,1902
156338,4,480,213,267
156338,5,2642,1007,1635
156338,11,1636,870,766
156338,19,187,79,108
156338,20,2455,928,1527
156338,21,1744,704,1040
156338,22,1744,704,1040
156338,23,1739,702,1037
156338,24,306,132,174
156338,25,1433,570,863
156338,31,5,2,3
156338,39,102,40,62
156338,40,1331,530,801
156338,41,3014,1386,1628
156338,42,3014,1386,1628
156338,43,1383,518,865
156338,44,174,81,93
156338,45,1209,437,772
156338,51,1631,868,763
156338,59,85,39,46
156338,60,1124,398,726
156356,1,949,265,684
156356,2,928,257,671
156356,3,869,238,631
156356,4,151,62,89
156356,5,718,176,542
156356,11,59,19,40
156356,12,21,8,13
156356,19,165,39,126
156356,20,553,137,416
156356,21,695,217,478
156356,22,688,215,473
156356,23,688,215,473
156356,24,151,62,89
156356,25,537,153,384
156356,32,7,2,5
156356,39,100,29,71
156356,40,437,124,313
156356,41,254,48,206
156356,42,240,42,198
156356,43,181,23,158
156356,45,181,23,158
156356,51,59,19,40
156356,52,14,6,8
156356,59,65,10,55
156356,60,116,13,103
156365,1,3520,1440,2080
156365,2,3048,1269,1779
156365,3,2213,1001,1212
156365,4,531,273,258
156365,5,1682,728,954
156365,11,835,268,567
156365,12,472,171,301
156365,19,215,96,119
156365,20,1467,632,835
156365,21,2195,999,1196
156365,22,1982,937,1045
156365,23,1975,936,1039
156365,24,522,269,253
156365,25,1453,667,786
156365,31,7,1,6
156365,32,213,62,151
156365,39,167,84,83
156365,40,1286,583,703
156365,41,1325,441,884
156365,42,1066,332,734
156365,43,238,65,173
156365,44,9,4,5
156365,45,229,61,168
156365,51,828,267,561
156365,52,259,109,150
156365,59,48,12,36
156365,60,181,49,132
156392,1,12365,5072,7293
156392,2,12365,5072,7293
156392,3,10467,4309,6158
156392,4,2089,946,1143
156392,5,8378,3363,5015
156392,11,1898,763,1135
156392,19,670,280,390
156392,20,7708,3083,4625
156392,21,5446,2376,3070
156392,22,5446,2376,3070
156392,23,5422,2366,3056
156392,24,1369,622,747
156392,25,4053,1744,2309
156392,31,24,10,14
156392,39,339,143,196
156392,40,3714,1601,2113
156392,41,6919,2696,4223
156392,42,6919,2696,4223
156392,43,5045,1943,3102
156392,44,720,324,396
156392,45,4325,1619,2706
156392,51,1874,753,1121
156392,59,331,137,194
156392,60,3994,1482,2512
156408,1,1381,678,703
156408,2,1381,678,703
156408,3,1372,675,697
156408,4,377,185,192
156408,5,995,490,505
156408,11,9,3,6
156408,19,8,5,3
156408,20,987,485,502
156408,21,1378,677,701
156408,22,1378,677,701
156408,23,1371,674,697
156408,24,377,185,192
156408,25,994,489,505
156408,31,7,3,4
156408,39,8,5,3
156408,40,986,484,502
156408,41,3,1,2
156408,42,3,1,2
156408,43,1,1,0
156408,45,1,1,0
156408,51,2,0,2
156408,60,1,1,0
156417,1,152,120,32
156417,2,152,120,32
156417,3,136,110,26
156417,4,6,6,0
156417,5,130,104,26
156417,11,16,10,6
156417,19,18,16,2
156417,20,112,88,24
156417,21,103,82,21
156417,22,103,82,21
156417,23,103,82,21
156417,24,5,5,0
156417,25,98,77,21
156417,39,14,12,2
156417,40,84,65,19
156417,41,49,38,11
156417,42,49,38,11
156417,43,33,28,5
156417,44,1,1,0
156417,45,32,27,5
156417,51,16,10,6
156417,59,4,4,0
156417,60,28,23,5
156426,1,278,14,264
156426,2,278,14,264
156426,3,278,14,264
156426,4,29,0,29
156426,5,249,14,235
156426,20,249,14,235
156426,21,186,11,175
156426,22,186,11,175
156426,23,186,11,175
156426,24,22,0,22
156426,25,164,11,153
156426,40,164,11,153
156426,41,92,3,89
156426,42,92,3,89
156426,43,92,3,89
156426,44,7,0,7
156426,45,85,3,82
156426,60,85,3,82
156444,1,29,1,28
156444,2,29,1,28
156444,3,29,1,28
156444,4,11,1,10
156444,5,18,0,18
156444,20,18,0,18
156444,21,29,1,28
156444,22,29,1,28
156444,23,29,1,28
156444,24,11,1,10
156444,25,18,0,18
156444,40,18,0,18
156471,1,847,99,748
156471,2,847,99,748
156471,3,847,99,748
156471,4,76,9,67
156471,5,771,90,681
156471,19,168,16,152
156471,20,603,74,529
156471,21,490,57,433
156471,22,490,57,433
156471,23,490,57,433
156471,24,75,9,66
156471,25,415,48,367
156471,39,85,10,75
156471,40,330,38,292
156471,41,357,42,315
156471,42,357,42,315
156471,43,357,42,315
156471,44,1,0,1
156471,45,356,42,314
156471,59,83,6,77
156471,60,273,36,237
156541,1,4924,1814,3110
156541,2,2096,1051,1045
156541,3,1545,811,734
156541,4,488,270,218
156541,5,1057,541,516
156541,11,551,240,311
156541,12,2828,763,2065
156541,19,89,56,33
156541,20,968,485,483
156541,21,2439,1047,1392
156541,22,1514,795,719
156541,23,1494,788,706
156541,24,488,270,218
156541,25,1006,518,488
156541,31,20,7,13
156541,32,925,252,673
156541,39,88,55,33
156541,40,918,463,455
156541,41,2485,767,1718
156541,42,582,256,326
156541,43,51,23,28
156541,45,51,23,28
156541,51,531,233,298
156541,52,1903,511,1392
156541,59,1,1,0
156541,60,50,22,28
156620,1,16111,6949,9162
156620,2,13891,6109,7782
156620,3,13247,5893,7354
156620,4,2431,1032,1399
156620,5,10816,4861,5955
156620,11,644,216,428
156620,12,2220,840,1380
156620,19,1096,512,584
156620,20,9720,4349,5371
156620,21,11651,5144,6507
156620,22,10969,4900,6069
156620,23,10955,4893,6062
156620,24,2380,1004,1376
156620,25,8575,3889,4686
156620,31,14,7,7
156620,32,682,244,438
156620,39,797,375,422
156620,40,7778,3514,4264
156620,41,4460,1805,2655
156620,42,2922,1209,1713
156620,43,2292,1000,1292
156620,44,51,28,23
156620,45,2241,972,1269
156620,51,630,209,421
156620,52,1538,596,942
156620,59,299,137,162
156620,60,1942,835,1107
156648,1,6929,2942,3987
156648,2,6929,2942,3987
156648,3,5742,2246,3496
156648,4,1272,544,728
156648,5,4470,1702,2768
156648,11,1187,696,491
156648,19,375,140,235
156648,20,4095,1562,2533
156648,21,3058,1260,1798
156648,22,3058,1260,1798
156648,23,2992,1230,1762
156648,24,835,349,486
156648,25,2157,881,1276
156648,31,66,30,36
156648,39,189,77,112
156648,40,1968,804,1164
156648,41,3871,1682,2189
156648,42,3871,1682,2189
156648,43,2750,1016,1734
156648,44,437,195,242
156648,45,2313,821,1492
156648,51,1121,666,455
156648,59,186,63,123
156648,60,2127,758,1369
156727,1,1427,66,1361
156727,12,1427,66,1361
156727,21,777,35,742
156727,32,777,35,742
156727,41,650,31,619
156727,52,650,31,619
156745,1,1399,554,845
156745,2,1043,478,565
156745,3,1034,474,560
156745,4,268,108,160
156745,5,766,366,400
156745,11,9,4,5
156745,12,356,76,280
156745,19,53,40,13
156745,20,713,326,387
156745,21,1017,472,545
156745,22,1000,466,534
156745,23,998,465,533
156745,24,243,104,139
156745,25,755,361,394
156745,31,2,1,1
156745,32,17,6,11
156745,39,50,39,11
156745,40,705,322,383
156745,41,382,82,300
156745,42,43,12,31
156745,43,36,9,27
156745,44,25,4,21
156745,45,11,5,6
156745,51,7,3,4
156745,52,339,70,269
156745,59,3,1,2
156745,60,8,4,4
156754,1,74,1,73
156754,2,74,1,73
156754,3,74,1,73
156754,4,8,0,8
156754,5,66,1,65
156754,20,66,1,65
156754,21,74,1,73
156754,22,74,1,73
156754,23,74,1,73
156754,24,8,0,8
156754,25,66,1,65
156754,40,66,1,65
156790,1,3790,1740,2050
156790,2,3790,1740,2050
156790,3,2585,940,1645
156790,4,583,251,332
156790,5,2002,689,1313
156790,11,1205,800,405
156790,19,100,44,56
156790,20,1902,645,1257
156790,21,1805,702,1103
156790,22,1805,702,1103
156790,23,1802,700,1102
156790,24,486,209,277
156790,25,1316,491,825
156790,31,3,2,1
156790,39,76,37,39
156790,40,1240,454,786
156790,41,1985,1038,947
156790,42,1985,1038,947
156790,43,783,240,543
156790,44,97,42,55
156790,45,686,198,488
156790,51,1202,798,404
156790,59,24,7,17
156790,60,662,191,471
156842,1,247,17,230
156842,2,247,17,230
156842,3,247,17,230
156842,4,14,2,12
156842,5,233,15,218
156842,20,233,15,218
156842,21,245,17,228
156842,22,245,17,228
156842,23,245,17,228
156842,24,13,2,11
156842,25,232,15,217
156842,40,232,15,217
156842,41,2,0,2
156842,42,2,0,2
156842,43,2,0,2
156842,44,1,0,1
156842,45,1,0,1
156842,60,1,0,1
156851,1,2036,778,1258
156851,2,2036,778,1258
156851,3,1375,351,1024
156851,4,258,87,171
156851,5,1117,264,853
156851,11,661,427,234
156851,19,78,23,55
156851,20,1039,241,798
156851,21,538,162,376
156851,22,538,162,376
156851,23,536,161,375
156851,24,171,55,116
156851,25,365,106,259
156851,31,2,1,1
156851,39,26,10,16
156851,40,339,96,243
156851,41,1498,616,882
156851,42,1498,616,882
156851,43,839,190,649
156851,44,87,32,55
156851,45,752,158,594
156851,51,659,426,233
156851,59,52,13,39
156851,60,700,145,555
156860,1,3609,1218,2391
156860,2,3609,1218,2391
156860,3,3191,1029,2162
156860,4,650,280,370
156860,5,2541,749,1792
156860,11,418,189,229
156860,19,247,72,175
156860,20,2294,677,1617
156860,21,1627,523,1104
156860,22,1627,523,1104
156860,23,1623,523,1100
156860,24,395,157,238
156860,25,1228,366,862
156860,31,4,0,4
156860,39,115,28,87
156860,40,1113,338,775
156860,41,1982,695,1287
156860,42,1982,695,1287
156860,43,1568,506,1062
156860,44,255,123,132
156860,45,1313,383,930
156860,51,414,189,225
156860,59,132,44,88
156860,60,1181,339,842
156903,1,86,22,64
156903,2,86,22,64
156903,3,86,22,64
156903,4,12,5,7
156903,5,74,17,57
156903,19,6,1,5
156903,20,68,16,52
156903,21,67,20,47
156903,22,67,20,47
156903,23,67,20,47
156903,24,8,4,4
156903,25,59,16,43
156903,39,2,1,1
156903,40,57,15,42
156903,41,19,2,17
156903,42,19,2,17
156903,43,19,2,17
156903,44,4,1,3
156903,45,15,1,14
156903,59,4,0,4
156903,60,11,1,10
156921,1,13498,5587,7911
156921,2,13498,5587,7911
156921,3,11632,4754,6878
156921,4,1864,868,996
156921,5,9768,3886,5882
156921,11,1866,833,1033
156921,19,753,300,453
156921,20,9015,3586,5429
156921,21,4637,2097,2540
156921,22,4637,2097,2540
156921,23,4496,2009,2487
156921,24,874,412,462
156921,25,3622,1597,2025
156921,31,141,88,53
156921,39,305,133,172
156921,40,3317,1464,1853
156921,41,8861,3490,5371
156921,42,8861,3490,5371
156921,43,7136,2745,4391
156921,44,990,456,534
156921,45,6146,2289,3857
156921,51,1725,745,980
156921,59,448,167,281
156921,60,5698,2122,3576
156949,1,26,2,24
156949,2,26,2,24
156949,3,26,2,24
156949,4,15,2,13
156949,5,11,0,11
156949,20,11,0,11
156949,21,21,1,20
156949,22,21,1,20
156949,23,21,1,20
156949,24,11,1,10
156949,25,10,0,10
156949,40,10,0,10
156949,41,5,1,4
156949,42,5,1,4
156949,43,5,1,4
156949,44,4,1,3
156949,45,1,0,1
156949,60,1,0,1
156967,1,132,7,125
156967,2,132,7,125
156967,3,132,7,125
156967,4,21,1,20
156967,5,111,6,105
156967,20,111,6,105
156967,21,132,7,125
156967,22,132,7,125
156967,23,132,7,125
156967,24,21,1,20
156967,25,111,6,105
156967,40,111,6,105
157021,1,1282,296,986
157021,2,1282,296,986
157021,3,1275,294,981
157021,4,64,22,42
157021,5,1211,272,939
157021,11,7,2,5
157021,19,206,44,162
157021,20,1005,228,777
157021,21,794,206,588
157021,22,794,206,588
157021,23,794,206,588
157021,24,53,19,34
157021,25,741,187,554
157021,39,145,34,111
157021,40,596,153,443
157021,41,488,90,398
157021,42,488,90,398
157021,43,481,88,393
157021,44,11,3,8
157021,45,470,85,385
157021,51,7,2,5
157021,59,61,10,51
157021,60,409,75,334
157030,1,79,42,37
157030,2,79,42,37
157030,3,73,41,32
157030,4,20,12,8
157030,5,53,29,24
157030,11,6,1,5
157030,19,7,5,2
157030,20,46,24,22
157030,21,64,35,29
157030,22,64,35,29
157030,23,64,35,29
157030,24,20,12,8
157030,25,44,23,21
157030,39,6,4,2
157030,40,38,19,19
157030,41,15,7,8
157030,42,15,7,8
157030,43,9,6,3
157030,45,9,6,3
157030,51,6,1,5
157030,59,1,1,0
157030,60,8,5,3
157058,1,2533,1040,1493
157058,2,2370,963,1407
157058,3,2131,857,1274
157058,4,537,226,311
157058,5,1594,631,963
157058,11,239,106,133
157058,12,163,77,86
157058,19,173,61,112
157058,20,1421,570,851
157058,21,1887,787,1100
157058,22,1813,747,1066
157058,23,1810,746,1064
157058,24,519,219,300
157058,25,1291,527,764
157058,31,3,1,2
157058,32,74,40,34
157058,39,146,56,90
157058,40,1145,471,674
157058,41,646,253,393
157058,42,557,216,341
157058,43,321,111,210
157058,44,18,7,11
157058,45,303,104,199
157058,51,236,105,131
157058,52,89,37,52
157058,59,27,5,22
157058,60,276,99,177
157076,1,657,340,317
157076,2,657,340,317
157076,3,652,338,314
157076,4,163,87,76
157076,5,489,251,238
157076,11,5,2,3
157076,19,58,35,23
157076,20,431,216,215
157076,21,621,321,300
157076,22,621,321,300
157076,23,621,321,300
157076,24,163,87,76
157076,25,458,234,224
157076,39,55,33,22
157076,40,403,201,202
157076,41,36,19,17
157076,42,36,19,17
157076,43,31,17,14
157076,45,31,17,14
157076,51,5,2,3
157076,59,3,2,1
157076,60,28,15,13
157085,1,28435,13569,14866
157085,2,21441,10462,10979
157085,3,21050,10259,10791
157085,4,4684,2061,2623
157085,5,16366,8198,8168
157085,11,391,203,188
157085,12,6994,3107,3887
157085,19,1100,561,539
157085,20,15266,7637,7629
157085,21,25658,12305,13353
157085,22,19884,9626,10258
157085,23,19802,9582,10220
157085,24,4619,2019,2600
157085,25,15183,7563,7620
157085,31,82,44,38
157085,32,5774,2679,3095
157085,39,941,489,452
157085,40,14242,7074,7168
157085,41,2777,1264,1513
157085,42,1557,836,721
157085,43,1248,677,571
157085,44,65,42,23
157085,45,1183,635,548
157085,51,309,159,150
157085,52,1220,428,792
157085,59,159,72,87
157085,60,1024,563,461
157100,1,594,332,262
157100,2,559,301,258
157100,3,547,297,250
157100,4,129,85,44
157100,5,418,212,206
157100,11,12,4,8
157100,12,35,31,4
157100,19,63,29,34
157100,20,355,183,172
157100,21,496,291,205
157100,22,494,289,205
157100,23,494,289,205
157100,24,129,85,44
157100,25,365,204,161
157100,32,2,2,0
157100,39,40,27,13
157100,40,325,177,148
157100,41,98,41,57
157100,42,65,12,53
157100,43,53,8,45
157100,45,53,8,45
157100,51,12,4,8
157100,52,33,29,4
157100,59,23,2,21
157100,60,30,6,24
157207,1,84,35,49
157207,12,84,35,49
157207,21,19,7,12
157207,32,19,7,12
157207,41,65,28,37
157207,52,65,28,37
157216,1,2644,1009,1635
157216,2,2200,903,1297
157216,3,2127,884,1243
157216,4,514,258,256
157216,5,1613,626,987
157216,11,73,19,54
157216,12,444,106,338
157216,19,333,93,240
157216,20,1280,533,747
157216,21,2520,971,1549
157216,22,2101,873,1228
157216,23,2084,870,1214
157216,24,513,258,255
157216,25,1571,612,959
157216,31,17,3,14
157216,32,419,98,321
157216,39,320,88,232
157216,40,1251,524,727
157216,41,124,38,86
157216,42,99,30,69
157216,43,43,14,29
157216,44,1,0,1
157216,45,42,14,28
157216,51,56,16,40
157216,52,25,8,17
157216,59,13,5,8
157216,60,29,9,20
157270,1,381,276,105
157270,2,381,276,105
157270,3,368,266,102
157270,4,50,32,18
157270,5,318,234,84
157270,11,13,10,3
157270,19,7,5,2
157270,20,311,229,82
157270,21,238,175,63
157270,22,238,175,63
157270,23,238,175,63
157270,24,44,28,16
157270,25,194,147,47
157270,39,5,4,1
157270,40,189,143,46
157270,41,143,101,42
157270,42,143,101,42
157270,43,130,91,39
157270,44,6,4,2
157270,45,124,87,37
157270,51,13,10,3
157270,59,2,1,1
157270,60,122,86,36
157289,1,21444,10338,11106
157289,2,15954,7768,8186
157289,3,15023,7331,7692
157289,4,2855,1438,1417
157289,5,12168,5893,6275
157289,11,931,437,494
157289,12,5490,2570,2920
157289,19,1142,496,646
157289,20,11026,5397,5629
157289,21,16364,7908,8456
157289,22,12426,5975,6451
157289,23,12301,5897,6404
157289,24,2807,1414,1393
157289,25,9494,4483,5011
157289,31,125,78,47
157289,32,3938,1933,2005
157289,39,862,386,476
157289,40,8632,4097,4535
157289,41,5080,2430,2650
157289,42,3528,1793,1735
157289,43,2722,1434,1288
157289,44,48,24,24
157289,45,2674,1410,1264
157289,51,806,359,447
157289,52,1552,637,915
157289,59,280,110,170
157289,60,2394,1300,1094
157298,1,199,76,123
157298,12,199,76,123
157298,21,115,42,73
157298,32,115,42,73
157298,41,84,34,50
157298,52,84,34,50
157304,1,4522,2249,2273
157304,2,4522,2249,2273
157304,3,2625,887,1738
157304,4,407,172,235
157304,5,2218,715,1503
157304,11,1897,1362,535
157304,19,88,28,60
157304,20,2130,687,1443
157304,21,1455,465,990
157304,22,1455,465,990
157304,23,1430,454,976
157304,24,286,118,168
157304,25,1144,336,808
157304,31,25,11,14
157304,39,25,11,14
157304,40,1119,325,794
157304,41,3067,1784,1283
157304,42,3067,1784,1283
157304,43,1195,433,762
157304,44,121,54,67
157304,45,1074,379,695
157304,51,1872,1351,521
157304,59,63,17,46
157304,60,1011,362,649
157331,1,3595,1347,2248
157331,2,3595,1347,2248
157331,3,2821,947,1874
157331,4,584,249,335
157331,5,2237,698,1539
157331,11,774,400,374
157331,19,145,52,93
157331,20,2092,646,1446
157331,21,1640,637,1003
157331,22,1640,637,1003
157331,23,1604,625,979
157331,24,402,185,217
157331,25,1202,440,762
157331,31,36,12,24
157331,39,61,26,35
157331,40,1141,414,727
157331,41,1955,710,1245
157331,42,1955,710,1245
157331,43,1217,322,895
157331,44,182,64,118
157331,45,1035,258,777
157331,51,738,388,350
157331,59,84,26,58
157331,60,951,232,719
157359,1,2251,789,1462
157359,2,2154,761,1393
157359,3,2142,755,1387
157359,4,231,98,133
157359,5,1911,657,1254
157359,11,12,6,6
157359,12,97,28,69
157359,19,423,129,294
157359,20,1488,528,960
157359,21,1905,650,1255
157359,22,1822,629,1193
157359,23,1822,629,1193
157359,24,205,90,115
157359,25,1617,539,1078
157359,32,83,21,62
157359,39,375,110,265
157359,40,1242,429,813
157359,41,346,139,207
157359,42,332,132,200
157359,43,320,126,194
157359,44,26,8,18
157359,45,294,118,176
157359,51,12,6,6
157359,52,14,7,7
157359,59,48,19,29
157359,60,246,99,147
157377,1,1351,281,1070
157377,2,1247,238,1009
157377,3,1247,238,1009
157377,4,107,9,98
157377,5,1140,229,911
157377,12,104,43,61
157377,19,177,43,134
157377,20,963,186,777
157377,21,745,160,585
157377,22,731,152,579
157377,23,731,152,579
157377,24,79,6,73
157377,25,652,146,506
157377,32,14,8,6
157377,39,100,31,69
157377,40,552,115,437
157377,41,606,121,485
157377,42,516,86,430
157377,43,516,86,430
157377,44,28,3,25
157377,45,488,83,405
157377,52,90,35,55
157377,59,77,12,65
157377,60,411,71,340
157386,1,11358,4447,6911
157386,2,10076,3965,6111
157386,3,7344,2886,4458
157386,4,1701,722,979
157386,5,5643,2164,3479
157386,11,2732,1079,1653
157386,12,1282,482,800
157386,19,501,208,293
157386,20,5142,1956,3186
157386,21,6472,2688,3784
157386,22,6209,2565,3644
157386,23,6150,2546,3604
157386,24,1691,719,972
157386,25,4459,1827,2632
157386,31,59,19,40
157386,32,263,123,140
157386,39,337,165,172
157386,40,4122,1662,2460
157386,41,4886,1759,3127
157386,42,3867,1400,2467
157386,43,1194,340,854
157386,44,10,3,7
157386,45,1184,337,847
157386,51,2673,1060,1613
157386,52,1019,359,660
157386,59,164,43,121
157386,60,1020,294,726
157401,1,10943,4464,6479
157401,2,9172,3810,5362
157401,3,7956,3378,4578
157401,4,1581,666,915
157401,5,6375,2712,3663
157401,11,1216,432,784
157401,12,1771,654,1117
157401,19,692,275,417
157401,20,5683,2437,3246
157401,21,7838,3342,4496
157401,22,7153,3044,4109
157401,23,7044,3014,4030
157401,24,1569,662,907
157401,25,5475,2352,3123
157401,31,109,30,79
157401,32,685,298,387
157401,39,508,221,287
157401,40,4967,2131,2836
157401,41,3105,1122,1983
157401,42,2019,766,1253
157401,43,912,364,548
157401,44,12,4,8
157401,45,900,360,540
157401,51,1107,402,705
157401,52,1086,356,730
157401,59,184,54,130
157401,60,716,306,410
157438,1,4646,2187,2459
157438,2,4646,2187,2459
157438,3,3810,1644,2166
157438,4,576,294,282
157438,5,3234,1350,1884
157438,11,836,543,293
157438,19,239,106,133
157438,20,2995,1244,1751
157438,21,1467,672,795
157438,22,1467,672,795
157438,23,1459,666,793
157438,24,243,118,125
157438,25,1216,548,668
157438,31,8,6,2
157438,39,101,55,46
157438,40,1115,493,622
157438,41,3179,1515,1664
157438,42,3179,1515,1664
157438,43,2351,978,1373
157438,44,333,176,157
157438,45,2018,802,1216
157438,51,828,537,291
157438,59,138,51,87
157438,60,1880,751,1129
157447,1,15263,6713,8550
157447,2,12794,5812,6982
157447,3,11976,5482,6494
157447,4,2273,994,1279
157447,5,9703,4488,5215
157447,11,818,330,488
157447,12,2469,901,1568
157447,19,799,387,412
157447,20,8904,4101,4803
157447,21,10597,4835,5762
157447,22,9736,4478,5258
157447,23,9686,4465,5221
157447,24,2218,961,1257
157447,25,7468,3504,3964
157447,31,50,13,37
157447,32,861,357,504
157447,39,606,310,296
157447,40,6862,3194,3668
157447,41,4666,1878,2788
157447,42,3058,1334,1724
157447,43,2290,1017,1273
157447,44,55,33,22
157447,45,2235,984,1251
157447,51,768,317,451
157447,52,1608,544,1064
157447,59,193,77,116
157447,60,2042,907,1135
157456,1,18,0,18
157456,2,18,0,18
157456,3,18,0,18
157456,4,3,0,3
157456,5,15,0,15
157456,20,15,0,15
157456,21,18,0,18
157456,22,18,0,18
157456,23,18,0,18
157456,24,3,0,3
157456,25,15,0,15
157456,40,15,0,15
157465,1,122,11,111
157465,2,122,11,111
157465,3,122,11,111
157465,4,3,0,3
157465,5,119,11,108
157465,19,26,1,25
157465,20,93,10,83
157465,21,75,5,70
157465,22,75,5,70
157465,23,75,5,70
157465,24,3,0,3
157465,25,72,5,67
157465,39,15,1,14
157465,40,57,4,53
157465,41,47,6,41
157465,42,47,6,41
157465,43,47,6,41
157465,45,47,6,41
157465,59,11,0,11
157465,60,36,6,30
157483,1,7104,3072,4032
157483,2,7104,3072,4032
157483,3,4648,1730,2918
157483,4,864,338,526
157483,5,3784,1392,2392
157483,11,2456,1342,1114
157483,19,220,93,127
157483,20,3564,1299,2265
157483,21,2481,985,1496
157483,22,2481,985,1496
157483,23,2354,941,1413
157483,24,649,255,394
157483,25,1705,686,1019
157483,31,127,44,83
157483,39,107,43,64
157483,40,1598,643,955
157483,41,4623,2087,2536
157483,42,4623,2087,2536
157483,43,2294,789,1505
157483,44,215,83,132
157483,45,2079,706,1373
157483,51,2329,1298,1031
157483,59,113,50,63
157483,60,1966,656,1310
157508,1,73,3,70
157508,2,73,3,70
157508,3,73,3,70
157508,4,27,3,24
157508,5,46,0,46
157508,20,46,0,46
157508,21,44,2,42
157508,22,44,2,42
157508,23,44,2,42
157508,24,14,2,12
157508,25,30,0,30
157508,40,30,0,30
157508,41,29,1,28
157508,42,29,1,28
157508,43,29,1,28
157508,44,13,1,12
157508,45,16,0,16
157508,60,16,0,16
157535,1,2205,1059,1146
157535,2,1738,812,926
157535,3,1313,656,657
157535,4,386,205,181
157535,5,927,451,476
157535,11,425,156,269
157535,12,467,247,220
157535,19,113,59,54
157535,20,814,392,422
157535,21,1749,894,855
157535,22,1282,647,635
157535,23,1282,647,635
157535,24,386,205,181
157535,25,896,442,454
157535,32,467,247,220
157535,39,107,59,48
157535,40,789,383,406
157535,41,456,165,291
157535,42,456,165,291
157535,43,31,9,22
157535,45,31,9,22
157535,51,425,156,269
157535,59,6,0,6
157535,60,25,9,16
157553,1,4715,2491,2224
157553,2,4715,2491,2224
157553,3,3283,1356,1927
157553,4,434,212,222
157553,5,2849,1144,1705
157553,11,1432,1135,297
157553,19,79,31,48
157553,20,2770,1113,1657
157553,21,2425,1029,1396
157553,22,2425,1029,1396
157553,23,2369,1015,1354
157553,24,361,170,191
157553,25,2008,845,1163
157553,31,56,14,42
157553,39,53,25,28
157553,40,1955,820,1135
157553,41,2290,1462,828
157553,42,2290,1462,828
157553,43,914,341,573
157553,44,73,42,31
157553,45,841,299,542
157553,51,1376,1121,255
157553,59,26,6,20
157553,60,815,293,522
157599,1,1420,343,1077
157599,2,1420,343,1077
157599,3,1420,343,1077
157599,4,279,61,218
157599,5,1141,282,859
157599,19,138,25,113
157599,20,1003,257,746
157599,21,1420,343,1077
157599,22,1420,343,1077
157599,23,1420,343,1077
157599,24,279,61,218
157599,25,1141,282,859
157599,39,138,25,113
157599,40,1003,257,746
157614,1,107,6,101
157614,2,107,6,101
157614,3,107,6,101
157614,4,27,0,27
157614,5,80,6,74
157614,20,80,6,74
157614,21,80,5,75
157614,22,80,5,75
157614,23,80,5,75
157614,24,18,0,18
157614,25,62,5,57
157614,40,62,5,57
157614,41,27,1,26
157614,42,27,1,26
157614,43,27,1,26
157614,44,9,0,9
157614,45,18,1,17
157614,60,18,1,17
157632,1,767,275,492
157632,2,748,264,484
157632,3,605,218,387
157632,4,118,47,71
157632,5,487,171,316
157632,11,143,46,97
157632,12,19,11,8
157632,19,77,31,46
157632,20,410,140,270
157632,21,575,221,354
157632,22,570,217,353
157632,23,552,211,341
157632,24,115,47,68
157632,25,437,164,273
157632,31,18,6,12
157632,32,5,4,1
157632,39,64,30,34
157632,40,373,134,239
157632,41,192,54,138
157632,42,178,47,131
157632,43,53,7,46
157632,44,3,0,3
157632,45,50,7,43
157632,51,125,40,85
157632,52,14,7,7
157632,59,13,1,12
157632,60,37,6,31
157650,1,168,9,159
157650,2,168,9,159
157650,3,168,9,159
157650,4,44,1,43
157650,5,124,8,116
157650,20,124,8,116
157650,21,134,6,128
157650,22,134,6,128
157650,23,134,6,128
157650,24,35,1,34
157650,25,99,5,94
157650,40,99,5,94
157650,41,34,3,31
157650,42,34,3,31
157650,43,34,3,31
157650,44,9,0,9
157650,45,25,3,22
157650,60,25,3,22
157669,1,123,7,116
157669,2,123,7,116
157669,3,123,7,116
157669,4,40,2,38
157669,5,83,5,78
157669,20,83,5,78
157669,21,107,7,100
157669,22,107,7,100
157669,23,107,7,100
157669,24,33,2,31
157669,25,74,5,69
157669,40,74,5,69
157669,41,16,0,16
157669,42,16,0,16
157669,43,16,0,16
157669,44,7,0,7
157669,45,9,0,9
157669,60,9,0,9
157678,1,165,9,156
157678,2,165,9,156
157678,3,165,9,156
157678,4,60,6,54
157678,5,105,3,102
157678,20,105,3,102
157678,21,128,8,120
157678,22,128,8,120
157678,23,128,8,120
157678,24,48,6,42
157678,25,80,2,78
157678,40,80,2,78
157678,41,37,1,36
157678,42,37,1,36
157678,43,37,1,36
157678,44,12,0,12
157678,45,25,1,24
157678,60,25,1,24
157696,1,443,113,330
157696,2,443,113,330
157696,3,443,113,330
157696,4,49,9,40
157696,5,394,104,290
157696,19,80,24,56
157696,20,314,80,234
157696,21,443,113,330
157696,22,443,113,330
157696,23,443,113,330
157696,24,49,9,40
157696,25,394,104,290
157696,39,80,24,56
157696,40,314,80,234
157711,1,7504,2975,4529
157711,2,7504,2975,4529
157711,3,6037,2080,3957
157711,4,1210,526,684
157711,5,4827,1554,3273
157711,11,1467,895,572
157711,19,252,86,166
157711,20,4575,1468,3107
157711,21,3442,1318,2124
157711,22,3442,1318,2124
157711,23,3437,1316,2121
157711,24,866,382,484
157711,25,2571,934,1637
157711,31,5,2,3
157711,39,150,55,95
157711,40,2421,879,1542
157711,41,4062,1657,2405
157711,42,4062,1657,2405
157711,43,2600,764,1836
157711,44,344,144,200
157711,45,2256,620,1636
157711,51,1462,893,569
157711,59,102,31,71
157711,60,2154,589,1565
157739,1,5221,2887,2334
157739,2,5221,2887,2334
157739,3,2582,1010,1572
157739,4,357,160,197
157739,5,2225,850,1375
157739,11,2639,1877,762
157739,19,66,19,47
157739,20,2159,831,1328
157739,21,1968,784,1184
157739,22,1968,784,1184
157739,23,1961,782,1179
157739,24,296,136,160
157739,25,1665,646,1019
157739,31,7,2,5
157739,39,49,14,35
157739,40,1616,632,984
157739,41,3253,2103,1150
157739,42,3253,2103,1150
157739,43,621,228,393
157739,44,61,24,37
157739,45,560,204,356
157739,51,2632,1875,757
157739,59,17,5,12
157739,60,543,199,344
157748,1,3226,2668,558
157748,2,723,460,263
157748,3,616,409,207
157748,4,120,75,45
157748,5,496,334,162
157748,11,107,51,56
157748,12,2503,2208,295
157748,19,65,46,19
157748,20,431,288,143
157748,21,1944,1616,328
157748,22,433,269,164
157748,23,427,266,161
157748,24,96,55,41
157748,25,331,211,120
157748,31,6,3,3
157748,32,1511,1347,164
157748,39,48,34,14
157748,40,283,177,106
157748,41,1282,1052,230
157748,42,290,191,99
157748,43,189,143,46
157748,44,24,20,4
157748,45,165,123,42
157748,51,101,48,53
157748,52,992,861,131
157748,59,17,12,5
157748,60,148,111,37
157757,1,2367,631,1736
157757,2,1371,415,956
157757,3,1277,356,921
157757,4,213,72,141
157757,5,1064,284,780
157757,11,94,59,35
157757,12,996,216,780
157757,19,148,36,112
157757,20,916,248,668
157757,21,1726,444,1282
157757,22,954,274,680
157757,23,954,274,680
157757,24,182,58,124
157757,25,772,216,556
157757,32,772,170,602
157757,39,90,21,69
157757,40,682,195,487
157757,41,641,187,454
157757,42,417,141,276
157757,43,323,82,241
157757,44,31,14,17
157757,45,292,68,224
157757,51,94,59,35
157757,52,224,46,178
157757,59,58,15,43
157757,60,234,53,181
157766,1,533,73,460
157766,2,533,73,460
157766,3,528,71,457
157766,4,131,16,115
157766,5,397,55,342
157766,11,5,2,3
157766,20,397,55,342
157766,21,426,54,372
157766,22,426,54,372
157766,23,421,52,369
157766,24,125,16,109
157766,25,296,36,260
157766,31,5,2,3
157766,40,296,36,260
157766,41,107,19,88
157766,42,107,19,88
157766,43,107,19,88
157766,44,6,0,6
157766,45,101,19,82
157766,60,101,19,82
157793,1,5017,2019,2998
157793,2,3687,1399,2288
157793,3,3404,1317,2087
157793,4,364,135,229
157793,5,3040,1182,1858
157793,11,283,82,201
157793,12,1330,620,710
157793,20,3040,1182,1858
157793,21,3214,1330,1884
157793,22,2226,836,1390
157793,23,2033,785,1248
157793,24,302,109,193
157793,25,1731,676,1055
157793,31,193,51,142
157793,32,988,494,494
157793,40,1731,676,1055
157793,41,1803,689,1114
157793,42,1461,563,898
157793,43,1371,532,839
157793,44,62,26,36
157793,45,1309,506,803
157793,51,90,31,59
157793,52,342,126,216
157793,60,1309,506,803
157809,1,1600,774,826
157809,2,1502,718,784
157809,3,1208,616,592
157809,4,264,144,120
157809,5,944,472,472
157809,11,294,102,192
157809,12,98,56,42
157809,19,45,25,20
157809,20,899,447,452
157809,21,1221,629,592
157809,22,1140,579,561
157809,23,1137,577,560
157809,24,264,144,120
157809,25,873,433,440
157809,31,3,2,1
157809,32,81,50,31
157809,39,43,24,19
157809,40,830,409,421
157809,41,379,145,234
157809,42,362,139,223
157809,43,71,39,32
157809,45,71,39,32
157809,51,291,100,191
157809,52,17,6,11
157809,59,2,1,1
157809,60,69,38,31
157818,1,1082,463,619
157818,2,1082,463,619
157818,3,1081,462,619
157818,4,290,139,151
157818,5,791,323,468
157818,11,1,1,0
157818,19,15,12,3
157818,20,776,311,465
157818,21,1067,454,613
157818,22,1067,454,613
157818,23,1066,453,613
157818,24,289,138,151
157818,25,777,315,462
157818,31,1,1,0
157818,39,15,12,3
157818,40,762,303,459
157818,41,15,9,6
157818,42,15,9,6
157818,43,15,9,6
157818,44,1,1,0
157818,45,14,8,6
157818,60,14,8,6
157827,1,95,12,83
157827,2,95,12,83
157827,3,95,12,83
157827,4,58,11,47
157827,5,37,1,36
157827,20,37,1,36
157827,21,54,3,51
157827,22,54,3,51
157827,23,54,3,51
157827,24,29,2,27
157827,25,25,1,24
157827,40,25,1,24
157827,41,41,9,32
157827,42,41,9,32
157827,43,41,9,32
157827,44,29,9,20
157827,45,12,0,12
157827,60,12,0,12
157863,1,1164,546,618
157863,2,818,415,403
157863,3,808,412,396
157863,4,241,116,125
157863,5,567,296,271
157863,11,10,3,7
157863,12,346,131,215
157863,19,75,41,34
157863,20,492,255,237
157863,21,858,427,431
157863,22,729,385,344
157863,23,729,385,344
157863,24,239,115,124
157863,25,490,270,220
157863,32,129,42,87
157863,39,64,38,26
157863,40,426,232,194
157863,41,306,119,187
157863,42,89,30,59
157863,43,79,27,52
157863,44,2,1,1
157863,45,77,26,51
157863,51,10,3,7
157863,52,217,89,128
157863,59,11,3,8
157863,60,66,23,43
157951,1,20448,8559,11889
157951,2,17509,7616,9893
157951,3,15780,6978,8802
157951,4,3117,1428,1689
157951,5,12663,5550,7113
157951,11,1729,638,1091
157951,12,2939,943,1996
157951,19,993,460,533
157951,20,11670,5090,6580
157951,21,14315,6428,7887
157951,22,13382,6091,7291
157951,23,13234,6020,7214
157951,24,3065,1407,1658
157951,25,10169,4613,5556
157951,31,148,71,77
157951,32,933,337,596
157951,39,704,349,355
157951,40,9465,4264,5201
157951,41,6133,2131,4002
157951,42,4127,1525,2602
157951,43,2546,958,1588
157951,44,52,21,31
157951,45,2494,937,1557
157951,51,1581,567,1014
157951,52,2006,606,1400
157951,59,289,111,178
157951,60,2205,826,1379
158088,1,2242,1286,956
158088,2,2242,1286,956
158088,3,1439,804,635
158088,4,472,289,183
158088,5,967,515,452
158088,11,803,482,321
158088,19,145,36,109
158088,20,822,479,343
158088,21,1079,547,532
158088,22,1079,547,532
158088,23,993,482,511
158088,24,346,188,158
158088,25,647,294,353
158088,31,86,65,21
158088,39,129,32,97
158088,40,518,262,256
158088,41,1163,739,424
158088,42,1163,739,424
158088,43,446,322,124
158088,44,126,101,25
158088,45,320,221,99
158088,51,717,417,300
158088,59,16,4,12
158088,60,304,217,87
158158,1,85,29,56
158158,2,85,29,56
158158,3,85,29,56
158158,4,67,27,40
158158,5,18,2,16
158158,20,18,2,16
158158,21,61,18,43
158158,22,61,18,43
158158,23,61,18,43
158158,24,49,17,32
158158,25,12,1,11
158158,40,12,1,11
158158,41,24,11,13
158158,42,24,11,13
158158,43,24,11,13
158158,44,18,10,8
158158,45,6,1,5
158158,60,6,1,5
158246,1,267,109,158
158246,2,267,109,158
158246,3,267,109,158
158246,4,71,26,45
158246,5,196,83,113
158246,20,196,83,113
158246,21,267,109,158
158246,22,267,109,158
158246,23,267,109,158
158246,24,71,26,45
158246,25,196,83,113
158246,40,196,83,113
158325,1,56,3,53
158325,2,56,3,53
158325,3,56,3,53
158325,5,56,3,53
158325,20,56,3,53
158325,21,56,3,53
158325,22,56,3,53
158325,23,56,3,53
158325,25,56,3,53
158325,40,56,3,53
158334,1,22,3,19
158334,2,22,3,19
158334,3,22,3,19
158334,5,22,3,19
158334,20,22,3,19
158334,21,22,3,19
158334,22,22,3,19
158334,23,22,3,19
158334,25,22,3,19
158334,40,22,3,19
158343,1,81,40,41
158343,2,81,40,41
158343,3,80,39,41
158343,4,41,20,21
158343,5,39,19,20
158343,11,1,1,0
158343,20,39,19,20
158343,21,54,27,27
158343,22,54,27,27
158343,23,54,27,27
158343,24,28,14,14
158343,25,26,13,13
158343,40,26,13,13
158343,41,27,13,14
158343,42,27,13,14
158343,43,26,12,14
158343,44,13,6,7
158343,45,13,6,7
158343,51,1,1,0
158343,60,13,6,7
158352,1,2324,1434,890
158352,2,2324,1434,890
158352,3,1610,1117,493
158352,4,405,297,108
158352,5,1205,820,385
158352,11,714,317,397
158352,19,163,84,79
158352,20,1042,736,306
158352,21,832,552,280
158352,22,832,552,280
158352,23,743,488,255
158352,24,155,119,36
158352,25,588,369,219
158352,31,89,64,25
158352,39,85,32,53
158352,40,503,337,166
158352,41,1492,882,610
158352,42,1492,882,610
158352,43,867,629,238
158352,44,250,178,72
158352,45,617,451,166
158352,51,625,253,372
158352,59,78,52,26
158352,60,539,399,140
158431,1,8464,3050,5414
158431,2,8464,3050,5414
158431,3,7222,2513,4709
158431,4,1432,593,839
158431,5,5790,1920,3870
158431,11,1242,537,705
158431,19,1012,365,647
158431,20,4778,1555,3223
158431,21,4976,1868,3108
158431,22,4976,1868,3108
158431,23,4409,1602,2807
158431,24,1027,406,621
158431,25,3382,1196,2186
158431,31,567,266,301
158431,39,625,229,396
158431,40,2757,967,1790
158431,41,3488,1182,2306
158431,42,3488,1182,2306
158431,43,2813,911,1902
158431,44,405,187,218
158431,45,2408,724,1684
158431,51,675,271,404
158431,59,387,136,251
158431,60,2021,588,1433
158440,1,23,4,19
158440,2,23,4,19
158440,3,23,4,19
158440,4,17,3,14
158440,5,6,1,5
158440,20,6,1,5
158440,21,23,4,19
158440,22,23,4,19
158440,23,23,4,19
158440,24,17,3,14
158440,25,6,1,5
158440,40,6,1,5
158477,1,661,287,374
158477,2,586,258,328
158477,3,579,255,324
158477,4,128,56,72
158477,5,451,199,252
158477,11,7,3,4
158477,12,75,29,46
158477,19,19,14,5
158477,20,432,185,247
158477,21,578,253,325
158477,22,571,248,323
158477,23,571,248,323
158477,24,127,56,71
158477,25,444,192,252
158477,32,7,5,2
158477,39,19,14,5
158477,40,425,178,247
158477,41,83,34,49
158477,42,15,10,5
158477,43,8,7,1
158477,44,1,0,1
158477,45,7,7,0
158477,51,7,3,4
158477,52,68,24,44
158477,60,7,7,0
158538,1,51,2,49
158538,2,51,2,49
158538,3,51,2,49
158538,4,21,2,19
158538,5,30,0,30
158538,20,30,0,30
158538,21,51,2,49
158538,22,51,2,49
158538,23,51,2,49
158538,24,21,2,19
158538,25,30,0,30
158538,40,30,0,30
158617,1,469,198,271
158617,2,469,198,271
158617,3,469,198,271
158617,4,244,101,143
158617,5,225,97,128
158617,20,225,97,128
158617,21,469,198,271
158617,22,469,198,271
158617,23,469,198,271
158617,24,244,101,143
158617,25,225,97,128
158617,40,225,97,128
158644,1,63,3,60
158644,2,63,3,60
158644,3,63,3,60
158644,4,27,1,26
158644,5,36,2,34
158644,20,36,2,34
158644,21,55,1,54
158644,22,55,1,54
158644,23,55,1,54
158644,24,20,0,20
158644,25,35,1,34
158644,40,35,1,34
158644,41,8,2,6
158644,42,8,2,6
158644,43,8,2,6
158644,44,7,1,6
158644,45,1,1,0
158644,60,1,1,0
158662,1,18698,6379,12319
158662,2,18698,6379,12319
158662,3,17467,5949,11518
158662,4,3009,1288,1721
158662,5,14458,4661,9797
158662,11,1231,430,801
158662,19,2253,800,1453
158662,20,12205,3861,8344
158662,21,7906,2977,4929
158662,22,7906,2977,4929
158662,23,7569,2855,4714
158662,24,1984,847,1137
158662,25,5585,2008,3577
158662,31,337,122,215
158662,39,1057,423,634
158662,40,4528,1585,2943
158662,41,10792,3402,7390
158662,42,10792,3402,7390
158662,43,9898,3094,6804
158662,44,1025,441,584
158662,45,8873,2653,6220
158662,51,894,308,586
158662,59,1196,377,819
158662,60,7677,2276,5401
158723,1,199,26,173
158723,2,199,26,173
158723,3,199,26,173
158723,4,109,13,96
158723,5,90,13,77
158723,20,90,13,77
158723,21,199,26,173
158723,22,199,26,173
158723,23,199,26,173
158723,24,109,13,96
158723,25,90,13,77
158723,40,90,13,77
158778,1,58,1,57
158778,2,58,1,57
158778,3,58,1,57
158778,4,24,1,23
158778,5,34,0,34
158778,20,34,0,34
158778,21,58,1,57
158778,22,58,1,57
158778,23,58,1,57
158778,24,24,1,23
158778,25,34,0,34
158778,40,34,0,34
158787,1,91,1,90
158787,2,91,1,90
158787,3,91,1,90
158787,4,33,0,33
158787,5,58,1,57
158787,20,58,1,57
158787,21,91,1,90
158787,22,91,1,90
158787,23,91,1,90
158787,24,33,0,33
158787,25,58,1,57
158787,40,58,1,57
158802,1,1183,343,840
158802,2,1183,343,840
158802,3,1183,343,840
158802,4,229,61,168
158802,5,954,282,672
158802,19,38,15,23
158802,20,916,267,649
158802,21,1128,319,809
158802,22,1128,319,809
158802,23,1128,319,809
158802,24,224,61,163
158802,25,904,258,646
158802,39,36,13,23
158802,40,868,245,623
158802,41,55,24,31
158802,42,55,24,31
158802,43,55,24,31
158802,44,5,0,5
158802,45,50,24,26
158802,59,2,2,0
158802,60,48,22,26
158884,1,2506,857,1649
158884,2,2506,857,1649
158884,3,1675,563,1112
158884,4,296,139,157
158884,5,1379,424,955
158884,11,831,294,537
158884,19,335,121,214
158884,20,1044,303,741
158884,21,918,314,604
158884,22,918,314,604
158884,23,904,310,594
158884,24,195,91,104
158884,25,709,219,490
158884,31,14,4,10
158884,39,169,65,104
158884,40,540,154,386
158884,41,1588,543,1045
158884,42,1588,543,1045
158884,43,771,253,518
158884,44,101,48,53
158884,45,670,205,465
158884,51,817,290,527
158884,59,166,56,110
158884,60,504,149,355
159009,1,5071,1896,3175
159009,2,4155,1659,2496
159009,3,4100,1630,2470
159009,4,714,298,416
159009,5,3386,1332,2054
159009,11,55,29,26
159009,12,916,237,679
159009,19,264,112,152
159009,20,3122,1220,1902
159009,21,4325,1684,2641
159009,22,3860,1544,2316
159009,23,3857,1543,2314
159009,24,701,291,410
159009,25,3156,1252,1904
159009,31,3,1,2
159009,32,465,140,325
159009,39,257,111,146
159009,40,2899,1141,1758
159009,41,746,212,534
159009,42,295,115,180
159009,43,243,87,156
159009,44,13,7,6
159009,45,230,80,150
159009,51,52,28,24
159009,52,451,97,354
159009,59,7,1,6
159009,60,223,79,144
159027,1,62,4,58
159027,2,62,4,58
159027,3,62,4,58
159027,4,6,0,6
159027,5,56,4,52
159027,20,56,4,52
159027,21,62,4,58
159027,22,62,4,58
159027,23,62,4,58
159027,24,6,0,6
159027,25,56,4,52
159027,40,56,4,52
159197,1,630,529,101
159197,2,630,529,101
159197,3,569,494,75
159197,4,157,133,24
159197,5,412,361,51
159197,11,61,35,26
159197,20,412,361,51
159197,21,630,529,101
159197,22,630,529,101
159197,23,569,494,75
159197,24,157,133,24
159197,25,412,361,51
159197,31,61,35,26
159197,40,412,361,51
159319,1,36,1,35
159319,2,36,1,35
159319,3,36,1,35
159319,4,7,0,7
159319,5,29,1,28
159319,20,29,1,28
159319,21,36,1,35
159319,22,36,1,35
159319,23,36,1,35
159319,24,7,0,7
159319,25,29,1,28
159319,40,29,1,28
159328,1,76,3,73
159328,2,76,3,73
159328,3,76,3,73
159328,4,9,0,9
159328,5,67,3,64
159328,20,67,3,64
159328,21,76,3,73
159328,22,76,3,73
159328,23,76,3,73
159328,24,9,0,9
159328,25,67,3,64
159328,40,67,3,64
159373,1,2829,919,1910
159373,2,915,111,804
159373,3,915,111,804
159373,5,915,111,804
159373,12,1914,808,1106
159373,19,257,37,220
159373,20,658,74,584
159373,21,2359,854,1505
159373,22,599,71,528
159373,23,599,71,528
159373,25,599,71,528
159373,32,1760,783,977
159373,39,119,20,99
159373,40,480,51,429
159373,41,470,65,405
159373,42,316,40,276
159373,43,316,40,276
159373,45,316,40,276
159373,52,154,25,129
159373,59,138,17,121
159373,60,178,23,155
159382,1,2229,670,1559
159382,2,2211,665,1546
159382,3,1984,574,1410
159382,4,391,135,256
159382,5,1593,439,1154
159382,11,227,91,136
159382,12,18,5,13
159382,19,174,48,126
159382,20,1419,391,1028
159382,21,1257,422,835
159382,22,1257,422,835
159382,23,1248,417,831
159382,24,332,121,211
159382,25,916,296,620
159382,31,9,5,4
159382,39,119,38,81
159382,40,797,258,539
159382,41,972,248,724
159382,42,954,243,711
159382,43,736,157,579
159382,44,59,14,45
159382,45,677,143,534
159382,51,218,86,132
159382,52,18,5,13
159382,59,55,10,45
159382,60,622,133,489
159391,1,30478,14793,15685
159391,2,24923,12080,12843
159391,3,23990,11620,12370
159391,4,5501,2420,3081
159391,5,18489,9200,9289
159391,11,933,460,473
159391,12,5555,2713,2842
159391,19,933,500,433
159391,20,17556,8700,8856
159391,21,27172,13177,13995
159391,22,22811,10979,11832
159391,23,22707,10920,11787
159391,24,5498,2418,3080
159391,25,17209,8502,8707
159391,31,104,59,45
159391,32,4361,2198,2163
159391,39,885,472,413
159391,40,16324,8030,8294
159391,41,3306,1616,1690
159391,42,2112,1101,1011
159391,43,1283,700,583
159391,44,3,2,1
159391,45,1280,698,582
159391,51,829,401,428
159391,52,1194,515,679
159391,59,48,28,20
159391,60,1232,670,562
159407,1,2673,804,1869
159407,2,2673,804,1869
159407,3,2424,716,1708
159407,4,704,258,446
159407,5,1720,458,1262
159407,11,249,88,161
159407,19,146,48,98
159407,20,1574,410,1164
159407,21,1283,422,861
159407,22,1283,422,861
159407,23,1279,420,859
159407,24,524,196,328
159407,25,755,224,531
159407,31,4,2,2
159407,39,60,17,43
159407,40,695,207,488
159407,41,1390,382,1008
159407,42,1390,382,1008
159407,43,1145,296,849
159407,44,180,62,118
159407,45,965,234,731
159407,51,245,86,159
159407,59,86,31,55
159407,60,879,203,676
159416,1,4114,1628,2486
159416,2,3674,1501,2173
159416,3,2796,1157,1639
159416,4,345,146,199
159416,5,2451,1011,1440
159416,11,878,344,534
159416,12,440,127,313
159416,19,366,141,225
159416,20,2085,870,1215
159416,21,2229,904,1325
159416,22,2097,868,1229
159416,23,2064,859,1205
159416,24,334,140,194
159416,25,1730,719,1011
159416,31,33,9,24
159416,32,132,36,96
159416,39,264,103,161
159416,40,1466,616,850
159416,41,1885,724,1161
159416,42,1577,633,944
159416,43,732,298,434
159416,44,11,6,5
159416,45,721,292,429
159416,51,845,335,510
159416,52,308,91,217
159416,59,102,38,64
159416,60,619,254,365
159443,1,2832,1386,1446
159443,2,2832,1386,1446
159443,3,1713,846,867
159443,4,506,287,219
159443,5,1207,559,648
159443,11,1119,540,579
159443,19,94,47,47
159443,20,1113,512,601
159443,21,1308,663,645
159443,22,1308,663,645
159443,23,1220,618,602
159443,24,397,241,156
159443,25,823,377,446
159443,31,88,45,43
159443,39,62,31,31
159443,40,761,346,415
159443,41,1524,723,801
159443,42,1524,723,801
159443,43,493,228,265
159443,44,109,46,63
159443,45,384,182,202
159443,51,1031,495,536
159443,59,32,16,16
159443,60,352,166,186
159513,1,226,19,207
159513,2,226,19,207
159513,3,226,19,207
159513,4,126,9,117
159513,5,100,10,90
159513,20,100,10,90
159513,21,226,19,207
159513,22,226,19,207
159513,23,226,19,207
159513,24,126,9,117
159513,25,100,10,90
159513,40,100,10,90
159522,1,116,10,106
159522,2,116,10,106
159522,3,116,10,106
159522,4,66,6,60
159522,5,50,4,46
159522,20,50,4,46
159522,21,116,10,106
159522,22,116,10,106
159522,23,116,10,106
159522,24,66,6,60
159522,25,50,4,46
159522,40,50,4,46
159531,1,42,1,41
159531,2,42,1,41
159531,3,42,1,41
159531,4,32,0,32
159531,5,10,1,9
159531,20,10,1,9
159531,21,42,1,41
159531,22,42,1,41
159531,23,42,1,41
159531,24,32,0,32
159531,25,10,1,9
159531,40,10,1,9
159568,1,1400,686,714
159568,2,1116,585,531
159568,3,1081,559,522
159568,4,265,148,117
159568,5,816,411,405
159568,11,35,26,9
159568,12,284,101,183
159568,19,60,33,27
159568,20,756,378,378
159568,21,1092,566,526
159568,22,1035,537,498
159568,23,1008,519,489
159568,24,265,148,117
159568,25,743,371,372
159568,31,27,18,9
159568,32,57,29,28
159568,39,50,31,19
159568,40,693,340,353
159568,41,308,120,188
159568,42,81,48,33
159568,43,73,40,33
159568,45,73,40,33
159568,51,8,8,0
159568,52,227,72,155
159568,59,10,2,8
159568,60,63,38,25
159601,1,14,0,14
159601,2,14,0,14
159601,3,14,0,14
159601,4,8,0,8
159601,5,6,0,6
159601,20,6,0,6
159601,21,14,0,14
159601,22,14,0,14
159601,23,14,0,14
159601,24,8,0,8
159601,25,6,0,6
159601,40,6,0,6
159647,1,11015,5591,5424
159647,2,9245,4895,4350
159647,3,7047,3985,3062
159647,4,1553,915,638
159647,5,5494,3070,2424
159647,11,2198,910,1288
159647,12,1770,696,1074
159647,19,370,177,193
159647,20,5124,2893,2231
159647,21,7549,4140,3409
159647,22,6585,3685,2900
159647,23,6273,3550,2723
159647,24,1504,881,623
159647,25,4769,2669,2100
159647,31,312,135,177
159647,32,964,455,509
159647,39,300,141,159
159647,40,4469,2528,1941
159647,41,3466,1451,2015
159647,42,2660,1210,1450
159647,43,774,435,339
159647,44,49,34,15
159647,45,725,401,324
159647,51,1886,775,1111
159647,52,806,241,565
159647,59,70,36,34
159647,60,655,365,290
159656,1,4686,1797,2889
159656,2,2946,1214,1732
159656,3,2910,1197,1713
159656,4,624,247,377
159656,5,2286,950,1336
159656,11,36,17,19
159656,12,1740,583,1157
159656,19,161,75,86
159656,20,2125,875,1250
159656,21,3589,1455,2134
159656,22,2741,1120,1621
159656,23,2721,1110,1611
159656,24,620,245,375
159656,25,2101,865,1236
159656,31,20,10,10
159656,32,848,335,513
159656,39,131,60,71
159656,40,1970,805,1165
159656,41,1097,342,755
159656,42,205,94,111
159656,43,189,87,102
159656,44,4,2,2
159656,45,185,85,100
159656,51,16,7,9
159656,52,892,248,644
159656,59,30,15,15
159656,60,155,70,85
159717,1,8341,3152,5189
159717,2,7575,2907,4668
159717,3,6777,2567,4210
159717,4,1330,512,818
159717,5,5447,2055,3392
159717,11,798,340,458
159717,12,766,245,521
159717,19,320,127,193
159717,20,5127,1928,3199
159717,21,6307,2425,3882
159717,22,5973,2304,3669
159717,23,5958,2297,3661
159717,24,1312,502,810
159717,25,4646,1795,2851
159717,31,15,7,8
159717,32,334,121,213
159717,39,271,115,156
159717,40,4375,1680,2695
159717,41,2034,727,1307
159717,42,1602,603,999
159717,43,819,270,549
159717,44,18,10,8
159717,45,801,260,541
159717,51,783,333,450
159717,52,432,124,308
159717,59,49,12,37
159717,60,752,248,504
159939,1,9323,4483,4840
159939,2,7144,3547,3597
159939,3,6854,3410,3444
159939,4,857,443,414
159939,5,5997,2967,3030
159939,11,290,137,153
159939,12,2179,936,1243
159939,19,733,317,416
159939,20,5264,2650,2614
159939,21,6548,3197,3351
159939,22,5376,2655,2721
159939,23,5307,2617,2690
159939,24,842,436,406
159939,25,4465,2181,2284
159939,31,69,38,31
159939,32,1172,542,630
159939,39,598,259,339
159939,40,3867,1922,1945
159939,41,2775,1286,1489
159939,42,1768,892,876
159939,43,1547,793,754
159939,44,15,7,8
159939,45,1532,786,746
159939,51,221,99,122
159939,52,1007,394,613
159939,59,135,58,77
159939,60,1397,728,669
159948,1,2638,1971,667
159948,2,1081,759,322
159948,3,1079,759,320
159948,4,189,122,67
159948,5,890,637,253
159948,11,2,0,2
159948,12,1557,1212,345
159948,19,22,13,9
159948,20,868,624,244
159948,21,894,647,247
159948,22,324,230,94
159948,23,324,230,94
159948,24,36,24,12
159948,25,288,206,82
159948,32,570,417,153
159948,39,15,9,6
159948,40,273,197,76
159948,41,1744,1324,420
159948,42,757,529,228
159948,43,755,529,226
159948,44,153,98,55
159948,45,602,431,171
159948,51,2,0,2
159948,52,987,795,192
159948,59,7,4,3
159948,60,595,427,168
159966,1,6532,2389,4143
159966,2,5888,2233,3655
159966,3,5682,2145,3537
159966,4,1242,506,736
159966,5,4440,1639,2801
159966,11,206,88,118
159966,12,644,156,488
159966,19,262,112,150
159966,20,4178,1527,2651
159966,21,4947,1856,3091
159966,22,4729,1803,2926
159966,23,4707,1792,2915
159966,24,1059,431,628
159966,25,3648,1361,2287
159966,31,22,11,11
159966,32,218,53,165
159966,39,203,91,112
159966,40,3445,1270,2175
159966,41,1585,533,1052
159966,42,1159,430,729
159966,43,975,353,622
159966,44,183,75,108
159966,45,792,278,514
159966,51,184,77,107
159966,52,426,103,323
159966,59,59,21,38
159966,60,733,257,476
159993,1,8645,3208,5437
159993,2,7276,2727,4549
159993,3,5863,2105,3758
159993,4,1338,463,875
159993,5,4525,1642,2883
159993,11,1413,622,791
159993,12,1369,481,888
159993,19,416,158,258
159993,20,4109,1484,2625
159993,21,5739,2092,3647
159993,22,4894,1785,3109
159993,23,4851,1770,3081
159993,24,1318,453,865
159993,25,3533,1317,2216
159993,31,43,15,28
159993,32,845,307,538
159993,39,296,115,181
159993,40,3237,1202,2035
159993,41,2906,1116,1790
159993,42,2382,942,1440
159993,43,1012,335,677
159993,44,20,10,10
159993,45,992,325,667
159993,51,1370,607,763
159993,52,524,174,350
159993,59,120,43,77
159993,60,872,282,590
160010,1,2694,1576,1118
160010,2,2694,1576,1118
160010,3,1495,829,666
160010,4,565,348,217
160010,5,930,481,449
160010,11,1199,747,452
160010,19,93,31,62
160010,20,837,450,387
160010,21,1009,611,398
160010,22,1009,611,398
160010,23,939,557,382
160010,24,348,226,122
160010,25,591,331,260
160010,31,70,54,16
160010,39,47,21,26
160010,40,544,310,234
160010,41,1685,965,720
160010,42,1685,965,720
160010,43,556,272,284
160010,44,217,122,95
160010,45,339,150,189
160010,51,1129,693,436
160010,59,46,10,36
160010,60,293,140,153
160029,1,184,147,37
160029,12,184,147,37
160029,21,109,102,7
160029,32,109,102,7
160029,41,75,45,30
160029,52,75,45,30
160038,1,8944,2749,6195
160038,2,7836,2513,5323
160038,3,7026,2232,4794
160038,4,1231,453,778
160038,5,5795,1779,4016
160038,11,810,281,529
160038,12,1108,236,872
160038,19,474,141,333
160038,20,5321,1638,3683
160038,21,5249,1828,3421
160038,22,5013,1767,3246
160038,23,4990,1759,3231
160038,24,1160,431,729
160038,25,3830,1328,2502
160038,31,23,8,15
160038,32,236,61,175
160038,39,284,90,194
160038,40,3546,1238,2308
160038,41,3695,921,2774
160038,42,2823,746,2077
160038,43,2036,473,1563
160038,44,71,22,49
160038,45,1965,451,1514
160038,51,787,273,514
160038,52,872,175,697
160038,59,190,51,139
160038,60,1775,400,1375
160065,1,1112,191,921
160065,2,878,145,733
160065,3,842,128,714
160065,4,58,9,49
160065,5,784,119,665
160065,11,36,17,19
160065,12,234,46,188
160065,19,80,15,65
160065,20,704,104,600
160065,21,602,97,505
160065,22,521,81,440
160065,23,521,81,440
160065,24,54,9,45
160065,25,467,72,395
160065,32,81,16,65
160065,39,45,10,35
160065,40,422,62,360
160065,41,510,94,416
160065,42,357,64,293
160065,43,321,47,274
160065,44,4,0,4
160065,45,317,47,270
160065,51,36,17,19
160065,52,153,30,123
160065,59,35,5,30
160065,60,282,42,240
160074,1,1703,277,1426
160074,2,1486,200,1286
160074,3,1483,200,1283
160074,4,111,10,101
160074,5,1372,190,1182
160074,11,3,0,3
160074,12,217,77,140
160074,19,185,25,160
160074,20,1187,165,1022
160074,21,1011,171,840
160074,22,873,117,756
160074,23,873,117,756
160074,24,107,10,97
160074,25,766,107,659
160074,32,138,54,84
160074,39,120,15,105
160074,40,646,92,554
160074,41,692,106,586
160074,42,613,83,530
160074,43,610,83,527
160074,44,4,0,4
160074,45,606,83,523
160074,51,3,0,3
160074,52,79,23,56
160074,59,65,10,55
160074,60,541,73,468
160117,1,25,2,23
160117,2,25,2,23
160117,3,25,2,23
160117,4,24,2,22
160117,5,1,0,1
160117,20,1,0,1
160117,21,25,2,23
160117,22,25,2,23
160117,23,25,2,23
160117,24,24,2,22
160117,25,1,0,1
160117,40,1,0,1
160126,1,28,0,28
160126,2,28,0,28
160126,3,28,0,28
160126,4,7,0,7
160126,5,21,0,21
160126,20,21,0,21
160126,21,28,0,28
160126,22,28,0,28
160126,23,28,0,28
160126,24,7,0,7
160126,25,21,0,21
160126,40,21,0,21
160135,1,28,0,28
160135,2,28,0,28
160135,3,28,0,28
160135,4,25,0,25
160135,5,3,0,3
160135,20,3,0,3
160135,21,28,0,28
160135,22,28,0,28
160135,23,28,0,28
160135,24,25,0,25
160135,25,3,0,3
160135,40,3,0,3
160199,1,75,3,72
160199,2,75,3,72
160199,3,75,3,72
160199,4,16,1,15
160199,5,59,2,57
160199,20,59,2,57
160199,21,75,3,72
160199,22,75,3,72
160199,23,75,3,72
160199,24,16,1,15
160199,25,59,2,57
160199,40,59,2,57
160320,1,1707,110,1597
160320,2,1707,110,1597
160320,3,1707,110,1597
160320,4,850,57,793
160320,5,857,53,804
160320,20,857,53,804
160320,21,1707,110,1597
160320,22,1707,110,1597
160320,23,1707,110,1597
160320,24,850,57,793
160320,25,857,53,804
160320,40,857,53,804
160409,1,133,133,0
160409,2,133,133,0
160409,3,133,133,0
160409,4,14,14,0
160409,5,119,119,0
160409,19,48,48,0
160409,20,71,71,0
160409,21,129,129,0
160409,22,129,129,0
160409,23,129,129,0
160409,24,14,14,0
160409,25,115,115,0
160409,39,47,47,0
160409,40,68,68,0
160409,41,4,4,0
160409,42,4,4,0
160409,43,4,4,0
160409,45,4,4,0
160409,59,1,1,0
160409,60,3,3,0
160445,1,107,1,106
160445,2,107,1,106
160445,3,107,1,106
160445,4,15,0,15
160445,5,92,1,91
160445,20,92,1,91
160445,21,107,1,106
160445,22,107,1,106
160445,23,107,1,106
160445,24,15,0,15
160445,25,92,1,91
160445,40,92,1,91
160472,1,41,1,40
160472,2,41,1,40
160472,3,41,1,40
160472,4,21,0,21
160472,5,20,1,19
160472,20,20,1,19
160472,21,41,1,40
160472,22,41,1,40
160472,23,41,1,40
160472,24,21,0,21
160472,25,20,1,19
160472,40,20,1,19
160481,1,1968,698,1270
160481,2,1968,698,1270
160481,3,1776,623,1153
160481,4,585,239,346
160481,5,1191,384,807
160481,11,192,75,117
160481,19,213,80,133
160481,20,978,304,674
160481,21,1259,481,778
160481,22,1259,481,778
160481,23,1225,459,766
160481,24,495,206,289
160481,25,730,253,477
160481,31,34,22,12
160481,39,136,54,82
160481,40,594,199,395
160481,41,709,217,492
160481,42,709,217,492
160481,43,551,164,387
160481,44,90,33,57
160481,45,461,131,330
160481,51,158,53,105
160481,59,77,26,51
160481,60,384,105,279
160524,1,326,58,268
160524,2,326,58,268
160524,3,326,58,268
160524,4,116,20,96
160524,5,210,38,172
160524,19,1,0,1
160524,20,209,38,171
160524,21,326,58,268
160524,22,326,58,268
160524,23,326,58,268
160524,24,116,20,96
160524,25,210,38,172
160524,39,1,0,1
160524,40,209,38,171
160579,1,3225,1871,1354
160579,2,3225,1871,1354
160579,3,2609,1538,1071
160579,4,761,448,313
160579,5,1848,1090,758
160579,11,616,333,283
160579,19,405,226,179
160579,20,1443,864,579
160579,21,1702,928,774
160579,22,1702,928,774
160579,23,1644,902,742
160579,24,523,295,228
160579,25,1121,607,514
160579,31,58,26,32
160579,39,244,128,116
160579,40,877,479,398
160579,41,1523,943,580
160579,42,1523,943,580
160579,43,965,636,329
160579,44,238,153,85
160579,45,727,483,244
160579,51,558,307,251
160579,59,161,98,63
160579,60,566,385,181
160597,1,116,39,77
160597,2,116,39,77
160597,3,116,39,77
160597,4,4,2,2
160597,5,112,37,75
160597,20,112,37,75
160597,21,74,18,56
160597,22,74,18,56
160597,23,74,18,56
160597,24,2,1,1
160597,25,72,17,55
160597,40,72,17,55
160597,41,42,21,21
160597,42,42,21,21
160597,43,42,21,21
160597,44,2,1,1
160597,45,40,20,20
160597,60,40,20,20
160612,1,14934,5748,9186
160612,2,13730,5479,8251
160612,3,11704,4565,7139
160612,4,2546,1020,1526
160612,5,9158,3545,5613
160612,11,2026,914,1112
160612,12,1204,269,935
160612,19,598,231,367
160612,20,8560,3314,5246
160612,21,10360,4026,6334
160612,22,9999,3934,6065
160612,23,9981,3930,6051
160612,24,2370,950,1420
160612,25,7611,2980,4631
160612,31,18,4,14
160612,32,361,92,269
160612,39,478,196,282
160612,40,7133,2784,4349
160612,41,4574,1722,2852
160612,42,3731,1545,2186
160612,43,1723,635,1088
160612,44,176,70,106
160612,45,1547,565,982
160612,51,2008,910,1098
160612,52,843,177,666
160612,59,120,35,85
160612,60,1427,530,897
160621,1,6777,2403,4374
160621,2,5746,2133,3613
160621,3,5666,2083,3583
160621,4,1123,437,686
160621,5,4543,1646,2897
160621,11,80,50,30
160621,12,1031,270,761
160621,19,341,106,235
160621,20,4202,1540,2662
160621,21,5641,1972,3669
160621,22,4708,1733,2975
160621,23,4702,1727,2975
160621,24,1104,429,675
160621,25,3598,1298,2300
160621,31,6,6,0
160621,32,933,239,694
160621,39,296,98,198
160621,40,3302,1200,2102
160621,41,1136,431,705
160621,42,1038,400,638
160621,43,964,356,608
160621,44,19,8,11
160621,45,945,348,597
160621,51,74,44,30
160621,52,98,31,67
160621,59,45,8,37
160621,60,900,340,560
160630,1,2292,544,1748
160630,2,1809,454,1355
160630,3,1782,446,1336
160630,4,269,90,179
160630,5,1513,356,1157
160630,11,27,8,19
160630,12,483,90,393
160630,19,243,55,188
160630,20,1270,301,969
160630,21,1655,378,1277
160630,22,1222,296,926
160630,23,1221,295,926
160630,24,200,61,139
160630,25,1021,234,787
160630,31,1,1,0
160630,32,433,82,351
160630,39,166,36,130
160630,40,855,198,657
160630,41,637,166,471
160630,42,587,158,429
160630,43,561,151,410
160630,44,69,29,40
160630,45,492,122,370
160630,51,26,7,19
160630,52,50,8,42
160630,59,77,19,58
160630,60,415,103,312
160649,1,3018,867,2151
160649,2,3018,867,2151
160649,3,2784,812,1972
160649,4,405,146,259
160649,5,2379,666,1713
160649,11,234,55,179
160649,19,206,51,155
160649,20,2173,615,1558
160649,21,2121,696,1425
160649,22,2121,696,1425
160649,23,2121,696,1425
160649,24,377,136,241
160649,25,1744,560,1184
160649,39,154,45,109
160649,40,1590,515,1075
160649,41,897,171,726
160649,42,897,171,726
160649,43,663,116,547
160649,44,28,10,18
160649,45,635,106,529
160649,51,234,55,179
160649,59,52,6,46
160649,60,583,100,483
160658,1,16646,7435,9211
160658,2,15053,6724,8329
160658,3,14261,6400,7861
160658,4,2693,1251,1442
160658,5,11568,5149,6419
160658,11,792,324,468
160658,12,1593,711,882
160658,19,751,319,432
160658,20,10817,4830,5987
160658,21,13221,6112,7109
160658,22,12295,5655,6640
160658,23,12274,5643,6631
160658,24,2679,1245,1434
160658,25,9595,4398,5197
160658,31,21,12,9
160658,32,926,457,469
160658,39,544,269,275
160658,40,9051,4129,4922
160658,41,3425,1323,2102
160658,42,2758,1069,1689
160658,43,1987,757,1230
160658,44,14,6,8
160658,45,1973,751,1222
160658,51,771,312,459
160658,52,667,254,413
160658,59,207,50,157
160658,60,1766,701,1065
160667,1,3151,1610,1541
160667,2,3151,1610,1541
160667,3,1705,871,834
160667,4,508,278,230
160667,5,1197,593,604
160667,11,1446,739,707
160667,19,221,78,143
160667,20,976,515,461
160667,21,1078,543,535
160667,22,1078,543,535
160667,23,1000,479,521
160667,24,293,156,137
160667,25,707,323,384
160667,31,78,64,14
160667,39,134,46,88
160667,40,573,277,296
160667,41,2073,1067,1006
160667,42,2073,1067,1006
160667,43,705,392,313
160667,44,215,122,93
160667,45,490,270,220
160667,51,1368,675,693
160667,59,87,32,55
160667,60,403,238,165
160755,1,12938,5631,7307
160755,2,8290,3476,4814
160755,3,8290,3476,4814
160755,4,1609,665,944
160755,5,6681,2811,3870
160755,12,4648,2155,2493
160755,19,90,42,48
160755,20,6591,2769,3822
160755,21,10572,4617,5955
160755,22,6487,2740,3747
160755,23,6487,2740,3747
160755,24,1609,665,944
160755,25,4878,2075,2803
160755,32,4085,1877,2208
160755,39,90,42,48
160755,40,4788,2033,2755
160755,41,2366,1014,1352
160755,42,1803,736,1067
160755,43,1803,736,1067
160755,45,1803,736,1067
160755,52,563,278,285
160755,60,1803,736,1067
160904,1,3121,898,2223
160904,2,2504,714,1790
160904,3,2459,700,1759
160904,4,675,183,492
160904,5,1784,517,1267
160904,11,45,14,31
160904,12,617,184,433
160904,19,124,47,77
160904,20,1660,470,1190
160904,21,2942,845,2097
160904,22,2375,674,1701
160904,23,2363,668,1695
160904,24,674,182,492
160904,25,1689,486,1203
160904,31,12,6,6
160904,32,567,171,396
160904,39,118,46,72
160904,40,1571,440,1131
160904,41,179,53,126
160904,42,129,40,89
160904,43,96,32,64
160904,44,1,1,0
160904,45,95,31,64
160904,51,33,8,25
160904,52,50,13,37
160904,59,6,1,5
160904,60,89,30,59
160913,1,2410,1608,802
160913,2,2410,1608,802
160913,3,1460,1070,390
160913,4,562,437,125
160913,5,898,633,265
160913,11,950,538,412
160913,19,347,264,83
160913,20,551,369,182
160913,21,600,364,236
160913,22,600,364,236
160913,23,593,358,235
160913,24,215,134,81
160913,25,378,224,154
160913,31,7,6,1
160913,39,115,72,43
160913,40,263,152,111
160913,41,1810,1244,566
160913,42,1810,1244,566
160913,43,867,712,155
160913,44,347,303,44
160913,45,520,409,111
160913,51,943,532,411
160913,59,232,192,40
160913,60,288,217,71
160940,1,1017,232,785
160940,2,988,225,763
160940,3,977,220,757
160940,4,146,38,108
160940,5,831,182,649
160940,11,11,5,6
160940,12,29,7,22
160940,19,295,59,236
160940,20,536,123,413
160940,21,478,110,368
160940,22,453,105,348
160940,23,452,105,347
160940,24,81,22,59
160940,25,371,83,288
160940,31,1,0,1
160940,32,25,5,20
160940,39,130,23,107
160940,40,241,60,181
160940,41,539,122,417
160940,42,535,120,415
160940,43,525,115,410
160940,44,65,16,49
160940,45,460,99,361
160940,51,10,5,5
160940,52,4,2,2
160940,59,165,36,129
160940,60,295,63,232
160959,1,370,120,250
160959,2,362,119,243
160959,3,356,114,242
160959,4,104,37,67
160959,5,252,77,175
160959,11,6,5,1
160959,12,8,1,7
160959,19,28,9,19
160959,20,224,68,156
160959,21,351,113,238
160959,22,344,112,232
160959,23,344,112,232
160959,24,103,37,66
160959,25,241,75,166
160959,32,7,1,6
160959,39,27,9,18
160959,40,214,66,148
160959,41,19,7,12
160959,42,18,7,11
160959,43,12,2,10
160959,44,1,0,1
160959,45,11,2,9
160959,51,6,5,1
160959,52,1,0,1
160959,59,1,0,1
160959,60,10,2,8
160977,1,1791,890,901
160977,2,1791,890,901
160977,3,1791,890,901
160977,4,500,270,230
160977,5,1291,620,671
160977,19,3,2,1
160977,20,1288,618,670
160977,21,1791,890,901
160977,22,1791,890,901
160977,23,1791,890,901
160977,24,500,270,230
160977,25,1291,620,671
160977,39,3,2,1
160977,40,1288,618,670
160995,1,464,157,307
160995,2,464,157,307
160995,3,461,157,304
160995,4,93,40,53
160995,5,368,117,251
160995,11,3,0,3
160995,19,48,20,28
160995,20,320,97,223
160995,21,363,136,227
160995,22,363,136,227
160995,23,363,136,227
160995,24,89,40,49
160995,25,274,96,178
160995,39,48,20,28
160995,40,226,76,150
160995,41,101,21,80
160995,42,101,21,80
160995,43,98,21,77
160995,44,4,0,4
160995,45,94,21,73
160995,51,3,0,3
160995,60,94,21,73
161004,1,1795,902,893
161004,2,1795,902,893
161004,3,1789,901,888
161004,4,497,245,252
161004,5,1292,656,636
161004,11,6,1,5
161004,19,5,2,3
161004,20,1287,654,633
161004,21,1791,901,890
161004,22,1791,901,890
161004,23,1788,901,887
161004,24,497,245,252
161004,25,1291,656,635
161004,31,3,0,3
161004,39,5,2,3
161004,40,1286,654,632
161004,41,4,1,3
161004,42,4,1,3
161004,43,1,0,1
161004,45,1,0,1
161004,51,3,1,2
161004,60,1,0,1
161022,1,225,26,199
161022,2,225,26,199
161022,3,178,20,158
161022,4,2,0,2
161022,5,176,20,156
161022,11,47,6,41
161022,20,176,20,156
161022,21,59,9,50
161022,22,59,9,50
161022,23,55,7,48
161022,24,2,0,2
161022,25,53,7,46
161022,31,4,2,2
161022,40,53,7,46
161022,41,166,17,149
161022,42,166,17,149
161022,43,123,13,110
161022,45,123,13,110
161022,51,43,4,39
161022,60,123,13,110
161077,1,3109,1462,1647
161077,2,3109,1462,1647
161077,3,2531,1119,1412
161077,4,600,301,299
161077,5,1931,818,1113
161077,11,578,343,235
161077,19,436,153,283
161077,20,1495,665,830
161077,21,1447,749,698
161077,22,1447,749,698
161077,23,1442,748,694
161077,24,439,235,204
161077,25,1003,513,490
161077,31,5,1,4
161077,39,218,95,123
161077,40,785,418,367
161077,41,1662,713,949
161077,42,1662,713,949
161077,43,1089,371,718
161077,44,161,66,95
161077,45,928,305,623
161077,51,573,342,231
161077,59,218,58,160
161077,60,710,247,463
161086,1,1820,874,946
161086,2,1820,874,946
161086,3,1820,874,946
161086,4,483,243,240
161086,5,1337,631,706
161086,19,9,5,4
161086,20,1328,626,702
161086,21,1820,874,946
161086,22,1820,874,946
161086,23,1820,874,946
161086,24,483,243,240
161086,25,1337,631,706
161086,39,9,5,4
161086,40,1328,626,702
161138,1,2558,1262,1296
161138,2,2558,1262,1296
161138,3,2046,995,1051
161138,4,477,264,213
161138,5,1569,731,838
161138,11,512,267,245
161138,19,215,107,108
161138,20,1354,624,730
161138,21,1355,680,675
161138,22,1355,680,675
161138,23,1331,669,662
161138,24,381,213,168
161138,25,950,456,494
161138,31,24,11,13
161138,39,143,76,67
161138,40,807,380,427
161138,41,1203,582,621
161138,42,1203,582,621
161138,43,715,326,389
161138,44,96,51,45
161138,45,619,275,344
161138,51,488,256,232
161138,59,72,31,41
161138,60,547,244,303
161165,1,3049,1218,1831
161165,2,2350,958,1392
161165,3,2290,946,1344
161165,4,455,186,269
161165,5,1835,760,1075
161165,11,60,12,48
161165,12,699,260,439
161165,19,157,74,83
161165,20,1678,686,992
161165,21,2288,955,1333
161165,22,1868,782,1086
161165,23,1868,782,1086
161165,24,452,184,268
161165,25,1416,598,818
161165,32,420,173,247
161165,39,108,47,61
161165,40,1308,551,757
161165,41,761,263,498
161165,42,482,176,306
161165,43,422,164,258
161165,44,3,2,1
161165,45,419,162,257
161165,51,60,12,48
161165,52,279,87,192
161165,59,49,27,22
161165,60,370,135,235
161192,1,2263,757,1506
161192,2,2263,757,1506
161192,3,1627,518,1109
161192,4,225,87,138
161192,5,1402,431,971
161192,11,636,239,397
161192,19,177,64,113
161192,20,1225,367,858
161192,21,664,283,381
161192,22,664,283,381
161192,23,656,277,379
161192,24,150,63,87
161192,25,506,214,292
161192,31,8,6,2
161192,39,80,34,46
161192,40,426,180,246
161192,41,1599,474,1125
161192,42,1599,474,1125
161192,43,971,241,730
161192,44,75,24,51
161192,45,896,217,679
161192,51,628,233,395
161192,59,97,30,67
161192,60,799,187,612
161208,1,83,78,5
161208,2,83,78,5
161208,3,83,78,5
161208,4,25,23,2
161208,5,58,55,3
161208,19,34,31,3
161208,20,24,24,0
161208,21,83,78,5
161208,22,83,78,5
161208,23,83,78,5
161208,24,25,23,2
161208,25,58,55,3
161208,39,34,31,3
161208,40,24,24,0
161217,1,4770,1365,3405
161217,2,4770,1365,3405
161217,3,4306,1222,3084
161217,4,454,149,305
161217,5,3852,1073,2779
161217,11,464,143,321
161217,19,519,160,359
161217,20,3333,913,2420
161217,21,1726,596,1130
161217,22,1726,596,1130
161217,23,1717,593,1124
161217,24,273,98,175
161217,25,1444,495,949
161217,31,9,3,6
161217,39,254,94,160
161217,40,1190,401,789
161217,41,3044,769,2275
161217,42,3044,769,2275
161217,43,2589,629,1960
161217,44,181,51,130
161217,45,2408,578,1830
161217,51,455,140,315
161217,59,265,66,199
161217,60,2143,512,1631
161226,1,2061,672,1389
161226,2,1901,639,1262
161226,3,1858,630,1228
161226,4,439,143,296
161226,5,1419,487,932
161226,11,43,9,34
161226,12,160,33,127
161226,19,110,40,70
161226,20,1309,447,862
161226,21,1783,608,1175
161226,22,1783,608,1175
161226,23,1773,605,1168
161226,24,438,142,296
161226,25,1335,463,872
161226,31,10,3,7
161226,39,99,38,61
161226,40,1236,425,811
161226,41,278,64,214
161226,42,118,31,87
161226,43,85,25,60
161226,44,1,1,0
161226,45,84,24,60
161226,51,33,6,27
161226,52,160,33,127
161226,59,11,2,9
161226,60,73,22,51
161235,1,1209,353,856
161235,2,1209,353,856
161235,3,913,269,644
161235,4,162,51,111
161235,5,751,218,533
161235,11,296,84,212
161235,19,206,54,152
161235,20,545,164,381
161235,21,594,202,392
161235,22,594,202,392
161235,23,593,202,391
161235,24,155,48,107
161235,25,438,154,284
161235,31,1,0,1
161235,39,114,40,74
161235,40,324,114,210
161235,41,615,151,464
161235,42,615,151,464
161235,43,320,67,253
161235,44,7,3,4
161235,45,313,64,249
161235,51,295,84,211
161235,59,92,14,78
161235,60,221,50,171
161244,1,892,268,624
161244,2,892,268,624
161244,3,596,202,394
161244,4,104,44,60
161244,5,492,158,334
161244,11,296,66,230
161244,19,54,25,29
161244,20,438,133,305
161244,21,439,165,274
161244,22,439,165,274
161244,23,435,165,270
161244,24,98,42,56
161244,25,337,123,214
161244,31,4,0,4
161244,39,31,16,15
161244,40,306,107,199
161244,41,453,103,350
161244,42,453,103,350
161244,43,161,37,124
161244,44,6,2,4
161244,45,155,35,120
161244,51,292,66,226
161244,59,23,9,14
161244,60,132,26,106
161253,1,11247,5475,5772
161253,2,9182,4769,4413
161253,3,8619,4544,4075
161253,4,2166,1159,1007
161253,5,6453,3385,3068
161253,11,563,225,338
161253,12,2065,706,1359
161253,19,454,241,213
161253,20,5999,3144,2855
161253,21,8739,4569,4170
161253,22,7922,4165,3757
161253,23,7874,4145,3729
161253,24,2148,1150,998
161253,25,5726,2995,2731
161253,31,48,20,28
161253,32,817,404,413
161253,39,402,220,182
161253,40,5324,2775,2549
161253,41,2508,906,1602
161253,42,1260,604,656
161253,43,745,399,346
161253,44,18,9,9
161253,45,727,390,337
161253,51,515,205,310
161253,52,1248,302,946
161253,59,52,21,31
161253,60,675,369,306
161299,1,1018,876,142
161299,2,994,863,131
161299,3,994,863,131
161299,4,234,204,30
161299,5,760,659,101
161299,12,24,13,11
161299,19,151,136,15
161299,20,609,523,86
161299,21,1001,861,140
161299,22,979,850,129
161299,23,979,850,129
161299,24,234,204,30
161299,25,745,646,99
161299,32,22,11,11
161299,39,151,136,15
161299,40,594,510,84
161299,41,17,15,2
161299,42,15,13,2
161299,43,15,13,2
161299,45,15,13,2
161299,52,2,2,0
161299,60,15,13,2
161341,1,1263,463,800
161341,2,1263,463,800
161341,3,924,365,559
161341,4,197,78,119
161341,5,727,287,440
161341,11,339,98,241
161341,19,92,29,63
161341,20,635,258,377
161341,21,718,298,420
161341,22,718,298,420
161341,23,709,297,412
161341,24,178,76,102
161341,25,531,221,310
161341,31,9,1,8
161341,39,66,22,44
161341,40,465,199,266
161341,41,545,165,380
161341,42,545,165,380
161341,43,215,68,147
161341,44,19,2,17
161341,45,196,66,130
161341,51,330,97,233
161341,59,26,7,19
161341,60,170,59,111
161457,1,6032,1686,4346
161457,2,2653,778,1875
161457,3,2179,642,1537
161457,4,633,175,458
161457,5,1546,467,1079
161457,11,474,136,338
161457,12,3379,908,2471
161457,19,72,26,46
161457,20,1474,441,1033
161457,21,4961,1441,3520
161457,22,2156,633,1523
161457,23,2154,632,1522
161457,24,633,175,458
161457,25,1521,457,1064
161457,31,2,1,1
161457,32,2805,808,1997
161457,39,70,25,45
161457,40,1451,432,1019
161457,41,1071,245,826
161457,42,497,145,352
161457,43,25,10,15
161457,45,25,10,15
161457,51,472,135,337
161457,52,574,100,474
161457,59,2,1,1
161457,60,23,9,14
161484,1,1086,492,594
161484,2,1086,492,594
161484,3,765,359,406
161484,4,159,87,72
161484,5,606,272,334
161484,11,321,133,188
161484,19,93,39,54
161484,20,513,233,280
161484,21,561,302,259
161484,22,561,302,259
161484,23,561,302,259
161484,24,120,71,49
161484,25,441,231,210
161484,39,82,38,44
161484,40,359,193,166
161484,41,525,190,335
161484,42,525,190,335
161484,43,204,57,147
161484,44,39,16,23
161484,45,165,41,124
161484,51,321,133,188
161484,59,11,1,10
161484,60,154,40,114
161493,1,314,16,298
161493,2,314,16,298
161493,3,314,16,298
161493,4,121,5,116
161493,5,193,11,182
161493,20,193,11,182
161493,21,266,14,252
161493,22,266,14,252
161493,23,266,14,252
161493,24,109,5,104
161493,25,157,9,148
161493,40,157,9,148
161493,41,48,2,46
161493,42,48,2,46
161493,43,48,2,46
161493,44,12,0,12
161493,45,36,2,34
161493,60,36,2,34
161509,1,409,121,288
161509,2,378,110,268
161509,3,375,110,265
161509,4,105,26,79
161509,5,270,84,186
161509,11,3,0,3
161509,12,31,11,20
161509,19,27,5,22
161509,20,243,79,164
161509,21,392,116,276
161509,22,361,105,256
161509,23,361,105,256
161509,24,103,25,78
161509,25,258,80,178
161509,32,31,11,20
161509,39,25,5,20
161509,40,233,75,158
161509,41,17,5,12
161509,42,17,5,12
161509,43,14,5,9
161509,44,2,1,1
161509,45,12,4,8
161509,51,3,0,3
161509,59,2,0,2
161509,60,10,4,6
161518,1,1614,489,1125
161518,2,1276,417,859
161518,3,1276,417,859
161518,4,388,157,231
161518,5,888,260,628
161518,12,338,72,266
161518,19,94,41,53
161518,20,794,219,575
161518,21,896,298,598
161518,22,895,298,597
161518,23,895,298,597
161518,24,258,89,169
161518,25,637,209,428
161518,32,1,0,1
161518,39,93,41,52
161518,40,544,168,376
161518,41,718,191,527
161518,42,381,119,262
161518,43,381,119,262
161518,44,130,68,62
161518,45,251,51,200
161518,52,337,72,265
161518,59,1,0,1
161518,60,250,51,199
161527,1,245,16,229
161527,2,245,16,229
161527,3,245,16,229
161527,4,45,0,45
161527,5,200,16,184
161527,20,200,16,184
161527,21,194,14,180
161527,22,194,14,180
161527,23,194,14,180
161527,24,42,0,42
161527,25,152,14,138
161527,40,152,14,138
161527,41,51,2,49
161527,42,51,2,49
161527,43,51,2,49
161527,44,3,0,3
161527,45,48,2,46
161527,60,48,2,46
161545,1,7157,3755,3402
161545,2,7157,3755,3402
161545,3,5958,2941,3017
161545,4,1383,767,616
161545,5,4575,2174,2401
161545,11,1199,814,385
161545,19,551,254,297
161545,20,4024,1920,2104
161545,21,3045,1669,1376
161545,22,3045,1669,1376
161545,23,3009,1639,1370
161545,24,1002,559,443
161545,25,2007,1080,927
161545,31,36,30,6
161545,39,296,153,143
161545,40,1711,927,784
161545,41,4112,2086,2026
161545,42,4112,2086,2026
161545,43,2949,1302,1647
161545,44,381,208,173
161545,45,2568,1094,1474
161545,51,1163,784,379
161545,59,255,101,154
161545,60,2313,993,1320
161554,1,8923,3629,5294
161554,2,7098,3045,4053
161554,3,6079,2597,3482
161554,4,780,341,439
161554,5,5299,2256,3043
161554,11,1019,448,571
161554,12,1825,584,1241
161554,19,817,347,470
161554,20,4482,1909,2573
161554,21,5020,2133,2887
161554,22,4281,1869,2412
161554,23,4238,1848,2390
161554,24,741,322,419
161554,25,3497,1526,1971
161554,31,43,21,22
161554,32,739,264,475
161554,39,557,243,314
161554,40,2940,1283,1657
161554,41,3903,1496,2407
161554,42,2817,1176,1641
161554,43,1841,749,1092
161554,44,39,19,20
161554,45,1802,730,1072
161554,51,976,427,549
161554,52,1086,320,766
161554,59,260,104,156
161554,60,1542,626,916
161563,1,1522,707,815
161563,2,1339,640,699
161563,3,846,433,413
161563,4,260,135,125
161563,5,586,298,288
161563,11,493,207,286
161563,12,183,67,116
161563,19,37,20,17
161563,20,549,278,271
161563,21,835,441,394
161563,22,780,415,365
161563,23,780,415,365
161563,24,256,133,123
161563,25,524,282,242
161563,32,55,26,29
161563,39,35,20,15
161563,40,489,262,227
161563,41,687,266,421
161563,42,559,225,334
161563,43,66,18,48
161563,44,4,2,2
161563,45,62,16,46
161563,51,493,207,286
161563,52,128,41,87
161563,59,2,0,2
161563,60,60,16,44
161572,1,553,272,281
161572,2,553,272,281
161572,3,553,272,281
161572,4,146,83,63
161572,5,407,189,218
161572,19,33,21,12
161572,20,374,168,206
161572,21,547,268,279
161572,22,547,268,279
161572,23,547,268,279
161572,24,146,83,63
161572,25,401,185,216
161572,39,32,20,12
161572,40,369,165,204
161572,41,6,4,2
161572,42,6,4,2
161572,43,6,4,2
161572,45,6,4,2
161572,59,1,1,0
161572,60,5,3,2
161581,1,463,218,245
161581,2,463,218,245
161581,3,330,161,169
161581,4,151,93,58
161581,5,179,68,111
161581,11,133,57,76
161581,19,12,5,7
161581,20,167,63,104
161581,21,291,152,139
161581,22,291,152,139
161581,23,261,142,119
161581,24,146,91,55
161581,25,115,51,64
161581,31,30,10,20
161581,39,5,3,2
161581,40,110,48,62
161581,41,172,66,106
161581,42,172,66,106
161581,43,69,19,50
161581,44,5,2,3
161581,45,64,17,47
161581,51,103,47,56
161581,59,7,2,5
161581,60,57,15,42
161615,1,39,3,36
161615,2,39,3,36
161615,3,39,3,36
161615,4,9,1,8
161615,5,30,2,28
161615,20,30,2,28
161615,21,37,3,34
161615,22,37,3,34
161615,23,37,3,34
161615,24,8,1,7
161615,25,29,2,27
161615,40,29,2,27
161615,41,2,0,2
161615,42,2,0,2
161615,43,2,0,2
161615,44,1,0,1
161615,45,1,0,1
161615,60,1,0,1
161651,1,40,0,40
161651,2,40,0,40
161651,3,40,0,40
161651,4,15,0,15
161651,5,25,0,25
161651,20,25,0,25
161651,21,18,0,18
161651,22,18,0,18
161651,23,18,0,18
161651,24,2,0,2
161651,25,16,0,16
161651,40,16,0,16
161651,41,22,0,22
161651,42,22,0,22
161651,43,22,0,22
161651,44,13,0,13
161651,45,9,0,9
161651,60,9,0,9
161688,1,3191,1062,2129
161688,2,3191,1062,2129
161688,3,2677,860,1817
161688,4,625,256,369
161688,5,2052,604,1448
161688,11,514,202,312
161688,19,218,64,154
161688,20,1834,540,1294
161688,21,1719,592,1127
161688,22,1719,592,1127
161688,23,1706,585,1121
161688,24,509,208,301
161688,25,1197,377,820
161688,31,13,7,6
161688,39,128,43,85
161688,40,1069,334,735
161688,41,1472,470,1002
161688,42,1472,470,1002
161688,43,971,275,696
161688,44,116,48,68
161688,45,855,227,628
161688,51,501,195,306
161688,59,90,21,69
161688,60,765,206,559
161767,1,16463,6679,9784
161767,2,16463,6679,9784
161767,3,14125,5747,8378
161767,4,2696,1288,1408
161767,5,11429,4459,6970
161767,11,2338,932,1406
161767,19,840,335,505
161767,20,10589,4124,6465
161767,21,4940,2395,2545
161767,22,4940,2395,2545
161767,23,4920,2382,2538
161767,24,1640,793,847
161767,25,3280,1589,1691
161767,31,20,13,7
161767,39,307,157,150
161767,40,2973,1432,1541
161767,41,11523,4284,7239
161767,42,11523,4284,7239
161767,43,9205,3365,5840
161767,44,1056,495,561
161767,45,8149,2870,5279
161767,51,2318,919,1399
161767,59,533,178,355
161767,60,7616,2692,4924
161776,1,360,100,260
161776,2,360,100,260
161776,3,360,100,260
161776,4,89,18,71
161776,5,271,82,189
161776,19,18,2,16
161776,20,253,80,173
161776,21,360,100,260
161776,22,360,100,260
161776,23,360,100,260
161776,24,89,18,71
161776,25,271,82,189
161776,39,18,2,16
161776,40,253,80,173
161800,1,170,5,165
161800,2,170,5,165
161800,3,170,5,165
161800,4,54,2,52
161800,5,116,3,113
161800,20,116,3,113
161800,21,133,3,130
161800,22,133,3,130
161800,23,133,3,130
161800,24,46,0,46
161800,25,87,3,84
161800,40,87,3,84
161800,41,37,2,35
161800,42,37,2,35
161800,43,37,2,35
161800,44,8,2,6
161800,45,29,0,29
161800,60,29,0,29
161855,1,72,3,69
161855,2,72,3,69
161855,3,72,3,69
161855,4,21,2,19
161855,5,51,1,50
161855,20,51,1,50
161855,21,53,3,50
161855,22,53,3,50
161855,23,53,3,50
161855,24,18,2,16
161855,25,35,1,34
161855,40,35,1,34
161855,41,19,0,19
161855,42,19,0,19
161855,43,19,0,19
161855,44,3,0,3
161855,45,16,0,16
161855,60,16,0,16
161864,1,5394,1722,3672
161864,2,5394,1722,3672
161864,3,4986,1597,3389
161864,4,1074,414,660
161864,5,3912,1183,2729
161864,11,408,125,283
161864,19,565,180,385
161864,20,3347,1003,2344
161864,21,1772,666,1106
161864,22,1772,666,1106
161864,23,1754,656,1098
161864,24,470,185,285
161864,25,1284,471,813
161864,31,18,10,8
161864,39,200,77,123
161864,40,1084,394,690
161864,41,3622,1056,2566
161864,42,3622,1056,2566
161864,43,3232,941,2291
161864,44,604,229,375
161864,45,2628,712,1916
161864,51,390,115,275
161864,59,365,103,262
161864,60,2263,609,1654
161873,1,6518,2744,3774
161873,2,3526,1505,2021
161873,3,3479,1482,1997
161873,4,241,95,146
161873,5,3238,1387,1851
161873,11,47,23,24
161873,12,2992,1239,1753
161873,19,592,254,338
161873,20,2646,1133,1513
161873,21,3457,1561,1896
161873,22,2061,909,1152
161873,23,2061,909,1152
161873,24,236,93,143
161873,25,1825,816,1009
161873,32,1396,652,744
161873,39,388,172,216
161873,40,1437,644,793
161873,41,3061,1183,1878
161873,42,1465,596,869
161873,43,1418,573,845
161873,44,5,2,3
161873,45,1413,571,842
161873,51,47,23,24
161873,52,1596,587,1009
161873,59,204,82,122
161873,60,1209,489,720
162007,1,5561,2026,3535
162007,2,4358,1657,2701
162007,3,4313,1642,2671
162007,4,629,253,376
162007,5,3684,1389,2295
162007,11,45,15,30
162007,12,1203,369,834
162007,19,564,217,347
162007,20,3120,1172,1948
162007,21,3974,1514,2460
162007,22,3521,1356,2165
162007,23,3511,1353,2158
162007,24,625,251,374
162007,25,2886,1102,1784
162007,31,10,3,7
162007,32,453,158,295
162007,39,415,171,244
162007,40,2471,931,1540
162007,41,1587,512,1075
162007,42,837,301,536
162007,43,802,289,513
162007,44,4,2,2
162007,45,798,287,511
162007,51,35,12,23
162007,52,750,211,539
162007,59,149,46,103
162007,60,649,241,408
162061,1,843,672,171
162061,2,442,351,91
162061,3,430,345,85
162061,4,50,41,9
162061,5,380,304,76
162061,11,12,6,6
162061,12,401,321,80
162061,19,46,41,5
162061,20,334,263,71
162061,21,485,391,94
162061,22,330,264,66
162061,23,330,264,66
162061,24,50,41,9
162061,25,280,223,57
162061,32,155,127,28
162061,39,33,30,3
162061,40,247,193,54
162061,41,358,281,77
162061,42,112,87,25
162061,43,100,81,19
162061,45,100,81,19
162061,51,12,6,6
162061,52,246,194,52
162061,59,13,11,2
162061,60,87,70,17
162104,1,2604,979,1625
162104,2,2604,979,1625
162104,3,2426,907,1519
162104,4,485,227,258
162104,5,1941,680,1261
162104,11,178,72,106
162104,19,107,39,68
162104,20,1834,641,1193
162104,21,1038,462,576
162104,22,1038,462,576
162104,23,1026,456,570
162104,24,250,128,122
162104,25,776,328,448
162104,31,12,6,6
162104,39,57,24,33
162104,40,719,304,415
162104,41,1566,517,1049
162104,42,1566,517,1049
162104,43,1400,451,949
162104,44,235,99,136
162104,45,1165,352,813
162104,51,166,66,100
162104,59,50,15,35
162104,60,1115,337,778
162122,1,8781,3382,5399
162122,2,8781,3382,5399
162122,3,8358,3214,5144
162122,4,2105,965,1140
162122,5,6253,2249,4004
162122,11,423,168,255
162122,19,567,239,328
162122,20,5686,2010,3676
162122,21,3317,1470,1847
162122,22,3317,1470,1847
162122,23,3252,1439,1813
162122,24,1268,608,660
162122,25,1984,831,1153
162122,31,65,31,34
162122,39,242,130,112
162122,40,1742,701,1041
162122,41,5464,1912,3552
162122,42,5464,1912,3552
162122,43,5106,1775,3331
162122,44,837,357,480
162122,45,4269,1418,2851
162122,51,358,137,221
162122,59,325,109,216
162122,60,3944,1309,2635
162168,1,2563,935,1628
162168,2,2563,935,1628
162168,3,2184,796,1388
162168,4,622,282,340
162168,5,1562,514,1048
162168,11,379,139,240
162168,19,85,30,55
162168,20,1477,484,993
162168,21,854,381,473
162168,22,854,381,473
162168,23,842,376,466
162168,24,370,177,193
162168,25,472,199,273
162168,31,12,5,7
162168,39,42,17,25
162168,40,430,182,248
162168,41,1709,554,1155
162168,42,1709,554,1155
162168,43,1342,420,922
162168,44,252,105,147
162168,45,1090,315,775
162168,51,367,134,233
162168,59,43,13,30
162168,60,1047,302,745
162210,1,1185,399,786
162210,2,1011,355,656
162210,3,951,331,620
162210,4,126,49,77
162210,5,825,282,543
162210,11,60,24,36
162210,12,174,44,130
162210,19,101,28,73
162210,20,724,254,470
162210,21,874,302,572
162210,22,806,289,517
162210,23,805,288,517
162210,24,126,49,77
162210,25,679,239,440
162210,31,1,1,0
162210,32,68,13,55
162210,39,71,20,51
162210,40,608,219,389
162210,41,311,97,214
162210,42,205,66,139
162210,43,146,43,103
162210,45,146,43,103
162210,51,59,23,36
162210,52,106,31,75
162210,59,30,8,22
162210,60,116,35,81
162283,1,3383,865,2518
162283,2,2920,755,2165
162283,3,2880,748,2132
162283,4,368,110,258
162283,5,2512,638,1874
162283,11,40,7,33
162283,12,463,110,353
162283,19,318,91,227
162283,20,2194,547,1647
162283,21,2384,668,1716
162283,22,2251,629,1622
162283,23,2244,627,1617
162283,24,353,107,246
162283,25,1891,520,1371
162283,31,7,2,5
162283,32,133,39,94
162283,39,231,75,156
162283,40,1660,445,1215
162283,41,999,197,802
162283,42,669,126,543
162283,43,636,121,515
162283,44,15,3,12
162283,45,621,118,503
162283,51,33,5,28
162283,52,330,71,259
162283,59,87,16,71
162283,60,534,102,432
162335,1,67,5,62
162335,2,67,5,62
162335,3,67,5,62
162335,4,8,1,7
162335,5,59,4,55
162335,20,59,4,55
162335,21,67,5,62
162335,22,67,5,62
162335,23,67,5,62
162335,24,8,1,7
162335,25,59,4,55
162335,40,59,4,55
162371,1,545,534,11
162371,2,545,534,11
162371,3,545,534,11
162371,4,235,231,4
162371,5,310,303,7
162371,20,310,303,7
162371,21,545,534,11
162371,22,545,534,11
162371,23,545,534,11
162371,24,235,231,4
162371,25,310,303,7
162371,40,310,303,7
162557,1,6050,2614,3436
162557,2,6050,2614,3436
162557,3,5375,2335,3040
162557,4,1302,629,673
162557,5,4073,1706,2367
162557,11,675,279,396
162557,19,249,107,142
162557,20,3824,1599,2225
162557,21,2267,1125,1142
162557,22,2267,1125,1142
162557,23,2236,1104,1132
162557,24,834,433,401
162557,25,1402,671,731
162557,31,31,21,10
162557,39,108,52,56
162557,40,1294,619,675
162557,41,3783,1489,2294
162557,42,3783,1489,2294
162557,43,3139,1231,1908
162557,44,468,196,272
162557,45,2671,1035,1636
162557,51,644,258,386
162557,59,141,55,86
162557,60,2530,980,1550
162584,1,5473,2704,2769
162584,2,4703,2400,2303
162584,3,4575,2335,2240
162584,4,895,501,394
162584,5,3680,1834,1846
162584,11,128,65,63
162584,12,770,304,466
162584,19,441,188,253
162584,20,3239,1646,1593
162584,21,4408,2310,2098
162584,22,4192,2220,1972
162584,23,4116,2187,1929
162584,24,889,497,392
162584,25,3227,1690,1537
162584,31,76,33,43
162584,32,216,90,126
162584,39,332,163,169
162584,40,2895,1527,1368
162584,41,1065,394,671
162584,42,511,180,331
162584,43,459,148,311
162584,44,6,4,2
162584,45,453,144,309
162584,51,52,32,20
162584,52,554,214,340
162584,59,109,25,84
162584,60,344,119,225
162609,1,769,402,367
162609,2,769,402,367
162609,3,586,342,244
162609,4,219,135,84
162609,5,367,207,160
162609,11,183,60,123
162609,19,42,26,16
162609,20,325,181,144
162609,21,597,330,267
162609,22,597,330,267
162609,23,504,306,198
162609,24,216,134,82
162609,25,288,172,116
162609,31,93,24,69
162609,39,33,23,10
162609,40,255,149,106
162609,41,172,72,100
162609,42,172,72,100
162609,43,82,36,46
162609,44,3,1,2
162609,45,79,35,44
162609,51,90,36,54
162609,59,9,3,6
162609,60,70,32,38
162654,1,2111,644,1467
162654,2,1449,488,961
162654,3,1444,485,959
162654,4,401,129,272
162654,5,1043,356,687
162654,11,5,3,2
162654,12,662,156,506
162654,19,36,10,26
162654,20,1007,346,661
162654,21,1585,512,1073
162654,22,1424,473,951
162654,23,1423,472,951
162654,24,401,129,272
162654,25,1022,343,679
162654,31,1,1,0
162654,32,161,39,122
162654,39,35,9,26
162654,40,987,334,653
162654,41,526,132,394
162654,42,25,15,10
162654,43,21,13,8
162654,45,21,13,8
162654,51,4,2,2
162654,52,501,117,384
162654,59,1,1,0
162654,60,20,12,8
162681,1,893,194,699
162681,2,845,180,665
162681,3,845,180,665
162681,4,129,24,105
162681,5,716,156,560
162681,12,48,14,34
162681,19,207,47,160
162681,20,509,109,400
162681,21,266,65,201
162681,22,230,53,177
162681,23,230,53,177
162681,24,1,1,0
162681,25,229,52,177
162681,32,36,12,24
162681,39,20,3,17
162681,40,209,49,160
162681,41,627,129,498
162681,42,615,127,488
162681,43,615,127,488
162681,44,128,23,105
162681,45,487,104,383
162681,52,12,2,10
162681,59,187,44,143
162681,60,300,60,240
162690,1,4905,1845,3060
162690,2,4905,1845,3060
162690,3,3997,1509,2488
162690,4,950,436,514
162690,5,3047,1073,1974
162690,11,908,336,572
162690,19,339,117,222
162690,20,2708,956,1752
162690,21,1236,609,627
162690,22,1236,609,627
162690,23,1192,586,606
162690,24,410,218,192
162690,25,782,368,414
162690,31,44,23,21
162690,39,123,60,63
162690,40,659,308,351
162690,41,3669,1236,2433
162690,42,3669,1236,2433
162690,43,2805,923,1882
162690,44,540,218,322
162690,45,2265,705,1560
162690,51,864,313,551
162690,59,216,57,159
162690,60,2049,648,1401
162706,1,6992,2912,4080
162706,2,6992,2912,4080
162706,3,6016,2499,3517
162706,4,1547,766,781
162706,5,4469,1733,2736
162706,11,976,413,563
162706,19,328,130,198
162706,20,4141,1603,2538
162706,21,2601,1293,1308
162706,22,2601,1293,1308
162706,23,2441,1213,1228
162706,24,1030,522,508
162706,25,1411,691,720
162706,31,160,80,80
162706,39,110,55,55
162706,40,1301,636,665
162706,41,4391,1619,2772
162706,42,4391,1619,2772
162706,43,3575,1286,2289
162706,44,517,244,273
162706,45,3058,1042,2016
162706,51,816,333,483
162706,59,218,75,143
162706,60,2840,967,1873
162760,1,2392,826,1566
162760,2,1388,478,910
162760,3,1347,463,884
162760,4,281,111,170
162760,5,1066,352,714
162760,11,41,15,26
162760,12,1004,348,656
162760,19,119,36,83
162760,20,947,316,631
162760,21,1406,513,893
162760,22,1266,442,824
162760,23,1255,438,817
162760,24,281,111,170
162760,25,974,327,647
162760,31,11,4,7
162760,32,140,71,69
162760,39,96,33,63
162760,40,878,294,584
162760,41,986,313,673
162760,42,122,36,86
162760,43,92,25,67
162760,45,92,25,67
162760,51,30,11,19
162760,52,864,277,587
162760,59,23,3,20
162760,60,69,22,47
162779,1,9969,4398,5571
162779,2,9969,4398,5571
162779,3,9287,4123,5164
162779,4,1816,944,872
162779,5,7471,3179,4292
162779,11,682,275,407
162779,19,771,292,479
162779,20,6700,2887,3813
162779,21,3691,1881,1810
162779,22,3691,1881,1810
162779,23,3557,1824,1733
162779,24,1151,623,528
162779,25,2406,1201,1205
162779,31,134,57,77
162779,39,217,104,113
162779,40,2189,1097,1092
162779,41,6278,2517,3761
162779,42,6278,2517,3761
162779,43,5730,2299,3431
162779,44,665,321,344
162779,45,5065,1978,3087
162779,51,548,218,330
162779,59,554,188,366
162779,60,4511,1790,2721
162830,1,55,2,53
162830,2,55,2,53
162830,3,55,2,53
162830,4,20,1,19
162830,5,35,1,34
162830,20,35,1,34
162830,21,55,2,53
162830,22,55,2,53
162830,23,55,2,53
162830,24,20,1,19
162830,25,35,1,34
162830,40,35,1,34
162928,1,20918,10230,10688
162928,2,6117,2981,3136
162928,3,5932,2939,2993
162928,4,1390,700,690
162928,5,4542,2239,2303
162928,11,185,42,143
162928,12,14801,7249,7552
162928,19,277,84,193
162928,20,4265,2155,2110
162928,21,13256,6516,6740
162928,22,5865,2919,2946
162928,23,5838,2901,2937
162928,24,1390,700,690
162928,25,4448,2201,2247
162928,31,27,18,9
162928,32,7391,3597,3794
162928,39,277,84,193
162928,40,4171,2117,2054
162928,41,7662,3714,3948
162928,42,252,62,190
162928,43,94,38,56
162928,45,94,38,56
162928,51,158,24,134
162928,52,7410,3652,3758
162928,60,94,38,56
162982,1,46,18,28
162982,2,46,18,28
162982,3,46,18,28
162982,4,11,4,7
162982,5,35,14,21
162982,20,35,14,21
162982,21,46,18,28
162982,22,46,18,28
162982,23,46,18,28
162982,24,11,4,7
162982,25,35,14,21
162982,40,35,14,21
163028,1,693,632,61
163028,2,693,632,61
163028,3,693,632,61
163028,4,199,178,21
163028,5,494,454,40
163028,20,494,454,40
163028,21,533,487,46
163028,22,533,487,46
163028,23,533,487,46
163028,24,162,145,17
163028,25,371,342,29
163028,40,371,342,29
163028,41,160,145,15
163028,42,160,145,15
163028,43,160,145,15
163028,44,37,33,4
163028,45,123,112,11
163028,60,123,112,11
163046,1,5977,2283,3694
163046,2,4004,1628,2376
163046,3,3972,1616,2356
163046,4,1096,477,619
163046,5,2876,1139,1737
163046,11,32,12,20
163046,12,1973,655,1318
163046,19,50,24,26
163046,20,2826,1115,1711
163046,21,4585,1752,2833
163046,22,3951,1602,2349
163046,23,3939,1599,2340
163046,24,1096,477,619
163046,25,2843,1122,1721
163046,31,12,3,9
163046,32,634,150,484
163046,39,50,24,26
163046,40,2793,1098,1695
163046,41,1392,531,861
163046,42,53,26,27
163046,43,33,17,16
163046,45,33,17,16
163046,51,20,9,11
163046,52,1339,505,834
163046,60,33,17,16
163107,1,30,1,29
163107,2,30,1,29
163107,3,30,1,29
163107,4,8,1,7
163107,5,22,0,22
163107,20,22,0,22
163107,21,11,0,11
163107,22,11,0,11
163107,23,11,0,11
163107,24,6,0,6
163107,25,5,0,5
163107,40,5,0,5
163107,41,19,1,18
163107,42,19,1,18
163107,43,19,1,18
163107,44,2,1,1
163107,45,17,0,17
163107,60,17,0,17
163204,1,39557,19544,20013
163204,2,26740,13618,13122
163204,3,26006,13224,12782
163204,4,603,288,315
163204,5,25403,12936,12467
163204,11,734,394,340
163204,12,12817,5926,6891
163204,19,3738,1892,1846
163204,20,21665,11044,10621
163204,21,6131,2965,3166
163204,22,5917,2874,3043
163204,23,5895,2858,3037
163204,24,88,43,45
163204,25,5807,2815,2992
163204,31,22,16,6
163204,32,214,91,123
163204,39,794,388,406
163204,40,5013,2427,2586
163204,41,33426,16579,16847
163204,42,20823,10744,10079
163204,43,20111,10366,9745
163204,44,515,245,270
163204,45,19596,10121,9475
163204,51,712,378,334
163204,52,12603,5835,6768
163204,59,2944,1504,1440
163204,60,16652,8617,8035
163259,1,6284,1816,4468
163259,2,746,112,634
163259,3,738,110,628
163259,5,738,110,628
163259,11,8,2,6
163259,12,5538,1704,3834
163259,19,220,32,188
163259,20,518,78,440
163259,21,5028,1616,3412
163259,22,549,73,476
163259,23,549,73,476
163259,25,549,73,476
163259,32,4479,1543,2936
163259,39,169,25,144
163259,40,380,48,332
163259,41,1256,200,1056
163259,42,197,39,158
163259,43,189,37,152
163259,45,189,37,152
163259,51,8,2,6
163259,52,1059,161,898
163259,59,51,7,44
163259,60,138,30,108
163268,1,13908,7490,6418
163268,2,11136,6083,5053
163268,3,11012,6024,4988
163268,4,1657,953,704
163268,5,9355,5071,4284
163268,11,124,59,65
163268,12,2772,1407,1365
163268,19,1262,604,658
163268,20,8093,4467,3626
163268,21,10699,5836,4863
163268,22,9508,5222,4286
163268,23,9491,5214,4277
163268,24,1653,949,704
163268,25,7838,4265,3573
163268,31,17,8,9
163268,32,1191,614,577
163268,39,1047,502,545
163268,40,6791,3763,3028
163268,41,3209,1654,1555
163268,42,1628,861,767
163268,43,1521,810,711
163268,44,4,4,0
163268,45,1517,806,711
163268,51,107,51,56
163268,52,1581,793,788
163268,59,215,102,113
163268,60,1302,704,598
163286,1,37272,19712,17560
163286,2,26658,14223,12435
163286,3,26045,13897,12148
163286,4,4020,2125,1895
163286,5,22025,11772,10253
163286,11,613,326,287
163286,12,10614,5489,5125
163286,19,2022,1107,915
163286,20,20003,10665,9338
163286,21,32199,16983,15216
163286,22,24522,12965,11557
163286,23,24400,12891,11509
163286,24,4011,2119,1892
163286,25,20389,10772,9617
163286,31,122,74,48
163286,32,7677,4018,3659
163286,39,1823,994,829
163286,40,18566,9778,8788
163286,41,5073,2729,2344
163286,42,2136,1258,878
163286,43,1645,1006,639
163286,44,9,6,3
163286,45,1636,1000,636
163286,51,491,252,239
163286,52,2937,1471,1466
163286,59,199,113,86
163286,60,1437,887,550
163295,1,2273,664,1609
163295,2,1896,535,1361
163295,3,1892,533,1359
163295,4,400,98,302
163295,5,1492,435,1057
163295,11,4,2,2
163295,12,377,129,248
163295,19,102,41,61
163295,20,1390,394,996
163295,21,2020,597,1423
163295,22,1759,504,1255
163295,23,1759,504,1255
163295,24,400,98,302
163295,25,1359,406,953
163295,32,261,93,168
163295,39,99,39,60
163295,40,1260,367,893
163295,41,253,67,186
163295,42,137,31,106
163295,43,133,29,104
163295,45,133,29,104
163295,51,4,2,2
163295,52,116,36,80
163295,59,3,2,1
163295,60,130,27,103
163338,1,4220,1831,2389
163338,2,3530,1572,1958
163338,3,3421,1522,1899
163338,4,610,257,353
163338,5,2811,1265,1546
163338,11,109,50,59
163338,12,690,259,431
163338,19,205,105,100
163338,20,2606,1160,1446
163338,21,3601,1566,2035
163338,22,3171,1390,1781
163338,23,3171,1390,1781
163338,24,604,254,350
163338,25,2567,1136,1431
163338,32,430,176,254
163338,39,162,82,80
163338,40,2405,1054,1351
163338,41,619,265,354
163338,42,359,182,177
163338,43,250,132,118
163338,44,6,3,3
163338,45,244,129,115
163338,51,109,50,59
163338,52,260,83,177
163338,59,43,23,20
163338,60,201,106,95
163347,1,748,66,682
163347,2,748,66,682
163347,3,748,66,682
163347,4,111,9,102
163347,5,637,57,580
163347,20,637,57,580
163347,21,748,66,682
163347,22,748,66,682
163347,23,748,66,682
163347,24,111,9,102
163347,25,637,57,580
163347,40,637,57,580
163408,1,134,3,131
163408,2,134,3,131
163408,3,134,3,131
163408,4,22,0,22
163408,5,112,3,109
163408,20,112,3,109
163408,21,83,1,82
163408,22,83,1,82
163408,23,83,1,82
163408,24,9,0,9
163408,25,74,1,73
163408,40,74,1,73
163408,41,51,2,49
163408,42,51,2,49
163408,43,51,2,49
163408,44,13,0,13
163408,45,38,2,36
163408,60,38,2,36
163426,1,26155,12288,13867
163426,2,26155,12288,13867
163426,3,19064,9659,9405
163426,4,3297,1821,1476
163426,5,15767,7838,7929
163426,11,7091,2629,4462
163426,19,1380,692,688
163426,20,14387,7146,7241
163426,21,9240,4690,4550
163426,22,9240,4690,4550
163426,23,7782,4158,3624
163426,24,1903,1073,830
163426,25,5879,3085,2794
163426,31,1458,532,926
163426,39,721,373,348
163426,40,5158,2712,2446
163426,41,16915,7598,9317
163426,42,16915,7598,9317
163426,43,11282,5501,5781
163426,44,1394,748,646
163426,45,9888,4753,5135
163426,51,5633,2097,3536
163426,59,659,319,340
163426,60,9229,4434,4795
163453,1,7546,3318,4228
163453,2,6252,2785,3467
163453,3,6197,2750,3447
163453,4,899,395,504
163453,5,5298,2355,2943
163453,11,55,35,20
163453,12,1294,533,761
163453,19,441,189,252
163453,20,4857,2166,2691
163453,21,6101,2719,3382
163453,22,5504,2459,3045
163453,23,5485,2446,3039
163453,24,886,390,496
163453,25,4599,2056,2543
163453,31,19,13,6
163453,32,597,260,337
163453,39,372,162,210
163453,40,4227,1894,2333
163453,41,1445,599,846
163453,42,748,326,422
163453,43,712,304,408
163453,44,13,5,8
163453,45,699,299,400
163453,51,36,22,14
163453,52,697,273,424
163453,59,69,27,42
163453,60,630,272,358
163462,1,2240,1076,1164
163462,2,1741,777,964
163462,3,1729,772,957
163462,4,429,194,235
163462,5,1300,578,722
163462,11,12,5,7
163462,12,499,299,200
163462,19,77,38,39
163462,20,1223,540,683
163462,21,1907,936,971
163462,22,1650,737,913
163462,23,1650,737,913
163462,24,429,194,235
163462,25,1221,543,678
163462,32,257,199,58
163462,39,48,26,22
163462,40,1173,517,656
163462,41,333,140,193
163462,42,91,40,51
163462,43,79,35,44
163462,45,79,35,44
163462,51,12,5,7
163462,52,242,100,142
163462,59,29,12,17
163462,60,50,23,27
163532,1,523,523,0
163532,2,340,340,0
163532,3,340,340,0
163532,4,41,41,0
163532,5,299,299,0
163532,12,183,183,0
163532,19,63,63,0
163532,20,236,236,0
163532,21,505,505,0
163532,22,340,340,0
163532,23,340,340,0
163532,24,41,41,0
163532,25,299,299,0
163532,32,165,165,0
163532,39,63,63,0
163532,40,236,236,0
163532,41,18,18,0
163532,52,18,18,0
163541,1,374,3,371
163541,2,374,3,371
163541,3,374,3,371
163541,4,95,1,94
163541,5,279,2,277
163541,20,279,2,277
163541,21,249,3,246
163541,22,249,3,246
163541,23,249,3,246
163541,24,68,1,67
163541,25,181,2,179
163541,40,181,2,179
163541,41,125,0,125
163541,42,125,0,125
163541,43,125,0,125
163541,44,27,0,27
163541,45,98,0,98
163541,60,98,0,98
163578,1,2877,367,2510
163578,2,1234,57,1177
163578,3,1220,53,1167
163578,4,104,0,104
163578,5,1116,53,1063
163578,11,14,4,10
163578,12,1643,310,1333
163578,19,188,10,178
163578,20,928,43,885
163578,21,888,99,789
163578,22,525,4,521
163578,23,525,4,521
163578,24,104,0,104
163578,25,421,4,417
163578,32,363,95,268
163578,39,58,0,58
163578,40,363,4,359
163578,41,1989,268,1721
163578,42,709,53,656
163578,43,695,49,646
163578,45,695,49,646
163578,51,14,4,10
163578,52,1280,215,1065
163578,59,130,10,120
163578,60,565,39,526
163657,1,13825,5298,8527
163657,2,13825,5298,8527
163657,3,12956,5006,7950
163657,4,2793,1242,1551
163657,5,10163,3764,6399
163657,11,869,292,577
163657,19,1186,453,733
163657,20,8977,3311,5666
163657,21,4095,1791,2304
163657,22,4095,1791,2304
163657,23,3934,1726,2208
163657,24,1169,566,603
163657,25,2765,1160,1605
163657,31,161,65,96
163657,39,433,195,238
163657,40,2332,965,1367
163657,41,9730,3507,6223
163657,42,9730,3507,6223
163657,43,9022,3280,5742
163657,44,1624,676,948
163657,45,7398,2604,4794
163657,51,708,227,481
163657,59,753,258,495
163657,60,6645,2346,4299
163736,1,683,215,468
163736,2,683,215,468
163736,3,661,212,449
163736,4,134,30,104
163736,5,527,182,345
163736,11,22,3,19
163736,19,58,14,44
163736,20,469,168,301
163736,21,683,215,468
163736,22,683,215,468
163736,23,661,212,449
163736,24,134,30,104
163736,25,527,182,345
163736,31,22,3,19
163736,39,58,14,44
163736,40,469,168,301
163754,1,29,1,28
163754,2,29,1,28
163754,3,29,1,28
163754,4,13,0,13
163754,5,16,1,15
163754,20,16,1,15
163754,21,19,0,19
163754,22,19,0,19
163754,23,19,0,19
163754,24,9,0,9
163754,25,10,0,10
163754,40,10,0,10
163754,41,10,1,9
163754,42,10,1,9
163754,43,10,1,9
163754,44,4,0,4
163754,45,6,1,5
163754,60,6,1,5
163815,1,101,7,94
163815,2,101,7,94
163815,3,101,7,94
163815,4,31,0,31
163815,5,70,7,63
163815,20,70,7,63
163815,21,37,4,33
163815,22,37,4,33
163815,23,37,4,33
163815,24,18,0,18
163815,25,19,4,15
163815,40,19,4,15
163815,41,64,3,61
163815,42,64,3,61
163815,43,64,3,61
163815,44,13,0,13
163815,45,51,3,48
163815,60,51,3,48
163851,1,8643,3647,4996
163851,2,8004,3479,4525
163851,3,7767,3359,4408
163851,4,1246,509,737
163851,5,6521,2850,3671
163851,11,237,120,117
163851,12,639,168,471
163851,19,915,394,521
163851,20,5606,2456,3150
163851,21,7665,3245,4420
163851,22,7374,3172,4202
163851,23,7363,3171,4192
163851,24,1241,507,734
163851,25,6122,2664,3458
163851,31,11,1,10
163851,32,291,73,218
163851,39,859,377,482
163851,40,5263,2287,2976
163851,41,978,402,576
163851,42,630,307,323
163851,43,404,188,216
163851,44,5,2,3
163851,45,399,186,213
163851,51,226,119,107
163851,52,348,95,253
163851,59,56,17,39
163851,60,343,169,174
163912,1,1858,751,1107
163912,2,1819,744,1075
163912,3,1794,729,1065
163912,4,383,156,227
163912,5,1411,573,838
163912,11,25,15,10
163912,12,39,7,32
163912,19,95,43,52
163912,20,1316,530,786
163912,21,1789,726,1063
163912,22,1762,720,1042
163912,23,1758,717,1041
163912,24,383,156,227
163912,25,1375,561,814
163912,31,4,3,1
163912,32,27,6,21
163912,39,88,43,45
163912,40,1287,518,769
163912,41,69,25,44
163912,42,57,24,33
163912,43,36,12,24
163912,45,36,12,24
163912,51,21,12,9
163912,52,12,1,11
163912,59,7,0,7
163912,60,29,12,17
163921,1,1080,123,957
163921,2,1037,119,918
163921,3,1037,119,918
163921,4,91,11,80
163921,5,946,108,838
163921,12,43,4,39
163921,19,66,8,58
163921,20,880,100,780
163921,21,549,71,478
163921,22,530,67,463
163921,23,530,67,463
163921,24,11,1,10
163921,25,519,66,453
163921,32,19,4,15
163921,39,41,8,33
163921,40,478,58,420
163921,41,531,52,479
163921,42,507,52,455
163921,43,507,52,455
163921,44,80,10,70
163921,45,427,42,385
163921,52,24,0,24
163921,59,25,0,25
163921,60,402,42,360
163976,1,490,275,215
163976,2,443,244,199
163976,3,443,244,199
163976,4,122,70,52
163976,5,321,174,147
163976,12,47,31,16
163976,20,321,174,147
163976,21,486,273,213
163976,22,440,242,198
163976,23,440,242,198
163976,24,122,70,52
163976,25,318,172,146
163976,32,46,31,15
163976,40,318,172,146
163976,41,4,2,2
163976,42,3,2,1
163976,43,3,2,1
163976,45,3,2,1
163976,52,1,0,1
163976,60,3,2,1
164058,1,462,253,209
164058,2,462,253,209
164058,3,462,253,209
164058,4,102,46,56
164058,5,360,207,153
164058,19,30,11,19
164058,20,330,196,134
164058,21,462,253,209
164058,22,462,253,209
164058,23,462,253,209
164058,24,102,46,56
164058,25,360,207,153
164058,39,30,11,19
164058,40,330,196,134
164076,1,22499,8572,13927
164076,2,18779,7467,11312
164076,3,18534,7348,11186
164076,4,2748,995,1753
164076,5,15786,6353,9433
164076,11,245,119,126
164076,12,3720,1105,2615
164076,19,2299,1001,1298
164076,20,13487,5352,8135
164076,21,17786,6781,11005
164076,22,16588,6427,10161
164076,23,16510,6390,10120
164076,24,2747,995,1752
164076,25,13763,5395,8368
164076,31,78,37,41
164076,32,1198,354,844
164076,39,1998,870,1128
164076,40,11765,4525,7240
164076,41,4713,1791,2922
164076,42,2191,1040,1151
164076,43,2024,958,1066
164076,44,1,0,1
164076,45,2023,958,1065
164076,51,167,82,85
164076,52,2522,751,1771
164076,59,301,131,170
164076,60,1722,827,895
164085,1,591,79,512
164085,12,591,79,512
164085,21,447,63,384
164085,32,447,63,384
164085,41,144,16,128
164085,52,144,16,128
164100,1,193,36,157
164100,2,193,36,157
164100,3,193,36,157
164100,4,184,34,150
164100,5,9,2,7
164100,20,9,2,7
164100,21,193,36,157
164100,22,193,36,157
164100,23,193,36,157
164100,24,184,34,150
164100,25,9,2,7
164100,40,9,2,7
164155,1,4526,3550,976
164155,2,4526,3550,976
164155,3,4526,3550,976
164155,4,1171,905,266
164155,5,3355,2645,710
164155,20,3355,2645,710
164155,21,4526,3550,976
164155,22,4526,3550,976
164155,23,4526,3550,976
164155,24,1171,905,266
164155,25,3355,2645,710
164155,40,3355,2645,710
164173,1,4404,1482,2922
164173,2,3965,1371,2594
164173,3,3923,1357,2566
164173,4,753,292,461
164173,5,3170,1065,2105
164173,11,42,14,28
164173,12,439,111,328
164173,19,240,107,133
164173,20,2930,958,1972
164173,21,3368,1252,2116
164173,22,3288,1224,2064
164173,23,3288,1224,2064
164173,24,752,292,460
164173,25,2536,932,1604
164173,32,80,28,52
164173,39,227,102,125
164173,40,2309,830,1479
164173,41,1036,230,806
164173,42,677,147,530
164173,43,635,133,502
164173,44,1,0,1
164173,45,634,133,501
164173,51,42,14,28
164173,52,359,83,276
164173,59,13,5,8
164173,60,621,128,493
164216,1,1512,645,867
164216,2,1483,630,853
164216,3,1424,603,821
164216,4,349,147,202
164216,5,1075,456,619
164216,11,59,27,32
164216,12,29,15,14
164216,19,35,21,14
164216,20,1040,435,605
164216,21,1441,609,832
164216,22,1440,609,831
164216,23,1411,598,813
164216,24,349,147,202
164216,25,1062,451,611
164216,31,29,11,18
164216,32,1,0,1
164216,39,35,21,14
164216,40,1027,430,597
164216,41,71,36,35
164216,42,43,21,22
164216,43,13,5,8
164216,45,13,5,8
164216,51,30,16,14
164216,52,28,15,13
164216,60,13,5,8
164270,1,3229,1157,2072
164270,2,1692,793,899
164270,3,1662,784,878
164270,4,453,226,227
164270,5,1209,558,651
164270,11,30,9,21
164270,12,1537,364,1173
164270,19,69,38,31
164270,20,1140,520,620
164270,21,1817,820,997
164270,22,1660,777,883
164270,23,1648,774,874
164270,24,453,226,227
164270,25,1195,548,647
164270,31,12,3,9
164270,32,157,43,114
164270,39,69,38,31
164270,40,1126,510,616
164270,41,1412,337,1075
164270,42,32,16,16
164270,43,14,10,4
164270,45,14,10,4
164270,51,18,6,12
164270,52,1380,321,1059
164270,60,14,10,4
164313,1,3416,1249,2167
164313,2,3416,1249,2167
164313,3,3090,1120,1970
164313,4,678,287,391
164313,5,2412,833,1579
164313,11,326,129,197
164313,19,236,102,134
164313,20,2176,731,1445
164313,21,1091,454,637
164313,22,1091,454,637
164313,23,1072,440,632
164313,24,409,180,229
164313,25,663,260,403
164313,31,19,14,5
164313,39,88,43,45
164313,40,575,217,358
164313,41,2325,795,1530
164313,42,2325,795,1530
164313,43,2018,680,1338
164313,44,269,107,162
164313,45,1749,573,1176
164313,51,307,115,192
164313,59,148,59,89
164313,60,1601,514,1087
164368,1,641,440,201
164368,12,641,440,201
164368,21,641,440,201
164368,32,641,440,201
164438,1,1145,345,800
164438,2,940,261,679
164438,3,918,253,665
164438,4,24,9,15
164438,5,894,244,650
164438,11,22,8,14
164438,12,205,84,121
164438,19,176,40,136
164438,20,718,204,514
164438,21,298,105,193
164438,22,194,71,123
164438,23,188,69,119
164438,24,6,3,3
164438,25,182,66,116
164438,31,6,2,4
164438,32,104,34,70
164438,39,26,8,18
164438,40,156,58,98
164438,41,847,240,607
164438,42,746,190,556
164438,43,730,184,546
164438,44,18,6,12
164438,45,712,178,534
164438,51,16,6,10
164438,52,101,50,51
164438,59,150,32,118
164438,60,562,146,416
164447,1,3657,1117,2540
164447,2,1513,635,878
164447,3,1513,635,878
164447,4,346,164,182
164447,5,1167,471,696
164447,12,2144,482,1662
164447,19,173,54,119
164447,20,994,417,577
164447,21,1722,697,1025
164447,22,1397,604,793
164447,23,1397,604,793
164447,24,344,164,180
164447,25,1053,440,613
164447,32,325,93,232
164447,39,164,51,113
164447,40,889,389,500
164447,41,1935,420,1515
164447,42,116,31,85
164447,43,116,31,85
164447,44,2,0,2
164447,45,114,31,83
164447,52,1819,389,1430
164447,59,9,3,6
164447,60,105,28,77
164465,1,1785,900,885
164465,2,1785,900,885
164465,3,1785,900,885
164465,4,466,231,235
164465,5,1319,669,650
164465,19,13,10,3
164465,20,1306,659,647
164465,21,1785,900,885
164465,22,1785,900,885
164465,23,1785,900,885
164465,24,466,231,235
164465,25,1319,669,650
164465,39,13,10,3
164465,40,1306,659,647
164474,1,272,96,176
164474,12,272,96,176
164474,21,59,21,38
164474,32,59,21,38
164474,41,213,75,138
164474,52,213,75,138
164492,1,1540,716,824
164492,2,1143,493,650
164492,3,1135,487,648
164492,4,243,93,150
164492,5,892,394,498
164492,11,8,6,2
164492,12,397,223,174
164492,19,45,19,26
164492,20,847,375,472
164492,21,907,386,521
164492,22,845,360,485
164492,23,845,360,485
164492,24,242,93,149
164492,25,603,267,336
164492,32,62,26,36
164492,39,44,19,25
164492,40,559,248,311
164492,41,633,330,303
164492,42,298,133,165
164492,43,290,127,163
164492,44,1,0,1
164492,45,289,127,162
164492,51,8,6,2
164492,52,335,197,138
164492,59,1,0,1
164492,60,288,127,161
164535,1,46,4,42
164535,2,46,4,42
164535,3,46,4,42
164535,4,16,1,15
164535,5,30,3,27
164535,20,30,3,27
164535,21,46,4,42
164535,22,46,4,42
164535,23,46,4,42
164535,24,16,1,15
164535,25,30,3,27
164535,40,30,3,27
164562,1,2756,1009,1747
164562,2,2240,864,1376
164562,3,2181,841,1340
164562,4,502,215,287
164562,5,1679,626,1053
164562,11,59,23,36
164562,12,516,145,371
164562,19,44,18,26
164562,20,1635,608,1027
164562,21,2192,842,1350
164562,22,2022,806,1216
164562,23,2016,801,1215
164562,24,502,215,287
164562,25,1514,586,928
164562,31,6,5,1
164562,32,170,36,134
164562,39,44,18,26
164562,40,1470,568,902
164562,41,564,167,397
164562,42,218,58,160
164562,43,165,40,125
164562,45,165,40,125
164562,51,53,18,35
164562,52,346,109,237
164562,60,165,40,125
164580,1,3343,1992,1351
164580,2,2106,1151,955
164580,3,2106,1151,955
164580,4,489,252,237
164580,5,1617,899,718
164580,12,1237,841,396
164580,19,45,24,21
164580,20,1572,875,697
164580,21,2547,1450,1097
164580,22,2106,1151,955
164580,23,2106,1151,955
164580,24,489,252,237
164580,25,1617,899,718
164580,32,441,299,142
164580,39,45,24,21
164580,40,1572,875,697
164580,41,796,542,254
164580,52,796,542,254
164599,1,66,15,51
164599,2,66,15,51
164599,3,66,15,51
164599,4,23,6,17
164599,5,43,9,34
164599,20,43,9,34
164599,41,66,15,51
164599,42,66,15,51
164599,43,66,15,51
164599,44,23,6,17
164599,45,43,9,34
164599,60,43,9,34
164614,1,96,55,41
164614,2,96,55,41
164614,3,83,51,32
164614,4,15,8,7
164614,5,68,43,25
164614,11,13,4,9
164614,19,11,6,5
164614,20,57,37,20
164614,21,73,46,27
164614,22,73,46,27
164614,23,73,46,27
164614,24,13,7,6
164614,25,60,39,21
164614,39,10,6,4
164614,40,50,33,17
164614,41,23,9,14
164614,42,23,9,14
164614,43,10,5,5
164614,44,2,1,1
164614,45,8,4,4
164614,51,13,4,9
164614,59,1,0,1
164614,60,7,4,3
164632,1,2357,105,2252
164632,2,1458,0,1458
164632,3,1454,0,1454
164632,4,136,0,136
164632,5,1318,0,1318
164632,11,4,0,4
164632,12,899,105,794
164632,19,277,0,277
164632,20,1041,0,1041
164632,21,1588,64,1524
164632,22,1179,0,1179
164632,23,1179,0,1179
164632,24,136,0,136
164632,25,1043,0,1043
164632,32,409,64,345
164632,39,224,0,224
164632,40,819,0,819
164632,41,769,41,728
164632,42,279,0,279
164632,43,275,0,275
164632,45,275,0,275
164632,51,4,0,4
164632,52,490,41,449
164632,59,53,0,53
164632,60,222,0,222
164641,1,1204,334,870
164641,2,1204,334,870
164641,3,1196,329,867
164641,4,178,77,101
164641,5,1018,252,766
164641,11,8,5,3
164641,19,278,83,195
164641,20,740,169,571
164641,21,774,199,575
164641,22,774,199,575
164641,23,769,196,573
164641,24,123,49,74
164641,25,646,147,499
164641,31,5,3,2
164641,39,154,42,112
164641,40,492,105,387
164641,41,430,135,295
164641,42,430,135,295
164641,43,427,133,294
164641,44,55,28,27
164641,45,372,105,267
164641,51,3,2,1
164641,59,124,41,83
164641,60,248,64,184
164678,1,200,196,4
164678,2,200,196,4
164678,3,200,196,4
164678,4,49,47,2
164678,5,151,149,2
164678,20,151,149,2
164678,21,126,122,4
164678,22,126,122,4
164678,23,126,122,4
164678,24,29,27,2
164678,25,97,95,2
164678,40,97,95,2
164678,41,74,74,0
164678,42,74,74,0
164678,43,74,74,0
164678,44,20,20,0
164678,45,54,54,0
164678,60,54,54,0
164720,1,1902,820,1082
164720,2,1902,820,1082
164720,3,1871,807,1064
164720,4,359,188,171
164720,5,1512,619,893
164720,11,31,13,18
164720,19,213,84,129
164720,20,1299,535,764
164720,21,1449,719,730
164720,22,1449,719,730
164720,23,1449,719,730
164720,24,359,188,171
164720,25,1090,531,559
164720,39,158,76,82
164720,40,932,455,477
164720,41,453,101,352
164720,42,453,101,352
164720,43,422,88,334
164720,45,422,88,334
164720,51,31,13,18
164720,59,55,8,47
164720,60,367,80,287
164739,1,5658,3255,2403
164739,2,4247,2549,1698
164739,3,4172,2512,1660
164739,4,974,604,370
164739,5,3198,1908,1290
164739,11,75,37,38
164739,12,1411,706,705
164739,19,155,100,55
164739,20,3043,1808,1235
164739,21,4893,2816,2077
164739,22,4142,2482,1660
164739,23,4081,2452,1629
164739,24,974,604,370
164739,25,3107,1848,1259
164739,31,61,30,31
164739,32,751,334,417
164739,39,149,97,52
164739,40,2958,1751,1207
164739,41,765,439,326
164739,42,105,67,38
164739,43,91,60,31
164739,45,91,60,31
164739,51,14,7,7
164739,52,660,372,288
164739,59,6,3,3
164739,60,85,57,28
164748,1,4519,3121,1398
164748,2,4402,3036,1366
164748,3,4402,3036,1366
164748,4,910,601,309
164748,5,3492,2435,1057
164748,12,117,85,32
164748,19,162,107,55
164748,20,3330,2328,1002
164748,21,4065,2810,1255
164748,22,3950,2725,1225
164748,23,3950,2725,1225
164748,24,909,600,309
164748,25,3041,2125,916
164748,32,115,85,30
164748,39,162,107,55
164748,40,2879,2018,861
164748,41,454,311,143
164748,42,452,311,141
164748,43,452,311,141
164748,44,1,1,0
164748,45,451,310,141
164748,52,2,0,2
164748,60,451,310,141
164775,1,2400,921,1479
164775,2,2400,921,1479
164775,3,2024,797,1227
164775,4,469,223,246
164775,5,1555,574,981
164775,11,376,124,252
164775,19,126,48,78
164775,20,1429,526,903
164775,21,821,392,429
164775,22,821,392,429
164775,23,810,386,424
164775,24,278,155,123
164775,25,532,231,301
164775,31,11,6,5
164775,39,58,26,32
164775,40,474,205,269
164775,41,1579,529,1050
164775,42,1579,529,1050
164775,43,1214,411,803
164775,44,191,68,123
164775,45,1023,343,680
164775,51,365,118,247
164775,59,68,22,46
164775,60,955,321,634
164845,1,241,19,222
164845,2,241,19,222
164845,3,241,19,222
164845,4,109,6,103
164845,5,132,13,119
164845,20,132,13,119
164845,21,170,14,156
164845,22,170,14,156
164845,23,170,14,156
164845,24,86,3,83
164845,25,84,11,73
164845,40,84,11,73
164845,41,71,5,66
164845,42,71,5,66
164845,43,71,5,66
164845,44,23,3,20
164845,45,48,2,46
164845,60,48,2,46
164872,1,1037,564,473
164872,2,578,330,248
164872,3,423,284,139
164872,4,15,11,4
164872,5,408,273,135
164872,11,155,46,109
164872,12,459,234,225
164872,19,44,22,22
164872,20,364,251,113
164872,21,856,506,350
164872,22,413,279,134
164872,23,399,275,124
164872,24,15,11,4
164872,25,384,264,120
164872,31,14,4,10
164872,32,443,227,216
164872,39,43,21,22
164872,40,341,243,98
164872,41,181,58,123
164872,42,165,51,114
164872,43,24,9,15
164872,45,24,9,15
164872,51,141,42,99
164872,52,16,7,9
164872,59,1,1,0
164872,60,23,8,15
164915,1,147,45,102
164915,12,147,45,102
164915,21,46,16,30
164915,32,46,16,30
164915,41,101,29,72
164915,52,101,29,72
164924,1,14309,6500,7809
164924,2,9698,4530,5168
164924,3,9465,4408,5057
164924,4,2309,1066,1243
164924,5,7156,3342,3814
164924,11,233,122,111
164924,12,4611,1970,2641
164924,19,125,50,75
164924,20,7031,3292,3739
164924,21,12916,5902,7014
164924,22,9390,4379,5011
164924,23,9345,4348,4997
164924,24,2305,1065,1240
164924,25,7040,3283,3757
164924,31,45,31,14
164924,32,3526,1523,2003
164924,39,125,50,75
164924,40,6915,3233,3682
164924,41,1393,598,795
164924,42,308,151,157
164924,43,120,60,60
164924,44,4,1,3
164924,45,116,59,57
164924,51,188,91,97
164924,52,1085,447,638
164924,60,116,59,57
164933,1,774,308,466
164933,2,545,215,330
164933,3,545,215,330
164933,4,133,52,81
164933,5,412,163,249
164933,12,229,93,136
164933,19,16,6,10
164933,20,396,157,239
164933,21,752,298,454
164933,22,540,213,327
164933,23,540,213,327
164933,24,133,52,81
164933,25,407,161,246
164933,32,212,85,127
164933,39,16,6,10
164933,40,391,155,236
164933,41,22,10,12
164933,42,5,2,3
164933,43,5,2,3
164933,45,5,2,3
164933,52,17,8,9
164933,60,5,2,3
164988,1,32411,13628,18783
164988,2,18165,7348,10817
164988,3,16460,6527,9933
164988,4,3807,1445,2362
164988,5,12653,5082,7571
164988,11,1705,821,884
164988,12,14246,6280,7966
164988,19,366,154,212
164988,20,12287,4928,7359
164988,21,25797,10563,15234
164988,22,16593,6538,10055
164988,23,16035,6320,9715
164988,24,3807,1445,2362
164988,25,12228,4875,7353
164988,31,558,218,340
164988,32,9204,4025,5179
164988,39,365,154,211
164988,40,11863,4721,7142
164988,41,6614,3065,3549
164988,42,1572,810,762
164988,43,425,207,218
164988,45,425,207,218
164988,51,1147,603,544
164988,52,5042,2255,2787
164988,59,1,0,1
164988,60,424,207,217
165015,1,5825,2658,3167
165015,2,3614,1568,2046
165015,3,3603,1565,2038
165015,4,833,376,457
165015,5,2770,1189,1581
165015,11,11,3,8
165015,12,2211,1090,1121
165015,19,69,31,38
165015,20,2701,1158,1543
165015,21,5386,2405,2981
165015,22,3599,1562,2037
165015,23,3597,1561,2036
165015,24,833,376,457
165015,25,2764,1185,1579
165015,31,2,1,1
165015,32,1787,843,944
165015,39,69,31,38
165015,40,2695,1154,1541
165015,41,439,253,186
165015,42,15,6,9
165015,43,6,4,2
165015,45,6,4,2
165015,51,9,2,7
165015,52,424,247,177
165015,60,6,4,2
165024,1,11267,4453,6814
165024,2,9615,3998,5617
165024,3,9489,3943,5546
165024,4,1474,590,884
165024,5,8015,3353,4662
165024,11,126,55,71
165024,12,1652,455,1197
165024,19,1019,431,588
165024,20,6996,2922,4074
165024,21,8473,3450,5023
165024,22,8034,3336,4698
165024,23,7979,3323,4656
165024,24,1451,576,875
165024,25,6528,2747,3781
165024,31,55,13,42
165024,32,439,114,325
165024,39,836,360,476
165024,40,5692,2387,3305
165024,41,2794,1003,1791
165024,42,1581,662,919
165024,43,1510,620,890
165024,44,23,14,9
165024,45,1487,606,881
165024,51,71,42,29
165024,52,1213,341,872
165024,59,183,71,112
165024,60,1304,535,769
165033,1,9335,3627,5708
165033,2,9335,3627,5708
165033,3,8250,3196,5054
165033,4,2158,943,1215
165033,5,6092,2253,3839
165033,11,1085,431,654
165033,19,478,146,332
165033,20,5614,2107,3507
165033,21,4429,1932,2497
165033,22,4429,1932,2497
165033,23,4274,1858,2416
165033,24,1493,680,813
165033,25,2781,1178,1603
165033,31,155,74,81
165033,39,231,85,146
165033,40,2550,1093,1457
165033,41,4906,1695,3211
165033,42,4906,1695,3211
165033,43,3976,1338,2638
165033,44,665,263,402
165033,45,3311,1075,2236
165033,51,930,357,573
165033,59,247,61,186
165033,60,3064,1014,2050
165060,1,323,30,293
165060,2,323,30,293
165060,3,323,30,293
165060,4,6,0,6
165060,5,317,30,287
165060,20,317,30,287
165060,21,201,16,185
165060,22,201,16,185
165060,23,201,16,185
165060,24,3,0,3
165060,25,198,16,182
165060,40,198,16,182
165060,41,122,14,108
165060,42,122,14,108
165060,43,122,14,108
165060,44,3,0,3
165060,45,119,14,105
165060,60,119,14,105
165112,1,14023,6097,7926
165112,2,14023,6097,7926
165112,3,12535,5525,7010
165112,4,2216,1108,1108
165112,5,10319,4417,5902
165112,11,1488,572,916
165112,19,1093,505,588
165112,20,9226,3912,5314
165112,21,4651,2315,2336
165112,22,4651,2315,2336
165112,23,4563,2270,2293
165112,24,1140,592,548
165112,25,3423,1678,1745
165112,31,88,45,43
165112,39,463,250,213
165112,40,2960,1428,1532
165112,41,9372,3782,5590
165112,42,9372,3782,5590
165112,43,7972,3255,4717
165112,44,1076,516,560
165112,45,6896,2739,4157
165112,51,1400,527,873
165112,59,630,255,375
165112,60,6266,2484,3782
165167,1,3114,880,2234
165167,2,1050,367,683
165167,3,1042,367,675
165167,4,186,83,103
165167,5,856,284,572
165167,11,8,0,8
165167,12,2064,513,1551
165167,19,89,27,62
165167,20,767,257,510
165167,21,1198,305,893
165167,22,234,76,158
165167,23,234,76,158
165167,24,28,14,14
165167,25,206,62,144
165167,32,964,229,735
165167,39,31,14,17
165167,40,175,48,127
165167,41,1916,575,1341
165167,42,816,291,525
165167,43,808,291,517
165167,44,158,69,89
165167,45,650,222,428
165167,51,8,0,8
165167,52,1100,284,816
165167,59,58,13,45
165167,60,592,209,383
165194,1,4051,1559,2492
165194,2,4051,1559,2492
165194,3,3459,1334,2125
165194,4,865,413,452
165194,5,2594,921,1673
165194,11,592,225,367
165194,19,183,62,121
165194,20,2411,859,1552
165194,21,1311,572,739
165194,22,1311,572,739
165194,23,1270,556,714
165194,24,485,240,245
165194,25,785,316,469
165194,31,41,16,25
165194,39,55,21,34
165194,40,730,295,435
165194,41,2740,987,1753
165194,42,2740,987,1753
165194,43,2189,778,1411
165194,44,380,173,207
165194,45,1809,605,1204
165194,51,551,209,342
165194,59,128,41,87
165194,60,1681,564,1117
165255,1,171,0,171
165255,2,171,0,171
165255,3,171,0,171
165255,4,80,0,80
165255,5,91,0,91
165255,20,91,0,91
165255,21,98,0,98
165255,22,98,0,98
165255,23,98,0,98
165255,24,53,0,53
165255,25,45,0,45
165255,40,45,0,45
165255,41,73,0,73
165255,42,73,0,73
165255,43,73,0,73
165255,44,27,0,27
165255,45,46,0,46
165255,60,46,0,46
165264,1,698,75,623
165264,2,698,75,623
165264,3,680,74,606
165264,4,18,3,15
165264,5,662,71,591
165264,11,18,1,17
165264,19,2,0,2
165264,20,660,71,589
165264,21,100,12,88
165264,22,100,12,88
165264,23,99,12,87
165264,24,2,0,2
165264,25,97,12,85
165264,31,1,0,1
165264,40,97,12,85
165264,41,598,63,535
165264,42,598,63,535
165264,43,581,62,519
165264,44,16,3,13
165264,45,565,59,506
165264,51,17,1,16
165264,59,2,0,2
165264,60,563,59,504
165334,1,3551,1508,2043
165334,2,2380,997,1383
165334,3,2312,971,1341
165334,4,621,235,386
165334,5,1691,736,955
165334,11,68,26,42
165334,12,1171,511,660
165334,19,51,24,27
165334,20,1640,712,928
165334,21,3153,1336,1817
165334,22,2270,949,1321
165334,23,2262,946,1316
165334,24,614,232,382
165334,25,1648,714,934
165334,31,8,3,5
165334,32,883,387,496
165334,39,45,22,23
165334,40,1603,692,911
165334,41,398,172,226
165334,42,110,48,62
165334,43,50,25,25
165334,44,7,3,4
165334,45,43,22,21
165334,51,60,23,37
165334,52,288,124,164
165334,59,6,2,4
165334,60,37,20,17
165495,1,16,6,10
165495,12,16,6,10
165495,21,16,6,10
165495,32,16,6,10
165529,1,3074,1154,1920
165529,2,2849,1067,1782
165529,3,2794,1052,1742
165529,4,657,289,368
165529,5,2137,763,1374
165529,11,55,15,40
165529,12,225,87,138
165529,19,175,53,122
165529,20,1962,710,1252
165529,21,2106,899,1207
165529,22,2068,896,1172
165529,23,2068,896,1172
165529,24,640,285,355
165529,25,1428,611,817
165529,32,38,3,35
165529,39,70,37,33
165529,40,1358,574,784
165529,41,968,255,713
165529,42,781,171,610
165529,43,726,156,570
165529,44,17,4,13
165529,45,709,152,557
165529,51,55,15,40
165529,52,187,84,103
165529,59,105,16,89
165529,60,604,136,468
165556,1,331,111,220
165556,2,331,111,220
165556,3,331,111,220
165556,4,83,37,46
165556,5,248,74,174
165556,20,248,74,174
165556,21,212,69,143
165556,22,212,69,143
165556,23,212,69,143
165556,24,59,21,38
165556,25,153,48,105
165556,40,153,48,105
165556,41,119,42,77
165556,42,119,42,77
165556,43,119,42,77
165556,44,24,16,8
165556,45,95,26,69
165556,60,95,26,69
165574,1,1300,689,611
165574,2,1300,689,611
165574,3,1238,664,574
165574,4,528,317,211
165574,5,710,347,363
165574,11,62,25,37
165574,19,40,21,19
165574,20,670,326,344
165574,21,1076,586,490
165574,22,1076,586,490
165574,23,1076,586,490
165574,24,528,317,211
165574,25,548,269,279
165574,39,31,16,15
165574,40,517,253,264
165574,41,224,103,121
165574,42,224,103,121
165574,43,162,78,84
165574,45,162,78,84
165574,51,62,25,37
165574,59,9,5,4
165574,60,153,73,80
165608,1,80,11,69
165608,2,80,11,69
165608,3,80,11,69
165608,4,10,1,9
165608,5,70,10,60
165608,20,70,10,60
165608,21,45,5,40
165608,22,45,5,40
165608,23,45,5,40
165608,24,8,1,7
165608,25,37,4,33
165608,40,37,4,33
165608,41,35,6,29
165608,42,35,6,29
165608,43,35,6,29
165608,44,2,0,2
165608,45,33,6,27
165608,60,33,6,27
165635,1,247,233,14
165635,2,247,233,14
165635,3,247,233,14
165635,4,28,27,1
165635,5,219,206,13
165635,20,219,206,13
165635,21,247,233,14
165635,22,247,233,14
165635,23,247,233,14
165635,24,28,27,1
165635,25,219,206,13
165635,40,219,206,13
165644,1,1478,383,1095
165644,2,1321,352,969
165644,3,1313,348,965
165644,4,165,65,100
165644,5,1148,283,865
165644,11,8,4,4
165644,12,157,31,126
165644,19,51,19,32
165644,20,1097,264,833
165644,21,1409,367,1042
165644,22,1302,342,960
165644,23,1302,342,960
165644,24,165,65,100
165644,25,1137,277,860
165644,32,107,25,82
165644,39,51,19,32
165644,40,1086,258,828
165644,41,69,16,53
165644,42,19,10,9
165644,43,11,6,5
165644,45,11,6,5
165644,51,8,4,4
165644,52,50,6,44
165644,60,11,6,5
165662,1,4561,1604,2957
165662,2,3758,1406,2352
165662,3,3720,1399,2321
165662,4,863,304,559
165662,5,2857,1095,1762
165662,11,38,7,31
165662,12,803,198,605
165662,19,188,66,122
165662,20,2669,1029,1640
165662,21,4375,1551,2824
165662,22,3668,1376,2292
165662,23,3667,1376,2291
165662,24,862,304,558
165662,25,2805,1072,1733
165662,31,1,0,1
165662,32,707,175,532
165662,39,186,65,121
165662,40,2619,1007,1612
165662,41,186,53,133
165662,42,90,30,60
165662,43,53,23,30
165662,44,1,0,1
165662,45,52,23,29
165662,51,37,7,30
165662,52,96,23,73
165662,59,2,1,1
165662,60,50,22,28
165671,1,2436,630,1806
165671,2,2176,580,1596
165671,3,2040,555,1485
165671,4,515,128,387
165671,5,1525,427,1098
165671,11,136,25,111
165671,12,260,50,210
165671,19,55,15,40
165671,20,1470,412,1058
165671,21,1874,538,1336
165671,22,1857,533,1324
165671,23,1857,533,1324
165671,24,515,128,387
165671,25,1342,405,937
165671,32,17,5,12
165671,39,43,13,30
165671,40,1299,392,907
165671,41,562,92,470
165671,42,319,47,272
165671,43,183,22,161
165671,45,183,22,161
165671,51,136,25,111
165671,52,243,45,198
165671,59,12,2,10
165671,60,171,20,151
165699,1,5029,1613,3416
165699,2,2724,1079,1645
165699,3,2621,1017,1604
165699,4,662,249,413
165699,5,1959,768,1191
165699,11,103,62,41
165699,12,2305,534,1771
165699,19,99,30,69
165699,20,1860,738,1122
165699,21,2819,1078,1741
165699,22,2430,950,1480
165699,23,2419,945,1474
165699,24,641,244,397
165699,25,1778,701,1077
165699,31,11,5,6
165699,32,389,128,261
165699,39,62,23,39
165699,40,1716,678,1038
165699,41,2210,535,1675
165699,42,294,129,165
165699,43,202,72,130
165699,44,21,5,16
165699,45,181,67,114
165699,51,92,57,35
165699,52,1916,406,1510
165699,59,37,7,30
165699,60,144,60,84
165705,1,70,24,46
165705,12,70,24,46
165705,21,36,15,21
165705,32,36,15,21
165705,41,34,9,25
165705,52,34,9,25
165750,1,105,49,56
165750,2,105,49,56
165750,3,105,49,56
165750,4,38,16,22
165750,5,67,33,34
165750,20,67,33,34
165750,21,105,49,56
165750,22,105,49,56
165750,23,105,49,56
165750,24,38,16,22
165750,25,67,33,34
165750,40,67,33,34
165802,1,1930,504,1426
165802,2,1930,504,1426
165802,3,1733,487,1246
165802,4,335,103,232
165802,5,1398,384,1014
165802,11,197,17,180
165802,19,553,134,419
165802,20,845,250,595
165802,21,1229,419,810
165802,22,1229,419,810
165802,23,1174,413,761
165802,24,292,98,194
165802,25,882,315,567
165802,31,55,6,49
165802,39,338,115,223
165802,40,544,200,344
165802,41,701,85,616
165802,42,701,85,616
165802,43,559,74,485
165802,44,43,5,38
165802,45,516,69,447
165802,51,142,11,131
165802,59,215,19,196
165802,60,301,50,251
165820,1,6680,2431,4249
165820,2,4245,1853,2392
165820,3,4148,1816,2332
165820,4,801,347,454
165820,5,3347,1469,1878
165820,11,97,37,60
165820,12,2435,578,1857
165820,19,398,175,223
165820,20,2949,1294,1655
165820,21,3632,1608,2024
165820,22,3438,1529,1909
165820,23,3414,1527,1887
165820,24,790,341,449
165820,25,2624,1186,1438
165820,31,24,2,22
165820,32,194,79,115
165820,39,301,151,150
165820,40,2323,1035,1288
165820,41,3048,823,2225
165820,42,807,324,483
165820,43,734,289,445
165820,44,11,6,5
165820,45,723,283,440
165820,51,73,35,38
165820,52,2241,499,1742
165820,59,97,24,73
165820,60,626,259,367
165866,1,6429,2036,4393
165866,2,4584,1690,2894
165866,3,4255,1512,2743
165866,4,809,249,560
165866,5,3446,1263,2183
165866,11,329,178,151
165866,12,1845,346,1499
165866,19,413,181,232
165866,20,3033,1082,1951
165866,21,3982,1414,2568
165866,22,3884,1390,2494
165866,23,3832,1362,2470
165866,24,804,248,556
165866,25,3028,1114,1914
165866,31,52,28,24
165866,32,98,24,74
165866,39,345,158,187
165866,40,2683,956,1727
165866,41,2447,622,1825
165866,42,700,300,400
165866,43,423,150,273
165866,44,5,1,4
165866,45,418,149,269
165866,51,277,150,127
165866,52,1747,322,1425
165866,59,68,23,45
165866,60,350,126,224
165884,1,482,434,48
165884,2,482,434,48
165884,3,463,416,47
165884,4,184,170,14
165884,5,279,246,33
165884,11,19,18,1
165884,19,27,23,4
165884,20,252,223,29
165884,21,412,369,43
165884,22,412,369,43
165884,23,412,369,43
165884,24,182,168,14
165884,25,230,201,29
165884,39,26,23,3
165884,40,204,178,26
165884,41,70,65,5
165884,42,70,65,5
165884,43,51,47,4
165884,44,2,2,0
165884,45,49,45,4
165884,51,19,18,1
165884,59,1,0,1
165884,60,48,45,3
165936,1,2073,721,1352
165936,2,1710,652,1058
165936,3,1681,644,1037
165936,4,478,176,302
165936,5,1203,468,735
165936,11,29,8,21
165936,12,363,69,294
165936,19,73,21,52
165936,20,1130,447,683
165936,21,1768,656,1112
165936,22,1668,636,1032
165936,23,1651,632,1019
165936,24,477,175,302
165936,25,1174,457,717
165936,31,17,4,13
165936,32,100,20,80
165936,39,70,21,49
165936,40,1104,436,668
165936,41,305,65,240
165936,42,42,16,26
165936,43,30,12,18
165936,44,1,1,0
165936,45,29,11,18
165936,51,12,4,8
165936,52,263,49,214
165936,59,3,0,3
165936,60,26,11,15
165945,1,2137,1512,625
165945,12,2137,1512,625
165945,21,734,508,226
165945,32,734,508,226
165945,41,1403,1004,399
165945,52,1403,1004,399
165981,1,2240,892,1348
165981,2,2240,892,1348
165981,3,1980,792,1188
165981,4,377,169,208
165981,5,1603,623,980
165981,11,260,100,160
165981,19,242,95,147
165981,20,1361,528,833
165981,21,815,366,449
165981,22,815,366,449
165981,23,786,355,431
165981,24,205,97,108
165981,25,581,258,323
165981,31,29,11,18
165981,39,95,37,58
165981,40,486,221,265
165981,41,1425,526,899
165981,42,1425,526,899
165981,43,1194,437,757
165981,44,172,72,100
165981,45,1022,365,657
165981,51,231,89,142
165981,59,147,58,89
165981,60,875,307,568
166009,1,69,21,48
166009,2,69,21,48
166009,3,69,21,48
166009,4,42,12,30
166009,5,27,9,18
166009,20,27,9,18
166009,21,69,21,48
166009,22,69,21,48
166009,23,69,21,48
166009,24,42,12,30
166009,25,27,9,18
166009,40,27,9,18
166018,1,1492,646,846
166018,2,1492,646,846
166018,3,1468,637,831
166018,4,381,153,228
166018,5,1087,484,603
166018,11,24,9,15
166018,19,73,34,39
166018,20,1014,450,564
166018,21,1492,646,846
166018,22,1492,646,846
166018,23,1468,637,831
166018,24,381,153,228
166018,25,1087,484,603
166018,31,24,9,15
166018,39,73,34,39
166018,40,1014,450,564
166027,1,28297,14478,13819
166027,2,10534,5268,5266
166027,3,7278,3779,3499
166027,4,1658,869,789
166027,5,5620,2910,2710
166027,11,3256,1489,1767
166027,12,17763,9210,8553
166027,19,13,6,7
166027,20,5607,2904,2703
166027,21,20370,10585,9785
166027,22,7240,3786,3454
166027,23,6912,3595,3317
166027,24,1658,869,789
166027,25,5254,2726,2528
166027,31,328,191,137
166027,32,13130,6799,6331
166027,39,13,6,7
166027,40,5241,2720,2521
166027,41,7927,3893,4034
166027,42,3294,1482,1812
166027,43,366,184,182
166027,45,366,184,182
166027,51,2928,1298,1630
166027,52,4633,2411,2222
166027,60,366,184,182
166045,1,188,64,124
166045,2,4,1,3
166045,3,4,1,3
166045,5,4,1,3
166045,12,184,63,121
166045,20,4,1,3
166045,21,69,30,39
166045,22,2,1,1
166045,23,2,1,1
166045,25,2,1,1
166045,32,67,29,38
166045,40,2,1,1
166045,41,119,34,85
166045,42,2,0,2
166045,43,2,0,2
166045,45,2,0,2
166045,52,117,34,83
166045,60,2,0,2
166054,1,208,154,54
166054,2,92,49,43
166054,3,92,49,43
166054,4,16,10,6
166054,5,76,39,37
166054,12,116,105,11
166054,19,15,7,8
166054,20,61,32,29
166054,21,200,148,52
166054,22,92,49,43
166054,23,92,49,43
166054,24,16,10,6
166054,25,76,39,37
166054,32,108,99,9
166054,39,15,7,8
166054,40,61,32,29
166054,41,8,6,2
166054,52,8,6,2
166063,1,30,0,30
166063,2,30,0,30
166063,3,30,0,30
166063,4,17,0,17
166063,5,13,0,13
166063,20,13,0,13
166063,21,30,0,30
166063,22,30,0,30
166063,23,30,0,30
166063,24,17,0,17
166063,25,13,0,13
166063,40,13,0,13
166124,1,2912,1449,1463
166124,2,2912,1449,1463
166124,3,2878,1438,1440
166124,4,719,368,351
166124,5,2159,1070,1089
166124,11,34,11,23
166124,19,13,7,6
166124,20,2146,1063,1083
166124,21,2877,1438,1439
166124,22,2877,1438,1439
166124,23,2877,1438,1439
166124,24,719,368,351
166124,25,2158,1070,1088
166124,39,13,7,6
166124,40,2145,1063,1082
166124,41,35,11,24
166124,42,35,11,24
166124,43,1,0,1
166124,45,1,0,1
166124,51,34,11,23
166124,60,1,0,1
166133,1,6740,2673,4067
166133,2,6740,2673,4067
166133,3,6370,2536,3834
166133,4,1542,747,795
166133,5,4828,1789,3039
166133,11,370,137,233
166133,19,485,203,282
166133,20,4343,1586,2757
166133,21,3272,1495,1777
166133,22,3272,1495,1777
166133,23,3205,1459,1746
166133,24,1066,543,523
166133,25,2139,916,1223
166133,31,67,36,31
166133,39,279,135,144
166133,40,1860,781,1079
166133,41,3468,1178,2290
166133,42,3468,1178,2290
166133,43,3165,1077,2088
166133,44,476,204,272
166133,45,2689,873,1816
166133,51,303,101,202
166133,59,206,68,138
166133,60,2483,805,1678
166276,1,71,10,61
166276,2,71,10,61
166276,3,71,10,61
166276,5,71,10,61
166276,20,71,10,61
166276,21,47,5,42
166276,22,47,5,42
166276,23,47,5,42
166276,25,47,5,42
166276,40,47,5,42
166276,41,24,5,19
166276,42,24,5,19
166276,43,24,5,19
166276,45,24,5,19
166276,60,24,5,19
166294,1,46,2,44
166294,2,46,2,44
166294,3,46,2,44
166294,4,23,2,21
166294,5,23,0,23
166294,20,23,0,23
166294,21,16,1,15
166294,22,16,1,15
166294,23,16,1,15
166294,24,12,1,11
166294,25,4,0,4
166294,40,4,0,4
166294,41,30,1,29
166294,42,30,1,29
166294,43,30,1,29
166294,44,11,1,10
166294,45,19,0,19
166294,60,19,0,19
166319,1,44,1,43
166319,2,44,1,43
166319,3,44,1,43
166319,4,26,0,26
166319,5,18,1,17
166319,20,18,1,17
166319,21,25,1,24
166319,22,25,1,24
166319,23,25,1,24
166319,24,18,0,18
166319,25,7,1,6
166319,40,7,1,6
166319,41,19,0,19
166319,42,19,0,19
166319,43,19,0,19
166319,44,8,0,8
166319,45,11,0,11
166319,60,11,0,11
166328,1,102,1,101
166328,2,102,1,101
166328,3,102,1,101
166328,4,27,1,26
166328,5,75,0,75
166328,20,75,0,75
166328,21,46,1,45
166328,22,46,1,45
166328,23,46,1,45
166328,24,16,1,15
166328,25,30,0,30
166328,40,30,0,30
166328,41,56,0,56
166328,42,56,0,56
166328,43,56,0,56
166328,44,11,0,11
166328,45,45,0,45
166328,60,45,0,45
166391,1,2081,726,1355
166391,2,1687,608,1079
166391,3,1667,602,1065
166391,4,485,162,323
166391,5,1182,440,742
166391,11,20,6,14
166391,12,394,118,276
166391,19,73,36,37
166391,20,1109,404,705
166391,21,1767,630,1137
166391,22,1649,594,1055
166391,23,1649,594,1055
166391,24,484,162,322
166391,25,1165,432,733
166391,32,118,36,82
166391,39,71,35,36
166391,40,1094,397,697
166391,41,314,96,218
166391,42,38,14,24
166391,43,18,8,10
166391,44,1,0,1
166391,45,17,8,9
166391,51,20,6,14
166391,52,276,82,194
166391,59,2,1,1
166391,60,15,7,8
166407,1,302,37,265
166407,2,302,37,265
166407,3,302,37,265
166407,4,3,1,2
166407,5,299,36,263
166407,19,44,7,37
166407,20,255,29,226
166407,21,266,30,236
166407,22,266,30,236
166407,23,266,30,236
166407,25,266,30,236
166407,39,12,2,10
166407,40,254,28,226
166407,41,36,7,29
166407,42,36,7,29
166407,43,36,7,29
166407,44,3,1,2
166407,45,33,6,27
166407,59,32,5,27
166407,60,1,1,0
166452,1,5195,929,4266
166452,2,1948,448,1500
166452,3,1785,402,1383
166452,4,323,74,249
166452,5,1462,328,1134
166452,11,163,46,117
166452,12,3247,481,2766
166452,19,152,30,122
166452,20,1310,298,1012
166452,21,2554,504,2050
166452,22,1460,336,1124
166452,23,1457,336,1121
166452,24,317,74,243
166452,25,1140,262,878
166452,31,3,0,3
166452,32,1094,168,926
166452,39,103,19,84
166452,40,1037,243,794
166452,41,2641,425,2216
166452,42,488,112,376
166452,43,328,66,262
166452,44,6,0,6
166452,45,322,66,256
166452,51,160,46,114
166452,52,2153,313,1840
166452,59,49,11,38
166452,60,273,55,218
166489,1,265,105,160
166489,2,58,25,33
166489,3,58,25,33
166489,4,12,7,5
166489,5,46,18,28
166489,12,207,80,127
166489,19,6,1,5
166489,20,40,17,23
166489,21,249,100,149
166489,22,55,24,31
166489,23,55,24,31
166489,24,12,7,5
166489,25,43,17,26
166489,32,194,76,118
166489,39,6,1,5
166489,40,37,16,21
166489,41,16,5,11
166489,42,3,1,2
166489,43,3,1,2
166489,45,3,1,2
166489,52,13,4,9
166489,60,3,1,2
166498,1,102,7,95
166498,2,102,7,95
166498,3,102,7,95
166498,4,76,4,72
166498,5,26,3,23
166498,20,26,3,23
166498,21,74,4,70
166498,22,74,4,70
166498,23,74,4,70
166498,24,58,3,55
166498,25,16,1,15
166498,40,16,1,15
166498,41,28,3,25
166498,42,28,3,25
166498,43,28,3,25
166498,44,18,1,17
166498,45,10,2,8
166498,60,10,2,8
166513,1,16932,10017,6915
166513,2,12734,7777,4957
166513,3,11830,7217,4613
166513,4,1650,1057,593
166513,5,10180,6160,4020
166513,11,904,560,344
166513,12,4198,2240,1958
166513,19,1289,729,560
166513,20,8891,5431,3460
166513,21,10322,6336,3986
166513,22,9034,5581,3453
166513,23,8889,5470,3419
166513,24,1626,1042,584
166513,25,7263,4428,2835
166513,31,145,111,34
166513,32,1288,755,533
166513,39,950,543,407
166513,40,6313,3885,2428
166513,41,6610,3681,2929
166513,42,3700,2196,1504
166513,43,2941,1747,1194
166513,44,24,15,9
166513,45,2917,1732,1185
166513,51,759,449,310
166513,52,2910,1485,1425
166513,59,339,186,153
166513,60,2578,1546,1032
166586,1,38,2,36
166586,2,38,2,36
166586,3,38,2,36
166586,4,5,1,4
166586,5,33,1,32
166586,20,33,1,32
166586,21,30,2,28
166586,22,30,2,28
166586,23,30,2,28
166586,24,4,1,3
166586,25,26,1,25
166586,40,26,1,25
166586,41,8,0,8
166586,42,8,0,8
166586,43,8,0,8
166586,44,1,0,1
166586,45,7,0,7
166586,60,7,0,7
166595,1,60,6,54
166595,2,60,6,54
166595,3,60,6,54
166595,4,10,3,7
166595,5,50,3,47
166595,20,50,3,47
166595,21,39,6,33
166595,22,39,6,33
166595,23,39,6,33
166595,24,8,3,5
166595,25,31,3,28
166595,40,31,3,28
166595,41,21,0,21
166595,42,21,0,21
166595,43,21,0,21
166595,44,2,0,2
166595,45,19,0,19
166595,60,19,0,19
166601,1,266,73,193
166601,2,266,73,193
166601,3,173,41,132
166601,4,24,3,21
166601,5,149,38,111
166601,11,93,32,61
166601,19,13,4,9
166601,20,136,34,102
166601,21,130,34,96
166601,22,130,34,96
166601,23,130,34,96
166601,24,20,3,17
166601,25,110,31,79
166601,39,9,4,5
166601,40,101,27,74
166601,41,136,39,97
166601,42,136,39,97
166601,43,43,7,36
166601,44,4,0,4
166601,45,39,7,32
166601,51,93,32,61
166601,59,4,0,4
166601,60,35,7,28
166629,1,28518,14467,14051
166629,2,22134,11260,10874
166629,3,21672,11067,10605
166629,4,4686,2407,2279
166629,5,16986,8660,8326
166629,11,462,193,269
166629,12,6384,3207,3177
166629,19,1468,732,736
166629,20,15518,7928,7590
166629,21,22808,11665,11143
166629,22,20505,10597,9908
166629,23,20384,10557,9827
166629,24,4683,2406,2277
166629,25,15701,8151,7550
166629,31,121,40,81
166629,32,2303,1068,1235
166629,39,1181,638,543
166629,40,14520,7513,7007
166629,41,5710,2802,2908
166629,42,1629,663,966
166629,43,1288,510,778
166629,44,3,1,2
166629,45,1285,509,776
166629,51,341,153,188
166629,52,4081,2139,1942
166629,59,287,94,193
166629,60,998,415,583
166638,1,16277,6664,9613
166638,2,12366,5438,6928
166638,3,11786,5154,6632
166638,4,1413,703,710
166638,5,10373,4451,5922
166638,11,580,284,296
166638,12,3911,1226,2685
166638,19,1719,707,1012
166638,20,8654,3744,4910
166638,21,9999,4329,5670
166638,22,8759,3926,4833
166638,23,8642,3864,4778
166638,24,1313,641,672
166638,25,7329,3223,4106
166638,31,117,62,55
166638,32,1240,403,837
166638,39,1244,540,704
166638,40,6085,2683,3402
166638,41,6278,2335,3943
166638,42,3607,1512,2095
166638,43,3144,1290,1854
166638,44,100,62,38
166638,45,3044,1228,1816
166638,51,463,222,241
166638,52,2671,823,1848
166638,59,475,167,308
166638,60,2569,1061,1508
166647,1,5377,2464,2913
166647,2,5377,2464,2913
166647,3,4573,2150,2423
166647,4,1219,643,576
166647,5,3354,1507,1847
166647,11,804,314,490
166647,19,224,94,130
166647,20,3130,1413,1717
166647,21,1961,1078,883
166647,22,1961,1078,883
166647,23,1862,1022,840
166647,24,656,378,278
166647,25,1206,644,562
166647,31,99,56,43
166647,39,102,48,54
166647,40,1104,596,508
166647,41,3416,1386,2030
166647,42,3416,1386,2030
166647,43,2711,1128,1583
166647,44,563,265,298
166647,45,2148,863,1285
166647,51,705,258,447
166647,59,122,46,76
166647,60,2026,817,1209
166656,1,6548,2203,4345
166656,2,3897,1286,2611
166656,3,3808,1278,2530
166656,4,912,310,602
166656,5,2896,968,1928
166656,11,89,8,81
166656,12,2651,917,1734
166656,19,217,56,161
166656,20,2679,912,1767
166656,21,6042,2111,3931
166656,22,3723,1257,2466
166656,23,3681,1257,2424
166656,24,912,310,602
166656,25,2769,947,1822
166656,31,42,0,42
166656,32,2319,854,1465
166656,39,164,51,113
166656,40,2605,896,1709
166656,41,506,92,414
166656,42,174,29,145
166656,43,127,21,106
166656,45,127,21,106
166656,51,47,8,39
166656,52,332,63,269
166656,59,53,5,48
166656,60,74,16,58
166674,1,2264,697,1567
166674,2,2120,634,1486
166674,3,1861,559,1302
166674,4,367,97,270
166674,5,1494,462,1032
166674,11,259,75,184
166674,12,144,63,81
166674,19,127,41,86
166674,20,1367,421,946
166674,21,1793,559,1234
166674,22,1677,504,1173
166674,23,1676,504,1172
166674,24,366,97,269
166674,25,1310,407,903
166674,31,1,0,1
166674,32,116,55,61
166674,39,121,37,84
166674,40,1189,370,819
166674,41,471,138,333
166674,42,443,130,313
166674,43,185,55,130
166674,44,1,0,1
166674,45,184,55,129
166674,51,258,75,183
166674,52,28,8,20
166674,59,6,4,2
166674,60,178,51,127
166683,1,11301,7139,4162
166683,2,4528,2487,2041
166683,3,4510,2475,2035
166683,4,1115,609,506
166683,5,3395,1866,1529
166683,11,18,12,6
166683,12,6773,4652,2121
166683,19,19,14,5
166683,20,3376,1852,1524
166683,21,11138,7025,4113
166683,22,4499,2470,2029
166683,23,4485,2460,2025
166683,24,1115,609,506
166683,25,3370,1851,1519
166683,31,14,10,4
166683,32,6639,4555,2084
166683,39,19,14,5
166683,40,3351,1837,1514
166683,41,163,114,49
166683,42,29,17,12
166683,43,25,15,10
166683,45,25,15,10
166683,51,4,2,2
166683,52,134,97,37
166683,60,25,15,10
166692,1,1476,1296,180
166692,2,1376,1214,162
166692,3,1362,1205,157
166692,4,332,278,54
166692,5,1030,927,103
166692,11,14,9,5
166692,12,100,82,18
166692,19,49,45,4
166692,20,981,882,99
166692,21,1333,1180,153
166692,22,1333,1180,153
166692,23,1333,1180,153
166692,24,332,278,54
166692,25,1001,902,99
166692,39,49,45,4
166692,40,952,857,95
166692,41,143,116,27
166692,42,43,34,9
166692,43,29,25,4
166692,45,29,25,4
166692,51,14,9,5
166692,52,100,82,18
166692,60,29,25,4
166708,1,1161,465,696
166708,12,1161,465,696
166708,21,1056,435,621
166708,32,1056,435,621
166708,41,105,30,75
166708,52,105,30,75
166717,1,652,138,514
166717,12,652,138,514
166717,21,478,105,373
166717,32,478,105,373
166717,41,174,33,141
166717,52,174,33,141
166805,1,91,81,10
166805,2,91,81,10
166805,3,91,81,10
166805,4,44,43,1
166805,5,47,38,9
166805,20,47,38,9
166805,21,26,23,3
166805,22,26,23,3
166805,23,26,23,3
166805,24,14,13,1
166805,25,12,10,2
166805,40,12,10,2
166805,41,65,58,7
166805,42,65,58,7
166805,43,65,58,7
166805,44,30,30,0
166805,45,35,28,7
166805,60,35,28,7
166823,1,8272,3581,4691
166823,2,8272,3581,4691
166823,3,7034,3055,3979
166823,4,1860,950,910
166823,5,5174,2105,3069
166823,11,1238,526,712
166823,19,465,170,295
166823,20,4709,1935,2774
166823,21,3618,1815,1803
166823,22,3618,1815,1803
166823,23,3471,1724,1747
166823,24,1281,695,586
166823,25,2190,1029,1161
166823,31,147,91,56
166823,39,223,97,126
166823,40,1967,932,1035
166823,41,4654,1766,2888
166823,42,4654,1766,2888
166823,43,3563,1331,2232
166823,44,579,255,324
166823,45,2984,1076,1908
166823,51,1091,435,656
166823,59,242,73,169
166823,60,2742,1003,1739
166850,1,3067,1478,1589
166850,2,2758,1397,1361
166850,3,2722,1368,1354
166850,4,794,386,408
166850,5,1928,982,946
166850,11,36,29,7
166850,12,309,81,228
166850,19,85,45,40
166850,20,1843,937,906
166850,21,2790,1364,1426
166850,22,2604,1306,1298
166850,23,2602,1305,1297
166850,24,794,386,408
166850,25,1808,919,889
166850,31,2,1,1
166850,32,186,58,128
166850,39,83,45,38
166850,40,1725,874,851
166850,41,277,114,163
166850,42,154,91,63
166850,43,120,63,57
166850,45,120,63,57
166850,51,34,28,6
166850,52,123,23,100
166850,59,2,0,2
166850,60,118,63,55
166869,1,1096,184,912
166869,2,162,22,140
166869,3,160,21,139
166869,5,160,21,139
166869,11,2,1,1
166869,12,934,162,772
166869,20,160,21,139
166869,21,784,124,660
166869,22,162,22,140
166869,23,160,21,139
166869,25,160,21,139
166869,31,2,1,1
166869,32,622,102,520
166869,40,160,21,139
166869,41,312,60,252
166869,52,312,60,252
166887,1,9702,4211,5491
166887,2,9702,4211,5491
166887,3,8871,3867,5004
166887,4,2034,978,1056
166887,5,6837,2889,3948
166887,11,831,344,487
166887,19,745,321,424
166887,20,6092,2568,3524
166887,21,3619,1746,1873
166887,22,3619,1746,1873
166887,23,3567,1717,1850
166887,24,1118,547,571
166887,25,2449,1170,1279
166887,31,52,29,23
166887,39,304,153,151
166887,40,2145,1017,1128
166887,41,6083,2465,3618
166887,42,6083,2465,3618
166887,43,5304,2150,3154
166887,44,916,431,485
166887,45,4388,1719,2669
166887,51,779,315,464
166887,59,441,168,273
166887,60,3947,1551,2396
166911,1,392,106,286
166911,2,392,106,286
166911,3,378,100,278
166911,4,103,22,81
166911,5,275,78,197
166911,11,14,6,8
166911,19,18,7,11
166911,20,257,71,186
166911,21,379,104,275
166911,22,379,104,275
166911,23,373,98,275
166911,24,102,22,80
166911,25,271,76,195
166911,31,6,6,0
166911,39,18,7,11
166911,40,253,69,184
166911,41,13,2,11
166911,42,13,2,11
166911,43,5,2,3
166911,44,1,0,1
166911,45,4,2,2
166911,51,8,0,8
166911,60,4,2,2
166939,1,2251,12,2239
166939,2,2183,2,2181
166939,3,2154,0,2154
166939,4,513,0,513
166939,5,1641,0,1641
166939,11,29,2,27
166939,12,68,10,58
166939,19,58,0,58
166939,20,1583,0,1583
166939,21,2188,8,2180
166939,22,2151,0,2151
166939,23,2136,0,2136
166939,24,511,0,511
166939,25,1625,0,1625
166939,31,15,0,15
166939,32,37,8,29
166939,39,57,0,57
166939,40,1568,0,1568
166939,41,63,4,59
166939,42,32,2,30
166939,43,18,0,18
166939,44,2,0,2
166939,45,16,0,16
166939,51,14,2,12
166939,52,31,2,29
166939,59,1,0,1
166939,60,15,0,15
166948,1,1288,442,846
166948,2,1268,436,832
166948,3,1261,433,828
166948,4,307,110,197
166948,5,954,323,631
166948,11,7,3,4
166948,12,20,6,14
166948,19,116,30,86
166948,20,838,293,545
166948,21,1176,419,757
166948,22,1167,416,751
166948,23,1167,416,751
166948,24,307,110,197
166948,25,860,306,554
166948,32,9,3,6
166948,39,102,29,73
166948,40,758,277,481
166948,41,112,23,89
166948,42,101,20,81
166948,43,94,17,77
166948,45,94,17,77
166948,51,7,3,4
166948,52,11,3,8
166948,59,14,1,13
166948,60,80,16,64
166957,1,4734,1671,3063
166957,2,4734,1671,3063
166957,3,4222,1470,2752
166957,4,915,423,492
166957,5,3307,1047,2260
166957,11,512,201,311
166957,19,321,108,213
166957,20,2986,939,2047
166957,21,2000,826,1174
166957,22,2000,826,1174
166957,23,1906,795,1111
166957,24,596,289,307
166957,25,1310,506,804
166957,31,94,31,63
166957,39,140,65,75
166957,40,1170,441,729
166957,41,2734,845,1889
166957,42,2734,845,1889
166957,43,2316,675,1641
166957,44,319,134,185
166957,45,1997,541,1456
166957,51,418,170,248
166957,59,181,43,138
166957,60,1816,498,1318
166975,1,210,57,153
166975,2,210,57,153
166975,3,210,57,153
166975,4,75,18,57
166975,5,135,39,96
166975,20,135,39,96
166975,21,85,25,60
166975,22,85,25,60
166975,23,85,25,60
166975,24,30,8,22
166975,25,55,17,38
166975,40,55,17,38
166975,41,125,32,93
166975,42,125,32,93
166975,43,125,32,93
166975,44,45,10,35
166975,45,80,22,58
166975,60,80,22,58
166984,1,651,181,470
166984,2,484,133,351
166984,3,340,98,242
166984,4,54,16,38
166984,5,286,82,204
166984,11,144,35,109
166984,12,167,48,119
166984,19,32,15,17
166984,20,254,67,187
166984,21,563,163,400
166984,22,404,118,286
166984,23,320,91,229
166984,24,54,16,38
166984,25,266,75,191
166984,31,84,27,57
166984,32,159,45,114
166984,39,29,13,16
166984,40,237,62,175
166984,41,88,18,70
166984,42,80,15,65
166984,43,20,7,13
166984,45,20,7,13
166984,51,60,8,52
166984,52,8,3,5
166984,59,3,2,1
166984,60,17,5,12
167020,1,369,44,325
167020,2,369,44,325
167020,3,369,44,325
167020,4,86,9,77
167020,5,283,35,248
167020,20,283,35,248
167020,21,369,44,325
167020,22,369,44,325
167020,23,369,44,325
167020,24,86,9,77
167020,25,283,35,248
167020,40,283,35,248
167039,1,27,2,25
167039,2,27,2,25
167039,3,27,2,25
167039,4,11,1,10
167039,5,16,1,15
167039,20,16,1,15
167039,21,27,2,25
167039,22,27,2,25
167039,23,27,2,25
167039,24,11,1,10
167039,25,16,1,15
167039,40,16,1,15
167057,1,813,430,383
167057,2,431,253,178
167057,3,410,240,170
167057,4,96,56,40
167057,5,314,184,130
167057,11,21,13,8
167057,12,382,177,205
167057,19,13,6,7
167057,20,301,178,123
167057,21,749,393,356
167057,22,396,231,165
167057,23,393,230,163
167057,24,93,54,39
167057,25,300,176,124
167057,31,3,1,2
167057,32,353,162,191
167057,39,12,5,7
167057,40,288,171,117
167057,41,64,37,27
167057,42,35,22,13
167057,43,17,10,7
167057,44,3,2,1
167057,45,14,8,6
167057,51,18,12,6
167057,52,29,15,14
167057,59,1,1,0
167057,60,13,7,6
167093,1,502,137,365
167093,12,502,137,365
167093,21,498,135,363
167093,32,498,135,363
167093,41,4,2,2
167093,52,4,2,2
167181,1,179,42,137
167181,12,179,42,137
167181,21,132,30,102
167181,32,132,30,102
167181,41,47,12,35
167181,52,47,12,35
167215,1,964,408,556
167215,12,964,408,556
167215,21,676,282,394
167215,32,676,282,394
167215,41,288,126,162
167215,52,288,126,162
167224,1,66,20,46
167224,2,66,20,46
167224,3,66,20,46
167224,4,17,5,12
167224,5,49,15,34
167224,20,49,15,34
167224,21,66,20,46
167224,22,66,20,46
167224,23,66,20,46
167224,24,17,5,12
167224,25,49,15,34
167224,40,49,15,34
167251,1,962,426,536
167251,2,962,426,536
167251,3,961,425,536
167251,4,268,121,147
167251,5,693,304,389
167251,11,1,1,0
167251,19,41,21,20
167251,20,652,283,369
167251,21,851,382,469
167251,22,851,382,469
167251,23,851,382,469
167251,24,267,120,147
167251,25,584,262,322
167251,39,36,19,17
167251,40,548,243,305
167251,41,111,44,67
167251,42,111,44,67
167251,43,110,43,67
167251,44,1,1,0
167251,45,109,42,67
167251,51,1,1,0
167251,59,5,2,3
167251,60,104,40,64
167260,1,1459,854,605
167260,2,1281,761,520
167260,3,1260,746,514
167260,4,380,245,135
167260,5,880,501,379
167260,11,21,15,6
167260,12,178,93,85
167260,19,58,25,33
167260,20,822,476,346
167260,21,1138,705,433
167260,22,1100,682,418
167260,23,1099,681,418
167260,24,379,244,135
167260,25,720,437,283
167260,31,1,1,0
167260,32,38,23,15
167260,39,49,22,27
167260,40,671,415,256
167260,41,321,149,172
167260,42,181,79,102
167260,43,161,65,96
167260,44,1,1,0
167260,45,160,64,96
167260,51,20,14,6
167260,52,140,70,70
167260,59,9,3,6
167260,60,151,61,90
167288,1,1716,684,1032
167288,2,1538,612,926
167288,3,1483,587,896
167288,4,275,92,183
167288,5,1208,495,713
167288,11,55,25,30
167288,12,178,72,106
167288,19,128,49,79
167288,20,1080,446,634
167288,21,1374,551,823
167288,22,1353,546,807
167288,23,1345,544,801
167288,24,271,91,180
167288,25,1074,453,621
167288,31,8,2,6
167288,32,21,5,16
167288,39,111,47,64
167288,40,963,406,557
167288,41,342,133,209
167288,42,185,66,119
167288,43,138,43,95
167288,44,4,1,3
167288,45,134,42,92
167288,51,47,23,24
167288,52,157,67,90
167288,59,17,2,15
167288,60,117,40,77
167297,1,161,110,51
167297,2,161,110,51
167297,3,161,110,51
167297,4,15,12,3
167297,5,146,98,48
167297,20,146,98,48
167297,21,161,110,51
167297,22,161,110,51
167297,23,161,110,51
167297,24,15,12,3
167297,25,146,98,48
167297,40,146,98,48
167312,1,7750,3071,4679
167312,2,7750,3071,4679
167312,3,7053,2816,4237
167312,4,1469,668,801
167312,5,5584,2148,3436
167312,11,697,255,442
167312,19,635,225,410
167312,20,4949,1923,3026
167312,21,3018,1383,1635
167312,22,3018,1383,1635
167312,23,2973,1355,1618
167312,24,936,439,497
167312,25,2037,916,1121
167312,31,45,28,17
167312,39,292,126,166
167312,40,1745,790,955
167312,41,4732,1688,3044
167312,42,4732,1688,3044
167312,43,4080,1461,2619
167312,44,533,229,304
167312,45,3547,1232,2315
167312,51,652,227,425
167312,59,343,99,244
167312,60,3204,1133,2071
167321,1,779,508,271
167321,2,779,508,271
167321,3,779,508,271
167321,4,136,93,43
167321,5,643,415,228
167321,19,78,53,25
167321,20,565,362,203
167321,21,712,461,251
167321,22,712,461,251
167321,23,712,461,251
167321,24,135,92,43
167321,25,577,369,208
167321,39,75,51,24
167321,40,502,318,184
167321,41,67,47,20
167321,42,67,47,20
167321,43,67,47,20
167321,44,1,1,0
167321,45,66,46,20
167321,59,3,2,1
167321,60,63,44,19
167358,1,20053,10092,9961
167358,2,13223,6427,6796
167358,3,13204,6418,6786
167358,4,2891,1346,1545
167358,5,10313,5072,5241
167358,11,19,9,10
167358,12,6830,3665,3165
167358,19,656,297,359
167358,20,9657,4775,4882
167358,21,17957,8901,9056
167358,22,13204,6418,6786
167358,23,13204,6418,6786
167358,24,2891,1346,1545
167358,25,10313,5072,5241
167358,32,4753,2483,2270
167358,39,656,297,359
167358,40,9657,4775,4882
167358,41,2096,1191,905
167358,42,19,9,10
167358,51,19,9,10
167358,52,2077,1182,895
167376,1,7352,2817,4535
167376,2,7352,2817,4535
167376,3,6746,2597,4149
167376,4,1518,705,813
167376,5,5228,1892,3336
167376,11,606,220,386
167376,19,426,161,265
167376,20,4802,1731,3071
167376,21,2438,1118,1320
167376,22,2438,1118,1320
167376,23,2418,1108,1310
167376,24,827,396,431
167376,25,1591,712,879
167376,31,20,10,10
167376,39,156,66,90
167376,40,1435,646,789
167376,41,4914,1699,3215
167376,42,4914,1699,3215
167376,43,4328,1489,2839
167376,44,691,309,382
167376,45,3637,1180,2457
167376,51,586,210,376
167376,59,270,95,175
167376,60,3367,1085,2282
167394,1,1678,382,1296
167394,2,1347,320,1027
167394,3,1308,310,998
167394,4,192,52,140
167394,5,1116,258,858
167394,11,39,10,29
167394,12,331,62,269
167394,19,239,65,174
167394,20,877,193,684
167394,21,1021,266,755
167394,22,1006,263,743
167394,23,1006,263,743
167394,24,187,51,136
167394,25,819,212,607
167394,32,15,3,12
167394,39,154,44,110
167394,40,665,168,497
167394,41,657,116,541
167394,42,341,57,284
167394,43,302,47,255
167394,44,5,1,4
167394,45,297,46,251
167394,51,39,10,29
167394,52,316,59,257
167394,59,85,21,64
167394,60,212,25,187
167455,1,346,55,291
167455,2,313,47,266
167455,3,221,3,218
167455,4,53,1,52
167455,5,168,2,166
167455,11,92,44,48
167455,12,33,8,25
167455,19,13,0,13
167455,20,155,2,153
167455,21,338,55,283
167455,22,305,47,258
167455,23,213,3,210
167455,24,52,1,51
167455,25,161,2,159
167455,31,92,44,48
167455,32,33,8,25
167455,39,12,0,12
167455,40,149,2,147
167455,41,8,0,8
167455,42,8,0,8
167455,43,8,0,8
167455,44,1,0,1
167455,45,7,0,7
167455,59,1,0,1
167455,60,6,0,6
167464,1,57,57,0
167464,12,57,57,0
167464,21,57,57,0
167464,32,57,57,0
167525,1,4576,1474,3102
167525,2,4576,1474,3102
167525,3,4025,1303,2722
167525,4,600,240,360
167525,5,3425,1063,2362
167525,11,551,171,380
167525,19,884,282,602
167525,20,2541,781,1760
167525,21,1718,689,1029
167525,22,1718,689,1029
167525,23,1684,668,1016
167525,24,366,148,218
167525,25,1318,520,798
167525,31,34,21,13
167525,39,365,138,227
167525,40,953,382,571
167525,41,2858,785,2073
167525,42,2858,785,2073
167525,43,2341,635,1706
167525,44,234,92,142
167525,45,2107,543,1564
167525,51,517,150,367
167525,59,519,144,375
167525,60,1588,399,1189
167534,1,8582,3672,4910
167534,2,8582,3672,4910
167534,3,7647,3247,4400
167534,4,1843,947,896
167534,5,5804,2300,3504
167534,11,935,425,510
167534,19,520,207,313
167534,20,5284,2093,3191
167534,21,3440,1687,1753
167534,22,3440,1687,1753
167534,23,3283,1597,1686
167534,24,1007,555,452
167534,25,2276,1042,1234
167534,31,157,90,67
167534,39,243,122,121
167534,40,2033,920,1113
167534,41,5142,1985,3157
167534,42,5142,1985,3157
167534,43,4364,1650,2714
167534,44,836,392,444
167534,45,3528,1258,2270
167534,51,778,335,443
167534,59,277,85,192
167534,60,3251,1173,2078
167598,1,2069,388,1681
167598,2,1188,280,908
167598,3,1188,280,908
167598,4,266,54,212
167598,5,922,226,696
167598,12,881,108,773
167598,19,58,12,46
167598,20,864,214,650
167598,21,1225,274,951
167598,22,948,240,708
167598,23,948,240,708
167598,24,266,54,212
167598,25,682,186,496
167598,32,277,34,243
167598,39,58,12,46
167598,40,624,174,450
167598,41,844,114,730
167598,42,240,40,200
167598,43,240,40,200
167598,45,240,40,200
167598,52,604,74,530
167598,60,240,40,200
167631,1,2437,804,1633
167631,2,2437,804,1633
167631,3,2216,728,1488
167631,4,524,196,328
167631,5,1692,532,1160
167631,11,221,76,145
167631,19,10,6,4
167631,20,1682,526,1156
167631,21,793,275,518
167631,22,793,275,518
167631,23,783,270,513
167631,24,226,83,143
167631,25,557,187,370
167631,31,10,5,5
167631,39,4,4,0
167631,40,553,183,370
167631,41,1644,529,1115
167631,42,1644,529,1115
167631,43,1433,458,975
167631,44,298,113,185
167631,45,1135,345,790
167631,51,211,71,140
167631,59,6,2,4
167631,60,1129,343,786
167677,1,192,140,52
167677,2,43,43,0
167677,3,35,35,0
167677,5,35,35,0
167677,11,8,8,0
167677,12,149,97,52
167677,19,17,17,0
167677,20,18,18,0
167677,21,117,106,11
167677,22,35,35,0
167677,23,35,35,0
167677,25,35,35,0
167677,32,82,71,11
167677,39,17,17,0
167677,40,18,18,0
167677,41,75,34,41
167677,42,8,8,0
167677,51,8,8,0
167677,52,67,26,41
167729,1,9301,3437,5864
167729,2,7664,3013,4651
167729,3,7134,2766,4368
167729,4,1087,398,689
167729,5,6047,2368,3679
167729,11,530,247,283
167729,12,1637,424,1213
167729,19,782,325,457
167729,20,5265,2043,3222
167729,21,6194,2396,3798
167729,22,5834,2314,3520
167729,23,5752,2267,3485
167729,24,1074,391,683
167729,25,4678,1876,2802
167729,31,82,47,35
167729,32,360,82,278
167729,39,630,277,353
167729,40,4048,1599,2449
167729,41,3107,1041,2066
167729,42,1830,699,1131
167729,43,1382,499,883
167729,44,13,7,6
167729,45,1369,492,877
167729,51,448,200,248
167729,52,1277,342,935
167729,59,152,48,104
167729,60,1217,444,773
167738,1,699,117,582
167738,2,699,117,582
167738,3,697,117,580
167738,4,648,109,539
167738,5,49,8,41
167738,11,2,0,2
167738,20,49,8,41
167738,21,530,87,443
167738,22,530,87,443
167738,23,528,87,441
167738,24,495,83,412
167738,25,33,4,29
167738,31,2,0,2
167738,40,33,4,29
167738,41,169,30,139
167738,42,169,30,139
167738,43,169,30,139
167738,44,153,26,127
167738,45,16,4,12
167738,60,16,4,12
167783,1,4655,384,4271
167783,2,1732,3,1729
167783,3,1710,0,1710
167783,4,338,0,338
167783,5,1372,0,1372
167783,11,22,3,19
167783,12,2923,381,2542
167783,19,59,0,59
167783,20,1313,0,1313
167783,21,2335,90,2245
167783,22,1577,0,1577
167783,23,1575,0,1575
167783,24,338,0,338
167783,25,1237,0,1237
167783,31,2,0,2
167783,32,758,90,668
167783,39,59,0,59
167783,40,1178,0,1178
167783,41,2320,294,2026
167783,42,155,3,152
167783,43,135,0,135
167783,45,135,0,135
167783,51,20,3,17
167783,52,2165,291,1874
167783,60,135,0,135
167792,1,350,148,202
167792,2,350,148,202
167792,3,344,145,199
167792,4,144,57,87
167792,5,200,88,112
167792,11,6,3,3
167792,19,2,0,2
167792,20,198,88,110
167792,21,341,142,199
167792,22,341,142,199
167792,23,341,142,199
167792,24,144,57,87
167792,25,197,85,112
167792,39,2,0,2
167792,40,195,85,110
167792,41,9,6,3
167792,42,9,6,3
167792,43,3,3,0
167792,45,3,3,0
167792,51,6,3,3
167792,60,3,3,0
167835,1,3033,68,2965
167835,2,2606,2,2604
167835,3,2606,2,2604
167835,4,643,0,643
167835,5,1963,2,1961
167835,12,427,66,361
167835,19,85,0,85
167835,20,1878,2,1876
167835,21,2937,50,2887
167835,22,2585,2,2583
167835,23,2585,2,2583
167835,24,643,0,643
167835,25,1942,2,1940
167835,32,352,48,304
167835,39,83,0,83
167835,40,1859,2,1857
167835,41,96,18,78
167835,42,21,0,21
167835,43,21,0,21
167835,45,21,0,21
167835,52,75,18,57
167835,59,2,0,2
167835,60,19,0,19
167871,1,112,20,92
167871,2,112,20,92
167871,3,112,20,92
167871,4,56,11,45
167871,5,56,9,47
167871,20,56,9,47
167871,21,86,9,77
167871,22,86,9,77
167871,23,86,9,77
167871,24,39,3,36
167871,25,47,6,41
167871,40,47,6,41
167871,41,26,11,15
167871,42,26,11,15
167871,43,26,11,15
167871,44,17,8,9
167871,45,9,3,6
167871,60,9,3,6
167899,1,3255,1414,1841
167899,2,2182,1136,1046
167899,3,2157,1122,1035
167899,4,510,261,249
167899,5,1647,861,786
167899,11,25,14,11
167899,12,1073,278,795
167899,19,69,30,39
167899,20,1578,831,747
167899,21,3004,1337,1667
167899,22,2128,1107,1021
167899,23,2126,1105,1021
167899,24,510,261,249
167899,25,1616,844,772
167899,31,2,2,0
167899,32,876,230,646
167899,39,69,30,39
167899,40,1547,814,733
167899,41,251,77,174
167899,42,54,29,25
167899,43,31,17,14
167899,45,31,17,14
167899,51,23,12,11
167899,52,197,48,149
167899,60,31,17,14
167905,1,6792,2843,3949
167905,2,6792,2843,3949
167905,3,6281,2632,3649
167905,4,1401,672,729
167905,5,4880,1960,2920
167905,11,511,211,300
167905,19,537,200,337
167905,20,4343,1760,2583
167905,21,3210,1484,1726
167905,22,3210,1484,1726
167905,23,3148,1462,1686
167905,24,947,474,473
167905,25,2201,988,1213
167905,31,62,22,40
167905,39,257,104,153
167905,40,1944,884,1060
167905,41,3582,1359,2223
167905,42,3582,1359,2223
167905,43,3133,1170,1963
167905,44,454,198,256
167905,45,2679,972,1707
167905,51,449,189,260
167905,59,280,96,184
167905,60,2399,876,1523
167987,1,9053,4638,4415
167987,2,7437,3885,3552
167987,3,7202,3753,3449
167987,4,1519,829,690
167987,5,5683,2924,2759
167987,11,235,132,103
167987,12,1616,753,863
167987,19,590,291,299
167987,20,5093,2633,2460
167987,21,7060,3806,3254
167987,22,6373,3430,2943
167987,23,6331,3402,2929
167987,24,1498,816,682
167987,25,4833,2586,2247
167987,31,42,28,14
167987,32,687,376,311
167987,39,414,230,184
167987,40,4419,2356,2063
167987,41,1993,832,1161
167987,42,1064,455,609
167987,43,871,351,520
167987,44,21,13,8
167987,45,850,338,512
167987,51,193,104,89
167987,52,929,377,552
167987,59,176,61,115
167987,60,674,277,397
167996,1,2481,949,1532
167996,2,2481,949,1532
167996,3,2473,946,1527
167996,4,610,248,362
167996,5,1863,698,1165
167996,11,8,3,5
167996,19,31,14,17
167996,20,1832,684,1148
167996,21,2458,938,1520
167996,22,2458,938,1520
167996,23,2458,938,1520
167996,24,610,248,362
167996,25,1848,690,1158
167996,39,31,14,17
167996,40,1817,676,1141
167996,41,23,11,12
167996,42,23,11,12
167996,43,15,8,7
167996,45,15,8,7
167996,51,8,3,5
167996,60,15,8,7
168005,1,8675,3854,4821
168005,2,5658,2550,3108
168005,3,5535,2494,3041
168005,4,1165,476,689
168005,5,4370,2018,2352
168005,11,123,56,67
168005,12,3017,1304,1713
168005,19,382,195,187
168005,20,3988,1823,2165
168005,21,6815,3008,3807
168005,22,5236,2336,2900
168005,23,5230,2332,2898
168005,24,1159,472,687
168005,25,4071,1860,2211
168005,31,6,4,2
168005,32,1579,672,907
168005,39,365,188,177
168005,40,3706,1672,2034
168005,41,1860,846,1014
168005,42,422,214,208
168005,43,305,162,143
168005,44,6,4,2
168005,45,299,158,141
168005,51,117,52,65
168005,52,1438,632,806
168005,59,17,7,10
168005,60,282,151,131
168032,1,37,2,35
168032,2,37,2,35
168032,3,37,2,35
168032,4,16,2,14
168032,5,21,0,21
168032,20,21,0,21
168032,21,37,2,35
168032,22,37,2,35
168032,23,37,2,35
168032,24,16,2,14
168032,25,21,0,21
168032,40,21,0,21
168148,1,10872,4945,5927
168148,2,5180,2556,2624
168148,3,5146,2545,2601
168148,4,1307,650,657
168148,5,3839,1895,1944
168148,11,34,11,23
168148,12,5692,2389,3303
168148,19,56,25,31
168148,20,3783,1870,1913
168148,21,10051,4612,5439
168148,22,5138,2537,2601
168148,23,5118,2531,2587
168148,24,1307,650,657
168148,25,3811,1881,1930
168148,31,20,6,14
168148,32,4913,2075,2838
168148,39,55,25,30
168148,40,3756,1856,1900
168148,41,821,333,488
168148,42,42,19,23
168148,43,28,14,14
168148,45,28,14,14
168148,51,14,5,9
168148,52,779,314,465
168148,59,1,0,1
168148,60,27,14,13
168218,1,2474,50,2424
168218,2,2474,50,2424
168218,3,2347,0,2347
168218,4,590,0,590
168218,5,1757,0,1757
168218,11,127,50,77
168218,19,20,0,20
168218,20,1737,0,1737
168218,21,2344,0,2344
168218,22,2344,0,2344
168218,23,2334,0,2334
168218,24,590,0,590
168218,25,1744,0,1744
168218,31,10,0,10
168218,39,18,0,18
168218,40,1726,0,1726
168218,41,130,50,80
168218,42,130,50,80
168218,43,13,0,13
168218,45,13,0,13
168218,51,117,50,67
168218,59,2,0,2
168218,60,11,0,11
168227,1,4179,3395,784
168227,2,4012,3280,732
168227,3,3975,3249,726
168227,4,900,728,172
168227,5,3075,2521,554
168227,11,37,31,6
168227,12,167,115,52
168227,19,239,188,51
168227,20,2836,2333,503
168227,21,3724,3020,704
168227,22,3634,2961,673
168227,23,3630,2957,673
168227,24,877,709,168
168227,25,2753,2248,505
168227,31,4,4,0
168227,32,90,59,31
168227,39,185,151,34
168227,40,2568,2097,471
168227,41,455,375,80
168227,42,378,319,59
168227,43,345,292,53
168227,44,23,19,4
168227,45,322,273,49
168227,51,33,27,6
168227,52,77,56,21
168227,59,54,37,17
168227,60,268,236,32
168254,1,3800,2113,1687
168254,2,2667,1610,1057
168254,3,2648,1605,1043
168254,4,691,423,268
168254,5,1957,1182,775
168254,11,19,5,14
168254,12,1133,503,630
168254,19,88,55,33
168254,20,1869,1127,742
168254,21,2955,1724,1231
168254,22,2498,1514,984
168254,23,2498,1514,984
168254,24,689,422,267
168254,25,1809,1092,717
168254,32,457,210,247
168254,39,88,55,33
168254,40,1721,1037,684
168254,41,845,389,456
168254,42,169,96,73
168254,43,150,91,59
168254,44,2,1,1
168254,45,148,90,58
168254,51,19,5,14
168254,52,676,293,383
168254,60,148,90,58
168263,1,6371,2979,3392
168263,2,5692,2760,2932
168263,3,5524,2661,2863
168263,4,1287,607,680
168263,5,4237,2054,2183
168263,11,168,99,69
168263,12,679,219,460
168263,19,450,239,211
168263,20,3787,1815,1972
168263,21,5220,2467,2753
168263,22,4999,2407,2592
168263,23,4972,2385,2587
168263,24,1285,606,679
168263,25,3687,1779,1908
168263,31,27,22,5
168263,32,221,60,161
168263,39,379,205,174
168263,40,3308,1574,1734
168263,41,1151,512,639
168263,42,693,353,340
168263,43,552,276,276
168263,44,2,1,1
168263,45,550,275,275
168263,51,141,77,64
168263,52,458,159,299
168263,59,71,34,37
168263,60,479,241,238
168281,1,1654,574,1080
168281,2,1654,574,1080
168281,3,1640,568,1072
168281,4,458,158,300
168281,5,1182,410,772
168281,11,14,6,8
168281,19,14,4,10
168281,20,1168,406,762
168281,21,1645,572,1073
168281,22,1645,572,1073
168281,23,1638,568,1070
168281,24,458,158,300
168281,25,1180,410,770
168281,31,7,4,3
168281,39,14,4,10
168281,40,1166,406,760
168281,41,9,2,7
168281,42,9,2,7
168281,43,2,0,2
168281,45,2,0,2
168281,51,7,2,5
168281,60,2,0,2
168290,1,1378,155,1223
168290,2,880,105,775
168290,3,839,97,742
168290,4,215,31,184
168290,5,624,66,558
168290,11,41,8,33
168290,12,498,50,448
168290,19,42,13,29
168290,20,582,53,529
168290,21,1065,124,941
168290,22,809,96,713
168290,23,809,96,713
168290,24,215,31,184
168290,25,594,65,529
168290,32,256,28,228
168290,39,39,12,27
168290,40,555,53,502
168290,41,313,31,282
168290,42,71,9,62
168290,43,30,1,29
168290,45,30,1,29
168290,51,41,8,33
168290,52,242,22,220
168290,59,3,1,2
168290,60,27,0,27
168342,1,2150,1042,1108
168342,2,2096,1014,1082
168342,3,2051,997,1054
168342,4,544,273,271
168342,5,1507,724,783
168342,11,45,17,28
168342,12,54,28,26
168342,19,3,1,2
168342,20,1504,723,781
168342,21,2118,1028,1090
168342,22,2064,1000,1064
168342,23,2051,997,1054
168342,24,544,273,271
168342,25,1507,724,783
168342,31,13,3,10
168342,32,54,28,26
168342,39,3,1,2
168342,40,1504,723,781
168342,41,32,14,18
168342,42,32,14,18
168342,51,32,14,18
168421,1,6296,4359,1937
168421,2,4134,2784,1350
168421,3,4012,2706,1306
168421,4,1103,737,366
168421,5,2909,1969,940
168421,11,122,78,44
168421,12,2162,1575,587
168421,19,44,26,18
168421,20,2865,1943,922
168421,21,4719,3163,1556
168421,22,3959,2656,1303
168421,23,3893,2613,1280
168421,24,1103,737,366
168421,25,2790,1876,914
168421,31,66,43,23
168421,32,760,507,253
168421,39,44,26,18
168421,40,2746,1850,896
168421,41,1577,1196,381
168421,42,175,128,47
168421,43,119,93,26
168421,45,119,93,26
168421,51,56,35,21
168421,52,1402,1068,334
168421,60,119,93,26
168430,1,6447,2452,3995
168430,2,5556,2234,3322
168430,3,5033,2032,3001
168430,4,780,318,462
168430,5,4253,1714,2539
168430,11,523,202,321
168430,12,891,218,673
168430,19,606,270,336
168430,20,3647,1444,2203
168430,21,4268,1695,2573
168430,22,4115,1675,2440
168430,23,4094,1665,2429
168430,24,775,315,460
168430,25,3319,1350,1969
168430,31,21,10,11
168430,32,153,20,133
168430,39,461,221,240
168430,40,2858,1129,1729
168430,41,2179,757,1422
168430,42,1441,559,882
168430,43,939,367,572
168430,44,5,3,2
168430,45,934,364,570
168430,51,502,192,310
168430,52,738,198,540
168430,59,145,49,96
168430,60,789,315,474
168528,1,1658,853,805
168528,2,1649,847,802
168528,3,1616,835,781
168528,4,467,253,214
168528,5,1149,582,567
168528,11,33,12,21
168528,12,9,6,3
168528,19,188,116,72
168528,20,961,466,495
168528,21,1591,815,776
168528,22,1582,809,773
168528,23,1582,809,773
168528,24,458,246,212
168528,25,1124,563,561
168528,32,9,6,3
168528,39,182,113,69
168528,40,942,450,492
168528,41,67,38,29
168528,42,67,38,29
168528,43,34,26,8
168528,44,9,7,2
168528,45,25,19,6
168528,51,33,12,21
168528,59,6,3,3
168528,60,19,16,3
168546,1,1307,664,643
168546,2,1307,664,643
168546,3,1284,652,632
168546,4,346,164,182
168546,5,938,488,450
168546,11,23,12,11
168546,19,27,14,13
168546,20,911,474,437
168546,21,1272,644,628
168546,22,1272,644,628
168546,23,1268,643,625
168546,24,346,164,182
168546,25,922,479,443
168546,31,4,1,3
168546,39,27,14,13
168546,40,895,465,430
168546,41,35,20,15
168546,42,35,20,15
168546,43,16,9,7
168546,45,16,9,7
168546,51,19,11,8
168546,60,16,9,7
168555,1,35,1,34
168555,2,35,1,34
168555,3,35,1,34
168555,4,9,0,9
168555,5,26,1,25
168555,20,26,1,25
168555,21,33,0,33
168555,22,33,0,33
168555,23,33,0,33
168555,24,9,0,9
168555,25,24,0,24
168555,40,24,0,24
168555,41,2,1,1
168555,42,2,1,1
168555,43,2,1,1
168555,45,2,1,1
168555,60,2,1,1
168573,1,406,395,11
168573,2,406,395,11
168573,3,406,395,11
168573,4,128,125,3
168573,5,278,270,8
168573,20,278,270,8
168573,21,406,395,11
168573,22,406,395,11
168573,23,406,395,11
168573,24,128,125,3
168573,25,278,270,8
168573,40,278,270,8
168591,1,1419,640,779
168591,2,1419,640,779
168591,3,1385,631,754
168591,4,378,174,204
168591,5,1007,457,550
168591,11,34,9,25
168591,19,37,25,12
168591,20,970,432,538
168591,21,1378,623,755
168591,22,1378,623,755
168591,23,1371,622,749
168591,24,378,174,204
168591,25,993,448,545
168591,31,7,1,6
168591,39,37,25,12
168591,40,956,423,533
168591,41,41,17,24
168591,42,41,17,24
168591,43,14,9,5
168591,45,14,9,5
168591,51,27,8,19
168591,60,14,9,5
168607,1,1712,770,942
168607,2,1712,770,942
168607,3,1418,663,755
168607,4,414,221,193
168607,5,1004,442,562
168607,11,294,107,187
168607,19,57,28,29
168607,20,947,414,533
168607,21,870,450,420
168607,22,870,450,420
168607,23,864,446,418
168607,24,316,177,139
168607,25,548,269,279
168607,31,6,4,2
168607,39,40,24,16
168607,40,508,245,263
168607,41,842,320,522
168607,42,842,320,522
168607,43,554,217,337
168607,44,98,44,54
168607,45,456,173,283
168607,51,288,103,185
168607,59,17,4,13
168607,60,439,169,270
168740,1,3516,1846,1670
168740,2,1905,831,1074
168740,3,1765,762,1003
168740,4,321,129,192
168740,5,1444,633,811
168740,11,140,69,71
168740,12,1611,1015,596
168740,19,159,69,90
168740,20,1285,564,721
168740,21,2324,1139,1185
168740,22,1618,698,920
168740,23,1612,697,915
168740,24,307,125,182
168740,25,1305,572,733
168740,31,6,1,5
168740,32,706,441,265
168740,39,132,57,75
168740,40,1173,515,658
168740,41,1192,707,485
168740,42,287,133,154
168740,43,153,65,88
168740,44,14,4,10
168740,45,139,61,78
168740,51,134,68,66
168740,52,905,574,331
168740,59,27,12,15
168740,60,112,49,63
168786,1,2001,751,1250
168786,2,1863,713,1150
168786,3,1843,702,1141
168786,4,391,139,252
168786,5,1452,563,889
168786,11,20,11,9
168786,12,138,38,100
168786,19,93,38,55
168786,20,1359,525,834
168786,21,1649,628,1021
168786,22,1634,625,1009
168786,23,1634,625,1009
168786,24,390,139,251
168786,25,1244,486,758
168786,32,15,3,12
168786,39,72,30,42
168786,40,1172,456,716
168786,41,352,123,229
168786,42,229,88,141
168786,43,209,77,132
168786,44,1,0,1
168786,45,208,77,131
168786,51,20,11,9
168786,52,123,35,88
168786,59,21,8,13
168786,60,187,69,118
168838,1,2828,1185,1643
168838,2,2815,1181,1634
168838,3,2726,1116,1610
168838,4,622,324,298
168838,5,2104,792,1312
168838,11,89,65,24
168838,12,13,4,9
168838,19,152,54,98
168838,20,1952,738,1214
168838,21,1713,711,1002
168838,22,1711,710,1001
168838,23,1710,710,1000
168838,24,549,287,262
168838,25,1161,423,738
168838,31,1,0,1
168838,32,2,1,1
168838,39,109,39,70
168838,40,1052,384,668
168838,41,1115,474,641
168838,42,1104,471,633
168838,43,1016,406,610
168838,44,73,37,36
168838,45,943,369,574
168838,51,88,65,23
168838,52,11,3,8
168838,59,43,15,28
168838,60,900,354,546
168847,1,4977,1748,3229
168847,2,4948,1730,3218
168847,3,4886,1702,3184
168847,4,847,366,481
168847,5,4039,1336,2703
168847,11,62,28,34
168847,12,29,18,11
168847,19,457,135,322
168847,20,3582,1201,2381
168847,21,2746,1040,1706
168847,22,2739,1036,1703
168847,23,2733,1033,1700
168847,24,672,300,372
168847,25,2061,733,1328
168847,31,6,3,3
168847,32,7,4,3
168847,39,260,88,172
168847,40,1801,645,1156
168847,41,2231,708,1523
168847,42,2209,694,1515
168847,43,2153,669,1484
168847,44,175,66,109
168847,45,1978,603,1375
168847,51,56,25,31
168847,52,22,14,8
168847,59,197,47,150
168847,60,1781,556,1225
168883,1,2305,856,1449
168883,2,2305,856,1449
168883,3,2024,766,1258
168883,4,374,173,201
168883,5,1650,593,1057
168883,11,281,90,191
168883,19,393,148,245
168883,20,1257,445,812
168883,21,1149,492,657
168883,22,1149,492,657
168883,23,1145,490,655
168883,24,304,138,166
168883,25,841,352,489
168883,31,4,2,2
168883,39,185,91,94
168883,40,656,261,395
168883,41,1156,364,792
168883,42,1156,364,792
168883,43,879,276,603
168883,44,70,35,35
168883,45,809,241,568
168883,51,277,88,189
168883,59,208,57,151
168883,60,601,184,417
168892,1,41,0,41
168892,2,41,0,41
168892,3,41,0,41
168892,4,19,0,19
168892,5,22,0,22
168892,20,22,0,22
168892,21,18,0,18
168892,22,18,0,18
168892,23,18,0,18
168892,24,8,0,8
168892,25,10,0,10
168892,40,10,0,10
168892,41,23,0,23
168892,42,23,0,23
168892,43,23,0,23
168892,44,11,0,11
168892,45,12,0,12
168892,60,12,0,12
169071,1,39,1,38
169071,2,39,1,38
169071,3,39,1,38
169071,4,32,1,31
169071,5,7,0,7
169071,20,7,0,7
169071,21,19,1,18
169071,22,19,1,18
169071,23,19,1,18
169071,24,17,1,16
169071,25,2,0,2
169071,40,2,0,2
169071,41,20,0,20
169071,42,20,0,20
169071,43,20,0,20
169071,44,15,0,15
169071,45,5,0,5
169071,60,5,0,5
169080,1,4034,1809,2225
169080,2,3959,1787,2172
169080,3,3895,1761,2134
169080,4,1006,460,546
169080,5,2889,1301,1588
169080,11,64,26,38
169080,12,75,22,53
169080,19,101,40,61
169080,20,2788,1261,1527
169080,21,3849,1719,2130
169080,22,3814,1716,2098
169080,23,3807,1713,2094
169080,24,1006,460,546
169080,25,2801,1253,1548
169080,31,7,3,4
169080,32,35,3,32
169080,39,101,40,61
169080,40,2700,1213,1487
169080,41,185,90,95
169080,42,145,71,74
169080,43,88,48,40
169080,45,88,48,40
169080,51,57,23,34
169080,52,40,19,21
169080,60,88,48,40
169099,1,306,245,61
169099,12,306,245,61
169099,21,241,197,44
169099,32,241,197,44
169099,41,65,48,17
169099,52,65,48,17
169187,1,241,41,200
169187,2,241,41,200
169187,3,241,41,200
169187,4,28,1,27
169187,5,213,40,173
169187,20,213,40,173
169187,21,112,24,88
169187,22,112,24,88
169187,23,112,24,88
169187,24,20,1,19
169187,25,92,23,69
169187,40,92,23,69
169187,41,129,17,112
169187,42,129,17,112
169187,43,129,17,112
169187,44,8,0,8
169187,45,121,17,104
169187,60,121,17,104
169220,1,161,39,122
169220,12,161,39,122
169220,21,86,16,70
169220,32,86,16,70
169220,41,75,23,52
169220,52,75,23,52
169248,1,26841,11501,15340
169248,2,20534,8999,11535
169248,3,20070,8821,11249
169248,4,3012,1332,1680
169248,5,17058,7489,9569
169248,11,464,178,286
169248,12,6307,2502,3805
169248,19,1448,671,777
169248,20,15610,6818,8792
169248,21,19653,8711,10942
169248,22,17880,7911,9969
169248,23,17606,7815,9791
169248,24,2964,1308,1656
169248,25,14642,6507,8135
169248,31,274,96,178
169248,32,1773,800,973
169248,39,1191,594,597
169248,40,13451,5913,7538
169248,41,7188,2790,4398
169248,42,2654,1088,1566
169248,43,2464,1006,1458
169248,44,48,24,24
169248,45,2416,982,1434
169248,51,190,82,108
169248,52,4534,1702,2832
169248,59,257,77,180
169248,60,2159,905,1254
169275,1,9683,4039,5644
169275,2,9683,4039,5644
169275,3,8349,3472,4877
169275,4,741,393,348
169275,5,7608,3079,4529
169275,11,1334,567,767
169275,19,266,117,149
169275,20,7342,2962,4380
169275,21,2903,1274,1629
169275,22,2903,1274,1629
169275,23,2637,1157,1480
169275,24,301,153,148
169275,25,2336,1004,1332
169275,31,266,117,149
169275,39,93,40,53
169275,40,2243,964,1279
169275,41,6780,2765,4015
169275,42,6780,2765,4015
169275,43,5712,2315,3397
169275,44,440,240,200
169275,45,5272,2075,3197
169275,51,1068,450,618
169275,59,173,77,96
169275,60,5099,1998,3101
169284,1,365,31,334
169284,2,365,31,334
169284,3,365,31,334
169284,4,106,12,94
169284,5,259,19,240
169284,20,259,19,240
169284,21,295,26,269
169284,22,295,26,269
169284,23,295,26,269
169284,24,92,9,83
169284,25,203,17,186
169284,40,203,17,186
169284,41,70,5,65
169284,42,70,5,65
169284,43,70,5,65
169284,44,14,3,11
169284,45,56,2,54
169284,60,56,2,54
169327,1,546,217,329
169327,2,457,191,266
169327,3,450,189,261
169327,4,48,26,22
169327,5,402,163,239
169327,11,7,2,5
169327,12,89,26,63
169327,19,68,30,38
169327,20,334,133,201
169327,21,333,141,192
169327,22,259,121,138
169327,23,258,121,137
169327,24,43,23,20
169327,25,215,98,117
169327,31,1,0,1
169327,32,74,20,54
169327,39,60,25,35
169327,40,155,73,82
169327,41,213,76,137
169327,42,198,70,128
169327,43,192,68,124
169327,44,5,3,2
169327,45,187,65,122
169327,51,6,2,4
169327,52,15,6,9
169327,59,8,5,3
169327,60,179,60,119
169363,1,740,362,378
169363,2,584,313,271
169363,3,529,286,243
169363,4,188,107,81
169363,5,341,179,162
169363,11,55,27,28
169363,12,156,49,107
169363,19,44,27,17
169363,20,297,152,145
169363,21,532,284,248
169363,22,506,277,229
169363,23,505,276,229
169363,24,184,105,79
169363,25,321,171,150
169363,31,1,1,0
169363,32,26,7,19
169363,39,36,24,12
169363,40,285,147,138
169363,41,208,78,130
169363,42,78,36,42
169363,43,24,10,14
169363,44,4,2,2
169363,45,20,8,12
169363,51,54,26,28
169363,52,130,42,88
169363,59,8,3,5
169363,60,12,5,7
169424,1,149,61,88
169424,12,149,61,88
169424,21,149,61,88
169424,32,149,61,88
169442,1,1423,739,684
169442,2,1363,701,662
169442,3,1352,694,658
169442,4,241,118,123
169442,5,1111,576,535
169442,11,11,7,4
169442,12,60,38,22
169442,19,147,82,65
169442,20,964,494,470
169442,21,1138,605,533
169442,22,1082,568,514
169442,23,1079,566,513
169442,24,218,109,109
169442,25,861,457,404
169442,31,3,2,1
169442,32,56,37,19
169442,39,111,59,52
169442,40,750,398,352
169442,41,285,134,151
169442,42,281,133,148
169442,43,273,128,145
169442,44,23,9,14
169442,45,250,119,131
169442,51,8,5,3
169442,52,4,1,3
169442,59,36,23,13
169442,60,214,96,118
169479,1,9591,3704,5887
169479,2,7356,2763,4593
169479,3,7119,2675,4444
169479,4,589,298,291
169479,5,6530,2377,4153
169479,11,237,88,149
169479,12,2235,941,1294
169479,19,842,317,525
169479,20,5688,2060,3628
169479,21,2676,1325,1351
169479,22,2580,1289,1291
169479,23,2578,1288,1290
169479,24,451,243,208
169479,25,2127,1045,1082
169479,31,2,1,1
169479,32,96,36,60
169479,39,352,168,184
169479,40,1775,877,898
169479,41,6915,2379,4536
169479,42,4776,1474,3302
169479,43,4541,1387,3154
169479,44,138,55,83
169479,45,4403,1332,3071
169479,51,235,87,148
169479,52,2139,905,1234
169479,59,490,149,341
169479,60,3913,1183,2730
169503,1,225,10,215
169503,2,225,10,215
169503,3,225,10,215
169503,4,20,0,20
169503,5,205,10,195
169503,20,205,10,195
169503,21,225,10,215
169503,22,225,10,215
169503,23,225,10,215
169503,24,20,0,20
169503,25,205,10,195
169503,40,205,10,195
169521,1,10272,4638,5634
169521,2,10272,4638,5634
169521,3,8664,3826,4838
169521,4,1497,772,725
169521,5,7167,3054,4113
169521,11,1608,812,796
169521,19,353,164,189
169521,20,6814,2890,3924
169521,21,3880,1829,2051
169521,22,3880,1829,2051
169521,23,3489,1629,1860
169521,24,891,436,455
169521,25,2598,1193,1405
169521,31,391,200,191
169521,39,157,73,84
169521,40,2441,1120,1321
169521,41,6392,2809,3583
169521,42,6392,2809,3583
169521,43,5175,2197,2978
169521,44,606,336,270
169521,45,4569,1861,2708
169521,51,1217,612,605
169521,59,196,91,105
169521,60,4373,1770,2603
169576,1,76,4,72
169576,2,76,4,72
169576,3,76,4,72
169576,4,18,2,16
169576,5,58,2,56
169576,20,58,2,56
169576,21,66,4,62
169576,22,66,4,62
169576,23,66,4,62
169576,24,14,2,12
169576,25,52,2,50
169576,40,52,2,50
169576,41,10,0,10
169576,42,10,0,10
169576,43,10,0,10
169576,44,4,0,4
169576,45,6,0,6
169576,60,6,0,6
169628,1,998,565,433
169628,12,998,565,433
169628,21,823,468,355
169628,32,823,468,355
169628,41,175,97,78
169628,52,175,97,78
169655,1,498,465,33
169655,2,498,465,33
169655,3,469,438,31
169655,4,245,231,14
169655,5,224,207,17
169655,11,29,27,2
169655,19,67,61,6
169655,20,157,146,11
169655,21,450,419,31
169655,22,450,419,31
169655,23,450,419,31
169655,24,242,228,14
169655,25,208,191,17
169655,39,67,61,6
169655,40,141,130,11
169655,41,48,46,2
169655,42,48,46,2
169655,43,19,19,0
169655,44,3,3,0
169655,45,16,16,0
169655,51,29,27,2
169655,60,16,16,0
169716,1,5112,2093,3019
169716,2,2888,1016,1872
169716,3,2871,1008,1863
169716,4,493,197,296
169716,5,2378,811,1567
169716,11,17,8,9
169716,12,2224,1077,1147
169716,19,201,65,136
169716,20,2177,746,1431
169716,21,3716,1630,2086
169716,22,2196,833,1363
169716,23,2196,833,1363
169716,24,491,197,294
169716,25,1705,636,1069
169716,32,1520,797,723
169716,39,76,40,36
169716,40,1629,596,1033
169716,41,1396,463,933
169716,42,692,183,509
169716,43,675,175,500
169716,44,2,0,2
169716,45,673,175,498
169716,51,17,8,9
169716,52,704,280,424
169716,59,125,25,100
169716,60,548,150,398
169734,1,203,18,185
169734,2,203,18,185
169734,3,203,18,185
169734,4,76,6,70
169734,5,127,12,115
169734,20,127,12,115
169734,21,203,18,185
169734,22,203,18,185
169734,23,203,18,185
169734,24,76,6,70
169734,25,127,12,115
169734,40,127,12,115
169761,1,145,8,137
169761,2,145,8,137
169761,3,145,8,137
169761,4,69,3,66
169761,5,76,5,71
169761,20,76,5,71
169761,21,145,8,137
169761,22,145,8,137
169761,23,145,8,137
169761,24,69,3,66
169761,25,76,5,71
169761,40,76,5,71
169798,1,23447,9557,13890
169798,2,19189,8047,11142
169798,3,18543,7808,10735
169798,4,2885,1173,1712
169798,5,15658,6635,9023
169798,11,646,239,407
169798,12,4258,1510,2748
169798,19,1965,888,1077
169798,20,13693,5747,7946
169798,21,14493,6068,8425
169798,22,13542,5727,7815
169798,23,13372,5645,7727
169798,24,2848,1161,1687
169798,25,10524,4484,6040
169798,31,170,82,88
169798,32,951,341,610
169798,39,1341,643,698
169798,40,9183,3841,5342
169798,41,8954,3489,5465
169798,42,5647,2320,3327
169798,43,5171,2163,3008
169798,44,37,12,25
169798,45,5134,2151,2983
169798,51,476,157,319
169798,52,3307,1169,2138
169798,59,624,245,379
169798,60,4510,1906,2604
169910,1,14707,7017,7690
169910,2,13477,6486,6991
169910,3,12646,6227,6419
169910,4,2035,987,1048
169910,5,10611,5240,5371
169910,11,831,259,572
169910,12,1230,531,699
169910,19,1556,793,763
169910,20,9055,4447,4608
169910,21,10066,5119,4947
169910,22,9255,4751,4504
169910,23,9169,4682,4487
169910,24,1982,958,1024
169910,25,7187,3724,3463
169910,31,86,69,17
169910,32,811,368,443
169910,39,890,510,380
169910,40,6297,3214,3083
169910,41,4641,1898,2743
169910,42,4222,1735,2487
169910,43,3477,1545,1932
169910,44,53,29,24
169910,45,3424,1516,1908
169910,51,745,190,555
169910,52,419,163,256
169910,59,666,283,383
169910,60,2758,1233,1525
169947,1,56,52,4
169947,2,56,52,4
169947,3,56,52,4
169947,4,17,16,1
169947,5,39,36,3
169947,20,39,36,3
169947,21,56,52,4
169947,22,56,52,4
169947,23,56,52,4
169947,24,17,16,1
169947,25,39,36,3
169947,40,39,36,3
169974,1,1221,471,750
169974,2,1221,471,750
169974,3,709,284,425
169974,4,173,93,80
169974,5,536,191,345
169974,11,512,187,325
169974,19,43,23,20
169974,20,493,168,325
169974,21,531,210,321
169974,22,531,210,321
169974,23,446,185,261
169974,24,135,73,62
169974,25,311,112,199
169974,31,85,25,60
169974,39,31,15,16
169974,40,280,97,183
169974,41,690,261,429
169974,42,690,261,429
169974,43,263,99,164
169974,44,38,20,18
169974,45,225,79,146
169974,51,427,162,265
169974,59,12,8,4
169974,60,213,71,142
169983,1,1985,1602,383
169983,2,1684,1377,307
169983,3,1640,1339,301
169983,4,376,308,68
169983,5,1264,1031,233
169983,11,44,38,6
169983,12,301,225,76
169983,19,34,29,5
169983,20,1230,1002,228
169983,21,1612,1317,295
169983,22,1590,1300,290
169983,23,1580,1291,289
169983,24,375,307,68
169983,25,1205,984,221
169983,31,10,9,1
169983,32,22,17,5
169983,39,34,29,5
169983,40,1171,955,216
169983,41,373,285,88
169983,42,94,77,17
169983,43,60,48,12
169983,44,1,1,0
169983,45,59,47,12
169983,51,34,29,5
169983,52,279,208,71
169983,60,59,47,12
169992,1,1099,420,679
169992,2,1099,420,679
169992,3,948,361,587
169992,4,293,131,162
169992,5,655,230,425
169992,11,151,59,92
169992,19,93,40,53
169992,20,562,190,372
169992,21,647,291,356
169992,22,647,291,356
169992,23,641,287,354
169992,24,262,124,138
169992,25,379,163,216
169992,31,6,4,2
169992,39,67,32,35
169992,40,312,131,181
169992,41,452,129,323
169992,42,452,129,323
169992,43,307,74,233
169992,44,31,7,24
169992,45,276,67,209
169992,51,145,55,90
169992,59,26,8,18
169992,60,250,59,191
170000,1,579,275,304
170000,2,579,275,304
170000,3,576,273,303
170000,4,141,62,79
170000,5,435,211,224
170000,11,3,2,1
170000,19,103,52,51
170000,20,332,159,173
170000,21,438,219,219
170000,22,438,219,219
170000,23,438,219,219
170000,24,116,55,61
170000,25,322,164,158
170000,39,73,35,38
170000,40,249,129,120
170000,41,141,56,85
170000,42,141,56,85
170000,43,138,54,84
170000,44,25,7,18
170000,45,113,47,66
170000,51,3,2,1
170000,59,30,17,13
170000,60,83,30,53
170037,1,2809,1197,1612
170037,2,2200,902,1298
170037,3,2100,850,1250
170037,4,373,159,214
170037,5,1727,691,1036
170037,11,100,52,48
170037,12,609,295,314
170037,19,51,23,28
170037,20,1676,668,1008
170037,21,1909,794,1115
170037,22,1610,661,949
170037,23,1604,658,946
170037,24,356,151,205
170037,25,1248,507,741
170037,31,6,3,3
170037,32,299,133,166
170037,39,32,15,17
170037,40,1216,492,724
170037,41,900,403,497
170037,42,590,241,349
170037,43,496,192,304
170037,44,17,8,9
170037,45,479,184,295
170037,51,94,49,45
170037,52,310,162,148
170037,59,19,8,11
170037,60,460,176,284
170046,1,576,71,505
170046,2,576,71,505
170046,3,576,71,505
170046,4,78,16,62
170046,5,498,55,443
170046,20,498,55,443
170046,21,576,71,505
170046,22,576,71,505
170046,23,576,71,505
170046,24,78,16,62
170046,25,498,55,443
170046,40,498,55,443
170055,1,16590,7963,8627
170055,2,16590,7963,8627
170055,3,15635,7550,8085
170055,4,3529,1918,1611
170055,5,12106,5632,6474
170055,11,955,413,542
170055,19,1015,448,567
170055,20,11091,5184,5907
170055,21,5669,2957,2712
170055,22,5669,2957,2712
170055,23,5609,2925,2684
170055,24,1893,1035,858
170055,25,3716,1890,1826
170055,31,60,32,28
170055,39,423,212,211
170055,40,3293,1678,1615
170055,41,10921,5006,5915
170055,42,10921,5006,5915
170055,43,10026,4625,5401
170055,44,1636,883,753
170055,45,8390,3742,4648
170055,51,895,381,514
170055,59,592,236,356
170055,60,7798,3506,4292
170082,1,24477,9981,14496
170082,2,21235,8931,12304
170082,3,21137,8883,12254
170082,4,4078,1615,2463
170082,5,17059,7268,9791
170082,11,98,48,50
170082,12,3242,1050,2192
170082,19,1707,767,940
170082,20,15352,6501,8851
170082,21,19853,8088,11765
170082,22,18686,7730,10956
170082,23,18685,7729,10956
170082,24,4063,1604,2459
170082,25,14622,6125,8497
170082,31,1,1,0
170082,32,1167,358,809
170082,39,1472,670,802
170082,40,13150,5455,7695
170082,41,4624,1893,2731
170082,42,2549,1201,1348
170082,43,2452,1154,1298
170082,44,15,11,4
170082,45,2437,1143,1294
170082,51,97,47,50
170082,52,2075,692,1383
170082,59,235,97,138
170082,60,2202,1046,1156
170091,1,194,120,74
170091,2,194,120,74
170091,3,194,120,74
170091,4,51,30,21
170091,5,143,90,53
170091,19,25,16,9
170091,20,118,74,44
170091,21,143,89,54
170091,22,143,89,54
170091,23,143,89,54
170091,24,39,25,14
170091,25,104,64,40
170091,39,20,14,6
170091,40,84,50,34
170091,41,51,31,20
170091,42,51,31,20
170091,43,51,31,20
170091,44,12,5,7
170091,45,39,26,13
170091,59,5,2,3
170091,60,34,24,10
170240,1,13836,6125,7711
170240,2,13836,6125,7711
170240,3,12421,5485,6936
170240,4,2633,1254,1379
170240,5,9788,4231,5557
170240,11,1415,640,775
170240,19,509,186,323
170240,20,9279,4045,5234
170240,21,5011,2350,2661
170240,22,5011,2350,2661
170240,23,4883,2292,2591
170240,24,1564,747,817
170240,25,3319,1545,1774
170240,31,128,58,70
170240,39,186,66,120
170240,40,3133,1479,1654
170240,41,8825,3775,5050
170240,42,8825,3775,5050
170240,43,7538,3193,4345
170240,44,1069,507,562
170240,45,6469,2686,3783
170240,51,1287,582,705
170240,59,323,120,203
170240,60,6146,2566,3580
170301,1,3388,1344,2044
170301,2,3388,1344,2044
170301,3,3296,1308,1988
170301,4,822,311,511
170301,5,2474,997,1477
170301,11,92,36,56
170301,19,50,21,29
170301,20,2424,976,1448
170301,21,3235,1288,1947
170301,22,3235,1288,1947
170301,23,3214,1280,1934
170301,24,822,311,511
170301,25,2392,969,1423
170301,31,21,8,13
170301,39,50,21,29
170301,40,2342,948,1394
170301,41,153,56,97
170301,42,153,56,97
170301,43,82,28,54
170301,45,82,28,54
170301,51,71,28,43
170301,60,82,28,54
170417,1,343,272,71
170417,2,343,272,71
170417,3,343,272,71
170417,4,56,42,14
170417,5,287,230,57
170417,19,9,7,2
170417,20,278,223,55
170417,21,270,218,52
170417,22,270,218,52
170417,23,270,218,52
170417,24,51,39,12
170417,25,219,179,40
170417,39,8,6,2
170417,40,211,173,38
170417,41,73,54,19
170417,42,73,54,19
170417,43,73,54,19
170417,44,5,3,2
170417,45,68,51,17
170417,59,1,1,0
170417,60,67,50,17
170444,1,5665,2139,3526
170444,2,5665,2139,3526
170444,3,5180,1953,3227
170444,4,1219,577,642
170444,5,3961,1376,2585
170444,11,485,186,299
170444,19,310,101,209
170444,20,3651,1275,2376
170444,21,2389,959,1430
170444,22,2389,959,1430
170444,23,2370,953,1417
170444,24,830,384,446
170444,25,1540,569,971
170444,31,19,6,13
170444,39,171,65,106
170444,40,1369,504,865
170444,41,3276,1180,2096
170444,42,3276,1180,2096
170444,43,2810,1000,1810
170444,44,389,193,196
170444,45,2421,807,1614
170444,51,466,180,286
170444,59,139,36,103
170444,60,2282,771,1511
170514,1,84,2,82
170514,2,84,2,82
170514,3,84,2,82
170514,4,15,1,14
170514,5,69,1,68
170514,20,69,1,68
170514,21,3,0,3
170514,22,3,0,3
170514,23,3,0,3
170514,24,1,0,1
170514,25,2,0,2
170514,40,2,0,2
170514,41,81,2,79
170514,42,81,2,79
170514,43,81,2,79
170514,44,14,1,13
170514,45,67,1,66
170514,60,67,1,66
170532,1,1458,635,823
170532,2,1458,635,823
170532,3,1427,625,802
170532,4,453,215,238
170532,5,974,410,564
170532,11,31,10,21
170532,19,22,12,10
170532,20,952,398,554
170532,21,1446,631,815
170532,22,1446,631,815
170532,23,1419,622,797
170532,24,453,215,238
170532,25,966,407,559
170532,31,27,9,18
170532,39,22,12,10
170532,40,944,395,549
170532,41,12,4,8
170532,42,12,4,8
170532,43,8,3,5
170532,45,8,3,5
170532,51,4,1,3
170532,60,8,3,5
170541,1,10192,4971,5221
170541,2,10192,4971,5221
170541,3,9139,4467,4672
170541,4,1835,940,895
170541,5,7304,3527,3777
170541,11,1053,504,549
170541,19,882,474,408
170541,20,6422,3053,3369
170541,21,3888,1992,1896
170541,22,3888,1992,1896
170541,23,3759,1909,1850
170541,24,1040,523,517
170541,25,2719,1386,1333
170541,31,129,83,46
170541,39,420,246,174
170541,40,2299,1140,1159
170541,41,6304,2979,3325
170541,42,6304,2979,3325
170541,43,5380,2558,2822
170541,44,795,417,378
170541,45,4585,2141,2444
170541,51,924,421,503
170541,59,462,228,234
170541,60,4123,1913,2210
170550,1,6123,2095,4028
170550,2,6123,2095,4028
170550,3,4986,1714,3272
170550,4,573,261,312
170550,5,4413,1453,2960
170550,11,1137,381,756
170550,19,286,107,179
170550,20,4127,1346,2781
170550,21,1744,699,1045
170550,22,1744,699,1045
170550,23,1696,681,1015
170550,24,297,144,153
170550,25,1399,537,862
170550,31,48,18,30
170550,39,102,47,55
170550,40,1297,490,807
170550,41,4379,1396,2983
170550,42,4379,1396,2983
170550,43,3290,1033,2257
170550,44,276,117,159
170550,45,3014,916,2098
170550,51,1089,363,726
170550,59,184,60,124
170550,60,2830,856,1974
170587,1,1805,665,1140
170587,2,1805,665,1140
170587,3,1547,512,1035
170587,4,271,113,158
170587,5,1276,399,877
170587,11,258,153,105
170587,19,116,39,77
170587,20,1160,360,800
170587,21,694,251,443
170587,22,694,251,443
170587,23,693,251,442
170587,24,148,60,88
170587,25,545,191,354
170587,31,1,0,1
170587,39,50,23,27
170587,40,495,168,327
170587,41,1111,414,697
170587,42,1111,414,697
170587,43,854,261,593
170587,44,123,53,70
170587,45,731,208,523
170587,51,257,153,104
170587,59,66,16,50
170587,60,665,192,473
170611,1,117,2,115
170611,2,117,2,115
170611,3,117,2,115
170611,4,98,2,96
170611,5,19,0,19
170611,20,19,0,19
170611,21,88,2,86
170611,22,88,2,86
170611,23,88,2,86
170611,24,74,2,72
170611,25,14,0,14
170611,40,14,0,14
170611,41,29,0,29
170611,42,29,0,29
170611,43,29,0,29
170611,44,24,0,24
170611,45,5,0,5
170611,60,5,0,5
170620,1,4230,1660,2570
170620,2,4230,1660,2570
170620,3,3252,1214,2038
170620,4,735,322,413
170620,5,2517,892,1625
170620,11,978,446,532
170620,19,213,86,127
170620,20,2304,806,1498
170620,21,1302,540,762
170620,22,1302,540,762
170620,23,1254,514,740
170620,24,392,185,207
170620,25,862,329,533
170620,31,48,26,22
170620,39,76,38,38
170620,40,786,291,495
170620,41,2928,1120,1808
170620,42,2928,1120,1808
170620,43,1998,700,1298
170620,44,343,137,206
170620,45,1655,563,1092
170620,51,930,420,510
170620,59,137,48,89
170620,60,1518,515,1003
170639,1,2435,1209,1226
170639,2,2429,1208,1221
170639,3,2299,1154,1145
170639,4,409,202,207
170639,5,1890,952,938
170639,11,130,54,76
170639,12,6,1,5
170639,19,220,119,101
170639,20,1670,833,837
170639,21,1967,1009,958
170639,22,1967,1009,958
170639,23,1964,1006,958
170639,24,398,195,203
170639,25,1566,811,755
170639,31,3,3,0
170639,39,166,100,66
170639,40,1400,711,689
170639,41,468,200,268
170639,42,462,199,263
170639,43,335,148,187
170639,44,11,7,4
170639,45,324,141,183
170639,51,127,51,76
170639,52,6,1,5
170639,59,54,19,35
170639,60,270,122,148
170657,1,17562,7970,9592
170657,2,17562,7970,9592
170657,3,13947,6341,7606
170657,4,3386,1686,1700
170657,5,10561,4655,5906
170657,11,3615,1629,1986
170657,20,10561,4655,5906
170657,21,6587,3169,3418
170657,22,6587,3169,3418
170657,23,5331,2576,2755
170657,24,1787,910,877
170657,25,3544,1666,1878
170657,31,1256,593,663
170657,40,3544,1666,1878
170657,41,10975,4801,6174
170657,42,10975,4801,6174
170657,43,8616,3765,4851
170657,44,1599,776,823
170657,45,7017,2989,4028
170657,51,2359,1036,1323
170657,60,7017,2989,4028
170675,1,4002,2951,1051
170675,2,3033,2290,743
170675,3,3033,2290,743
170675,4,365,255,110
170675,5,2668,2035,633
170675,12,969,661,308
170675,19,1069,768,301
170675,20,1599,1267,332
170675,21,1571,1122,449
170675,22,1536,1097,439
170675,23,1536,1097,439
170675,24,353,247,106
170675,25,1183,850,333
170675,32,35,25,10
170675,39,715,516,199
170675,40,468,334,134
170675,41,2431,1829,602
170675,42,1497,1193,304
170675,43,1497,1193,304
170675,44,12,8,4
170675,45,1485,1185,300
170675,52,934,636,298
170675,59,354,252,102
170675,60,1131,933,198
170736,1,82,3,79
170736,2,82,3,79
170736,3,82,3,79
170736,4,50,2,48
170736,5,32,1,31
170736,20,32,1,31
170736,21,82,3,79
170736,22,82,3,79
170736,23,82,3,79
170736,24,50,2,48
170736,25,32,1,31
170736,40,32,1,31
170790,1,23446,11039,12407
170790,2,23446,11039,12407
170790,3,13619,6898,6721
170790,4,1475,806,669
170790,5,12144,6092,6052
170790,11,9827,4141,5686
170790,19,397,202,195
170790,20,11747,5890,5857
170790,21,7508,3665,3843
170790,22,7508,3665,3843
170790,23,4440,2283,2157
170790,24,681,383,298
170790,25,3759,1900,1859
170790,31,3068,1382,1686
170790,39,195,117,78
170790,40,3564,1783,1781
170790,41,15938,7374,8564
170790,42,15938,7374,8564
170790,43,9179,4615,4564
170790,44,794,423,371
170790,45,8385,4192,4193
170790,51,6759,2759,4000
170790,59,202,85,117
170790,60,8183,4107,4076
170806,1,4399,1329,3070
170806,2,3352,1098,2254
170806,3,3080,974,2106
170806,4,205,77,128
170806,5,2875,897,1978
170806,11,272,124,148
170806,12,1047,231,816
170806,19,654,247,407
170806,20,2221,650,1571
170806,21,1774,537,1237
170806,22,1678,504,1174
170806,23,1620,487,1133
170806,24,198,75,123
170806,25,1422,412,1010
170806,31,58,17,41
170806,32,96,33,63
170806,39,266,87,179
170806,40,1156,325,831
170806,41,2625,792,1833
170806,42,1674,594,1080
170806,43,1460,487,973
170806,44,7,2,5
170806,45,1453,485,968
170806,51,214,107,107
170806,52,951,198,753
170806,59,388,160,228
170806,60,1065,325,740
170842,1,1960,473,1487
170842,2,1041,260,781
170842,3,1041,260,781
170842,4,182,48,134
170842,5,859,212,647
170842,12,919,213,706
170842,19,182,32,150
170842,20,677,180,497
170842,21,816,211,605
170842,22,801,207,594
170842,23,801,207,594
170842,24,170,45,125
170842,25,631,162,469
170842,32,15,4,11
170842,39,142,25,117
170842,40,489,137,352
170842,41,1144,262,882
170842,42,240,53,187
170842,43,240,53,187
170842,44,12,3,9
170842,45,228,50,178
170842,52,904,209,695
170842,59,40,7,33
170842,60,188,43,145
170967,1,1129,451,678
170967,2,1117,442,675
170967,3,960,395,565
170967,4,162,80,82
170967,5,798,315,483
170967,11,157,47,110
170967,12,12,9,3
170967,19,166,63,103
170967,20,632,252,380
170967,21,723,326,397
170967,22,712,317,395
170967,23,712,317,395
170967,24,150,78,72
170967,25,562,239,323
170967,32,11,9,2
170967,39,108,46,62
170967,40,454,193,261
170967,41,406,125,281
170967,42,405,125,280
170967,43,248,78,170
170967,44,12,2,10
170967,45,236,76,160
170967,51,157,47,110
170967,52,1,0,1
170967,59,58,17,41
170967,60,178,59,119
170976,1,43710,22830,20880
170976,2,28283,14407,13876
170976,3,28077,14301,13776
170976,4,6200,3016,3184
170976,5,21877,11285,10592
170976,11,206,106,100
170976,12,15427,8423,7004
170976,19,966,562,404
170976,20,20911,10723,10188
170976,21,41152,21293,19859
170976,22,27316,13853,13463
170976,23,27228,13814,13414
170976,24,6176,3005,3171
170976,25,21052,10809,10243
170976,31,88,39,49
170976,32,13836,7440,6396
170976,39,945,554,391
170976,40,20107,10255,9852
170976,41,2558,1537,1021
170976,42,967,554,413
170976,43,849,487,362
170976,44,24,11,13
170976,45,825,476,349
170976,51,118,67,51
170976,52,1591,983,608
170976,59,21,8,13
170976,60,804,468,336
171012,1,163,152,11
171012,2,163,152,11
171012,3,163,152,11
171012,4,30,29,1
171012,5,133,123,10
171012,20,133,123,10
171012,21,163,152,11
171012,22,163,152,11
171012,23,163,152,11
171012,24,30,29,1
171012,25,133,123,10
171012,40,133,123,10
171100,1,49317,23884,25433
171100,2,37985,18922,19063
171100,3,37622,18752,18870
171100,4,8061,3918,4143
171100,5,29561,14834,14727
171100,11,363,170,193
171100,12,11332,4962,6370
171100,19,1513,784,729
171100,20,28048,14050,13998
171100,21,43276,21184,22092
171100,22,34838,17237,17601
171100,23,34576,17111,17465
171100,24,7924,3848,4076
171100,25,26652,13263,13389
171100,31,262,126,136
171100,32,8438,3947,4491
171100,39,1401,731,670
171100,40,25251,12532,12719
171100,41,6041,2700,3341
171100,42,3147,1685,1462
171100,43,3046,1641,1405
171100,44,137,70,67
171100,45,2909,1571,1338
171100,51,101,44,57
171100,52,2894,1015,1879
171100,59,112,53,59
171100,60,2797,1518,1279
171128,1,6975,5164,1811
171128,2,5617,4198,1419
171128,3,5536,4149,1387
171128,4,1253,944,309
171128,5,4283,3205,1078
171128,11,81,49,32
171128,12,1358,966,392
171128,19,195,132,63
171128,20,4088,3073,1015
171128,21,6158,4560,1598
171128,22,5198,3882,1316
171128,23,5197,3881,1316
171128,24,1252,943,309
171128,25,3945,2938,1007
171128,31,1,1,0
171128,32,960,678,282
171128,39,189,130,59
171128,40,3756,2808,948
171128,41,817,604,213
171128,42,419,316,103
171128,43,339,268,71
171128,44,1,1,0
171128,45,338,267,71
171128,51,80,48,32
171128,52,398,288,110
171128,59,6,2,4
171128,60,332,265,67
171137,1,8748,4554,4194
171137,2,7144,3584,3560
171137,3,6793,3405,3388
171137,4,954,524,430
171137,5,5839,2881,2958
171137,11,351,179,172
171137,12,1604,970,634
171137,19,727,352,375
171137,20,5112,2529,2583
171137,21,5225,2728,2497
171137,22,4814,2467,2347
171137,23,4717,2405,2312
171137,24,908,502,406
171137,25,3809,1903,1906
171137,31,97,62,35
171137,32,411,261,150
171137,39,453,239,214
171137,40,3356,1664,1692
171137,41,3523,1826,1697
171137,42,2330,1117,1213
171137,43,2076,1000,1076
171137,44,46,22,24
171137,45,2030,978,1052
171137,51,254,117,137
171137,52,1193,709,484
171137,59,274,113,161
171137,60,1756,865,891
171146,1,8555,3405,5150
171146,2,7143,2849,4294
171146,3,6746,2692,4054
171146,4,724,341,383
171146,5,6022,2351,3671
171146,11,397,157,240
171146,12,1412,556,856
171146,19,810,279,531
171146,20,5212,2072,3140
171146,21,4943,2111,2832
171146,22,4490,1960,2530
171146,23,4467,1948,2519
171146,24,665,309,356
171146,25,3802,1639,2163
171146,31,23,12,11
171146,32,453,151,302
171146,39,458,184,274
171146,40,3344,1455,1889
171146,41,3612,1294,2318
171146,42,2653,889,1764
171146,43,2279,744,1535
171146,44,59,32,27
171146,45,2220,712,1508
171146,51,374,145,229
171146,52,959,405,554
171146,59,352,95,257
171146,60,1868,617,1251
171155,1,4552,1863,2689
171155,2,4552,1863,2689
171155,3,3098,1429,1669
171155,4,756,381,375
171155,5,2342,1048,1294
171155,11,1454,434,1020
171155,19,913,475,438
171155,20,1429,573,856
171155,21,1672,832,840
171155,22,1672,832,840
171155,23,1445,779,666
171155,24,432,237,195
171155,25,1013,542,471
171155,31,227,53,174
171155,39,479,290,189
171155,40,534,252,282
171155,41,2880,1031,1849
171155,42,2880,1031,1849
171155,43,1653,650,1003
171155,44,324,144,180
171155,45,1329,506,823
171155,51,1227,381,846
171155,59,434,185,249
171155,60,895,321,574
171225,1,3777,1617,2160
171225,2,3777,1617,2160
171225,3,2285,1002,1283
171225,4,579,267,312
171225,5,1706,735,971
171225,11,1492,615,877
171225,19,104,45,59
171225,20,1602,690,912
171225,21,1313,605,708
171225,22,1313,605,708
171225,23,833,390,443
171225,24,258,124,134
171225,25,575,266,309
171225,31,480,215,265
171225,39,57,29,28
171225,40,518,237,281
171225,41,2464,1012,1452
171225,42,2464,1012,1452
171225,43,1452,612,840
171225,44,321,143,178
171225,45,1131,469,662
171225,51,1012,400,612
171225,59,47,16,31
171225,60,1084,453,631
171234,1,1944,679,1265
171234,2,1944,679,1265
171234,3,1643,546,1097
171234,4,189,83,106
171234,5,1454,463,991
171234,11,301,133,168
171234,19,344,91,253
171234,20,1110,372,738
171234,21,654,227,427
171234,22,654,227,427
171234,23,649,225,424
171234,24,96,40,56
171234,25,553,185,368
171234,31,5,2,3
171234,39,124,37,87
171234,40,429,148,281
171234,41,1290,452,838
171234,42,1290,452,838
171234,43,994,321,673
171234,44,93,43,50
171234,45,901,278,623
171234,51,296,131,165
171234,59,220,54,166
171234,60,681,224,457
171261,1,117,12,105
171261,2,117,12,105
171261,3,117,12,105
171261,4,38,9,29
171261,5,79,3,76
171261,20,79,3,76
171261,21,73,6,67
171261,22,73,6,67
171261,23,73,6,67
171261,24,21,6,15
171261,25,52,0,52
171261,40,52,0,52
171261,41,44,6,38
171261,42,44,6,38
171261,43,44,6,38
171261,44,17,3,14
171261,45,27,3,24
171261,60,27,3,24
171298,1,4021,1202,2819
171298,2,4005,1197,2808
171298,3,3988,1191,2797
171298,4,757,259,498
171298,5,3231,932,2299
171298,11,17,6,11
171298,12,16,5,11
171298,19,383,109,274
171298,20,2848,823,2025
171298,21,2592,838,1754
171298,22,2585,835,1750
171298,23,2584,834,1750
171298,24,660,233,427
171298,25,1924,601,1323
171298,31,1,1,0
171298,32,7,3,4
171298,39,266,75,191
171298,40,1658,526,1132
171298,41,1429,364,1065
171298,42,1420,362,1058
171298,43,1404,357,1047
171298,44,97,26,71
171298,45,1307,331,976
171298,51,16,5,11
171298,52,9,2,7
171298,59,117,34,83
171298,60,1190,297,893
171304,1,4879,2186,2693
171304,2,4879,2186,2693
171304,3,3798,1745,2053
171304,4,865,472,393
171304,5,2933,1273,1660
171304,11,1081,441,640
171304,19,248,121,127
171304,20,2685,1152,1533
171304,21,1705,833,872
171304,22,1705,833,872
171304,23,1491,731,760
171304,24,491,276,215
171304,25,1000,455,545
171304,31,214,102,112
171304,39,106,59,47
171304,40,894,396,498
171304,41,3174,1353,1821
171304,42,3174,1353,1821
171304,43,2307,1014,1293
171304,44,374,196,178
171304,45,1933,818,1115
171304,51,867,339,528
171304,59,142,62,80
171304,60,1791,756,1035
171313,1,459,64,395
171313,2,459,64,395
171313,3,459,64,395
171313,4,79,8,71
171313,5,380,56,324
171313,20,380,56,324
171313,21,459,64,395
171313,22,459,64,395
171313,23,459,64,395
171313,24,79,8,71
171313,25,380,56,324
171313,40,380,56,324
171322,1,1003,242,761
171322,2,1003,242,761
171322,3,1003,242,761
171322,4,91,32,59
171322,5,912,210,702
171322,20,912,210,702
171322,21,1003,242,761
171322,22,1003,242,761
171322,23,1003,242,761
171322,24,91,32,59
171322,25,912,210,702
171322,40,912,210,702
171395,1,2790,999,1791
171395,2,2790,999,1791
171395,3,2466,843,1623
171395,4,749,283,466
171395,5,1717,560,1157
171395,11,324,156,168
171395,19,102,43,59
171395,20,1615,517,1098
171395,21,899,356,543
171395,22,899,356,543
171395,23,887,350,537
171395,24,254,111,143
171395,25,633,239,394
171395,31,12,6,6
171395,39,42,25,17
171395,40,591,214,377
171395,41,1891,643,1248
171395,42,1891,643,1248
171395,43,1579,493,1086
171395,44,495,172,323
171395,45,1084,321,763
171395,51,312,150,162
171395,59,60,18,42
171395,60,1024,303,721
171456,1,8918,4038,4880
171456,2,8221,3780,4441
171456,3,7959,3705,4254
171456,4,1665,757,908
171456,5,6294,2948,3346
171456,11,262,75,187
171456,12,697,258,439
171456,19,502,268,234
171456,20,5792,2680,3112
171456,21,7537,3490,4047
171456,22,7347,3402,3945
171456,23,7334,3395,3939
171456,24,1642,742,900
171456,25,5692,2653,3039
171456,31,13,7,6
171456,32,190,88,102
171456,39,482,260,222
171456,40,5210,2393,2817
171456,41,1381,548,833
171456,42,874,378,496
171456,43,625,310,315
171456,44,23,15,8
171456,45,602,295,307
171456,51,249,68,181
171456,52,507,170,337
171456,59,20,8,12
171456,60,582,287,295
171465,1,41,2,39
171465,2,41,2,39
171465,3,41,2,39
171465,4,10,0,10
171465,5,31,2,29
171465,20,31,2,29
171465,21,41,2,39
171465,22,41,2,39
171465,23,41,2,39
171465,24,10,0,10
171465,25,31,2,29
171465,40,31,2,29
171483,1,4724,2158,2566
171483,2,4724,2158,2566
171483,3,4241,1968,2273
171483,4,898,430,468
171483,5,3343,1538,1805
171483,11,483,190,293
171483,19,316,171,145
171483,20,3027,1367,1660
171483,21,1951,1000,951
171483,22,1951,1000,951
171483,23,1903,977,926
171483,24,572,285,287
171483,25,1331,692,639
171483,31,48,23,25
171483,39,195,120,75
171483,40,1136,572,564
171483,41,2773,1158,1615
171483,42,2773,1158,1615
171483,43,2338,991,1347
171483,44,326,145,181
171483,45,2012,846,1166
171483,51,435,167,268
171483,59,121,51,70
171483,60,1891,795,1096
171492,1,3194,1797,1397
171492,2,2964,1675,1289
171492,3,2920,1639,1281
171492,4,299,182,117
171492,5,2621,1457,1164
171492,11,44,36,8
171492,12,230,122,108
171492,19,603,317,286
171492,20,2018,1140,878
171492,21,1934,1141,793
171492,22,1859,1095,764
171492,23,1853,1090,763
171492,24,298,181,117
171492,25,1555,909,646
171492,31,6,5,1
171492,32,75,46,29
171492,39,276,149,127
171492,40,1279,760,519
171492,41,1260,656,604
171492,42,1105,580,525
171492,43,1067,549,518
171492,44,1,1,0
171492,45,1066,548,518
171492,51,38,31,7
171492,52,155,76,79
171492,59,327,168,159
171492,60,739,380,359
171535,1,26405,11338,15067
171535,2,26405,11338,15067
171535,3,15304,6165,9139
171535,4,2412,1095,1317
171535,5,12892,5070,7822
171535,11,11101,5173,5928
171535,19,1125,383,742
171535,20,11767,4687,7080
171535,21,8058,3864,4194
171535,22,8058,3864,4194
171535,23,4766,2184,2582
171535,24,1179,544,635
171535,25,3587,1640,1947
171535,31,3292,1680,1612
171535,39,481,194,287
171535,40,3106,1446,1660
171535,41,18347,7474,10873
171535,42,18347,7474,10873
171535,43,10538,3981,6557
171535,44,1233,551,682
171535,45,9305,3430,5875
171535,51,7809,3493,4316
171535,59,644,189,455
171535,60,8661,3241,5420
171571,1,20169,8232,11937
171571,2,16594,6820,9774
171571,3,16113,6606,9507
171571,4,2569,1124,1445
171571,5,13544,5482,8062
171571,11,481,214,267
171571,12,3575,1412,2163
171571,19,1900,800,1100
171571,20,11644,4682,6962
171571,21,13863,5582,8281
171571,22,12252,4959,7293
171571,23,12202,4939,7263
171571,24,2453,1064,1389
171571,25,9749,3875,5874
171571,31,50,20,30
171571,32,1611,623,988
171571,39,1350,567,783
171571,40,8399,3308,5091
171571,41,6306,2650,3656
171571,42,4342,1861,2481
171571,43,3911,1667,2244
171571,44,116,60,56
171571,45,3795,1607,2188
171571,51,431,194,237
171571,52,1964,789,1175
171571,59,550,233,317
171571,60,3245,1374,1871
171599,1,1133,649,484
171599,2,1119,641,478
171599,3,1016,594,422
171599,4,279,180,99
171599,5,737,414,323
171599,11,103,47,56
171599,12,14,8,6
171599,19,71,43,28
171599,20,666,371,295
171599,21,982,571,411
171599,22,982,571,411
171599,23,969,565,404
171599,24,278,179,99
171599,25,691,386,305
171599,31,13,6,7
171599,39,68,41,27
171599,40,623,345,278
171599,41,151,78,73
171599,42,137,70,67
171599,43,47,29,18
171599,44,1,1,0
171599,45,46,28,18
171599,51,90,41,49
171599,52,14,8,6
171599,59,3,2,1
171599,60,43,26,17
171775,1,82,3,79
171775,2,82,3,79
171775,3,82,3,79
171775,4,17,0,17
171775,5,65,3,62
171775,20,65,3,62
171775,21,54,3,51
171775,22,54,3,51
171775,23,54,3,51
171775,24,14,0,14
171775,25,40,3,37
171775,40,40,3,37
171775,41,28,0,28
171775,42,28,0,28
171775,43,28,0,28
171775,44,3,0,3
171775,45,25,0,25
171775,60,25,0,25
171881,1,291,140,151
171881,2,288,139,149
171881,3,283,135,148
171881,4,38,16,22
171881,5,245,119,126
171881,11,5,4,1
171881,12,3,1,2
171881,19,42,20,22
171881,20,203,99,104
171881,21,248,122,126
171881,22,247,122,125
171881,23,247,122,125
171881,24,37,16,21
171881,25,210,106,104
171881,32,1,0,1
171881,39,35,19,16
171881,40,175,87,88
171881,41,43,18,25
171881,42,41,17,24
171881,43,36,13,23
171881,44,1,0,1
171881,45,35,13,22
171881,51,5,4,1
171881,52,2,1,1
171881,59,7,1,6
171881,60,28,12,16
171988,1,151,11,140
171988,2,151,11,140
171988,3,151,11,140
171988,4,48,5,43
171988,5,103,6,97
171988,20,103,6,97
171988,21,151,11,140
171988,22,151,11,140
171988,23,151,11,140
171988,24,48,5,43
171988,25,103,6,97
171988,40,103,6,97
171997,1,270,17,253
171997,2,270,17,253
171997,3,270,17,253
171997,4,72,4,68
171997,5,198,13,185
171997,20,198,13,185
171997,21,270,17,253
171997,22,270,17,253
171997,23,270,17,253
171997,24,72,4,68
171997,25,198,13,185
171997,40,198,13,185
172015,1,307,21,286
172015,2,307,21,286
172015,3,307,21,286
172015,4,83,10,73
172015,5,224,11,213
172015,20,224,11,213
172015,21,307,21,286
172015,22,307,21,286
172015,23,307,21,286
172015,24,83,10,73
172015,25,224,11,213
172015,40,224,11,213
172033,1,436,278,158
172033,2,264,153,111
172033,3,154,108,46
172033,4,1,1,0
172033,5,153,107,46
172033,11,110,45,65
172033,12,172,125,47
172033,19,22,19,3
172033,20,131,88,43
172033,21,130,123,7
172033,22,54,50,4
172033,23,54,50,4
172033,24,1,1,0
172033,25,53,49,4
172033,32,76,73,3
172033,39,12,12,0
172033,40,41,37,4
172033,41,306,155,151
172033,42,210,103,107
172033,43,100,58,42
172033,45,100,58,42
172033,51,110,45,65
172033,52,96,52,44
172033,59,10,7,3
172033,60,90,51,39
172051,1,10240,4239,6001
172051,2,9163,3931,5232
172051,3,8687,3731,4956
172051,4,1593,648,945
172051,5,7094,3083,4011
172051,11,476,200,276
172051,12,1077,308,769
172051,19,640,281,359
172051,20,6454,2802,3652
172051,21,7899,3350,4549
172051,22,7628,3260,4368
172051,23,7408,3132,4276
172051,24,1582,640,942
172051,25,5826,2492,3334
172051,31,220,128,92
172051,32,271,90,181
172051,39,510,230,280
172051,40,5316,2262,3054
172051,41,2341,889,1452
172051,42,1535,671,864
172051,43,1279,599,680
172051,44,11,8,3
172051,45,1268,591,677
172051,51,256,72,184
172051,52,806,218,588
172051,59,130,51,79
172051,60,1138,540,598
172200,1,12385,5595,6790
172200,2,12385,5595,6790
172200,3,9535,4274,5261
172200,4,1878,953,925
172200,5,7657,3321,4336
172200,11,2850,1321,1529
172200,19,2853,1138,1715
172200,20,4804,2183,2621
172200,21,4386,2089,2297
172200,22,4386,2089,2297
172200,23,3527,1686,1841
172200,24,1074,530,544
172200,25,2453,1156,1297
172200,31,859,403,456
172200,39,828,373,455
172200,40,1625,783,842
172200,41,7999,3506,4493
172200,42,7999,3506,4493
172200,43,6008,2588,3420
172200,44,804,423,381
172200,45,5204,2165,3039
172200,51,1991,918,1073
172200,59,2025,765,1260
172200,60,3179,1400,1779
172264,1,2684,1127,1557
172264,2,2424,1053,1371
172264,3,2325,1007,1318
172264,4,301,162,139
172264,5,2024,845,1179
172264,11,99,46,53
172264,12,260,74,186
172264,19,471,188,283
172264,20,1553,657,896
172264,21,1246,592,654
172264,22,1237,590,647
172264,23,1237,590,647
172264,24,300,161,139
172264,25,937,429,508
172264,32,9,2,7
172264,39,204,76,128
172264,40,733,353,380
172264,41,1438,535,903
172264,42,1187,463,724
172264,43,1088,417,671
172264,44,1,1,0
172264,45,1087,416,671
172264,51,99,46,53
172264,52,251,72,179
172264,59,267,112,155
172264,60,820,304,516
172291,1,4324,1771,2553
172291,2,4324,1771,2553
172291,3,3588,1480,2108
172291,4,757,354,403
172291,5,2831,1126,1705
172291,11,736,291,445
172291,19,163,58,105
172291,20,2668,1068,1600
172291,21,1763,760,1003
172291,22,1763,760,1003
172291,23,1712,740,972
172291,24,525,242,283
172291,25,1187,498,689
172291,31,51,20,31
172291,39,69,29,40
172291,40,1118,469,649
172291,41,2561,1011,1550
172291,42,2561,1011,1550
172291,43,1876,740,1136
172291,44,232,112,120
172291,45,1644,628,1016
172291,51,685,271,414
172291,59,94,29,65
172291,60,1550,599,951
172307,1,2802,1156,1646
172307,2,2802,1156,1646
172307,3,2419,1001,1418
172307,4,765,355,410
172307,5,1654,646,1008
172307,11,383,155,228
172307,19,209,86,123
172307,20,1445,560,885
172307,21,1410,638,772
172307,22,1410,638,772
172307,23,1402,636,766
172307,24,615,281,334
172307,25,787,355,432
172307,31,8,2,6
172307,39,111,55,56
172307,40,676,300,376
172307,41,1392,518,874
172307,42,1392,518,874
172307,43,1017,365,652
172307,44,150,74,76
172307,45,867,291,576
172307,51,375,153,222
172307,59,98,31,67
172307,60,769,260,509
172325,1,597,384,213
172325,2,597,384,213
172325,3,597,384,213
172325,4,180,123,57
172325,5,417,261,156
172325,20,417,261,156
172325,41,597,384,213
172325,42,597,384,213
172325,43,597,384,213
172325,44,180,123,57
172325,45,417,261,156
172325,60,417,261,156
172334,1,3962,1152,2810
172334,2,2968,919,2049
172334,3,2860,873,1987
172334,4,369,125,244
172334,5,2491,748,1743
172334,11,108,46,62
172334,12,994,233,761
172334,19,481,120,361
172334,20,2010,628,1382
172334,21,2498,824,1674
172334,22,2006,693,1313
172334,23,2006,693,1313
172334,24,367,124,243
172334,25,1639,569,1070
172334,32,492,131,361
172334,39,119,44,75
172334,40,1520,525,995
172334,41,1464,328,1136
172334,42,962,226,736
172334,43,854,180,674
172334,44,2,1,1
172334,45,852,179,673
172334,51,108,46,62
172334,52,502,102,400
172334,59,362,76,286
172334,60,490,103,387
172422,1,200,150,50
172422,2,200,150,50
172422,3,200,150,50
172422,4,129,89,40
172422,5,71,61,10
172422,20,71,61,10
172422,21,200,150,50
172422,22,200,150,50
172422,23,200,150,50
172422,24,129,89,40
172422,25,71,61,10
172422,40,71,61,10
172440,1,525,225,300
172440,2,525,225,300
172440,3,498,218,280
172440,4,107,59,48
172440,5,391,159,232
172440,11,27,7,20
172440,19,59,21,38
172440,20,332,138,194
172440,21,464,212,252
172440,22,464,212,252
172440,23,463,212,251
172440,24,105,59,46
172440,25,358,153,205
172440,31,1,0,1
172440,39,57,21,36
172440,40,301,132,169
172440,41,61,13,48
172440,42,61,13,48
172440,43,35,6,29
172440,44,2,0,2
172440,45,33,6,27
172440,51,26,7,19
172440,59,2,0,2
172440,60,31,6,25
172477,1,2477,1201,1276
172477,12,2477,1201,1276
172477,21,443,235,208
172477,32,443,235,208
172477,41,2034,966,1068
172477,52,2034,966,1068
172495,1,111,3,108
172495,2,111,3,108
172495,3,111,3,108
172495,4,31,0,31
172495,5,80,3,77
172495,20,80,3,77
172495,21,18,1,17
172495,22,18,1,17
172495,23,18,1,17
172495,24,12,0,12
172495,25,6,1,5
172495,40,6,1,5
172495,41,93,2,91
172495,42,93,2,91
172495,43,93,2,91
172495,44,19,0,19
172495,45,74,2,72
172495,60,74,2,72
172608,1,2864,1410,1454
172608,2,994,518,476
172608,3,967,505,462
172608,5,967,505,462
172608,11,27,13,14
172608,12,1870,892,978
172608,19,235,115,120
172608,20,732,390,342
172608,21,204,110,94
172608,22,110,60,50
172608,23,109,59,50
172608,25,109,59,50
172608,31,1,1,0
172608,32,94,50,44
172608,39,42,26,16
172608,40,67,33,34
172608,41,2660,1300,1360
172608,42,884,458,426
172608,43,858,446,412
172608,45,858,446,412
172608,51,26,12,14
172608,52,1776,842,934
172608,59,193,89,104
172608,60,665,357,308
172617,1,12327,5894,6433
172617,2,12327,5894,6433
172617,3,10172,4854,5318
172617,4,1721,905,816
172617,5,8451,3949,4502
172617,11,2155,1040,1115
172617,19,771,383,388
172617,20,7680,3566,4114
172617,21,3758,1887,1871
172617,22,3758,1887,1871
172617,23,3291,1629,1662
172617,24,777,410,367
172617,25,2514,1219,1295
172617,31,467,258,209
172617,39,348,182,166
172617,40,2166,1037,1129
172617,41,8569,4007,4562
172617,42,8569,4007,4562
172617,43,6881,3225,3656
172617,44,944,495,449
172617,45,5937,2730,3207
172617,51,1688,782,906
172617,59,423,201,222
172617,60,5514,2529,2985
172635,1,18119,6067,12052
172635,2,18119,6067,12052
172635,3,13713,4726,8987
172635,4,3613,1424,2189
172635,5,10100,3302,6798
172635,11,4406,1341,3065
172635,19,2588,766,1822
172635,20,7512,2536,4976
172635,21,3862,1585,2277
172635,22,3862,1585,2277
172635,23,3810,1564,2246
172635,24,1225,539,686
172635,25,2585,1025,1560
172635,31,52,21,31
172635,39,711,248,463
172635,40,1874,777,1097
172635,41,14257,4482,9775
172635,42,14257,4482,9775
172635,43,9903,3162,6741
172635,44,2388,885,1503
172635,45,7515,2277,5238
172635,51,4354,1320,3034
172635,59,1877,518,1359
172635,60,5638,1759,3879
172644,1,27897,12133,15764
172644,2,18602,8236,10366
172644,3,17789,7915,9874
172644,4,2167,971,1196
172644,5,15622,6944,8678
172644,11,813,321,492
172644,12,9295,3897,5398
172644,19,1883,798,1085
172644,20,13739,6146,7593
172644,21,18096,8000,10096
172644,22,12221,5393,6828
172644,23,12129,5363,6766
172644,24,2075,924,1151
172644,25,10054,4439,5615
172644,31,92,30,62
172644,32,5875,2607,3268
172644,39,1221,510,711
172644,40,8833,3929,4904
172644,41,9801,4133,5668
172644,42,6381,2843,3538
172644,43,5660,2552,3108
172644,44,92,47,45
172644,45,5568,2505,3063
172644,51,721,291,430
172644,52,3420,1290,2130
172644,59,662,288,374
172644,60,4906,2217,2689
172671,1,1487,624,863
172671,2,1487,624,863
172671,3,1167,498,669
172671,4,242,117,125
172671,5,925,381,544
172671,11,320,126,194
172671,19,62,23,39
172671,20,863,358,505
172671,21,513,242,271
172671,22,513,242,271
172671,23,474,226,248
172671,24,155,74,81
172671,25,319,152,167
172671,31,39,16,23
172671,39,28,10,18
172671,40,291,142,149
172671,41,974,382,592
172671,42,974,382,592
172671,43,693,272,421
172671,44,87,43,44
172671,45,606,229,377
172671,51,281,110,171
172671,59,34,13,21
172671,60,572,216,356
172699,1,24294,11741,12553
172699,2,19198,9576,9622
172699,3,18755,9336,9419
172699,4,3190,1549,1641
172699,5,15565,7787,7778
172699,11,443,240,203
172699,12,5096,2165,2931
172699,19,1641,812,829
172699,20,13924,6975,6949
172699,21,17042,8364,8678
172699,22,15879,7927,7952
172699,23,15820,7899,7921
172699,24,3158,1539,1619
172699,25,12662,6360,6302
172699,31,59,28,31
172699,32,1163,437,726
172699,39,1311,675,636
172699,40,11351,5685,5666
172699,41,7252,3377,3875
172699,42,3319,1649,1670
172699,43,2935,1437,1498
172699,44,32,10,22
172699,45,2903,1427,1476
172699,51,384,212,172
172699,52,3933,1728,2205
172699,59,330,137,193
172699,60,2573,1290,1283
172705,1,275,182,93
172705,12,275,182,93
172705,21,187,132,55
172705,32,187,132,55
172705,41,88,50,38
172705,52,88,50,38
172802,1,45,3,42
172802,2,45,3,42
172802,3,45,3,42
172802,4,14,0,14
172802,5,31,3,28
172802,20,31,3,28
172802,21,15,3,12
172802,22,15,3,12
172802,23,15,3,12
172802,24,1,0,1
172802,25,14,3,11
172802,40,14,3,11
172802,41,30,0,30
172802,42,30,0,30
172802,43,30,0,30
172802,44,13,0,13
172802,45,17,0,17
172802,60,17,0,17
172866,1,149,118,31
172866,2,149,118,31
172866,3,140,111,29
172866,4,9,8,1
172866,5,131,103,28
172866,11,9,7,2
172866,19,17,16,1
172866,20,114,87,27
172866,21,108,90,18
172866,22,108,90,18
172866,23,100,84,16
172866,24,9,8,1
172866,25,91,76,15
172866,31,8,6,2
172866,39,17,16,1
172866,40,74,60,14
172866,41,41,28,13
172866,42,41,28,13
172866,43,40,27,13
172866,45,40,27,13
172866,51,1,1,0
172866,60,40,27,13
172918,1,2845,1489,1356
172918,2,2845,1489,1356
172918,3,1782,1004,778
172918,4,555,376,179
172918,5,1227,628,599
172918,11,1063,485,578
172918,19,197,98,99
172918,20,1030,530,500
172918,21,1474,901,573
172918,22,1474,901,573
172918,23,1373,861,512
172918,24,508,366,142
172918,25,865,495,370
172918,31,101,40,61
172918,39,150,88,62
172918,40,715,407,308
172918,41,1371,588,783
172918,42,1371,588,783
172918,43,409,143,266
172918,44,47,10,37
172918,45,362,133,229
172918,51,962,445,517
172918,59,47,10,37
172918,60,315,123,192
172927,1,136,66,70
172927,2,136,66,70
172927,3,136,66,70
172927,4,13,13,0
172927,5,123,53,70
172927,20,123,53,70
172927,21,135,66,69
172927,22,135,66,69
172927,23,135,66,69
172927,24,13,13,0
172927,25,122,53,69
172927,40,122,53,69
172927,41,1,0,1
172927,42,1,0,1
172927,43,1,0,1
172927,45,1,0,1
172927,60,1,0,1
172954,1,2249,902,1347
172954,2,2249,902,1347
172954,3,1992,832,1160
172954,4,308,193,115
172954,5,1684,639,1045
172954,11,257,70,187
172954,19,431,176,255
172954,20,1253,463,790
172954,21,1021,545,476
172954,22,1021,545,476
172954,23,1013,540,473
172954,24,214,154,60
172954,25,799,386,413
172954,31,8,5,3
172954,39,205,112,93
172954,40,594,274,320
172954,41,1228,357,871
172954,42,1228,357,871
172954,43,979,292,687
172954,44,94,39,55
172954,45,885,253,632
172954,51,249,65,184
172954,59,226,64,162
172954,60,659,189,470
172963,1,9320,3629,5691
172963,2,9320,3629,5691
172963,3,6585,2557,4028
172963,4,1292,617,675
172963,5,5293,1940,3353
172963,11,2735,1072,1663
172963,19,852,340,512
172963,20,4441,1600,2841
172963,21,3161,1368,1793
172963,22,3161,1368,1793
172963,23,2445,1109,1336
172963,24,783,380,403
172963,25,1662,729,933
172963,31,716,259,457
172963,39,376,178,198
172963,40,1286,551,735
172963,41,6159,2261,3898
172963,42,6159,2261,3898
172963,43,4140,1448,2692
172963,44,509,237,272
172963,45,3631,1211,2420
172963,51,2019,813,1206
172963,59,476,162,314
172963,60,3155,1049,2106
173045,1,3554,1484,2070
173045,2,2716,1232,1484
173045,3,2661,1209,1452
173045,4,466,223,243
173045,5,2195,986,1209
173045,11,55,23,32
173045,12,838,252,586
173045,19,298,130,168
173045,20,1897,856,1041
173045,21,2567,1164,1403
173045,22,2038,999,1039
173045,23,2029,996,1033
173045,24,463,223,240
173045,25,1566,773,793
173045,31,9,3,6
173045,32,529,165,364
173045,39,192,100,92
173045,40,1374,673,701
173045,41,987,320,667
173045,42,678,233,445
173045,43,632,213,419
173045,44,3,0,3
173045,45,629,213,416
173045,51,46,20,26
173045,52,309,87,222
173045,59,106,30,76
173045,60,523,183,340
173063,1,3308,1503,1805
173063,2,3308,1503,1805
173063,3,2509,1173,1336
173063,4,488,288,200
173063,5,2021,885,1136
173063,11,799,330,469
173063,19,215,88,127
173063,20,1806,797,1009
173063,21,1334,664,670
173063,22,1334,664,670
173063,23,1184,606,578
173063,24,372,227,145
173063,25,812,379,433
173063,31,150,58,92
173063,39,122,60,62
173063,40,690,319,371
173063,41,1974,839,1135
173063,42,1974,839,1135
173063,43,1325,567,758
173063,44,116,61,55
173063,45,1209,506,703
173063,51,649,272,377
173063,59,93,28,65
173063,60,1116,478,638
173115,1,1216,372,844
173115,2,1216,372,844
173115,3,795,260,535
173115,4,123,65,58
173115,5,672,195,477
173115,11,421,112,309
173115,19,158,44,114
173115,20,514,151,363
173115,21,430,191,239
173115,22,430,191,239
173115,23,415,184,231
173115,24,77,53,24
173115,25,338,131,207
173115,31,15,7,8
173115,39,72,26,46
173115,40,266,105,161
173115,41,786,181,605
173115,42,786,181,605
173115,43,380,76,304
173115,44,46,12,34
173115,45,334,64,270
173115,51,406,105,301
173115,59,86,18,68
173115,60,248,46,202
173124,1,4963,2167,2796
173124,2,4727,2092,2635
173124,3,4397,1969,2428
173124,4,828,407,421
173124,5,3569,1562,2007
173124,11,330,123,207
173124,12,236,75,161
173124,19,585,232,353
173124,20,2984,1330,1654
173124,21,3551,1694,1857
173124,22,3518,1681,1837
173124,23,3490,1672,1818
173124,24,816,401,415
173124,25,2674,1271,1403
173124,31,28,9,19
173124,32,33,13,20
173124,39,360,172,188
173124,40,2314,1099,1215
173124,41,1412,473,939
173124,42,1209,411,798
173124,43,907,297,610
173124,44,12,6,6
173124,45,895,291,604
173124,51,302,114,188
173124,52,203,62,141
173124,59,225,60,165
173124,60,670,231,439
173142,1,579,283,296
173142,2,579,283,296
173142,3,552,270,282
173142,4,147,67,80
173142,5,405,203,202
173142,11,27,13,14
173142,19,37,26,11
173142,20,368,177,191
173142,21,552,269,283
173142,22,552,269,283
173142,23,538,264,274
173142,24,146,66,80
173142,25,392,198,194
173142,31,14,5,9
173142,39,34,26,8
173142,40,358,172,186
173142,41,27,14,13
173142,42,27,14,13
173142,43,14,6,8
173142,44,1,1,0
173142,45,13,5,8
173142,51,13,8,5
173142,59,3,0,3
173142,60,10,5,5
173160,1,4340,1590,2750
173160,2,3280,1211,2069
173160,3,3178,1174,2004
173160,4,612,228,384
173160,5,2566,946,1620
173160,11,102,37,65
173160,12,1060,379,681
173160,19,236,79,157
173160,20,2330,867,1463
173160,21,2942,1117,1825
173160,22,2614,1001,1613
173160,23,2535,977,1558
173160,24,610,226,384
173160,25,1925,751,1174
173160,31,79,24,55
173160,32,328,116,212
173160,39,98,45,53
173160,40,1827,706,1121
173160,41,1398,473,925
173160,42,666,210,456
173160,43,643,197,446
173160,44,2,2,0
173160,45,641,195,446
173160,51,23,13,10
173160,52,732,263,469
173160,59,138,34,104
173160,60,503,161,342
173179,1,512,315,197
173179,12,512,315,197
173179,21,74,41,33
173179,32,74,41,33
173179,41,438,274,164
173179,52,438,274,164
173203,1,4350,1887,2463
173203,2,4350,1887,2463
173203,3,2601,1233,1368
173203,4,680,404,276
173203,5,1921,829,1092
173203,11,1749,654,1095
173203,19,275,132,143
173203,20,1646,697,949
173203,21,2179,1056,1123
173203,22,2179,1056,1123
173203,23,1732,907,825
173203,24,557,357,200
173203,25,1175,550,625
173203,31,447,149,298
173203,39,207,111,96
173203,40,968,439,529
173203,41,2171,831,1340
173203,42,2171,831,1340
173203,43,869,326,543
173203,44,123,47,76
173203,45,746,279,467
173203,51,1302,505,797
173203,59,68,21,47
173203,60,678,258,420
173258,1,2045,960,1085
173258,2,2045,960,1085
173258,3,2023,953,1070
173258,4,527,259,268
173258,5,1496,694,802
173258,11,22,7,15
173258,19,2,1,1
173258,20,1494,693,801
173258,21,2025,955,1070
173258,22,2025,955,1070
173258,23,2023,953,1070
173258,24,527,259,268
173258,25,1496,694,802
173258,31,2,2,0
173258,39,2,1,1
173258,40,1494,693,801
173258,41,20,5,15
173258,42,20,5,15
173258,51,20,5,15
173300,1,2558,972,1586
173300,2,2531,968,1563
173300,3,2464,951,1513
173300,4,684,277,407
173300,5,1780,674,1106
173300,11,67,17,50
173300,12,27,4,23
173300,19,42,25,17
173300,20,1738,649,1089
173300,21,2488,952,1536
173300,22,2488,952,1536
173300,23,2447,941,1506
173300,24,684,277,407
173300,25,1763,664,1099
173300,31,41,11,30
173300,39,42,25,17
173300,40,1721,639,1082
173300,41,70,20,50
173300,42,43,16,27
173300,43,17,10,7
173300,45,17,10,7
173300,51,26,6,20
173300,52,27,4,23
173300,60,17,10,7
173328,1,3661,1372,2289
173328,2,2206,932,1274
173328,3,1927,827,1100
173328,4,294,160,134
173328,5,1633,667,966
173328,11,279,105,174
173328,12,1455,440,1015
173328,19,550,219,331
173328,20,1083,448,635
173328,21,2494,940,1554
173328,22,1216,554,662
173328,23,1157,536,621
173328,24,282,153,129
173328,25,875,383,492
173328,31,59,18,41
173328,32,1278,386,892
173328,39,220,99,121
173328,40,655,284,371
173328,41,1167,432,735
173328,42,990,378,612
173328,43,770,291,479
173328,44,12,7,5
173328,45,758,284,474
173328,51,220,87,133
173328,52,177,54,123
173328,59,330,120,210
173328,60,428,164,264
173416,1,3128,1799,1329
173416,2,3128,1799,1329
173416,3,2641,1436,1205
173416,4,440,312,128
173416,5,2201,1124,1077
173416,11,487,363,124
173416,19,505,282,223
173416,20,1696,842,854
173416,21,1496,941,555
173416,22,1496,941,555
173416,23,1477,929,548
173416,24,325,246,79
173416,25,1152,683,469
173416,31,19,12,7
173416,39,322,197,125
173416,40,830,486,344
173416,41,1632,858,774
173416,42,1632,858,774
173416,43,1164,507,657
173416,44,115,66,49
173416,45,1049,441,608
173416,51,468,351,117
173416,59,183,85,98
173416,60,866,356,510
173452,1,824,418,406
173452,2,763,380,383
173452,3,729,361,368
173452,4,164,79,85
173452,5,565,282,283
173452,11,34,19,15
173452,12,61,38,23
173452,19,32,16,16
173452,20,533,266,267
173452,21,710,348,362
173452,22,702,347,355
173452,23,702,347,355
173452,24,164,79,85
173452,25,538,268,270
173452,32,8,1,7
173452,39,29,16,13
173452,40,509,252,257
173452,41,114,70,44
173452,42,61,33,28
173452,43,27,14,13
173452,45,27,14,13
173452,51,34,19,15
173452,52,53,37,16
173452,59,3,0,3
173452,60,24,14,10
173461,1,5394,2337,3057
173461,2,5394,2337,3057
173461,3,3990,1723,2267
173461,4,706,386,320
173461,5,3284,1337,1947
173461,11,1404,614,790
173461,19,518,252,266
173461,20,2766,1085,1681
173461,21,2140,1098,1042
173461,22,2140,1098,1042
173461,23,2026,1043,983
173461,24,442,258,184
173461,25,1584,785,799
173461,31,114,55,59
173461,39,277,166,111
173461,40,1307,619,688
173461,41,3254,1239,2015
173461,42,3254,1239,2015
173461,43,1964,680,1284
173461,44,264,128,136
173461,45,1700,552,1148
173461,51,1290,559,731
173461,59,241,86,155
173461,60,1459,466,993
173470,1,33,2,31
173470,2,33,2,31
173470,3,33,2,31
173470,4,10,0,10
173470,5,23,2,21
173470,20,23,2,21
173470,21,33,2,31
173470,22,33,2,31
173470,23,33,2,31
173470,24,10,0,10
173470,25,23,2,21
173470,40,23,2,21
173489,1,201,27,174
173489,2,201,27,174
173489,3,201,27,174
173489,4,12,1,11
173489,5,189,26,163
173489,19,30,1,29
173489,20,159,25,134
173489,21,111,17,94
173489,22,111,17,94
173489,23,111,17,94
173489,24,6,1,5
173489,25,105,16,89
173489,39,20,1,19
173489,40,85,15,70
173489,41,90,10,80
173489,42,90,10,80
173489,43,90,10,80
173489,44,6,0,6
173489,45,84,10,74
173489,59,10,0,10
173489,60,74,10,64
173559,1,6464,2635,3829
173559,2,6464,2635,3829
173559,3,4960,2057,2903
173559,4,1013,546,467
173559,5,3947,1511,2436
173559,11,1504,578,926
173559,19,690,290,400
173559,20,3257,1221,2036
173559,21,3134,1517,1617
173559,22,3134,1517,1617
173559,23,2987,1465,1522
173559,24,808,470,338
173559,25,2179,995,1184
173559,31,147,52,95
173559,39,453,222,231
173559,40,1726,773,953
173559,41,3330,1118,2212
173559,42,3330,1118,2212
173559,43,1973,592,1381
173559,44,205,76,129
173559,45,1768,516,1252
173559,51,1357,526,831
173559,59,237,68,169
173559,60,1531,448,1083
173629,1,983,325,658
173629,2,898,300,598
173629,3,845,279,566
173629,4,70,28,42
173629,5,775,251,524
173629,11,53,21,32
173629,12,85,25,60
173629,19,195,65,130
173629,20,580,186,394
173629,21,635,223,412
173629,22,591,208,383
173629,23,579,204,375
173629,24,65,26,39
173629,25,514,178,336
173629,31,12,4,8
173629,32,44,15,29
173629,39,169,56,113
173629,40,345,122,223
173629,41,348,102,246
173629,42,307,92,215
173629,43,266,75,191
173629,44,5,2,3
173629,45,261,73,188
173629,51,41,17,24
173629,52,41,10,31
173629,59,26,9,17
173629,60,235,64,171
173638,1,3231,1329,1902
173638,2,3231,1329,1902
173638,3,2165,858,1307
173638,4,358,190,168
173638,5,1807,668,1139
173638,11,1066,471,595
173638,19,241,89,152
173638,20,1566,579,987
173638,21,1315,541,774
173638,22,1315,541,774
173638,23,1220,505,715
173638,24,287,167,120
173638,25,933,338,595
173638,31,95,36,59
173638,39,152,73,79
173638,40,781,265,516
173638,41,1916,788,1128
173638,42,1916,788,1128
173638,43,945,353,592
173638,44,71,23,48
173638,45,874,330,544
173638,51,971,435,536
173638,59,89,16,73
173638,60,785,314,471
173647,1,2449,1135,1314
173647,2,2449,1135,1314
173647,3,2439,1131,1308
173647,4,610,296,314
173647,5,1829,835,994
173647,11,10,4,6
173647,19,121,67,54
173647,20,1708,768,940
173647,21,2423,1117,1306
173647,22,2423,1117,1306
173647,23,2417,1116,1301
173647,24,610,296,314
173647,25,1807,820,987
173647,31,6,1,5
173647,39,121,67,54
173647,40,1686,753,933
173647,41,26,18,8
173647,42,26,18,8
173647,43,22,15,7
173647,45,22,15,7
173647,51,4,3,1
173647,60,22,15,7
173665,1,4581,1750,2831
173665,2,2164,904,1260
173665,3,2108,892,1216
173665,4,536,218,318
173665,5,1572,674,898
173665,11,56,12,44
173665,12,2417,846,1571
173665,19,142,73,69
173665,20,1430,601,829
173665,21,2647,1113,1534
173665,22,2087,867,1220
173665,23,2064,862,1202
173665,24,536,218,318
173665,25,1528,644,884
173665,31,23,5,18
173665,32,560,246,314
173665,39,135,68,67
173665,40,1393,576,817
173665,41,1934,637,1297
173665,42,77,37,40
173665,43,44,30,14
173665,45,44,30,14
173665,51,33,7,26
173665,52,1857,600,1257
173665,59,7,5,2
173665,60,37,25,12
173683,1,90,35,55
173683,12,90,35,55
173683,21,58,21,37
173683,32,58,21,37
173683,41,32,14,18
173683,52,32,14,18
173708,1,6402,3758,2644
173708,2,6402,3758,2644
173708,3,5750,3350,2400
173708,4,715,490,225
173708,5,5035,2860,2175
173708,11,652,408,244
173708,19,992,592,400
173708,20,4043,2268,1775
173708,21,2278,1567,711
173708,22,2278,1567,711
173708,23,2173,1500,673
173708,24,374,277,97
173708,25,1799,1223,576
173708,31,105,67,38
173708,39,467,332,135
173708,40,1332,891,441
173708,41,4124,2191,1933
173708,42,4124,2191,1933
173708,43,3577,1850,1727
173708,44,341,213,128
173708,45,3236,1637,1599
173708,51,547,341,206
173708,59,525,260,265
173708,60,2711,1377,1334
173726,1,37,1,36
173726,2,37,1,36
173726,3,37,1,36
173726,4,8,0,8
173726,5,29,1,28
173726,20,29,1,28
173726,21,37,1,36
173726,22,37,1,36
173726,23,37,1,36
173726,24,8,0,8
173726,25,29,1,28
173726,40,29,1,28
173735,1,1376,587,789
173735,2,1376,587,789
173735,3,1186,536,650
173735,4,257,155,102
173735,5,929,381,548
173735,11,190,51,139
173735,19,256,108,148
173735,20,673,273,400
173735,21,845,469,376
173735,22,845,469,376
173735,23,798,454,344
173735,24,239,152,87
173735,25,559,302,257
173735,31,47,15,32
173735,39,173,89,84
173735,40,386,213,173
173735,41,531,118,413
173735,42,531,118,413
173735,43,388,82,306
173735,44,18,3,15
173735,45,370,79,291
173735,51,143,36,107
173735,59,83,19,64
173735,60,287,60,227
173744,1,489,32,457
173744,2,489,32,457
173744,3,489,32,457
173744,4,213,9,204
173744,5,276,23,253
173744,20,276,23,253
173744,21,489,32,457
173744,22,489,32,457
173744,23,489,32,457
173744,24,213,9,204
173744,25,276,23,253
173744,40,276,23,253
173799,1,5944,2432,3512
173799,2,5944,2432,3512
173799,3,4915,2004,2911
173799,4,787,390,397
173799,5,4128,1614,2514
173799,11,1029,428,601
173799,19,760,300,460
173799,20,3368,1314,2054
173799,21,2104,985,1119
173799,22,2104,985,1119
173799,23,1928,920,1008
173799,24,468,233,235
173799,25,1460,687,773
173799,31,176,65,111
173799,39,332,155,177
173799,40,1128,532,596
173799,41,3840,1447,2393
173799,42,3840,1447,2393
173799,43,2987,1084,1903
173799,44,319,157,162
173799,45,2668,927,1741
173799,51,853,363,490
173799,59,428,145,283
173799,60,2240,782,1458
173805,1,1248,673,575
173805,2,1248,673,575
173805,3,1076,581,495
173805,4,257,155,102
173805,5,819,426,393
173805,11,172,92,80
173805,19,168,98,70
173805,20,651,328,323
173805,21,886,490,396
173805,22,886,490,396
173805,23,818,463,355
173805,24,232,150,82
173805,25,586,313,273
173805,31,68,27,41
173805,39,136,85,51
173805,40,450,228,222
173805,41,362,183,179
173805,42,362,183,179
173805,43,258,118,140
173805,44,25,5,20
173805,45,233,113,120
173805,51,104,65,39
173805,59,32,13,19
173805,60,201,100,101
173887,1,1161,486,675
173887,2,1161,486,675
173887,3,1161,486,675
173887,4,205,96,109
173887,5,956,390,566
173887,19,173,50,123
173887,20,783,340,443
173887,21,883,360,523
173887,22,883,360,523
173887,23,883,360,523
173887,24,168,78,90
173887,25,715,282,433
173887,39,131,38,93
173887,40,584,244,340
173887,41,278,126,152
173887,42,278,126,152
173887,43,278,126,152
173887,44,37,18,19
173887,45,241,108,133
173887,59,42,12,30
173887,60,199,96,103
173896,1,705,372,333
173896,12,705,372,333
173896,21,401,218,183
173896,32,401,218,183
173896,41,304,154,150
173896,52,304,154,150
173902,1,2039,802,1237
173902,2,2039,802,1237
173902,3,2029,799,1230
173902,4,555,227,328
173902,5,1474,572,902
173902,11,10,3,7
173902,19,13,5,8
173902,20,1461,567,894
173902,21,2011,791,1220
173902,22,2011,791,1220
173902,23,2010,791,1219
173902,24,555,227,328
173902,25,1455,564,891
173902,31,1,0,1
173902,39,13,5,8
173902,40,1442,559,883
173902,41,28,11,17
173902,42,28,11,17
173902,43,19,8,11
173902,45,19,8,11
173902,51,9,3,6
173902,60,19,8,11
173911,1,3410,1413,1997
173911,2,3410,1413,1997
173911,3,2966,1213,1753
173911,4,513,268,245
173911,5,2453,945,1508
173911,11,444,200,244
173911,19,381,168,213
173911,20,2072,777,1295
173911,21,1687,833,854
173911,22,1687,833,854
173911,23,1643,813,830
173911,24,404,225,179
173911,25,1239,588,651
173911,31,44,20,24
173911,39,263,133,130
173911,40,976,455,521
173911,41,1723,580,1143
173911,42,1723,580,1143
173911,43,1323,400,923
173911,44,109,43,66
173911,45,1214,357,857
173911,51,400,180,220
173911,59,118,35,83
173911,60,1096,322,774
173920,1,15426,7210,8216
173920,2,13467,6478,6989
173920,3,12542,6115,6427
173920,4,2452,1098,1354
173920,5,10090,5017,5073
173920,11,925,363,562
173920,12,1959,732,1227
173920,19,1091,531,560
173920,20,8999,4486,4513
173920,21,12097,5943,6154
173920,22,11419,5681,5738
173920,23,11266,5616,5650
173920,24,2436,1089,1347
173920,25,8830,4527,4303
173920,31,153,65,88
173920,32,678,262,416
173920,39,937,485,452
173920,40,7893,4042,3851
173920,41,3329,1267,2062
173920,42,2048,797,1251
173920,43,1276,499,777
173920,44,16,9,7
173920,45,1260,490,770
173920,51,772,298,474
173920,52,1281,470,811
173920,59,154,46,108
173920,60,1106,444,662
173939,1,137,1,136
173939,2,137,1,136
173939,3,137,1,136
173939,4,53,1,52
173939,5,84,0,84
173939,20,84,0,84
173939,21,102,1,101
173939,22,102,1,101
173939,23,102,1,101
173939,24,43,1,42
173939,25,59,0,59
173939,40,59,0,59
173939,41,35,0,35
173939,42,35,0,35
173939,43,35,0,35
173939,44,10,0,10
173939,45,25,0,25
173939,60,25,0,25
173957,1,195,100,95
173957,12,195,100,95
173957,21,195,100,95
173957,32,195,100,95
173966,1,335,89,246
173966,2,131,27,104
173966,3,131,27,104
173966,5,131,27,104
173966,12,204,62,142
173966,20,131,27,104
173966,21,335,89,246
173966,22,131,27,104
173966,23,131,27,104
173966,25,131,27,104
173966,32,204,62,142
173966,40,131,27,104
173984,1,1626,317,1309
173984,2,1122,191,931
173984,3,1113,190,923
173984,4,100,15,85
173984,5,1013,175,838
173984,11,9,1,8
173984,12,504,126,378
173984,19,232,46,186
173984,20,781,129,652
173984,21,318,56,262
173984,22,235,37,198
173984,23,234,37,197
173984,24,27,3,24
173984,25,207,34,173
173984,31,1,0,1
173984,32,83,19,64
173984,39,37,9,28
173984,40,170,25,145
173984,41,1308,261,1047
173984,42,887,154,733
173984,43,879,153,726
173984,44,73,12,61
173984,45,806,141,665
173984,51,8,1,7
173984,52,421,107,314
173984,59,195,37,158
173984,60,611,104,507
173993,1,1425,807,618
173993,2,1425,807,618
173993,3,986,542,444
173993,4,227,152,75
173993,5,759,390,369
173993,11,439,265,174
173993,19,158,86,72
173993,20,601,304,297
173993,21,841,504,337
173993,22,841,504,337
173993,23,783,477,306
173993,24,206,145,61
173993,25,577,332,245
173993,31,58,27,31
173993,39,129,79,50
173993,40,448,253,195
173993,41,584,303,281
173993,42,584,303,281
173993,43,203,65,138
173993,44,21,7,14
173993,45,182,58,124
173993,51,381,238,143
173993,59,29,7,22
173993,60,153,51,102
174020,1,8510,3731,4779
174020,2,7647,3388,4259
174020,3,7322,3248,4074
174020,4,100,53,47
174020,5,7222,3195,4027
174020,11,325,140,185
174020,12,863,343,520
174020,19,1811,842,969
174020,20,5411,2353,3058
174020,21,3033,1374,1659
174020,22,2852,1326,1526
174020,23,2825,1305,1520
174020,24,64,40,24
174020,25,2761,1265,1496
174020,31,27,21,6
174020,32,181,48,133
174020,39,759,352,407
174020,40,2002,913,1089
174020,41,5477,2357,3120
174020,42,4795,2062,2733
174020,43,4497,1943,2554
174020,44,36,13,23
174020,45,4461,1930,2531
174020,51,298,119,179
174020,52,682,295,387
174020,59,1052,490,562
174020,60,3409,1440,1969
174066,1,51526,25050,26476
174066,2,34449,16791,17658
174066,3,30271,14856,15415
174066,4,5544,2629,2915
174066,5,24727,12227,12500
174066,11,4178,1935,2243
174066,12,17077,8259,8818
174066,19,2525,1237,1288
174066,20,22202,10990,11212
174066,21,38767,18721,20046
174066,22,28940,14135,14805
174066,23,27866,13616,14250
174066,24,5538,2627,2911
174066,25,22328,10989,11339
174066,31,1074,519,555
174066,32,9827,4586,5241
174066,39,2380,1172,1208
174066,40,19948,9817,10131
174066,41,12759,6329,6430
174066,42,5509,2656,2853
174066,43,2405,1240,1165
174066,44,6,2,4
174066,45,2399,1238,1161
174066,51,3104,1416,1688
174066,52,7250,3673,3577
174066,59,145,65,80
174066,60,2254,1173,1081
174075,1,2839,1343,1496
174075,2,2839,1343,1496
174075,3,1813,916,897
174075,4,213,108,105
174075,5,1600,808,792
174075,11,1026,427,599
174075,19,242,118,124
174075,20,1358,690,668
174075,21,1305,656,649
174075,22,1305,656,649
174075,23,1236,628,608
174075,24,200,102,98
174075,25,1036,526,510
174075,31,69,28,41
174075,39,137,64,73
174075,40,899,462,437
174075,41,1534,687,847
174075,42,1534,687,847
174075,43,577,288,289
174075,44,13,6,7
174075,45,564,282,282
174075,51,957,399,558
174075,59,105,54,51
174075,60,459,228,231
174118,1,235,76,159
174118,2,235,76,159
174118,3,235,76,159
174118,4,126,38,88
174118,5,109,38,71
174118,19,55,15,40
174118,20,54,23,31
174118,21,235,76,159
174118,22,235,76,159
174118,23,235,76,159
174118,24,126,38,88
174118,25,109,38,71
174118,39,55,15,40
174118,40,54,23,31
174127,1,791,283,508
174127,2,688,246,442
174127,3,683,244,439
174127,4,116,34,82
174127,5,567,210,357
174127,11,5,2,3
174127,12,103,37,66
174127,19,102,39,63
174127,20,465,171,294
174127,21,698,247,451
174127,22,665,236,429
174127,23,665,236,429
174127,24,115,34,81
174127,25,550,202,348
174127,32,33,11,22
174127,39,102,39,63
174127,40,448,163,285
174127,41,93,36,57
174127,42,23,10,13
174127,43,18,8,10
174127,44,1,0,1
174127,45,17,8,9
174127,51,5,2,3
174127,52,70,26,44
174127,60,17,8,9
174136,1,9691,4500,5191
174136,2,9691,4500,5191
174136,3,8938,4174,4764
174136,4,1269,642,627
174136,5,7669,3532,4137
174136,11,753,326,427
174136,19,1382,668,714
174136,20,6287,2864,3423
174136,21,3409,1824,1585
174136,22,3409,1824,1585
174136,23,3329,1787,1542
174136,24,662,352,310
174136,25,2667,1435,1232
174136,31,80,37,43
174136,39,634,345,289
174136,40,2033,1090,943
174136,41,6282,2676,3606
174136,42,6282,2676,3606
174136,43,5609,2387,3222
174136,44,607,290,317
174136,45,5002,2097,2905
174136,51,673,289,384
174136,59,748,323,425
174136,60,4254,1774,2480
174154,1,262,23,239
174154,2,262,23,239
174154,3,262,23,239
174154,4,9,1,8
174154,5,253,22,231
174154,19,15,1,14
174154,20,238,21,217
174154,21,128,14,114
174154,22,128,14,114
174154,23,128,14,114
174154,24,6,1,5
174154,25,122,13,109
174154,39,6,0,6
174154,40,116,13,103
174154,41,134,9,125
174154,42,134,9,125
174154,43,134,9,125
174154,44,3,0,3
174154,45,131,9,122
174154,59,9,1,8
174154,60,122,8,114
174190,1,138,2,136
174190,2,138,2,136
174190,3,138,2,136
174190,4,34,0,34
174190,5,104,2,102
174190,20,104,2,102
174190,21,138,2,136
174190,22,138,2,136
174190,23,138,2,136
174190,24,34,0,34
174190,25,104,2,102
174190,40,104,2,102
174206,1,101,46,55
174206,2,101,46,55
174206,3,97,45,52
174206,4,13,10,3
174206,5,84,35,49
174206,11,4,1,3
174206,19,13,9,4
174206,20,71,26,45
174206,21,88,41,47
174206,22,88,41,47
174206,23,87,41,46
174206,24,11,8,3
174206,25,76,33,43
174206,31,1,0,1
174206,39,13,9,4
174206,40,63,24,39
174206,41,13,5,8
174206,42,13,5,8
174206,43,10,4,6
174206,44,2,2,0
174206,45,8,2,6
174206,51,3,1,2
174206,60,8,2,6
174233,1,11241,5905,5336
174233,2,10079,5393,4686
174233,3,9239,5059,4180
174233,4,2054,1079,975
174233,5,7185,3980,3205
174233,11,840,334,506
174233,12,1162,512,650
174233,19,570,307,263
174233,20,6615,3673,2942
174233,21,9658,5179,4479
174233,22,8989,4877,4112
174233,23,8890,4844,4046
174233,24,2050,1077,973
174233,25,6840,3767,3073
174233,31,99,33,66
174233,32,669,302,367
174233,39,550,298,252
174233,40,6290,3469,2821
174233,41,1583,726,857
174233,42,1090,516,574
174233,43,349,215,134
174233,44,4,2,2
174233,45,345,213,132
174233,51,741,301,440
174233,52,493,210,283
174233,59,20,9,11
174233,60,325,204,121
174251,1,1946,873,1073
174251,2,1946,873,1073
174251,3,1846,840,1006
174251,4,469,188,281
174251,5,1377,652,725
174251,11,100,33,67
174251,19,100,64,36
174251,20,1277,588,689
174251,21,1815,823,992
174251,22,1815,823,992
174251,23,1794,816,978
174251,24,468,188,280
174251,25,1326,628,698
174251,31,21,7,14
174251,39,98,64,34
174251,40,1228,564,664
174251,41,131,50,81
174251,42,131,50,81
174251,43,52,24,28
174251,44,1,0,1
174251,45,51,24,27
174251,51,79,26,53
174251,59,2,0,2
174251,60,49,24,25
174279,1,1037,341,696
174279,2,947,303,644
174279,3,896,282,614
174279,4,44,22,22
174279,5,852,260,592
174279,11,51,21,30
174279,12,90,38,52
174279,19,186,59,127
174279,20,666,201,465
174279,21,625,210,415
174279,22,578,190,388
174279,23,570,185,385
174279,24,41,21,20
174279,25,529,164,365
174279,31,8,5,3
174279,32,47,20,27
174279,39,160,50,110
174279,40,369,114,255
174279,41,412,131,281
174279,42,369,113,256
174279,43,326,97,229
174279,44,3,1,2
174279,45,323,96,227
174279,51,43,16,27
174279,52,43,18,25
174279,59,26,9,17
174279,60,297,87,210
174321,1,125,2,123
174321,2,125,2,123
174321,3,125,2,123
174321,4,44,1,43
174321,5,81,1,80
174321,20,81,1,80
174321,21,125,2,123
174321,22,125,2,123
174321,23,125,2,123
174321,24,44,1,43
174321,25,81,1,80
174321,40,81,1,80
174358,1,6634,2606,4028
174358,2,6163,2487,3676
174358,3,5912,2397,3515
174358,4,987,360,627
174358,5,4925,2037,2888
174358,11,251,90,161
174358,12,471,119,352
174358,19,629,284,345
174358,20,4296,1753,2543
174358,21,5260,2116,3144
174358,22,5109,2083,3026
174358,23,5042,2061,2981
174358,24,944,344,600
174358,25,4098,1717,2381
174358,31,67,22,45
174358,32,151,33,118
174358,39,487,230,257
174358,40,3611,1487,2124
174358,41,1374,490,884
174358,42,1054,404,650
174358,43,870,336,534
174358,44,43,16,27
174358,45,827,320,507
174358,51,184,68,116
174358,52,320,86,234
174358,59,142,54,88
174358,60,685,266,419
174376,1,7562,3198,4364
174376,2,7562,3198,4364
174376,3,6670,2832,3838
174376,4,915,455,460
174376,5,5755,2377,3378
174376,11,892,366,526
174376,19,1057,416,641
174376,20,4698,1961,2737
174376,21,2125,1080,1045
174376,22,2125,1080,1045
174376,23,1870,962,908
174376,24,417,232,185
174376,25,1453,730,723
174376,31,255,118,137
174376,39,351,169,182
174376,40,1102,561,541
174376,41,5437,2118,3319
174376,42,5437,2118,3319
174376,43,4800,1870,2930
174376,44,498,223,275
174376,45,4302,1647,2655
174376,51,637,248,389
174376,59,706,247,459
174376,60,3596,1400,2196
174385,1,371,131,240
174385,2,371,131,240
174385,3,369,130,239
174385,4,29,18,11
174385,5,340,112,228
174385,11,2,1,1
174385,19,59,23,36
174385,20,281,89,192
174385,21,22,10,12
174385,22,22,10,12
174385,23,21,9,12
174385,25,21,9,12
174385,31,1,1,0
174385,39,3,1,2
174385,40,18,8,10
174385,41,349,121,228
174385,42,349,121,228
174385,43,348,121,227
174385,44,29,18,11
174385,45,319,103,216
174385,51,1,0,1
174385,59,56,22,34
174385,60,263,81,182
174394,1,237,132,105
174394,2,237,132,105
174394,3,237,132,105
174394,4,20,8,12
174394,5,217,124,93
174394,19,14,6,8
174394,20,203,118,85
174394,21,123,68,55
174394,22,123,68,55
174394,23,123,68,55
174394,24,15,6,9
174394,25,108,62,46
174394,39,8,3,5
174394,40,100,59,41
174394,41,114,64,50
174394,42,114,64,50
174394,43,114,64,50
174394,44,5,2,3
174394,45,109,62,47
174394,59,6,3,3
174394,60,103,59,44
174428,1,9508,4300,5208
174428,2,9508,4300,5208
174428,3,7751,3567,4184
174428,4,1373,694,679
174428,5,6378,2873,3505
174428,11,1757,733,1024
174428,19,1170,534,636
174428,20,5208,2339,2869
174428,21,3998,2005,1993
174428,22,3998,2005,1993
174428,23,3410,1735,1675
174428,24,859,441,418
174428,25,2551,1294,1257
174428,31,588,270,318
174428,39,647,338,309
174428,40,1904,956,948
174428,41,5510,2295,3215
174428,42,5510,2295,3215
174428,43,4341,1832,2509
174428,44,514,253,261
174428,45,3827,1579,2248
174428,51,1169,463,706
174428,59,523,196,327
174428,60,3304,1383,1921
174437,1,1305,597,708
174437,2,1301,596,705
174437,3,1106,521,585
174437,4,246,103,143
174437,5,860,418,442
174437,11,195,75,120
174437,12,4,1,3
174437,19,95,50,45
174437,20,765,368,397
174437,21,1088,507,581
174437,22,1088,507,581
174437,23,1049,494,555
174437,24,246,103,143
174437,25,803,391,412
174437,31,39,13,26
174437,39,90,47,43
174437,40,713,344,369
174437,41,217,90,127
174437,42,213,89,124
174437,43,57,27,30
174437,45,57,27,30
174437,51,156,62,94
174437,52,4,1,3
174437,59,5,3,2
174437,60,52,24,28
174473,1,3792,1654,2138
174473,2,3792,1654,2138
174473,3,2862,1319,1543
174473,4,532,299,233
174473,5,2330,1020,1310
174473,11,930,335,595
174473,19,394,179,215
174473,20,1936,841,1095
174473,21,1713,825,888
174473,22,1713,825,888
174473,23,1572,762,810
174473,24,422,249,173
174473,25,1150,513,637
174473,31,141,63,78
174473,39,253,134,119
174473,40,897,379,518
174473,41,2079,829,1250
174473,42,2079,829,1250
174473,43,1290,557,733
174473,44,110,50,60
174473,45,1180,507,673
174473,51,789,272,517
174473,59,141,45,96
174473,60,1039,462,577
174491,1,3352,1380,1972
174491,2,3149,1255,1894
174491,3,2038,821,1217
174491,4,468,182,286
174491,5,1570,639,931
174491,11,1111,434,677
174491,12,203,125,78
174491,19,139,58,81
174491,20,1431,581,850
174491,21,1986,812,1174
174491,22,1958,793,1165
174491,23,1758,706,1052
174491,24,464,181,283
174491,25,1294,525,769
174491,31,200,87,113
174491,32,28,19,9
174491,39,116,50,66
174491,40,1178,475,703
174491,41,1366,568,798
174491,42,1191,462,729
174491,43,280,115,165
174491,44,4,1,3
174491,45,276,114,162
174491,51,911,347,564
174491,52,175,106,69
174491,59,23,8,15
174491,60,253,106,147
174507,1,904,430,474
174507,2,113,47,66
174507,3,113,47,66
174507,4,10,5,5
174507,5,103,42,61
174507,12,791,383,408
174507,19,89,36,53
174507,20,14,6,8
174507,21,783,381,402
174507,22,50,24,26
174507,23,50,24,26
174507,24,9,4,5
174507,25,41,20,21
174507,32,733,357,376
174507,39,39,18,21
174507,40,2,2,0
174507,41,121,49,72
174507,42,63,23,40
174507,43,63,23,40
174507,44,1,1,0
174507,45,62,22,40
174507,52,58,26,32
174507,59,50,18,32
174507,60,12,4,8
174525,1,143,71,72
174525,2,143,71,72
174525,3,126,64,62
174525,4,29,15,14
174525,5,97,49,48
174525,11,17,7,10
174525,19,21,13,8
174525,20,76,36,40
174525,21,122,61,61
174525,22,122,61,61
174525,23,117,59,58
174525,24,28,14,14
174525,25,89,45,44
174525,31,5,2,3
174525,39,19,12,7
174525,40,70,33,37
174525,41,21,10,11
174525,42,21,10,11
174525,43,9,5,4
174525,44,1,1,0
174525,45,8,4,4
174525,51,12,5,7
174525,59,2,1,1
174525,60,6,3,3
174534,1,112,3,109
174534,2,112,3,109
174534,3,112,3,109
174534,4,43,0,43
174534,5,69,3,66
174534,20,69,3,66
174534,21,90,2,88
174534,22,90,2,88
174534,23,90,2,88
174534,24,35,0,35
174534,25,55,2,53
174534,40,55,2,53
174534,41,22,1,21
174534,42,22,1,21
174534,43,22,1,21
174534,44,8,0,8
174534,45,14,1,13
174534,60,14,1,13
174570,1,1098,296,802
174570,2,1098,296,802
174570,3,751,237,514
174570,4,118,53,65
174570,5,633,184,449
174570,11,347,59,288
174570,19,116,27,89
174570,20,517,157,360
174570,21,345,118,227
174570,22,345,118,227
174570,23,327,108,219
174570,24,46,26,20
174570,25,281,82,199
174570,31,18,10,8
174570,39,47,11,36
174570,40,234,71,163
174570,41,753,178,575
174570,42,753,178,575
174570,43,424,129,295
174570,44,72,27,45
174570,45,352,102,250
174570,51,329,49,280
174570,59,69,16,53
174570,60,283,86,197
174604,1,315,125,190
174604,2,315,125,190
174604,3,204,85,119
174604,4,66,29,37
174604,5,138,56,82
174604,11,111,40,71
174604,19,30,18,12
174604,20,108,38,70
174604,21,240,91,149
174604,22,240,91,149
174604,23,163,71,92
174604,24,60,26,34
174604,25,103,45,58
174604,31,77,20,57
174604,39,23,13,10
174604,40,80,32,48
174604,41,75,34,41
174604,42,75,34,41
174604,43,41,14,27
174604,44,6,3,3
174604,45,35,11,24
174604,51,34,20,14
174604,59,7,5,2
174604,60,28,6,22
174738,1,6057,2322,3735
174738,2,6057,2322,3735
174738,3,5291,2029,3262
174738,4,1051,496,555
174738,5,4240,1533,2707
174738,11,766,293,473
174738,19,592,229,363
174738,20,3648,1304,2344
174738,21,2728,1285,1443
174738,22,2728,1285,1443
174738,23,2500,1192,1308
174738,24,768,391,377
174738,25,1732,801,931
174738,31,228,93,135
174738,39,311,147,164
174738,40,1421,654,767
174738,41,3329,1037,2292
174738,42,3329,1037,2292
174738,43,2791,837,1954
174738,44,283,105,178
174738,45,2508,732,1776
174738,51,538,200,338
174738,59,281,82,199
174738,60,2227,650,1577
174747,1,2051,0,2051
174747,2,2051,0,2051
174747,3,2051,0,2051
174747,4,543,0,543
174747,5,1508,0,1508
174747,19,38,0,38
174747,20,1470,0,1470
174747,21,2015,0,2015
174747,22,2015,0,2015
174747,23,2015,0,2015
174747,24,538,0,538
174747,25,1477,0,1477
174747,39,38,0,38
174747,40,1439,0,1439
174747,41,36,0,36
174747,42,36,0,36
174747,43,36,0,36
174747,44,5,0,5
174747,45,31,0,31
174747,60,31,0,31
174756,1,4946,2318,2628
174756,2,4946,2318,2628
174756,3,4422,2013,2409
174756,4,976,544,432
174756,5,3446,1469,1977
174756,11,524,305,219
174756,19,687,329,358
174756,20,2759,1140,1619
174756,21,2286,1183,1103
174756,22,2286,1183,1103
174756,23,2206,1153,1053
174756,24,524,337,187
174756,25,1682,816,866
174756,31,80,30,50
174756,39,382,215,167
174756,40,1300,601,699
174756,41,2660,1135,1525
174756,42,2660,1135,1525
174756,43,2216,860,1356
174756,44,452,207,245
174756,45,1764,653,1111
174756,51,444,275,169
174756,59,305,114,191
174756,60,1459,539,920
174765,1,76,1,75
174765,2,76,1,75
174765,3,76,1,75
174765,4,23,0,23
174765,5,53,1,52
174765,20,53,1,52
174765,21,76,1,75
174765,22,76,1,75
174765,23,76,1,75
174765,24,23,0,23
174765,25,53,1,52
174765,40,53,1,52
174783,1,16765,7949,8816
174783,2,15134,7285,7849
174783,3,11535,5798,5737
174783,4,1701,779,922
174783,5,9834,5019,4815
174783,11,3599,1487,2112
174783,12,1631,664,967
174783,19,1078,524,554
174783,20,8756,4495,4261
174783,21,10447,5123,5324
174783,22,9860,4914,4946
174783,23,9544,4811,4733
174783,24,1659,758,901
174783,25,7885,4053,3832
174783,31,316,103,213
174783,32,587,209,378
174783,39,875,432,443
174783,40,7010,3621,3389
174783,41,6318,2826,3492
174783,42,5274,2371,2903
174783,43,1991,987,1004
174783,44,42,21,21
174783,45,1949,966,983
174783,51,3283,1384,1899
174783,52,1044,455,589
174783,59,203,92,111
174783,60,1746,874,872
174792,1,1979,1924,55
174792,2,1871,1871,0
174792,3,1871,1871,0
174792,4,500,500,0
174792,5,1371,1371,0
174792,12,108,53,55
174792,19,26,26,0
174792,20,1345,1345,0
174792,21,1904,1881,23
174792,22,1850,1850,0
174792,23,1850,1850,0
174792,24,497,497,0
174792,25,1353,1353,0
174792,32,54,31,23
174792,39,26,26,0
174792,40,1327,1327,0
174792,41,75,43,32
174792,42,21,21,0
174792,43,21,21,0
174792,44,3,3,0
174792,45,18,18,0
174792,52,54,22,32
174792,60,18,18,0
174817,1,5528,1961,3567
174817,2,1932,876,1056
174817,3,1897,859,1038
174817,4,319,138,181
174817,5,1578,721,857
174817,11,35,17,18
174817,12,3596,1085,2511
174817,19,197,93,104
174817,20,1381,628,753
174817,21,3294,1218,2076
174817,22,1307,613,694
174817,23,1296,610,686
174817,24,307,138,169
174817,25,989,472,517
174817,31,11,3,8
174817,32,1987,605,1382
174817,39,81,47,34
174817,40,908,425,483
174817,41,2234,743,1491
174817,42,625,263,362
174817,43,601,249,352
174817,44,12,0,12
174817,45,589,249,340
174817,51,24,14,10
174817,52,1609,480,1129
174817,59,116,46,70
174817,60,473,203,270
174844,1,3125,1370,1755
174844,2,3125,1370,1755
174844,3,3079,1350,1729
174844,4,752,319,433
174844,5,2327,1031,1296
174844,11,46,20,26
174844,19,19,8,11
174844,20,2308,1023,1285
174844,21,3081,1352,1729
174844,22,3081,1352,1729
174844,23,3071,1347,1724
174844,24,752,319,433
174844,25,2319,1028,1291
174844,31,10,5,5
174844,39,19,8,11
174844,40,2300,1020,1280
174844,41,44,18,26
174844,42,44,18,26
174844,43,8,3,5
174844,45,8,3,5
174844,51,36,15,21
174844,60,8,3,5
174862,1,1323,638,685
174862,2,1139,533,606
174862,3,1095,521,574
174862,4,210,118,92
174862,5,885,403,482
174862,11,44,12,32
174862,12,184,105,79
174862,19,53,26,27
174862,20,832,377,455
174862,21,1071,510,561
174862,22,935,436,499
174862,23,915,430,485
174862,24,198,112,86
174862,25,717,318,399
174862,31,20,6,14
174862,32,136,74,62
174862,39,51,24,27
174862,40,666,294,372
174862,41,252,128,124
174862,42,204,97,107
174862,43,180,91,89
174862,44,12,6,6
174862,45,168,85,83
174862,51,24,6,18
174862,52,48,31,17
174862,59,2,2,0
174862,60,166,83,83
174899,1,4206,1199,3007
174899,2,2917,896,2021
174899,3,2858,877,1981
174899,4,432,137,295
174899,5,2426,740,1686
174899,11,59,19,40
174899,12,1289,303,986
174899,19,449,104,345
174899,20,1977,636,1341
174899,21,3309,996,2313
174899,22,2423,782,1641
174899,23,2414,781,1633
174899,24,431,137,294
174899,25,1983,644,1339
174899,31,9,1,8
174899,32,886,214,672
174899,39,325,84,241
174899,40,1658,560,1098
174899,41,897,203,694
174899,42,494,114,380
174899,43,444,96,348
174899,44,1,0,1
174899,45,443,96,347
174899,51,50,18,32
174899,52,403,89,314
174899,59,124,20,104
174899,60,319,76,243
174914,1,10192,5235,4957
174914,2,6321,3337,2984
174914,3,6246,3310,2936
174914,4,1368,717,651
174914,5,4878,2593,2285
174914,11,75,27,48
174914,12,3871,1898,1973
174914,19,271,178,93
174914,20,4607,2415,2192
174914,21,7257,3768,3489
174914,22,6065,3200,2865
174914,23,6051,3197,2854
174914,24,1368,717,651
174914,25,4683,2480,2203
174914,31,14,3,11
174914,32,1192,568,624
174914,39,257,171,86
174914,40,4426,2309,2117
174914,41,2935,1467,1468
174914,42,256,137,119
174914,43,195,113,82
174914,45,195,113,82
174914,51,61,24,37
174914,52,2679,1330,1349
174914,59,14,7,7
174914,60,181,106,75
174978,1,148,3,145
174978,2,148,3,145
174978,3,148,3,145
174978,4,37,1,36
174978,5,111,2,109
174978,20,111,2,109
174978,21,116,2,114
174978,22,116,2,114
174978,23,116,2,114
174978,24,32,1,31
174978,25,84,1,83
174978,40,84,1,83
174978,41,32,1,31
174978,42,32,1,31
174978,43,32,1,31
174978,44,5,0,5
174978,45,27,1,26
174978,60,27,1,26
175005,1,5017,273,4744
175005,2,3559,123,3436
175005,3,3479,115,3364
175005,4,444,8,436
175005,5,3035,107,2928
175005,11,80,8,72
175005,12,1458,150,1308
175005,19,609,39,570
175005,20,2426,68,2358
175005,21,3254,133,3121
175005,22,2188,20,2168
175005,23,2174,19,2155
175005,24,419,6,413
175005,25,1755,13,1742
175005,31,14,1,13
175005,32,1066,113,953
175005,39,248,4,244
175005,40,1507,9,1498
175005,41,1763,140,1623
175005,42,1371,103,1268
175005,43,1305,96,1209
175005,44,25,2,23
175005,45,1280,94,1186
175005,51,66,7,59
175005,52,392,37,355
175005,59,361,35,326
175005,60,919,59,860
175014,1,5485,1285,4200
175014,2,5485,1285,4200
175014,3,4742,1268,3474
175014,4,207,54,153
175014,5,4535,1214,3321
175014,11,743,17,726
175014,19,1010,251,759
175014,20,3525,963,2562
175014,21,2787,733,2054
175014,22,2787,733,2054
175014,23,2784,732,2052
175014,24,161,44,117
175014,25,2623,688,1935
175014,31,3,1,2
175014,39,750,199,551
175014,40,1873,489,1384
175014,41,2698,552,2146
175014,42,2698,552,2146
175014,43,1958,536,1422
175014,44,46,10,36
175014,45,1912,526,1386
175014,51,740,16,724
175014,59,260,52,208
175014,60,1652,474,1178
175041,1,6740,3035,3705
175041,2,6740,3035,3705
175041,3,6083,2769,3314
175041,4,1246,666,580
175041,5,4837,2103,2734
175041,11,657,266,391
175041,19,993,423,570
175041,20,3844,1680,2164
175041,21,2740,1452,1288
175041,22,2740,1452,1288
175041,23,2686,1422,1264
175041,24,699,398,301
175041,25,1987,1024,963
175041,31,54,30,24
175041,39,444,234,210
175041,40,1543,790,753
175041,41,4000,1583,2417
175041,42,4000,1583,2417
175041,43,3397,1347,2050
175041,44,547,268,279
175041,45,2850,1079,1771
175041,51,603,236,367
175041,59,549,189,360
175041,60,2301,890,1411
175078,1,6917,2819,4098
175078,2,6467,2658,3809
175078,3,2426,1000,1426
175078,4,449,195,254
175078,5,1977,805,1172
175078,11,4041,1658,2383
175078,12,450,161,289
175078,19,244,96,148
175078,20,1733,709,1024
175078,21,2403,1019,1384
175078,22,2120,935,1185
175078,23,2006,884,1122
175078,24,445,192,253
175078,25,1561,692,869
175078,31,114,51,63
175078,32,283,84,199
175078,39,143,78,65
175078,40,1418,614,804
175078,41,4514,1800,2714
175078,42,4347,1723,2624
175078,43,420,116,304
175078,44,4,3,1
175078,45,416,113,303
175078,51,3927,1607,2320
175078,52,167,77,90
175078,59,101,18,83
175078,60,315,95,220
175120,1,252,159,93
175120,2,252,159,93
175120,3,252,159,93
175120,4,101,71,30
175120,5,151,88,63
175120,20,151,88,63
175120,21,244,153,91
175120,22,244,153,91
175120,23,244,153,91
175120,24,101,71,30
175120,25,143,82,61
175120,40,143,82,61
175120,41,8,6,2
175120,42,8,6,2
175120,43,8,6,2
175120,45,8,6,2
175120,60,8,6,2
175139,1,128,38,90
175139,12,128,38,90
175139,21,49,14,35
175139,32,49,14,35
175139,41,79,24,55
175139,52,79,24,55
175157,1,711,458,253
175157,2,711,458,253
175157,3,515,383,132
175157,4,163,120,43
175157,5,352,263,89
175157,11,196,75,121
175157,19,71,53,18
175157,20,281,210,71
175157,21,496,361,135
175157,22,496,361,135
175157,23,479,360,119
175157,24,162,119,43
175157,25,317,241,76
175157,31,17,1,16
175157,39,68,52,16
175157,40,249,189,60
175157,41,215,97,118
175157,42,215,97,118
175157,43,36,23,13
175157,44,1,1,0
175157,45,35,22,13
175157,51,179,74,105
175157,59,3,1,2
175157,60,32,21,11
175227,1,1071,940,131
175227,2,1071,940,131
175227,3,1065,935,130
175227,4,204,191,13
175227,5,861,744,117
175227,11,6,5,1
175227,19,219,191,28
175227,20,642,553,89
175227,21,855,768,87
175227,22,855,768,87
175227,23,854,767,87
175227,24,192,179,13
175227,25,662,588,74
175227,31,1,1,0
175227,39,188,172,16
175227,40,474,416,58
175227,41,216,172,44
175227,42,216,172,44
175227,43,211,168,43
175227,44,12,12,0
175227,45,199,156,43
175227,51,5,4,1
175227,59,31,19,12
175227,60,168,137,31
175236,1,3766,1731,2035
175236,2,3766,1731,2035
175236,3,3329,1598,1731
175236,4,739,439,300
175236,5,2590,1159,1431
175236,11,437,133,304
175236,19,406,194,212
175236,20,2184,965,1219
175236,21,2293,1188,1105
175236,22,2293,1188,1105
175236,23,2157,1145,1012
175236,24,605,374,231
175236,25,1552,771,781
175236,31,136,43,93
175236,39,297,161,136
175236,40,1255,610,645
175236,41,1473,543,930
175236,42,1473,543,930
175236,43,1172,453,719
175236,44,134,65,69
175236,45,1038,388,650
175236,51,301,90,211
175236,59,109,33,76
175236,60,929,355,574
175263,1,2207,913,1294
175263,2,2207,913,1294
175263,3,1875,777,1098
175263,4,298,165,133
175263,5,1577,612,965
175263,11,332,136,196
175263,19,321,165,156
175263,20,1256,447,809
175263,21,1135,536,599
175263,22,1135,536,599
175263,23,1111,526,585
175263,24,206,129,77
175263,25,905,397,508
175263,31,24,10,14
175263,39,210,128,82
175263,40,695,269,426
175263,41,1072,377,695
175263,42,1072,377,695
175263,43,764,251,513
175263,44,92,36,56
175263,45,672,215,457
175263,51,308,126,182
175263,59,111,37,74
175263,60,561,178,383
175272,1,8782,3340,5442
175272,2,8253,3206,5047
175272,3,8079,3139,4940
175272,4,1641,583,1058
175272,5,6438,2556,3882
175272,11,174,67,107
175272,12,529,134,395
175272,19,576,250,326
175272,20,5862,2306,3556
175272,21,7487,2926,4561
175272,22,7354,2899,4455
175272,23,7262,2868,4394
175272,24,1630,579,1051
175272,25,5632,2289,3343
175272,31,92,31,61
175272,32,133,27,106
175272,39,369,199,170
175272,40,5263,2090,3173
175272,41,1295,414,881
175272,42,899,307,592
175272,43,817,271,546
175272,44,11,4,7
175272,45,806,267,539
175272,51,82,36,46
175272,52,396,107,289
175272,59,207,51,156
175272,60,599,216,383
175281,1,813,399,414
175281,12,813,399,414
175281,21,553,271,282
175281,32,553,271,282
175281,41,260,128,132
175281,52,260,128,132
175315,1,10073,4513,5560
175315,2,10073,4513,5560
175315,3,9484,4248,5236
175315,4,1410,765,645
175315,5,8074,3483,4591
175315,11,589,265,324
175315,19,1377,592,785
175315,20,6697,2891,3806
175315,21,3985,2067,1918
175315,22,3985,2067,1918
175315,23,3809,1976,1833
175315,24,812,452,360
175315,25,2997,1524,1473
175315,31,176,91,85
175315,39,656,333,323
175315,40,2341,1191,1150
175315,41,6088,2446,3642
175315,42,6088,2446,3642
175315,43,5675,2272,3403
175315,44,598,313,285
175315,45,5077,1959,3118
175315,51,413,174,239
175315,59,721,259,462
175315,60,4356,1700,2656
175342,1,3848,1285,2563
175342,2,3157,1118,2039
175342,3,3157,1118,2039
175342,4,574,228,346
175342,5,2583,890,1693
175342,12,691,167,524
175342,19,152,53,99
175342,20,2431,837,1594
175342,21,2917,1075,1842
175342,22,2732,1020,1712
175342,23,2732,1020,1712
175342,24,545,215,330
175342,25,2187,805,1382
175342,32,185,55,130
175342,39,136,53,83
175342,40,2051,752,1299
175342,41,931,210,721
175342,42,425,98,327
175342,43,425,98,327
175342,44,29,13,16
175342,45,396,85,311
175342,52,506,112,394
175342,59,16,0,16
175342,60,380,85,295
175421,1,4025,1427,2598
175421,2,2749,1050,1699
175421,3,2487,958,1529
175421,4,280,125,155
175421,5,2207,833,1374
175421,11,262,92,170
175421,12,1276,377,899
175421,19,437,180,257
175421,20,1770,653,1117
175421,21,1411,613,798
175421,22,1242,558,684
175421,23,1241,557,684
175421,24,217,101,116
175421,25,1024,456,568
175421,31,1,1,0
175421,32,169,55,114
175421,39,200,109,91
175421,40,824,347,477
175421,41,2614,814,1800
175421,42,1507,492,1015
175421,43,1246,401,845
175421,44,63,24,39
175421,45,1183,377,806
175421,51,261,91,170
175421,52,1107,322,785
175421,59,237,71,166
175421,60,946,306,640
175430,1,532,217,315
175430,2,520,217,303
175430,3,497,207,290
175430,4,85,39,46
175430,5,412,168,244
175430,11,23,10,13
175430,12,12,0,12
175430,19,91,37,54
175430,20,321,131,190
175430,21,461,193,268
175430,22,453,193,260
175430,23,453,193,260
175430,24,81,37,44
175430,25,372,156,216
175430,32,8,0,8
175430,39,82,35,47
175430,40,290,121,169
175430,41,71,24,47
175430,42,67,24,43
175430,43,44,14,30
175430,44,4,2,2
175430,45,40,12,28
175430,51,23,10,13
175430,52,4,0,4
175430,59,9,2,7
175430,60,31,10,21
175494,1,97,4,93
175494,2,97,4,93
175494,3,97,4,93
175494,4,26,1,25
175494,5,71,3,68
175494,20,71,3,68
175494,21,97,4,93
175494,22,97,4,93
175494,23,97,4,93
175494,24,26,1,25
175494,25,71,3,68
175494,40,71,3,68
175519,1,2073,781,1292
175519,2,2073,781,1292
175519,3,1959,756,1203
175519,4,468,228,240
175519,5,1491,528,963
175519,11,114,25,89
175519,19,90,45,45
175519,20,1401,483,918
175519,21,1854,731,1123
175519,22,1854,731,1123
175519,23,1854,731,1123
175519,24,457,227,230
175519,25,1397,504,893
175519,39,80,42,38
175519,40,1317,462,855
175519,41,219,50,169
175519,42,219,50,169
175519,43,105,25,80
175519,44,11,1,10
175519,45,94,24,70
175519,51,114,25,89
175519,59,10,3,7
175519,60,84,21,63
175528,1,485,56,429
175528,2,485,56,429
175528,3,485,56,429
175528,4,48,3,45
175528,5,437,53,384
175528,19,40,3,37
175528,20,397,50,347
175528,21,375,44,331
175528,22,375,44,331
175528,23,375,44,331
175528,24,44,3,41
175528,25,331,41,290
175528,39,36,2,34
175528,40,295,39,256
175528,41,110,12,98
175528,42,110,12,98
175528,43,110,12,98
175528,44,4,0,4
175528,45,106,12,94
175528,59,4,1,3
175528,60,102,11,91
175573,1,3157,1176,1981
175573,2,3157,1176,1981
175573,3,2859,1067,1792
175573,4,692,322,370
175573,5,2167,745,1422
175573,11,298,109,189
175573,19,205,72,133
175573,20,1962,673,1289
175573,21,2509,976,1533
175573,22,2509,976,1533
175573,23,2505,975,1530
175573,24,655,310,345
175573,25,1850,665,1185
175573,31,4,1,3
175573,39,176,63,113
175573,40,1674,602,1072
175573,41,648,200,448
175573,42,648,200,448
175573,43,354,92,262
175573,44,37,12,25
175573,45,317,80,237
175573,51,294,108,186
175573,59,29,9,20
175573,60,288,71,217
175591,1,51,0,51
175591,2,51,0,51
175591,3,51,0,51
175591,4,7,0,7
175591,5,44,0,44
175591,20,44,0,44
175591,21,51,0,51
175591,22,51,0,51
175591,23,51,0,51
175591,24,7,0,7
175591,25,44,0,44
175591,40,44,0,44
175607,1,50,2,48
175607,2,50,2,48
175607,3,50,2,48
175607,4,3,0,3
175607,5,47,2,45
175607,20,47,2,45
175607,21,50,2,48
175607,22,50,2,48
175607,23,50,2,48
175607,24,3,0,3
175607,25,47,2,45
175607,40,47,2,45
175616,1,4785,1651,3134
175616,2,2638,1050,1588
175616,3,2638,1050,1588
175616,4,383,151,232
175616,5,2255,899,1356
175616,12,2147,601,1546
175616,19,470,180,290
175616,20,1785,719,1066
175616,21,3676,1300,2376
175616,22,2166,864,1302
175616,23,2166,864,1302
175616,24,381,150,231
175616,25,1785,714,1071
175616,32,1510,436,1074
175616,39,440,170,270
175616,40,1345,544,801
175616,41,1109,351,758
175616,42,472,186,286
175616,43,472,186,286
175616,44,2,1,1
175616,45,470,185,285
175616,52,637,165,472
175616,59,30,10,20
175616,60,440,175,265
175643,1,2572,1034,1538
175643,2,2572,1034,1538
175643,3,2323,934,1389
175643,4,754,376,378
175643,5,1569,558,1011
175643,11,249,100,149
175643,19,493,153,340
175643,20,1076,405,671
175643,21,1974,842,1132
175643,22,1974,842,1132
175643,23,1970,839,1131
175643,24,717,363,354
175643,25,1253,476,777
175643,31,4,3,1
175643,39,354,120,234
175643,40,899,356,543
175643,41,598,192,406
175643,42,598,192,406
175643,43,353,95,258
175643,44,37,13,24
175643,45,316,82,234
175643,51,245,97,148
175643,59,139,33,106
175643,60,177,49,128
175652,1,4364,1852,2512
175652,2,4364,1852,2512
175652,3,4364,1852,2512
175652,4,1083,513,570
175652,5,3281,1339,1942
175652,19,1151,471,680
175652,20,2130,868,1262
175652,21,2697,1169,1528
175652,22,2697,1169,1528
175652,23,2697,1169,1528
175652,24,733,348,385
175652,25,1964,821,1143
175652,39,628,247,381
175652,40,1336,574,762
175652,41,1667,683,984
175652,42,1667,683,984
175652,43,1667,683,984
175652,44,350,165,185
175652,45,1317,518,799
175652,59,523,224,299
175652,60,794,294,500
175698,1,32,21,11
175698,2,32,21,11
175698,3,32,21,11
175698,4,4,3,1
175698,5,28,18,10
175698,20,28,18,10
175698,21,11,8,3
175698,22,11,8,3
175698,23,11,8,3
175698,24,2,2,0
175698,25,9,6,3
175698,40,9,6,3
175698,41,21,13,8
175698,42,21,13,8
175698,43,21,13,8
175698,44,2,1,1
175698,45,19,12,7
175698,60,19,12,7
175722,1,40,1,39
175722,2,40,1,39
175722,3,40,1,39
175722,4,7,0,7
175722,5,33,1,32
175722,20,33,1,32
175722,21,40,1,39
175722,22,40,1,39
175722,23,40,1,39
175722,24,7,0,7
175722,25,33,1,32
175722,40,33,1,32
175786,1,11893,4352,7541
175786,2,11893,4352,7541
175786,3,10946,3975,6971
175786,4,2942,1314,1628
175786,5,8004,2661,5343
175786,11,947,377,570
175786,19,900,318,582
175786,20,7104,2343,4761
175786,21,8468,3250,5218
175786,22,8468,3250,5218
175786,23,8421,3230,5191
175786,24,2745,1236,1509
175786,25,5676,1994,3682
175786,31,47,20,27
175786,39,609,224,385
175786,40,5067,1770,3297
175786,41,3425,1102,2323
175786,42,3425,1102,2323
175786,43,2525,745,1780
175786,44,197,78,119
175786,45,2328,667,1661
175786,51,900,357,543
175786,59,291,94,197
175786,60,2037,573,1464
175810,1,5911,2121,3790
175810,2,5911,2121,3790
175810,3,5911,2121,3790
175810,4,1441,683,758
175810,5,4470,1438,3032
175810,19,936,278,658
175810,20,3534,1160,2374
175810,21,4048,1479,2569
175810,22,4048,1479,2569
175810,23,4048,1479,2569
175810,24,1038,514,524
175810,25,3010,965,2045
175810,39,629,181,448
175810,40,2381,784,1597
175810,41,1863,642,1221
175810,42,1863,642,1221
175810,43,1863,642,1221
175810,44,403,169,234
175810,45,1460,473,987
175810,59,307,97,210
175810,60,1153,376,777
175829,1,5693,2270,3423
175829,2,5693,2270,3423
175829,3,5477,2191,3286
175829,4,1577,707,870
175829,5,3900,1484,2416
175829,11,216,79,137
175829,19,1100,362,738
175829,20,2800,1122,1678
175829,21,4194,1747,2447
175829,22,4194,1747,2447
175829,23,4182,1747,2435
175829,24,1436,641,795
175829,25,2746,1106,1640
175829,31,12,0,12
175829,39,583,216,367
175829,40,2163,890,1273
175829,41,1499,523,976
175829,42,1499,523,976
175829,43,1295,444,851
175829,44,141,66,75
175829,45,1154,378,776
175829,51,204,79,125
175829,59,517,146,371
175829,60,637,232,405
175856,1,9134,3204,5930
175856,2,6903,2566,4337
175856,3,6880,2553,4327
175856,4,1103,470,633
175856,5,5777,2083,3694
175856,11,23,13,10
175856,12,2231,638,1593
175856,19,717,236,481
175856,20,5060,1847,3213
175856,21,6665,2564,4101
175856,22,5812,2304,3508
175856,23,5796,2294,3502
175856,24,1095,468,627
175856,25,4701,1826,2875
175856,31,16,10,6
175856,32,853,260,593
175856,39,591,189,402
175856,40,4110,1637,2473
175856,41,2469,640,1829
175856,42,1091,262,829
175856,43,1084,259,825
175856,44,8,2,6
175856,45,1076,257,819
175856,51,7,3,4
175856,52,1378,378,1000
175856,59,126,47,79
175856,60,950,210,740
175883,1,4443,1850,2593
175883,2,4443,1850,2593
175883,3,4443,1850,2593
175883,4,1584,732,852
175883,5,2859,1118,1741
175883,19,331,141,190
175883,20,2528,977,1551
175883,21,3573,1511,2062
175883,22,3573,1511,2062
175883,23,3573,1511,2062
175883,24,1237,597,640
175883,25,2336,914,1422
175883,39,278,116,162
175883,40,2058,798,1260
175883,41,870,339,531
175883,42,870,339,531
175883,43,870,339,531
175883,44,347,135,212
175883,45,523,204,319
175883,59,53,25,28
175883,60,470,179,291
175935,1,3713,1160,2553
175935,2,3713,1160,2553
175935,3,3601,1101,2500
175935,4,613,256,357
175935,5,2988,845,2143
175935,11,112,59,53
175935,19,1166,276,890
175935,20,1822,569,1253
175935,21,2481,774,1707
175935,22,2481,774,1707
175935,23,2472,766,1706
175935,24,483,201,282
175935,25,1989,565,1424
175935,31,9,8,1
175935,39,766,165,601
175935,40,1223,400,823
175935,41,1232,386,846
175935,42,1232,386,846
175935,43,1129,335,794
175935,44,130,55,75
175935,45,999,280,719
175935,51,103,51,52
175935,59,400,111,289
175935,60,599,169,430
175980,1,804,430,374
175980,2,744,389,355
175980,3,734,388,346
175980,4,171,96,75
175980,5,563,292,271
175980,11,10,1,9
175980,12,60,41,19
175980,19,26,18,8
175980,20,537,274,263
175980,21,767,409,358
175980,22,730,384,346
175980,23,729,384,345
175980,24,171,96,75
175980,25,558,288,270
175980,31,1,0,1
175980,32,37,25,12
175980,39,26,18,8
175980,40,532,270,262
175980,41,37,21,16
175980,42,14,5,9
175980,43,5,4,1
175980,45,5,4,1
175980,51,9,1,8
175980,52,23,16,7
175980,60,5,4,1
176008,1,2950,1098,1852
176008,2,2950,1098,1852
176008,3,2567,961,1606
176008,4,738,317,421
176008,5,1829,644,1185
176008,11,383,137,246
176008,19,246,81,165
176008,20,1583,563,1020
176008,21,2305,883,1422
176008,22,2305,883,1422
176008,23,2192,846,1346
176008,24,688,300,388
176008,25,1504,546,958
176008,31,113,37,76
176008,39,181,58,123
176008,40,1323,488,835
176008,41,645,215,430
176008,42,645,215,430
176008,43,375,115,260
176008,44,50,17,33
176008,45,325,98,227
176008,51,270,100,170
176008,59,65,23,42
176008,60,260,75,185
176017,1,19431,8767,10664
176017,2,16677,7513,9164
176017,3,16432,7393,9039
176017,4,3582,1575,2007
176017,5,12850,5818,7032
176017,11,245,120,125
176017,12,2754,1254,1500
176017,19,1228,541,687
176017,20,11622,5277,6345
176017,21,17612,8002,9610
176017,22,15628,7024,8604
176017,23,15411,6917,8494
176017,24,3564,1565,1999
176017,25,11847,5352,6495
176017,31,217,107,110
176017,32,1984,978,1006
176017,39,1133,506,627
176017,40,10714,4846,5868
176017,41,1819,765,1054
176017,42,1049,489,560
176017,43,1021,476,545
176017,44,18,10,8
176017,45,1003,466,537
176017,51,28,13,15
176017,52,770,276,494
176017,59,95,35,60
176017,60,908,431,477
176026,1,2268,731,1537
176026,2,700,122,578
176026,3,699,121,578
176026,5,699,121,578
176026,11,1,1,0
176026,12,1568,609,959
176026,19,262,44,218
176026,20,437,77,360
176026,21,1478,575,903
176026,22,360,49,311
176026,23,360,49,311
176026,25,360,49,311
176026,32,1118,526,592
176026,39,147,18,129
176026,40,213,31,182
176026,41,790,156,634
176026,42,340,73,267
176026,43,339,72,267
176026,45,339,72,267
176026,51,1,1,0
176026,52,450,83,367
176026,59,115,26,89
176026,60,224,46,178
176035,1,2629,475,2154
176035,2,2429,441,1988
176035,3,2252,370,1882
176035,4,183,30,153
176035,5,2069,340,1729
176035,11,177,71,106
176035,12,200,34,166
176035,19,594,92,502
176035,20,1475,248,1227
176035,21,2046,330,1716
176035,22,1945,316,1629
176035,23,1942,315,1627
176035,24,182,29,153
176035,25,1760,286,1474
176035,31,3,1,2
176035,32,101,14,87
176035,39,557,86,471
176035,40,1203,200,1003
176035,41,583,145,438
176035,42,484,125,359
176035,43,310,55,255
176035,44,1,1,0
176035,45,309,54,255
176035,51,174,70,104
176035,52,99,20,79
176035,59,37,6,31
176035,60,272,48,224
176044,1,2203,883,1320
176044,2,1926,814,1112
176044,3,1856,786,1070
176044,4,493,230,263
176044,5,1363,556,807
176044,11,70,28,42
176044,12,277,69,208
176044,19,181,82,99
176044,20,1182,474,708
176044,21,1711,723,988
176044,22,1600,696,904
176044,23,1600,696,904
176044,24,459,214,245
176044,25,1141,482,659
176044,32,111,27,84
176044,39,159,75,84
176044,40,982,407,575
176044,41,492,160,332
176044,42,326,118,208
176044,43,256,90,166
176044,44,34,16,18
176044,45,222,74,148
176044,51,70,28,42
176044,52,166,42,124
176044,59,22,7,15
176044,60,200,67,133
176053,1,4921,1964,2957
176053,2,2905,1196,1709
176053,3,2895,1192,1703
176053,4,598,289,309
176053,5,2297,903,1394
176053,11,10,4,6
176053,12,2016,768,1248
176053,19,316,136,180
176053,20,1981,767,1214
176053,21,3781,1594,2187
176053,22,2589,1084,1505
176053,23,2586,1084,1502
176053,24,588,284,304
176053,25,1998,800,1198
176053,31,3,0,3
176053,32,1192,510,682
176053,39,291,126,165
176053,40,1707,674,1033
176053,41,1140,370,770
176053,42,316,112,204
176053,43,309,108,201
176053,44,10,5,5
176053,45,299,103,196
176053,51,7,4,3
176053,52,824,258,566
176053,59,25,10,15
176053,60,274,93,181
176062,1,82,1,81
176062,2,82,1,81
176062,3,82,1,81
176062,4,16,0,16
176062,5,66,1,65
176062,20,66,1,65
176062,21,82,1,81
176062,22,82,1,81
176062,23,82,1,81
176062,24,16,0,16
176062,25,66,1,65
176062,40,66,1,65
176071,1,10106,4084,6022
176071,2,10106,4084,6022
176071,3,10074,4068,6006
176071,4,2919,1257,1662
176071,5,7155,2811,4344
176071,11,32,16,16
176071,19,646,296,350
176071,20,6509,2515,3994
176071,21,6941,2817,4124
176071,22,6941,2817,4124
176071,23,6935,2814,4121
176071,24,2085,914,1171
176071,25,4850,1900,2950
176071,31,6,3,3
176071,39,406,197,209
176071,40,4444,1703,2741
176071,41,3165,1267,1898
176071,42,3165,1267,1898
176071,43,3139,1254,1885
176071,44,834,343,491
176071,45,2305,911,1394
176071,51,26,13,13
176071,59,240,99,141
176071,60,2065,812,1253
176080,1,20161,10406,9755
176080,2,16399,8523,7876
176080,3,16399,8523,7876
176080,4,3156,1474,1682
176080,5,13243,7049,6194
176080,12,3762,1883,1879
176080,19,1534,839,695
176080,20,11709,6210,5499
176080,21,16951,8765,8186
176080,22,15048,7805,7243
176080,23,15048,7805,7243
176080,24,3149,1469,1680
176080,25,11899,6336,5563
176080,32,1903,960,943
176080,39,1421,784,637
176080,40,10478,5552,4926
176080,41,3210,1641,1569
176080,42,1351,718,633
176080,43,1351,718,633
176080,44,7,5,2
176080,45,1344,713,631
176080,52,1859,923,936
176080,59,113,55,58
176080,60,1231,658,573
176169,1,3271,1368,1903
176169,2,3271,1368,1903
176169,3,3105,1304,1801
176169,4,1087,510,577
176169,5,2018,794,1224
176169,11,166,64,102
176169,19,148,57,91
176169,20,1870,737,1133
176169,21,2710,1149,1561
176169,22,2710,1149,1561
176169,23,2710,1149,1561
176169,24,1030,482,548
176169,25,1680,667,1013
176169,39,116,42,74
176169,40,1564,625,939
176169,41,561,219,342
176169,42,561,219,342
176169,43,395,155,240
176169,44,57,28,29
176169,45,338,127,211
176169,51,166,64,102
176169,59,32,15,17
176169,60,306,112,194
176178,1,7871,3095,4776
176178,2,7871,3095,4776
176178,3,7530,2981,4549
176178,4,1927,873,1054
176178,5,5603,2108,3495
176178,11,341,114,227
176178,19,649,268,381
176178,20,4954,1840,3114
176178,21,5956,2411,3545
176178,22,5956,2411,3545
176178,23,5947,2408,3539
176178,24,1761,799,962
176178,25,4186,1609,2577
176178,31,9,3,6
176178,39,472,206,266
176178,40,3714,1403,2311
176178,41,1915,684,1231
176178,42,1915,684,1231
176178,43,1583,573,1010
176178,44,166,74,92
176178,45,1417,499,918
176178,51,332,111,221
176178,59,177,62,115
176178,60,1240,437,803
176239,1,5170,1949,3221
176239,2,5170,1949,3221
176239,3,5170,1949,3221
176239,4,2539,951,1588
176239,5,2631,998,1633
176239,19,423,172,251
176239,20,2208,826,1382
176239,21,3559,1379,2180
176239,22,3559,1379,2180
176239,23,3559,1379,2180
176239,24,1808,719,1089
176239,25,1751,660,1091
176239,39,255,109,146
176239,40,1496,551,945
176239,41,1611,570,1041
176239,42,1611,570,1041
176239,43,1611,570,1041
176239,44,731,232,499
176239,45,880,338,542
176239,59,168,63,105
176239,60,712,275,437
176318,1,922,358,564
176318,2,922,358,564
176318,3,922,358,564
176318,4,267,93,174
176318,5,655,265,390
176318,19,44,13,31
176318,20,611,252,359
176318,21,854,328,526
176318,22,854,328,526
176318,23,854,328,526
176318,24,267,93,174
176318,25,587,235,352
176318,39,44,13,31
176318,40,543,222,321
176318,41,68,30,38
176318,42,68,30,38
176318,43,68,30,38
176318,45,68,30,38
176318,60,68,30,38
176336,1,38,23,15
176336,2,38,23,15
176336,3,37,22,15
176336,4,8,6,2
176336,5,29,16,13
176336,11,1,1,0
176336,20,29,16,13
176336,21,27,15,12
176336,22,27,15,12
176336,23,27,15,12
176336,24,7,5,2
176336,25,20,10,10
176336,40,20,10,10
176336,41,11,8,3
176336,42,11,8,3
176336,43,10,7,3
176336,44,1,1,0
176336,45,9,6,3
176336,51,1,1,0
176336,60,9,6,3
176354,1,2021,769,1252
176354,2,2021,769,1252
176354,3,1933,737,1196
176354,4,663,312,351
176354,5,1270,425,845
176354,11,88,32,56
176354,19,119,34,85
176354,20,1151,391,760
176354,21,1767,701,1066
176354,22,1767,701,1066
176354,23,1766,701,1065
176354,24,646,305,341
176354,25,1120,396,724
176354,31,1,0,1
176354,39,98,29,69
176354,40,1022,367,655
176354,41,254,68,186
176354,42,254,68,186
176354,43,167,36,131
176354,44,17,7,10
176354,45,150,29,121
176354,51,87,32,55
176354,59,21,5,16
176354,60,129,24,105
176372,1,15249,5595,9654
176372,2,12475,4522,7953
176372,3,12371,4478,7893
176372,4,1746,583,1163
176372,5,10625,3895,6730
176372,11,104,44,60
176372,12,2774,1073,1701
176372,19,1622,592,1030
176372,20,9003,3303,5700
176372,21,12317,4508,7809
176372,22,10841,3882,6959
176372,23,10829,3875,6954
176372,24,1726,576,1150
176372,25,9103,3299,5804
176372,31,12,7,5
176372,32,1476,626,850
176372,39,1449,528,921
176372,40,7654,2771,4883
176372,41,2932,1087,1845
176372,42,1634,640,994
176372,43,1542,603,939
176372,44,20,7,13
176372,45,1522,596,926
176372,51,92,37,55
176372,52,1298,447,851
176372,59,173,64,109
176372,60,1349,532,817
176390,1,133,8,125
176390,2,133,8,125
176390,3,133,8,125
176390,4,37,4,33
176390,5,96,4,92
176390,20,96,4,92
176390,21,133,8,125
176390,22,133,8,125
176390,23,133,8,125
176390,24,37,4,33
176390,25,96,4,92
176390,40,96,4,92
176406,1,878,311,567
176406,2,878,311,567
176406,3,877,311,566
176406,4,153,49,104
176406,5,724,262,462
176406,11,1,0,1
176406,19,60,26,34
176406,20,664,236,428
176406,21,849,299,550
176406,22,849,299,550
176406,23,849,299,550
176406,24,153,49,104
176406,25,696,250,446
176406,39,59,25,34
176406,40,637,225,412
176406,41,29,12,17
176406,42,29,12,17
176406,43,28,12,16
176406,45,28,12,16
176406,51,1,0,1
176406,59,1,1,0
176406,60,27,11,16
176451,1,44,34,10
176451,12,44,34,10
176451,21,7,3,4
176451,32,7,3,4
176451,41,37,31,6
176451,52,37,31,6
176479,1,3882,1327,2555
176479,2,2257,807,1450
176479,3,2166,776,1390
176479,4,182,89,93
176479,5,1984,687,1297
176479,11,91,31,60
176479,12,1625,520,1105
176479,19,383,132,251
176479,20,1601,555,1046
176479,21,2826,1062,1764
176479,22,1886,705,1181
176479,23,1886,705,1181
176479,24,179,87,92
176479,25,1707,618,1089
176479,32,940,357,583
176479,39,333,118,215
176479,40,1374,500,874
176479,41,1056,265,791
176479,42,371,102,269
176479,43,280,71,209
176479,44,3,2,1
176479,45,277,69,208
176479,51,91,31,60
176479,52,685,163,522
176479,59,50,14,36
176479,60,227,55,172
176549,1,277,41,236
176549,2,277,41,236
176549,3,277,41,236
176549,4,115,20,95
176549,5,162,21,141
176549,20,162,21,141
176549,21,277,41,236
176549,22,277,41,236
176549,23,277,41,236
176549,24,115,20,95
176549,25,162,21,141
176549,40,162,21,141
176600,1,149,82,67
176600,12,149,82,67
176600,21,45,34,11
176600,32,45,34,11
176600,41,104,48,56
176600,52,104,48,56
176619,1,404,283,121
176619,12,404,283,121
176619,21,118,72,46
176619,32,118,72,46
176619,41,286,211,75
176619,52,286,211,75
176628,1,1971,645,1326
176628,2,1401,484,917
176628,3,1336,445,891
176628,4,182,57,125
176628,5,1154,388,766
176628,11,65,39,26
176628,12,570,161,409
176628,19,167,72,95
176628,20,987,316,671
176628,21,1526,539,987
176628,22,1124,422,702
176628,23,1073,388,685
176628,24,182,57,125
176628,25,891,331,560
176628,31,51,34,17
176628,32,402,117,285
176628,39,163,71,92
176628,40,728,260,468
176628,41,445,106,339
176628,42,277,62,215
176628,43,263,57,206
176628,45,263,57,206
176628,51,14,5,9
176628,52,168,44,124
176628,59,4,1,3
176628,60,259,56,203
176637,1,602,432,170
176637,2,602,432,170
176637,3,602,432,170
176637,4,103,70,33
176637,5,499,362,137
176637,19,21,8,13
176637,20,478,354,124
176637,21,481,347,134
176637,22,481,347,134
176637,23,481,347,134
176637,24,96,63,33
176637,25,385,284,101
176637,39,10,4,6
176637,40,375,280,95
176637,41,121,85,36
176637,42,121,85,36
176637,43,121,85,36
176637,44,7,7,0
176637,45,114,78,36
176637,59,11,4,7
176637,60,103,74,29
176664,1,367,214,153
176664,2,305,166,139
176664,3,305,166,139
176664,4,56,27,29
176664,5,249,139,110
176664,12,62,48,14
176664,19,24,16,8
176664,20,225,123,102
176664,21,278,156,122
176664,22,268,148,120
176664,23,268,148,120
176664,24,55,27,28
176664,25,213,121,92
176664,32,10,8,2
176664,39,21,13,8
176664,40,192,108,84
176664,41,89,58,31
176664,42,37,18,19
176664,43,37,18,19
176664,44,1,0,1
176664,45,36,18,18
176664,52,52,40,12
176664,59,3,3,0
176664,60,33,15,18
176716,1,90,6,84
176716,2,90,6,84
176716,3,90,6,84
176716,4,19,2,17
176716,5,71,4,67
176716,20,71,4,67
176716,21,90,6,84
176716,22,90,6,84
176716,23,90,6,84
176716,24,19,2,17
176716,25,71,4,67
176716,40,71,4,67
176770,1,880,97,783
176770,2,832,97,735
176770,3,832,97,735
176770,4,15,1,14
176770,5,817,96,721
176770,12,48,0,48
176770,19,206,37,169
176770,20,611,59,552
176770,21,455,51,404
176770,22,433,51,382
176770,23,433,51,382
176770,24,7,0,7
176770,25,426,51,375
176770,32,22,0,22
176770,39,101,21,80
176770,40,325,30,295
176770,41,425,46,379
176770,42,399,46,353
176770,43,399,46,353
176770,44,8,1,7
176770,45,391,45,346
176770,52,26,0,26
176770,59,105,16,89
176770,60,286,29,257
176789,1,328,167,161
176789,2,272,130,142
176789,3,251,120,131
176789,4,44,17,27
176789,5,207,103,104
176789,11,21,10,11
176789,12,56,37,19
176789,19,46,22,24
176789,20,161,81,80
176789,21,187,93,94
176789,22,174,81,93
176789,23,173,81,92
176789,24,37,15,22
176789,25,136,66,70
176789,31,1,0,1
176789,32,13,12,1
176789,39,34,15,19
176789,40,102,51,51
176789,41,141,74,67
176789,42,98,49,49
176789,43,78,39,39
176789,44,7,2,5
176789,45,71,37,34
176789,51,20,10,10
176789,52,43,25,18
176789,59,12,7,5
176789,60,59,30,29
176798,1,305,116,189
176798,2,305,116,189
176798,3,305,116,189
176798,4,49,30,19
176798,5,256,86,170
176798,20,256,86,170
176798,21,149,44,105
176798,22,149,44,105
176798,23,149,44,105
176798,24,14,4,10
176798,25,135,40,95
176798,40,135,40,95
176798,41,156,72,84
176798,42,156,72,84
176798,43,156,72,84
176798,44,35,26,9
176798,45,121,46,75
176798,60,121,46,75
176910,1,302,161,141
176910,2,302,161,141
176910,3,297,158,139
176910,4,64,29,35
176910,5,233,129,104
176910,11,5,3,2
176910,19,31,20,11
176910,20,202,109,93
176910,21,237,123,114
176910,22,237,123,114
176910,23,237,123,114
176910,24,49,22,27
176910,25,188,101,87
176910,39,26,18,8
176910,40,162,83,79
176910,41,65,38,27
176910,42,65,38,27
176910,43,60,35,25
176910,44,15,7,8
176910,45,45,28,17
176910,51,5,3,2
176910,59,5,2,3
176910,60,40,26,14
176947,1,1107,540,567
176947,2,1107,540,567
176947,3,1104,538,566
176947,4,291,147,144
176947,5,813,391,422
176947,11,3,2,1
176947,19,108,46,62
176947,20,705,345,360
176947,21,1024,511,513
176947,22,1024,511,513
176947,23,1024,511,513
176947,24,291,147,144
176947,25,733,364,369
176947,39,99,45,54
176947,40,634,319,315
176947,41,83,29,54
176947,42,83,29,54
176947,43,80,27,53
176947,45,80,27,53
176947,51,3,2,1
176947,59,9,1,8
176947,60,71,26,45
176965,1,12513,5620,6893
176965,2,9974,4574,5400
176965,3,9160,4193,4967
176965,4,1769,801,968
176965,5,7391,3392,3999
176965,11,814,381,433
176965,12,2539,1046,1493
176965,19,992,435,557
176965,20,6399,2957,3442
176965,21,9203,4302,4901
176965,22,8290,3800,4490
176965,23,8201,3765,4436
176965,24,1746,786,960
176965,25,6455,2979,3476
176965,31,89,35,54
176965,32,913,502,411
176965,39,831,377,454
176965,40,5624,2602,3022
176965,41,3310,1318,1992
176965,42,1684,774,910
176965,43,959,428,531
176965,44,23,15,8
176965,45,936,413,523
176965,51,725,346,379
176965,52,1626,544,1082
176965,59,161,58,103
176965,60,775,355,420
176983,1,90,82,8
176983,2,90,82,8
176983,3,90,82,8
176983,4,46,44,2
176983,5,44,38,6
176983,20,44,38,6
176983,21,90,82,8
176983,22,90,82,8
176983,23,90,82,8
176983,24,46,44,2
176983,25,44,38,6
176983,40,44,38,6
176992,1,12,2,10
176992,2,12,2,10
176992,3,12,2,10
176992,4,8,2,6
176992,5,4,0,4
176992,20,4,0,4
176992,21,12,2,10
176992,22,12,2,10
176992,23,12,2,10
176992,24,8,2,6
176992,25,4,0,4
176992,40,4,0,4
177038,1,500,318,182
177038,2,66,43,23
177038,3,66,43,23
177038,5,66,43,23
177038,12,434,275,159
177038,19,35,25,10
177038,20,31,18,13
177038,21,482,307,175
177038,22,54,36,18
177038,23,54,36,18
177038,25,54,36,18
177038,32,428,271,157
177038,39,31,22,9
177038,40,23,14,9
177038,41,18,11,7
177038,42,12,7,5
177038,43,12,7,5
177038,45,12,7,5
177038,52,6,4,2
177038,59,4,3,1
177038,60,8,4,4
177056,1,78,23,55
177056,2,78,23,55
177056,3,78,23,55
177056,4,21,10,11
177056,5,57,13,44
177056,20,57,13,44
177056,21,44,7,37
177056,22,44,7,37
177056,23,44,7,37
177056,24,8,3,5
177056,25,36,4,32
177056,40,36,4,32
177056,41,34,16,18
177056,42,34,16,18
177056,43,34,16,18
177056,44,13,7,6
177056,45,21,9,12
177056,60,21,9,12
177065,1,16946,6867,10079
177065,2,15998,6489,9509
177065,3,15498,6217,9281
177065,4,990,402,588
177065,5,14508,5815,8693
177065,11,500,272,228
177065,12,948,378,570
177065,19,1398,560,838
177065,20,13110,5255,7855
177065,21,9572,3846,5726
177065,22,9442,3799,5643
177065,23,9340,3750,5590
177065,24,671,247,424
177065,25,8669,3503,5166
177065,31,102,49,53
177065,32,130,47,83
177065,39,959,376,583
177065,40,7710,3127,4583
177065,41,7374,3021,4353
177065,42,6556,2690,3866
177065,43,6158,2467,3691
177065,44,319,155,164
177065,45,5839,2312,3527
177065,51,398,223,175
177065,52,818,331,487
177065,59,439,184,255
177065,60,5400,2128,3272
177083,1,99,94,5
177083,2,99,94,5
177083,3,90,89,1
177083,4,19,19,0
177083,5,71,70,1
177083,11,9,5,4
177083,19,17,16,1
177083,20,54,54,0
177083,21,90,89,1
177083,22,90,89,1
177083,23,90,89,1
177083,24,19,19,0
177083,25,71,70,1
177083,39,17,16,1
177083,40,54,54,0
177083,41,9,5,4
177083,42,9,5,4
177083,51,9,5,4
177092,1,376,355,21
177092,12,376,355,21
177092,21,211,204,7
177092,32,211,204,7
177092,41,165,151,14
177092,52,165,151,14
177117,1,277,0,277
177117,2,277,0,277
177117,3,277,0,277
177117,4,124,0,124
177117,5,153,0,153
177117,19,10,0,10
177117,20,143,0,143
177117,21,275,0,275
177117,22,275,0,275
177117,23,275,0,275
177117,24,124,0,124
177117,25,151,0,151
177117,39,10,0,10
177117,40,141,0,141
177117,41,2,0,2
177117,42,2,0,2
177117,43,2,0,2
177117,45,2,0,2
177117,60,2,0,2
177126,1,602,458,144
177126,12,602,458,144
177126,21,257,211,46
177126,32,257,211,46
177126,41,345,247,98
177126,52,345,247,98
177135,1,5845,2097,3748
177135,2,5845,2097,3748
177135,3,4336,1535,2801
177135,4,1286,541,745
177135,5,3050,994,2056
177135,11,1509,562,947
177135,19,180,62,118
177135,20,2870,932,1938
177135,21,2561,1003,1558
177135,22,2561,1003,1558
177135,23,2517,983,1534
177135,24,967,409,558
177135,25,1550,574,976
177135,31,44,20,24
177135,39,121,46,75
177135,40,1429,528,901
177135,41,3284,1094,2190
177135,42,3284,1094,2190
177135,43,1819,552,1267
177135,44,319,132,187
177135,45,1500,420,1080
177135,51,1465,542,923
177135,59,59,16,43
177135,60,1441,404,1037
177144,1,843,420,423
177144,2,830,413,417
177144,3,809,407,402
177144,4,220,100,120
177144,5,589,307,282
177144,11,21,6,15
177144,12,13,7,6
177144,19,80,48,32
177144,20,509,259,250
177144,21,785,408,377
177144,22,772,401,371
177144,23,772,401,371
177144,24,220,100,120
177144,25,552,301,251
177144,32,13,7,6
177144,39,71,47,24
177144,40,481,254,227
177144,41,58,12,46
177144,42,58,12,46
177144,43,37,6,31
177144,45,37,6,31
177144,51,21,6,15
177144,59,9,1,8
177144,60,28,5,23
177214,1,4649,1783,2866
177214,2,4231,1666,2565
177214,3,4001,1558,2443
177214,4,519,222,297
177214,5,3482,1336,2146
177214,11,230,108,122
177214,12,418,117,301
177214,19,276,106,170
177214,20,3206,1230,1976
177214,21,3278,1289,1989
177214,22,3008,1206,1802
177214,23,2958,1181,1777
177214,24,433,185,248
177214,25,2525,996,1529
177214,31,50,25,25
177214,32,270,83,187
177214,39,192,73,119
177214,40,2333,923,1410
177214,41,1371,494,877
177214,42,1223,460,763
177214,43,1043,377,666
177214,44,86,37,49
177214,45,957,340,617
177214,51,180,83,97
177214,52,148,34,114
177214,59,84,33,51
177214,60,873,307,566
177250,1,3900,1481,2419
177250,2,3900,1481,2419
177250,3,3113,1115,1998
177250,4,773,344,429
177250,5,2340,771,1569
177250,11,787,366,421
177250,19,225,72,153
177250,20,2115,699,1416
177250,21,1852,727,1125
177250,22,1852,727,1125
177250,23,1788,692,1096
177250,24,624,278,346
177250,25,1164,414,750
177250,31,64,35,29
177250,39,145,56,89
177250,40,1019,358,661
177250,41,2048,754,1294
177250,42,2048,754,1294
177250,43,1325,423,902
177250,44,149,66,83
177250,45,1176,357,819
177250,51,723,331,392
177250,59,80,16,64
177250,60,1096,341,755
177278,1,167,80,87
177278,12,167,80,87
177278,21,100,50,50
177278,32,100,50,50
177278,41,67,30,37
177278,52,67,30,37
177287,1,186,6,180
177287,2,186,6,180
177287,3,186,6,180
177287,4,47,1,46
177287,5,139,5,134
177287,20,139,5,134
177287,21,149,5,144
177287,22,149,5,144
177287,23,149,5,144
177287,24,40,1,39
177287,25,109,4,105
177287,40,109,4,105
177287,41,37,1,36
177287,42,37,1,36
177287,43,37,1,36
177287,44,7,0,7
177287,45,30,1,29
177287,60,30,1,29
177302,1,555,204,351
177302,2,555,204,351
177302,3,555,204,351
177302,4,338,110,228
177302,5,217,94,123
177302,19,196,77,119
177302,20,21,17,4
177302,21,555,204,351
177302,22,555,204,351
177302,23,555,204,351
177302,24,338,110,228
177302,25,217,94,123
177302,39,196,77,119
177302,40,21,17,4
177339,1,2274,980,1294
177339,2,2077,915,1162
177339,3,2071,912,1159
177339,4,460,198,262
177339,5,1611,714,897
177339,11,6,3,3
177339,12,197,65,132
177339,19,112,51,61
177339,20,1499,663,836
177339,21,1984,871,1113
177339,22,1887,829,1058
177339,23,1886,829,1057
177339,24,458,198,260
177339,25,1428,631,797
177339,31,1,0,1
177339,32,97,42,55
177339,39,110,50,60
177339,40,1318,581,737
177339,41,290,109,181
177339,42,190,86,104
177339,43,185,83,102
177339,44,2,0,2
177339,45,183,83,100
177339,51,5,3,2
177339,52,100,23,77
177339,59,2,1,1
177339,60,181,82,99
177418,1,1997,599,1398
177418,2,1328,435,893
177418,3,1242,406,836
177418,4,160,68,92
177418,5,1082,338,744
177418,11,86,29,57
177418,12,669,164,505
177418,19,170,33,137
177418,20,912,305,607
177418,21,1192,404,788
177418,22,956,344,612
177418,23,948,341,607
177418,24,157,67,90
177418,25,791,274,517
177418,31,8,3,5
177418,32,236,60,176
177418,39,133,30,103
177418,40,658,244,414
177418,41,805,195,610
177418,42,372,91,281
177418,43,294,65,229
177418,44,3,1,2
177418,45,291,64,227
177418,51,78,26,52
177418,52,433,104,329
177418,59,37,3,34
177418,60,254,61,193
177427,1,254,71,183
177427,12,254,71,183
177427,21,199,58,141
177427,32,199,58,141
177427,41,55,13,42
177427,52,55,13,42
177436,1,41,7,34
177436,2,41,7,34
177436,3,41,7,34
177436,4,41,7,34
177436,21,34,1,33
177436,22,34,1,33
177436,23,34,1,33
177436,24,34,1,33
177436,41,7,6,1
177436,42,7,6,1
177436,43,7,6,1
177436,44,7,6,1
177472,1,14798,6262,8536
177472,2,14798,6262,8536
177472,3,13087,5480,7607
177472,4,3186,1484,1702
177472,5,9901,3996,5905
177472,11,1711,782,929
177472,19,893,403,490
177472,20,9008,3593,5415
177472,21,7049,3021,4028
177472,22,7049,3021,4028
177472,23,6896,2965,3931
177472,24,2255,1019,1236
177472,25,4641,1946,2695
177472,31,153,56,97
177472,39,514,255,259
177472,40,4127,1691,2436
177472,41,7749,3241,4508
177472,42,7749,3241,4508
177472,43,6191,2515,3676
177472,44,931,465,466
177472,45,5260,2050,3210
177472,51,1558,726,832
177472,59,379,148,231
177472,60,4881,1902,2979
177542,1,1229,509,720
177542,2,1198,503,695
177542,3,921,383,538
177542,4,196,91,105
177542,5,725,292,433
177542,11,277,120,157
177542,12,31,6,25
177542,19,156,60,96
177542,20,569,232,337
177542,21,883,366,517
177542,22,874,365,509
177542,23,853,356,497
177542,24,192,88,104
177542,25,661,268,393
177542,31,21,9,12
177542,32,9,1,8
177542,39,135,55,80
177542,40,526,213,313
177542,41,346,143,203
177542,42,324,138,186
177542,43,68,27,41
177542,44,4,3,1
177542,45,64,24,40
177542,51,256,111,145
177542,52,22,5,17
177542,59,21,5,16
177542,60,43,19,24
177551,1,1298,458,840
177551,2,1298,458,840
177551,3,1266,447,819
177551,4,195,81,114
177551,5,1071,366,705
177551,11,32,11,21
177551,19,159,56,103
177551,20,912,310,602
177551,21,984,367,617
177551,22,984,367,617
177551,23,979,365,614
177551,24,182,76,106
177551,25,797,289,508
177551,31,5,2,3
177551,39,138,53,85
177551,40,659,236,423
177551,41,314,91,223
177551,42,314,91,223
177551,43,287,82,205
177551,44,13,5,8
177551,45,274,77,197
177551,51,27,9,18
177551,59,21,3,18
177551,60,253,74,179
177579,1,372,90,282
177579,2,372,90,282
177579,3,372,90,282
177579,4,92,30,62
177579,5,280,60,220
177579,19,40,7,33
177579,20,240,53,187
177579,21,318,77,241
177579,22,318,77,241
177579,23,318,77,241
177579,24,92,30,62
177579,25,226,47,179
177579,39,40,7,33
177579,40,186,40,146
177579,41,54,13,41
177579,42,54,13,41
177579,43,54,13,41
177579,45,54,13,41
177579,60,54,13,41
177588,1,38,3,35
177588,2,38,3,35
177588,3,38,3,35
177588,4,5,1,4
177588,5,33,2,31
177588,20,33,2,31
177588,21,38,3,35
177588,22,38,3,35
177588,23,38,3,35
177588,24,5,1,4
177588,25,33,2,31
177588,40,33,2,31
177603,1,64,4,60
177603,2,64,4,60
177603,3,64,4,60
177603,4,9,2,7
177603,5,55,2,53
177603,20,55,2,53
177603,21,50,3,47
177603,22,50,3,47
177603,23,50,3,47
177603,24,4,1,3
177603,25,46,2,44
177603,40,46,2,44
177603,41,14,1,13
177603,42,14,1,13
177603,43,14,1,13
177603,44,5,1,4
177603,45,9,0,9
177603,60,9,0,9
177676,1,5194,2134,3060
177676,2,5194,2134,3060
177676,3,4974,2052,2922
177676,4,1134,556,578
177676,5,3840,1496,2344
177676,11,220,82,138
177676,19,321,130,191
177676,20,3519,1366,2153
177676,21,2715,1211,1504
177676,22,2715,1211,1504
177676,23,2667,1189,1478
177676,24,933,456,477
177676,25,1734,733,1001
177676,31,48,22,26
177676,39,177,87,90
177676,40,1557,646,911
177676,41,2479,923,1556
177676,42,2479,923,1556
177676,43,2307,863,1444
177676,44,201,100,101
177676,45,2106,763,1343
177676,51,172,60,112
177676,59,144,43,101
177676,60,1962,720,1242
177685,1,38,1,37
177685,2,38,1,37
177685,3,38,1,37
177685,4,9,0,9
177685,5,29,1,28
177685,20,29,1,28
177685,21,38,1,37
177685,22,38,1,37
177685,23,38,1,37
177685,24,9,0,9
177685,25,29,1,28
177685,40,29,1,28
177719,1,818,85,733
177719,2,654,64,590
177719,3,654,64,590
177719,5,654,64,590
177719,12,164,21,143
177719,19,179,15,164
177719,20,475,49,426
177719,21,736,78,658
177719,22,654,64,590
177719,23,654,64,590
177719,25,654,64,590
177719,32,82,14,68
177719,39,179,15,164
177719,40,475,49,426
177719,41,82,7,75
177719,52,82,7,75
177746,1,739,269,470
177746,2,739,269,470
177746,3,735,267,468
177746,4,141,38,103
177746,5,594,229,365
177746,11,4,2,2
177746,19,4,1,3
177746,20,590,228,362
177746,21,735,267,468
177746,22,735,267,468
177746,23,735,267,468
177746,24,141,38,103
177746,25,594,229,365
177746,39,4,1,3
177746,40,590,228,362
177746,41,4,2,2
177746,42,4,2,2
177746,51,4,2,2
177816,1,123,123,0
177816,2,54,54,0
177816,3,54,54,0
177816,4,8,8,0
177816,5,46,46,0
177816,12,69,69,0
177816,19,17,17,0
177816,20,29,29,0
177816,21,123,123,0
177816,22,54,54,0
177816,23,54,54,0
177816,24,8,8,0
177816,25,46,46,0
177816,32,69,69,0
177816,39,17,17,0
177816,40,29,29,0
177834,1,3314,1488,1826
177834,12,3314,1488,1826
177834,21,2177,1048,1129
177834,32,2177,1048,1129
177834,41,1137,440,697
177834,52,1137,440,697
177870,1,13,11,2
177870,2,13,11,2
177870,3,13,11,2
177870,4,12,10,2
177870,5,1,1,0
177870,20,1,1,0
177870,21,13,11,2
177870,22,13,11,2
177870,23,13,11,2
177870,24,12,10,2
177870,25,1,1,0
177870,40,1,1,0
177931,1,35,6,29
177931,2,35,6,29
177931,3,35,6,29
177931,4,13,6,7
177931,5,22,0,22
177931,20,22,0,22
177931,21,35,6,29
177931,22,35,6,29
177931,23,35,6,29
177931,24,13,6,7
177931,25,22,0,22
177931,40,22,0,22
177940,1,3043,1300,1743
177940,2,2892,1244,1648
177940,3,2268,978,1290
177940,4,417,195,222
177940,5,1851,783,1068
177940,11,624,266,358
177940,12,151,56,95
177940,19,209,97,112
177940,20,1642,686,956
177940,21,1916,900,1016
177940,22,1874,887,987
177940,23,1803,830,973
177940,24,400,187,213
177940,25,1403,643,760
177940,31,71,57,14
177940,32,42,13,29
177940,39,162,83,79
177940,40,1241,560,681
177940,41,1127,400,727
177940,42,1018,357,661
177940,43,465,148,317
177940,44,17,8,9
177940,45,448,140,308
177940,51,553,209,344
177940,52,109,43,66
177940,59,47,14,33
177940,60,401,126,275
177968,1,12213,5041,7172
177968,2,8453,3874,4579
177968,3,7928,3675,4253
177968,4,1324,649,675
177968,5,6604,3026,3578
177968,11,525,199,326
177968,12,3760,1167,2593
177968,19,914,370,544
177968,20,5690,2656,3034
177968,21,9238,4136,5102
177968,22,7502,3504,3998
177968,23,7444,3472,3972
177968,24,1311,643,668
177968,25,6133,2829,3304
177968,31,58,32,26
177968,32,1736,632,1104
177968,39,865,360,505
177968,40,5268,2469,2799
177968,41,2975,905,2070
177968,42,951,370,581
177968,43,484,203,281
177968,44,13,6,7
177968,45,471,197,274
177968,51,467,167,300
177968,52,2024,535,1489
177968,59,49,10,39
177968,60,422,187,235
177977,1,1294,1067,227
177977,2,1294,1067,227
177977,3,1241,1046,195
177977,4,492,432,60
177977,5,749,614,135
177977,11,53,21,32
177977,19,152,87,65
177977,20,597,527,70
177977,21,1108,952,156
177977,22,1108,952,156
177977,23,1108,952,156
177977,24,486,428,58
177977,25,622,524,98
177977,39,126,78,48
177977,40,496,446,50
177977,41,186,115,71
177977,42,186,115,71
177977,43,133,94,39
177977,44,6,4,2
177977,45,127,90,37
177977,51,53,21,32
177977,59,26,9,17
177977,60,101,81,20
177986,1,969,599,370
177986,2,52,35,17
177986,3,49,33,16
177986,5,49,33,16
177986,11,3,2,1
177986,12,917,564,353
177986,19,32,20,12
177986,20,17,13,4
177986,21,829,515,314
177986,22,29,19,10
177986,23,29,19,10
177986,25,29,19,10
177986,32,800,496,304
177986,39,22,13,9
177986,40,7,6,1
177986,41,140,84,56
177986,42,23,16,7
177986,43,20,14,6
177986,45,20,14,6
177986,51,3,2,1
177986,52,117,68,49
177986,59,10,7,3
177986,60,10,7,3
177995,1,19234,8328,10906
177995,2,19234,8328,10906
177995,3,16645,7174,9471
177995,4,4183,2073,2110
177995,5,12462,5101,7361
177995,11,2589,1154,1435
177995,19,1862,758,1104
177995,20,10600,4343,6257
177995,21,7734,3642,4092
177995,22,7734,3642,4092
177995,23,7413,3475,3938
177995,24,2473,1265,1208
177995,25,4940,2210,2730
177995,31,321,167,154
177995,39,870,382,488
177995,40,4070,1828,2242
177995,41,11500,4686,6814
177995,42,11500,4686,6814
177995,43,9232,3699,5533
177995,44,1710,808,902
177995,45,7522,2891,4631
177995,51,2268,987,1281
177995,59,992,376,616
177995,60,6530,2515,4015
178004,1,209,31,178
178004,2,209,31,178
178004,3,209,31,178
178004,4,1,0,1
178004,5,208,31,177
178004,20,208,31,177
178004,21,121,19,102
178004,22,121,19,102
178004,23,121,19,102
178004,24,1,0,1
178004,25,120,19,101
178004,40,120,19,101
178004,41,88,12,76
178004,42,88,12,76
178004,43,88,12,76
178004,45,88,12,76
178004,60,88,12,76
178059,1,5033,1146,3887
178059,2,2829,825,2004
178059,3,2746,798,1948
178059,4,409,145,264
178059,5,2337,653,1684
178059,11,83,27,56
178059,12,2204,321,1883
178059,19,324,100,224
178059,20,2013,553,1460
178059,21,1977,643,1334
178059,22,1786,600,1186
178059,23,1786,600,1186
178059,24,392,143,249
178059,25,1394,457,937
178059,32,191,43,148
178059,39,202,78,124
178059,40,1192,379,813
178059,41,3056,503,2553
178059,42,1043,225,818
178059,43,960,198,762
178059,44,17,2,15
178059,45,943,196,747
178059,51,83,27,56
178059,52,2013,278,1735
178059,59,122,22,100
178059,60,821,174,647
178077,1,107,5,102
178077,2,107,5,102
178077,3,107,5,102
178077,4,15,2,13
178077,5,92,3,89
178077,20,92,3,89
178077,21,107,5,102
178077,22,107,5,102
178077,23,107,5,102
178077,24,15,2,13
178077,25,92,3,89
178077,40,92,3,89
178110,1,137,22,115
178110,2,137,22,115
178110,3,137,22,115
178110,4,23,4,19
178110,5,114,18,96
178110,19,75,13,62
178110,20,39,5,34
178110,21,124,22,102
178110,22,124,22,102
178110,23,124,22,102
178110,24,23,4,19
178110,25,101,18,83
178110,39,70,13,57
178110,40,31,5,26
178110,41,13,0,13
178110,42,13,0,13
178110,43,13,0,13
178110,45,13,0,13
178110,59,5,0,5
178110,60,8,0,8
178183,1,179,59,120
178183,2,179,59,120
178183,3,179,59,120
178183,4,7,2,5
178183,5,172,57,115
178183,19,35,8,27
178183,20,137,49,88
178183,21,179,59,120
178183,22,179,59,120
178183,23,179,59,120
178183,24,7,2,5
178183,25,172,57,115
178183,39,35,8,27
178183,40,137,49,88
178208,1,1132,935,197
178208,2,261,190,71
178208,3,255,185,70
178208,4,55,40,15
178208,5,200,145,55
178208,11,6,5,1
178208,12,871,745,126
178208,19,24,19,5
178208,20,176,126,50
178208,21,768,630,138
178208,22,153,97,56
178208,23,153,97,56
178208,24,34,20,14
178208,25,119,77,42
178208,32,615,533,82
178208,39,15,12,3
178208,40,104,65,39
178208,41,364,305,59
178208,42,108,93,15
178208,43,102,88,14
178208,44,21,20,1
178208,45,81,68,13
178208,51,6,5,1
178208,52,256,212,44
178208,59,9,7,2
178208,60,72,61,11
178217,1,4508,1948,2560
178217,2,4508,1948,2560
178217,3,3744,1685,2059
178217,4,840,318,522
178217,5,2904,1367,1537
178217,11,764,263,501
178217,19,175,64,111
178217,20,2729,1303,1426
178217,21,2869,1334,1535
178217,22,2869,1334,1535
178217,23,2760,1297,1463
178217,24,744,271,473
178217,25,2016,1026,990
178217,31,109,37,72
178217,39,117,46,71
178217,40,1899,980,919
178217,41,1639,614,1025
178217,42,1639,614,1025
178217,43,984,388,596
178217,44,96,47,49
178217,45,888,341,547
178217,51,655,226,429
178217,59,58,18,40
178217,60,830,323,507
178226,1,298,148,150
178226,2,298,148,150
178226,3,298,148,150
178226,4,21,11,10
178226,5,277,137,140
178226,19,3,1,2
178226,20,274,136,138
178226,21,230,111,119
178226,22,230,111,119
178226,23,230,111,119
178226,24,21,11,10
178226,25,209,100,109
178226,40,209,100,109
178226,41,68,37,31
178226,42,68,37,31
178226,43,68,37,31
178226,45,68,37,31
178226,59,3,1,2
178226,60,65,36,29
178244,1,5345,2000,3345
178244,2,3950,1629,2321
178244,3,1710,762,948
178244,4,268,135,133
178244,5,1442,627,815
178244,11,2240,867,1373
178244,12,1395,371,1024
178244,19,364,165,199
178244,20,1078,462,616
178244,21,1723,744,979
178244,22,1417,669,748
178244,23,1411,667,744
178244,24,264,135,129
178244,25,1147,532,615
178244,31,6,2,4
178244,32,306,75,231
178244,39,274,143,131
178244,40,873,389,484
178244,41,3622,1256,2366
178244,42,2533,960,1573
178244,43,299,95,204
178244,44,4,0,4
178244,45,295,95,200
178244,51,2234,865,1369
178244,52,1089,296,793
178244,59,90,22,68
178244,60,205,73,132
178262,1,127,2,125
178262,2,127,2,125
178262,3,127,2,125
178262,4,37,0,37
178262,5,90,2,88
178262,20,90,2,88
178262,21,127,2,125
178262,22,127,2,125
178262,23,127,2,125
178262,24,37,0,37
178262,25,90,2,88
178262,40,90,2,88
178305,1,553,67,486
178305,2,553,67,486
178305,3,547,67,480
178305,4,73,18,55
178305,5,474,49,425
178305,11,6,0,6
178305,19,52,7,45
178305,20,422,42,380
178305,21,531,65,466
178305,22,531,65,466
178305,23,525,65,460
178305,24,73,18,55
178305,25,452,47,405
178305,31,6,0,6
178305,39,52,7,45
178305,40,400,40,360
178305,41,22,2,20
178305,42,22,2,20
178305,43,22,2,20
178305,45,22,2,20
178305,60,22,2,20
178314,1,20,17,3
178314,2,20,17,3
178314,3,20,17,3
178314,4,7,5,2
178314,5,13,12,1
178314,20,13,12,1
178314,21,20,17,3
178314,22,20,17,3
178314,23,20,17,3
178314,24,7,5,2
178314,25,13,12,1
178314,40,13,12,1
178341,1,5616,2363,3253
178341,2,5587,2354,3233
178341,3,5132,2188,2944
178341,4,808,365,443
178341,5,4324,1823,2501
178341,11,455,166,289
178341,12,29,9,20
178341,19,582,247,335
178341,20,3742,1576,2166
178341,21,4126,1797,2329
178341,22,4125,1797,2328
178341,23,4061,1754,2307
178341,24,762,340,422
178341,25,3299,1414,1885
178341,31,64,43,21
178341,32,1,0,1
178341,39,456,203,253
178341,40,2843,1211,1632
178341,41,1490,566,924
178341,42,1462,557,905
178341,43,1071,434,637
178341,44,46,25,21
178341,45,1025,409,616
178341,51,391,123,268
178341,52,28,9,19
178341,59,126,44,82
178341,60,899,365,534
178350,1,108,102,6
178350,2,108,102,6
178350,3,108,102,6
178350,4,2,2,0
178350,5,106,100,6
178350,19,33,32,1
178350,20,73,68,5
178350,21,21,20,1
178350,22,21,20,1
178350,23,21,20,1
178350,24,1,1,0
178350,25,20,19,1
178350,39,6,6,0
178350,40,14,13,1
178350,41,87,82,5
178350,42,87,82,5
178350,43,87,82,5
178350,44,1,1,0
178350,45,86,81,5
178350,59,27,26,1
178350,60,59,55,4
178369,1,1668,918,750
178369,2,1656,913,743
178369,3,1411,822,589
178369,4,415,272,143
178369,5,996,550,446
178369,11,245,91,154
178369,12,12,5,7
178369,19,163,86,77
178369,20,833,464,369
178369,21,1371,809,562
178369,22,1364,806,558
178369,23,1364,806,558
178369,24,412,272,140
178369,25,952,534,418
178369,32,7,3,4
178369,39,159,85,74
178369,40,793,449,344
178369,41,297,109,188
178369,42,292,107,185
178369,43,47,16,31
178369,44,3,0,3
178369,45,44,16,28
178369,51,245,91,154
178369,52,5,2,3
178369,59,4,1,3
178369,60,40,15,25
178387,1,5795,2483,3312
178387,2,5616,2422,3194
178387,3,4902,2104,2798
178387,4,970,440,530
178387,5,3932,1664,2268
178387,11,714,318,396
178387,12,179,61,118
178387,19,372,151,221
178387,20,3560,1513,2047
178387,21,3997,1760,2237
178387,22,3945,1729,2216
178387,23,3907,1706,2201
178387,24,845,379,466
178387,25,3062,1327,1735
178387,31,38,23,15
178387,32,52,31,21
178387,39,301,132,169
178387,40,2761,1195,1566
178387,41,1798,723,1075
178387,42,1671,693,978
178387,43,995,398,597
178387,44,125,61,64
178387,45,870,337,533
178387,51,676,295,381
178387,52,127,30,97
178387,59,71,19,52
178387,60,799,318,481
178396,1,34616,16321,18295
178396,2,26928,12964,13964
178396,3,26585,12801,13784
178396,4,6194,2909,3285
178396,5,20391,9892,10499
178396,11,343,163,180
178396,12,7688,3357,4331
178396,19,1127,593,534
178396,20,19264,9299,9965
178396,21,30318,14488,15830
178396,22,25258,12102,13156
178396,23,25168,12052,13116
178396,24,6060,2828,3232
178396,25,19108,9224,9884
178396,31,90,50,40
178396,32,5060,2386,2674
178396,39,1010,541,469
178396,40,18098,8683,9415
178396,41,4298,1833,2465
178396,42,1670,862,808
178396,43,1417,749,668
178396,44,134,81,53
178396,45,1283,668,615
178396,51,253,113,140
178396,52,2628,971,1657
178396,59,117,52,65
178396,60,1166,616,550
178402,1,15718,6839,8879
178402,2,10227,4325,5902
178402,3,8309,3543,4766
178402,4,1078,450,628
178402,5,7231,3093,4138
178402,11,1918,782,1136
178402,12,5491,2514,2977
178402,19,1371,589,782
178402,20,5860,2504,3356
178402,21,9917,4535,5382
178402,22,6813,2950,3863
178402,23,6699,2880,3819
178402,24,1060,442,618
178402,25,5639,2438,3201
178402,31,114,70,44
178402,32,3104,1585,1519
178402,39,1014,443,571
178402,40,4625,1995,2630
178402,41,5801,2304,3497
178402,42,3414,1375,2039
178402,43,1610,663,947
178402,44,18,8,10
178402,45,1592,655,937
178402,51,1804,712,1092
178402,52,2387,929,1458
178402,59,357,146,211
178402,60,1235,509,726
178411,1,8129,6290,1839
178411,2,6145,4713,1432
178411,3,6064,4668,1396
178411,4,1262,972,290
178411,5,4802,3696,1106
178411,11,81,45,36
178411,12,1984,1577,407
178411,19,424,319,105
178411,20,4378,3377,1001
178411,21,6663,5174,1489
178411,22,5472,4227,1245
178411,23,5434,4204,1230
178411,24,1244,959,285
178411,25,4190,3245,945
178411,31,38,23,15
178411,32,1191,947,244
178411,39,352,279,73
178411,40,3838,2966,872
178411,41,1466,1116,350
178411,42,673,486,187
178411,43,630,464,166
178411,44,18,13,5
178411,45,612,451,161
178411,51,43,22,21
178411,52,793,630,163
178411,59,72,40,32
178411,60,540,411,129
178420,1,16809,6806,10003
178420,2,13569,5702,7867
178420,3,8928,3813,5115
178420,4,482,187,295
178420,5,8446,3626,4820
178420,11,4641,1889,2752
178420,12,3240,1104,2136
178420,19,1626,683,943
178420,20,6820,2943,3877
178420,21,6988,2952,4036
178420,22,6035,2591,3444
178420,23,5801,2485,3316
178420,24,464,180,284
178420,25,5337,2305,3032
178420,31,234,106,128
178420,32,953,361,592
178420,39,1116,475,641
178420,40,4221,1830,2391
178420,41,9821,3854,5967
178420,42,7534,3111,4423
178420,43,3127,1328,1799
178420,44,18,7,11
178420,45,3109,1321,1788
178420,51,4407,1783,2624
178420,52,2287,743,1544
178420,59,510,208,302
178420,60,2599,1113,1486
178448,1,5710,2249,3461
178448,2,5710,2249,3461
178448,3,4608,1814,2794
178448,4,1265,539,726
178448,5,3343,1275,2068
178448,11,1102,435,667
178448,19,3,0,3
178448,20,3340,1275,2065
178448,21,2773,1138,1635
178448,22,2773,1138,1635
178448,23,2718,1114,1604
178448,24,904,389,515
178448,25,1814,725,1089
178448,31,55,24,31
178448,39,2,0,2
178448,40,1812,725,1087
178448,41,2937,1111,1826
178448,42,2937,1111,1826
178448,43,1890,700,1190
178448,44,361,150,211
178448,45,1529,550,979
178448,51,1047,411,636
178448,59,1,0,1
178448,60,1528,550,978
178466,1,154,46,108
178466,2,154,46,108
178466,3,154,46,108
178466,4,30,19,11
178466,5,124,27,97
178466,20,124,27,97
178466,21,148,42,106
178466,22,148,42,106
178466,23,148,42,106
178466,24,30,19,11
178466,25,118,23,95
178466,40,118,23,95
178466,41,6,4,2
178466,42,6,4,2
178466,43,6,4,2
178466,45,6,4,2
178466,60,6,4,2
178484,1,176,6,170
178484,2,176,6,170
178484,3,176,6,170
178484,4,73,3,70
178484,5,103,3,100
178484,20,103,3,100
178484,21,176,6,170
178484,22,176,6,170
178484,23,176,6,170
178484,24,73,3,70
178484,25,103,3,100
178484,40,103,3,100
178518,1,255,183,72
178518,12,255,183,72
178518,21,97,70,27
178518,32,97,70,27
178518,41,158,113,45
178518,52,158,113,45
178527,1,44,2,42
178527,2,44,2,42
178527,3,44,2,42
178527,4,24,1,23
178527,5,20,1,19
178527,20,20,1,19
178527,21,38,2,36
178527,22,38,2,36
178527,23,38,2,36
178527,24,20,1,19
178527,25,18,1,17
178527,40,18,1,17
178527,41,6,0,6
178527,42,6,0,6
178527,43,6,0,6
178527,44,4,0,4
178527,45,2,0,2
178527,60,2,0,2
178606,1,13,7,6
178606,2,13,7,6
178606,3,13,7,6
178606,4,7,1,6
178606,5,6,6,0
178606,20,6,6,0
178606,41,13,7,6
178606,42,13,7,6
178606,43,13,7,6
178606,44,7,1,6
178606,45,6,6,0
178606,60,6,6,0
178615,1,6225,2477,3748
178615,2,5898,2387,3511
178615,3,5482,2239,3243
178615,4,1329,544,785
178615,5,4153,1695,2458
178615,11,416,148,268
178615,12,327,90,237
178615,19,150,71,79
178615,20,4003,1624,2379
178615,21,5612,2255,3357
178615,22,5375,2178,3197
178615,23,5313,2150,3163
178615,24,1325,542,783
178615,25,3988,1608,2380
178615,31,62,28,34
178615,32,237,77,160
178615,39,146,69,77
178615,40,3842,1539,2303
178615,41,613,222,391
178615,42,523,209,314
178615,43,169,89,80
178615,44,4,2,2
178615,45,165,87,78
178615,51,354,120,234
178615,52,90,13,77
178615,59,4,2,2
178615,60,161,85,76
178624,1,6485,2924,3561
178624,2,5542,2483,3059
178624,3,5274,2372,2902
178624,4,1321,580,741
178624,5,3953,1792,2161
178624,11,268,111,157
178624,12,943,441,502
178624,19,236,112,124
178624,20,3717,1680,2037
178624,21,5362,2458,2904
178624,22,4988,2227,2761
178624,23,4955,2212,2743
178624,24,1313,575,738
178624,25,3642,1637,2005
178624,31,33,15,18
178624,32,374,231,143
178624,39,222,106,116
178624,40,3420,1531,1889
178624,41,1123,466,657
178624,42,554,256,298
178624,43,319,160,159
178624,44,8,5,3
178624,45,311,155,156
178624,51,235,96,139
178624,52,569,210,359
178624,59,14,6,8
178624,60,297,149,148
178679,1,751,425,326
178679,2,751,425,326
178679,3,742,419,323
178679,4,177,91,86
178679,5,565,328,237
178679,11,9,6,3
178679,19,55,29,26
178679,20,510,299,211
178679,21,652,377,275
178679,22,652,377,275
178679,23,650,375,275
178679,24,175,91,84
178679,25,475,284,191
178679,31,2,2,0
178679,39,50,29,21
178679,40,425,255,170
178679,41,99,48,51
178679,42,99,48,51
178679,43,92,44,48
178679,44,2,0,2
178679,45,90,44,46
178679,51,7,4,3
178679,59,5,0,5
178679,60,85,44,41
178697,1,1513,717,796
178697,2,1513,717,796
178697,3,1513,717,796
178697,4,355,195,160
178697,5,1158,522,636
178697,19,49,35,14
178697,20,1109,487,622
178697,21,1498,712,786
178697,22,1498,712,786
178697,23,1498,712,786
178697,24,355,195,160
178697,25,1143,517,626
178697,39,46,35,11
178697,40,1097,482,615
178697,41,15,5,10
178697,42,15,5,10
178697,43,15,5,10
178697,45,15,5,10
178697,59,3,0,3
178697,60,12,5,7
178721,1,10978,5809,5169
178721,2,10198,5470,4728
178721,3,9723,5147,4576
178721,4,162,65,97
178721,5,9561,5082,4479
178721,11,475,323,152
178721,12,780,339,441
178721,19,812,478,334
178721,20,8749,4604,4145
178721,21,1184,553,631
178721,22,1168,546,622
178721,23,1168,546,622
178721,24,157,64,93
178721,25,1011,482,529
178721,32,16,7,9
178721,39,140,64,76
178721,40,871,418,453
178721,41,9794,5256,4538
178721,42,9030,4924,4106
178721,43,8555,4601,3954
178721,44,5,1,4
178721,45,8550,4600,3950
178721,51,475,323,152
178721,52,764,332,432
178721,59,672,414,258
178721,60,7878,4186,3692
178767,1,172,19,153
178767,2,172,19,153
178767,3,172,19,153
178767,4,5,0,5
178767,5,167,19,148
178767,19,40,5,35
178767,20,127,14,113
178767,21,124,15,109
178767,22,124,15,109
178767,23,124,15,109
178767,24,4,0,4
178767,25,120,15,105
178767,39,32,5,27
178767,40,88,10,78
178767,41,48,4,44
178767,42,48,4,44
178767,43,48,4,44
178767,44,1,0,1
178767,45,47,4,43
178767,59,8,0,8
178767,60,39,4,35
178828,1,58,16,42
178828,2,58,16,42
178828,3,58,16,42
178828,4,57,16,41
178828,5,1,0,1
178828,20,1,0,1
178828,21,58,16,42
178828,22,58,16,42
178828,23,58,16,42
178828,24,57,16,41
178828,25,1,0,1
178828,40,1,0,1
178891,1,2097,2000,97
178891,2,2097,2000,97
178891,3,2097,2000,97
178891,4,777,743,34
178891,5,1320,1257,63
178891,20,1320,1257,63
178891,21,1313,1243,70
178891,22,1313,1243,70
178891,23,1313,1243,70
178891,24,519,494,25
178891,25,794,749,45
178891,40,794,749,45
178891,41,784,757,27
178891,42,784,757,27
178891,43,784,757,27
178891,44,258,249,9
178891,45,526,508,18
178891,60,526,508,18
178989,1,408,31,377
178989,2,281,21,260
178989,3,281,21,260
178989,5,281,21,260
178989,12,127,10,117
178989,20,281,21,260
178989,21,281,21,260
178989,22,277,21,256
178989,23,277,21,256
178989,25,277,21,256
178989,32,4,0,4
178989,40,277,21,256
178989,41,127,10,117
178989,42,4,0,4
178989,43,4,0,4
178989,45,4,0,4
178989,52,123,10,113
178989,60,4,0,4
179043,1,2920,1169,1751
179043,2,2241,895,1346
179043,3,1682,688,994
179043,4,438,174,264
179043,5,1244,514,730
179043,11,559,207,352
179043,12,679,274,405
179043,19,80,36,44
179043,20,1164,478,686
179043,21,1970,811,1159
179043,22,1546,666,880
179043,23,1546,666,880
179043,24,437,173,264
179043,25,1109,493,616
179043,32,424,145,279
179043,39,76,36,40
179043,40,1033,457,576
179043,41,950,358,592
179043,42,695,229,466
179043,43,136,22,114
179043,44,1,1,0
179043,45,135,21,114
179043,51,559,207,352
179043,52,255,129,126
179043,59,4,0,4
179043,60,131,21,110
179052,1,167,64,103
179052,2,167,64,103
179052,3,167,64,103
179052,4,45,27,18
179052,5,122,37,85
179052,20,122,37,85
179052,21,167,64,103
179052,22,167,64,103
179052,23,167,64,103
179052,24,45,27,18
179052,25,122,37,85
179052,40,122,37,85
179070,1,303,90,213
179070,2,303,90,213
179070,3,303,90,213
179070,4,29,3,26
179070,5,274,87,187
179070,19,47,11,36
179070,20,227,76,151
179070,21,215,44,171
179070,22,215,44,171
179070,23,215,44,171
179070,24,27,1,26
179070,25,188,43,145
179070,39,36,7,29
179070,40,152,36,116
179070,41,88,46,42
179070,42,88,46,42
179070,43,88,46,42
179070,44,2,2,0
179070,45,86,44,42
179070,59,11,4,7
179070,60,75,40,35
179159,1,17343,7192,10151
179159,2,12567,5212,7355
179159,3,7961,3220,4741
179159,4,1638,721,917
179159,5,6323,2499,3824
179159,11,4606,1992,2614
179159,12,4776,1980,2796
179159,19,519,183,336
179159,20,5804,2316,3488
179159,21,10521,4454,6067
179159,22,7210,3034,4176
179159,23,7145,2995,4150
179159,24,1638,721,917
179159,25,5507,2274,3233
179159,31,65,39,26
179159,32,3311,1420,1891
179159,39,358,137,221
179159,40,5149,2137,3012
179159,41,6822,2738,4084
179159,42,5357,2178,3179
179159,43,816,225,591
179159,45,816,225,591
179159,51,4541,1953,2588
179159,52,1465,560,905
179159,59,161,46,115
179159,60,655,179,476
179195,1,45,6,39
179195,2,45,6,39
179195,3,45,6,39
179195,4,6,0,6
179195,5,39,6,33
179195,20,39,6,33
179195,21,45,6,39
179195,22,45,6,39
179195,23,45,6,39
179195,24,6,0,6
179195,25,39,6,33
179195,40,39,6,33
179201,1,216,47,169
179201,2,216,47,169
179201,3,216,47,169
179201,5,216,47,169
179201,20,216,47,169
179201,21,198,37,161
179201,22,198,37,161
179201,23,198,37,161
179201,25,198,37,161
179201,40,198,37,161
179201,41,18,10,8
179201,42,18,10,8
179201,43,18,10,8
179201,45,18,10,8
179201,60,18,10,8
179229,1,26,2,24
179229,2,26,2,24
179229,3,26,2,24
179229,4,10,0,10
179229,5,16,2,14
179229,20,16,2,14
179229,21,26,2,24
179229,22,26,2,24
179229,23,26,2,24
179229,24,10,0,10
179229,25,16,2,14
179229,40,16,2,14
179238,1,71,23,48
179238,2,71,23,48
179238,3,71,23,48
179238,4,24,16,8
179238,5,47,7,40
179238,20,47,7,40
179238,21,71,23,48
179238,22,71,23,48
179238,23,71,23,48
179238,24,24,16,8
179238,25,47,7,40
179238,40,47,7,40
179256,1,245,136,109
179256,2,245,136,109
179256,3,219,126,93
179256,4,21,12,9
179256,5,198,114,84
179256,11,26,10,16
179256,19,23,14,9
179256,20,175,100,75
179256,21,171,100,71
179256,22,171,100,71
179256,23,171,100,71
179256,24,21,12,9
179256,25,150,88,62
179256,39,18,13,5
179256,40,132,75,57
179256,41,74,36,38
179256,42,74,36,38
179256,43,48,26,22
179256,45,48,26,22
179256,51,26,10,16
179256,59,5,1,4
179256,60,43,25,18
179265,1,1350,548,802
179265,2,723,291,432
179265,3,723,291,432
179265,4,246,96,150
179265,5,477,195,282
179265,12,627,257,370
179265,19,32,11,21
179265,20,445,184,261
179265,21,1343,544,799
179265,22,723,291,432
179265,23,723,291,432
179265,24,246,96,150
179265,25,477,195,282
179265,32,620,253,367
179265,39,32,11,21
179265,40,445,184,261
179265,41,7,4,3
179265,52,7,4,3
179308,1,24005,9780,14225
179308,2,24005,9780,14225
179308,3,21446,8597,12849
179308,4,4007,1918,2089
179308,5,17439,6679,10760
179308,11,2559,1183,1376
179308,19,1933,743,1190
179308,20,15506,5936,9570
179308,21,9968,4566,5402
179308,22,9968,4566,5402
179308,23,9418,4277,5141
179308,24,2840,1360,1480
179308,25,6578,2917,3661
179308,31,550,289,261
179308,39,829,364,465
179308,40,5749,2553,3196
179308,41,14037,5214,8823
179308,42,14037,5214,8823
179308,43,12028,4320,7708
179308,44,1167,558,609
179308,45,10861,3762,7099
179308,51,2009,894,1115
179308,59,1104,379,725
179308,60,9757,3383,6374
179317,1,160,90,70
179317,12,160,90,70
179317,21,120,72,48
179317,32,120,72,48
179317,41,40,18,22
179317,52,40,18,22
179326,1,3812,1352,2460
179326,2,2962,1052,1910
179326,3,2515,887,1628
179326,4,482,212,270
179326,5,2033,675,1358
179326,11,447,165,282
179326,12,850,300,550
179326,19,317,92,225
179326,20,1716,583,1133
179326,21,2301,909,1392
179326,22,2019,792,1227
179326,23,1975,782,1193
179326,24,458,203,255
179326,25,1517,579,938
179326,31,44,10,34
179326,32,282,117,165
179326,39,224,73,151
179326,40,1293,506,787
179326,41,1511,443,1068
179326,42,943,260,683
179326,43,540,105,435
179326,44,24,9,15
179326,45,516,96,420
179326,51,403,155,248
179326,52,568,183,385
179326,59,93,19,74
179326,60,423,77,346
179344,1,2123,911,1212
179344,2,2123,911,1212
179344,3,1648,705,943
179344,4,667,333,334
179344,5,981,372,609
179344,11,475,206,269
179344,19,226,99,127
179344,20,755,273,482
179344,21,1256,561,695
179344,22,1256,561,695
179344,23,1230,550,680
179344,24,596,298,298
179344,25,634,252,382
179344,31,26,11,15
179344,39,192,88,104
179344,40,442,164,278
179344,41,867,350,517
179344,42,867,350,517
179344,43,418,155,263
179344,44,71,35,36
179344,45,347,120,227
179344,51,449,195,254
179344,59,34,11,23
179344,60,313,109,204
179399,1,15,5,10
179399,2,15,5,10
179399,3,15,5,10
179399,5,15,5,10
179399,20,15,5,10
179399,21,15,5,10
179399,22,15,5,10
179399,23,15,5,10
179399,25,15,5,10
179399,40,15,5,10
179450,1,436,55,381
179450,2,375,44,331
179450,3,375,44,331
179450,5,375,44,331
179450,12,61,11,50
179450,19,95,11,84
179450,20,280,33,247
179450,21,388,50,338
179450,22,354,43,311
179450,23,354,43,311
179450,25,354,43,311
179450,32,34,7,27
179450,39,95,11,84
179450,40,259,32,227
179450,41,48,5,43
179450,42,21,1,20
179450,43,21,1,20
179450,45,21,1,20
179450,52,27,4,23
179450,60,21,1,20
179511,1,295,26,269
179511,2,295,26,269
179511,3,295,26,269
179511,4,4,2,2
179511,5,291,24,267
179511,19,128,3,125
179511,20,163,21,142
179511,21,286,26,260
179511,22,286,26,260
179511,23,286,26,260
179511,24,4,2,2
179511,25,282,24,258
179511,39,124,3,121
179511,40,158,21,137
179511,41,9,0,9
179511,42,9,0,9
179511,43,9,0,9
179511,45,9,0,9
179511,59,4,0,4
179511,60,5,0,5
179539,1,5185,1846,3339
179539,2,5185,1846,3339
179539,3,4374,1503,2871
179539,4,1257,491,766
179539,5,3117,1012,2105
179539,11,811,343,468
179539,19,356,117,239
179539,20,2761,895,1866
179539,21,2744,928,1816
179539,22,2744,928,1816
179539,23,2717,918,1799
179539,24,947,350,597
179539,25,1770,568,1202
179539,31,27,10,17
179539,39,199,65,134
179539,40,1571,503,1068
179539,41,2441,918,1523
179539,42,2441,918,1523
179539,43,1657,585,1072
179539,44,310,141,169
179539,45,1347,444,903
179539,51,784,333,451
179539,59,157,52,105
179539,60,1190,392,798
179548,1,854,35,819
179548,2,647,9,638
179548,3,646,9,637
179548,4,168,0,168
179548,5,478,9,469
179548,11,1,0,1
179548,12,207,26,181
179548,19,56,2,54
179548,20,422,7,415
179548,21,673,22,651
179548,22,521,0,521
179548,23,521,0,521
179548,24,168,0,168
179548,25,353,0,353
179548,32,152,22,130
179548,39,36,0,36
179548,40,317,0,317
179548,41,181,13,168
179548,42,126,9,117
179548,43,125,9,116
179548,45,125,9,116
179548,51,1,0,1
179548,52,55,4,51
179548,59,20,2,18
179548,60,105,7,98
179557,1,11767,4946,6821
179557,2,10605,4555,6050
179557,3,9382,4054,5328
179557,4,1725,750,975
179557,5,7657,3304,4353
179557,11,1223,501,722
179557,12,1162,391,771
179557,19,659,309,350
179557,20,6998,2995,4003
179557,21,8332,3623,4709
179557,22,7953,3466,4487
179557,23,7852,3413,4439
179557,24,1583,691,892
179557,25,6269,2722,3547
179557,31,101,53,48
179557,32,379,157,222
179557,39,565,272,293
179557,40,5704,2450,3254
179557,41,3435,1323,2112
179557,42,2652,1089,1563
179557,43,1530,641,889
179557,44,142,59,83
179557,45,1388,582,806
179557,51,1122,448,674
179557,52,783,234,549
179557,59,94,37,57
179557,60,1294,545,749
179566,1,21271,9020,12251
179566,2,18027,7822,10205
179566,3,15746,6910,8836
179566,4,2751,1088,1663
179566,5,12995,5822,7173
179566,11,2281,912,1369
179566,12,3244,1198,2046
179566,19,1699,803,896
179566,20,11296,5019,6277
179566,21,15407,6593,8814
179566,22,13805,5982,7823
179566,23,13686,5946,7740
179566,24,2700,1060,1640
179566,25,10986,4886,6100
179566,31,119,36,83
179566,32,1602,611,991
179566,39,1380,655,725
179566,40,9606,4231,5375
179566,41,5864,2427,3437
179566,42,4222,1840,2382
179566,43,2060,964,1096
179566,44,51,28,23
179566,45,2009,936,1073
179566,51,2162,876,1286
179566,52,1642,587,1055
179566,59,319,148,171
179566,60,1690,788,902
179645,1,4399,1484,2915
179645,2,4399,1484,2915
179645,3,3087,1173,1914
179645,4,949,422,527
179645,5,2138,751,1387
179645,11,1312,311,1001
179645,19,103,42,61
179645,20,2035,709,1326
179645,21,2559,862,1697
179645,22,2559,862,1697
179645,23,2069,802,1267
179645,24,714,311,403
179645,25,1355,491,864
179645,31,490,60,430
179645,39,67,30,37
179645,40,1288,461,827
179645,41,1840,622,1218
179645,42,1840,622,1218
179645,43,1018,371,647
179645,44,235,111,124
179645,45,783,260,523
179645,51,822,251,571
179645,59,36,12,24
179645,60,747,248,499
179715,1,1774,548,1226
179715,2,1774,548,1226
179715,3,1220,347,873
179715,4,411,157,254
179715,5,809,190,619
179715,11,554,201,353
179715,19,68,18,50
179715,20,741,172,569
179715,21,926,288,638
179715,22,926,288,638
179715,23,908,280,628
179715,24,364,140,224
179715,25,544,140,404
179715,31,18,8,10
179715,39,46,16,30
179715,40,498,124,374
179715,41,848,260,588
179715,42,848,260,588
179715,43,312,67,245
179715,44,47,17,30
179715,45,265,50,215
179715,51,536,193,343
179715,59,22,2,20
179715,60,243,48,195
179724,1,21,1,20
179724,2,21,1,20
179724,3,21,1,20
179724,5,21,1,20
179724,20,21,1,20
179724,21,21,1,20
179724,22,21,1,20
179724,23,21,1,20
179724,25,21,1,20
179724,40,21,1,20
179742,1,44,18,26
179742,12,44,18,26
179742,21,44,18,26
179742,32,44,18,26
179812,1,1034,590,444
179812,12,1034,590,444
179812,21,1033,590,443
179812,32,1033,590,443
179812,41,1,0,1
179812,52,1,0,1
179867,1,14032,6862,7170
179867,2,7336,3596,3740
179867,3,6851,3417,3434
179867,4,1608,809,799
179867,5,5243,2608,2635
179867,11,485,179,306
179867,12,6696,3266,3430
179867,19,128,74,54
179867,20,5115,2534,2581
179867,21,12078,5985,6093
179867,22,6587,3328,3259
179867,23,6528,3297,3231
179867,24,1595,804,791
179867,25,4933,2493,2440
179867,31,59,31,28
179867,32,5491,2657,2834
179867,39,103,64,39
179867,40,4830,2429,2401
179867,41,1954,877,1077
179867,42,749,268,481
179867,43,323,120,203
179867,44,13,5,8
179867,45,310,115,195
179867,51,426,148,278
179867,52,1205,609,596
179867,59,25,10,15
179867,60,285,105,180
179894,1,17904,7577,10327
179894,2,3528,1530,1998
179894,3,3398,1490,1908
179894,4,502,256,246
179894,5,2896,1234,1662
179894,11,130,40,90
179894,12,14376,6047,8329
179894,19,420,176,244
179894,20,2476,1058,1418
179894,21,5783,2722,3061
179894,22,2579,1182,1397
179894,23,2568,1181,1387
179894,24,487,247,240
179894,25,2081,934,1147
179894,31,11,1,10
179894,32,3204,1540,1664
179894,39,273,133,140
179894,40,1808,801,1007
179894,41,12121,4855,7266
179894,42,949,348,601
179894,43,830,309,521
179894,44,15,9,6
179894,45,815,300,515
179894,51,119,39,80
179894,52,11172,4507,6665
179894,59,147,43,104
179894,60,668,257,411
179919,1,851,404,447
179919,2,851,404,447
179919,3,399,212,187
179919,4,185,108,77
179919,5,214,104,110
179919,11,452,192,260
179919,19,10,4,6
179919,20,204,100,104
179919,21,337,196,141
179919,22,337,196,141
179919,23,336,195,141
179919,24,163,99,64
179919,25,173,96,77
179919,31,1,1,0
179919,39,6,4,2
179919,40,167,92,75
179919,41,514,208,306
179919,42,514,208,306
179919,43,63,17,46
179919,44,22,9,13
179919,45,41,8,33
179919,51,451,191,260
179919,59,4,0,4
179919,60,37,8,29
179946,1,1026,570,456
179946,2,1026,570,456
179946,3,1022,567,455
179946,4,266,137,129
179946,5,756,430,326
179946,11,4,3,1
179946,19,57,34,23
179946,20,699,396,303
179946,21,1018,566,452
179946,22,1018,566,452
179946,23,1016,564,452
179946,24,266,137,129
179946,25,750,427,323
179946,31,2,2,0
179946,39,57,34,23
179946,40,693,393,300
179946,41,8,4,4
179946,42,8,4,4
179946,43,6,3,3
179946,45,6,3,3
179946,51,2,1,1
179946,60,6,3,3
179955,1,1044,452,592
179955,2,1044,452,592
179955,3,1044,452,592
179955,4,259,120,139
179955,5,785,332,453
179955,19,41,21,20
179955,20,744,311,433
179955,21,1012,437,575
179955,22,1012,437,575
179955,23,1012,437,575
179955,24,259,120,139
179955,25,753,317,436
179955,39,40,20,20
179955,40,713,297,416
179955,41,32,15,17
179955,42,32,15,17
179955,43,32,15,17
179955,45,32,15,17
179955,59,1,1,0
179955,60,31,14,17
179964,1,2136,693,1443
179964,2,1002,268,734
179964,3,1001,268,733
179964,4,159,25,134
179964,5,842,243,599
179964,11,1,0,1
179964,12,1134,425,709
179964,19,75,22,53
179964,20,767,221,546
179964,21,1261,359,902
179964,22,843,217,626
179964,23,843,217,626
179964,24,158,25,133
179964,25,685,192,493
179964,32,418,142,276
179964,39,63,18,45
179964,40,622,174,448
179964,41,875,334,541
179964,42,159,51,108
179964,43,158,51,107
179964,44,1,0,1
179964,45,157,51,106
179964,51,1,0,1
179964,52,716,283,433
179964,59,12,4,8
179964,60,145,47,98
179991,1,42,1,41
179991,2,42,1,41
179991,3,42,1,41
179991,4,29,0,29
179991,5,13,1,12
179991,20,13,1,12
179991,21,42,1,41
179991,22,42,1,41
179991,23,42,1,41
179991,24,29,0,29
179991,25,13,1,12
179991,40,13,1,12
180054,1,450,170,280
180054,2,450,170,280
180054,3,448,169,279
180054,4,100,45,55
180054,5,348,124,224
180054,11,2,1,1
180054,19,28,11,17
180054,20,320,113,207
180054,21,382,145,237
180054,22,382,145,237
180054,23,382,145,237
180054,24,91,41,50
180054,25,291,104,187
180054,39,24,10,14
180054,40,267,94,173
180054,41,68,25,43
180054,42,68,25,43
180054,43,66,24,42
180054,44,9,4,5
180054,45,57,20,37
180054,51,2,1,1
180054,59,4,1,3
180054,60,53,19,34
180063,1,37,2,35
180063,2,37,2,35
180063,3,37,2,35
180063,4,16,2,14
180063,5,21,0,21
180063,20,21,0,21
180063,21,37,2,35
180063,22,37,2,35
180063,23,37,2,35
180063,24,16,2,14
180063,25,21,0,21
180063,40,21,0,21
180081,1,913,433,480
180081,2,913,433,480
180081,3,628,302,326
180081,4,177,99,78
180081,5,451,203,248
180081,11,285,131,154
180081,19,53,29,24
180081,20,398,174,224
180081,21,529,272,257
180081,22,529,272,257
180081,23,528,272,256
180081,24,164,96,68
180081,25,364,176,188
180081,31,1,0,1
180081,39,46,27,19
180081,40,318,149,169
180081,41,384,161,223
180081,42,384,161,223
180081,43,100,30,70
180081,44,13,3,10
180081,45,87,27,60
180081,51,284,131,153
180081,59,7,2,5
180081,60,80,25,55
180090,1,83,2,81
180090,2,83,2,81
180090,3,83,2,81
180090,4,59,2,57
180090,5,24,0,24
180090,20,24,0,24
180090,21,83,2,81
180090,22,83,2,81
180090,23,83,2,81
180090,24,59,2,57
180090,25,24,0,24
180090,40,24,0,24
180106,1,1431,603,828
180106,2,1431,603,828
180106,3,1376,578,798
180106,4,315,133,182
180106,5,1061,445,616
180106,11,55,25,30
180106,19,50,24,26
180106,20,1011,421,590
180106,21,1349,563,786
180106,22,1349,563,786
180106,23,1339,561,778
180106,24,315,133,182
180106,25,1024,428,596
180106,31,10,2,8
180106,39,46,22,24
180106,40,978,406,572
180106,41,82,40,42
180106,42,82,40,42
180106,43,37,17,20
180106,45,37,17,20
180106,51,45,23,22
180106,59,4,2,2
180106,60,33,15,18
180151,1,372,168,204
180151,2,372,168,204
180151,3,266,122,144
180151,4,118,59,59
180151,5,148,63,85
180151,11,106,46,60
180151,19,54,24,30
180151,20,94,39,55
180151,21,227,111,116
180151,22,227,111,116
180151,23,226,110,116
180151,24,113,58,55
180151,25,113,52,61
180151,31,1,1,0
180151,39,44,22,22
180151,40,69,30,39
180151,41,145,57,88
180151,42,145,57,88
180151,43,40,12,28
180151,44,5,1,4
180151,45,35,11,24
180151,51,105,45,60
180151,59,10,2,8
180151,60,25,9,16
180160,1,201,76,125
180160,2,201,76,125
180160,3,178,67,111
180160,4,38,19,19
180160,5,140,48,92
180160,11,23,9,14
180160,20,140,48,92
180160,21,128,53,75
180160,22,128,53,75
180160,23,128,53,75
180160,24,37,19,18
180160,25,91,34,57
180160,40,91,34,57
180160,41,73,23,50
180160,42,73,23,50
180160,43,50,14,36
180160,44,1,0,1
180160,45,49,14,35
180160,51,23,9,14
180160,60,49,14,35
180179,1,4969,1884,3085
180179,2,4465,1755,2710
180179,3,4234,1655,2579
180179,4,761,330,431
180179,5,3473,1325,2148
180179,11,231,100,131
180179,12,504,129,375
180179,19,426,184,242
180179,20,3047,1141,1906
180179,21,3372,1398,1974
180179,22,3162,1337,1825
180179,23,3138,1323,1815
180179,24,666,306,360
180179,25,2472,1017,1455
180179,31,24,14,10
180179,32,210,61,149
180179,39,301,140,161
180179,40,2171,877,1294
180179,41,1597,486,1111
180179,42,1303,418,885
180179,43,1096,332,764
180179,44,95,24,71
180179,45,1001,308,693
180179,51,207,86,121
180179,52,294,68,226
180179,59,125,44,81
180179,60,876,264,612
180197,1,2216,872,1344
180197,2,2216,872,1344
180197,3,1773,706,1067
180197,4,368,171,197
180197,5,1405,535,870
180197,11,443,166,277
180197,19,126,56,70
180197,20,1279,479,800
180197,21,1082,493,589
180197,22,1082,493,589
180197,23,1067,483,584
180197,24,285,136,149
180197,25,782,347,435
180197,31,15,10,5
180197,39,74,39,35
180197,40,708,308,400
180197,41,1134,379,755
180197,42,1134,379,755
180197,43,706,223,483
180197,44,83,35,48
180197,45,623,188,435
180197,51,428,156,272
180197,59,52,17,35
180197,60,571,171,400
180203,1,139,60,79
180203,2,139,60,79
180203,3,134,60,74
180203,4,28,19,9
180203,5,106,41,65
180203,11,5,0,5
180203,19,12,7,5
180203,20,94,34,60
180203,21,121,56,65
180203,22,121,56,65
180203,23,121,56,65
180203,24,25,18,7
180203,25,96,38,58
180203,39,10,6,4
180203,40,86,32,54
180203,41,18,4,14
180203,42,18,4,14
180203,43,13,4,9
180203,44,3,1,2
180203,45,10,3,7
180203,51,5,0,5
180203,59,2,1,1
180203,60,8,2,6
180212,1,405,147,258
180212,2,405,147,258
180212,3,350,130,220
180212,4,48,28,20
180212,5,302,102,200
180212,11,55,17,38
180212,19,14,4,10
180212,20,288,98,190
180212,21,228,106,122
180212,22,228,106,122
180212,23,228,106,122
180212,24,40,26,14
180212,25,188,80,108
180212,39,11,4,7
180212,40,177,76,101
180212,41,177,41,136
180212,42,177,41,136
180212,43,122,24,98
180212,44,8,2,6
180212,45,114,22,92
180212,51,55,17,38
180212,59,3,0,3
180212,60,111,22,89
180249,1,1875,526,1349
180249,2,1875,526,1349
180249,3,1626,436,1190
180249,4,284,119,165
180249,5,1342,317,1025
180249,11,249,90,159
180249,19,169,47,122
180249,20,1173,270,903
180249,21,892,293,599
180249,22,892,293,599
180249,23,874,278,596
180249,24,196,89,107
180249,25,678,189,489
180249,31,18,15,3
180249,39,96,28,68
180249,40,582,161,421
180249,41,983,233,750
180249,42,983,233,750
180249,43,752,158,594
180249,44,88,30,58
180249,45,664,128,536
180249,51,231,75,156
180249,59,73,19,54
180249,60,591,109,482
180258,1,1138,372,766
180258,2,1046,339,707
180258,3,1032,332,700
180258,4,152,61,91
180258,5,880,271,609
180258,11,14,7,7
180258,12,92,33,59
180258,19,153,37,116
180258,20,727,234,493
180258,21,716,280,436
180258,22,665,263,402
180258,23,665,263,402
180258,24,150,61,89
180258,25,515,202,313
180258,32,51,17,34
180258,39,70,30,40
180258,40,445,172,273
180258,41,422,92,330
180258,42,381,76,305
180258,43,367,69,298
180258,44,2,0,2
180258,45,365,69,296
180258,51,14,7,7
180258,52,41,16,25
180258,59,83,7,76
180258,60,282,62,220
180276,1,1430,599,831
180276,2,1430,599,831
180276,3,1118,467,651
180276,4,271,136,135
180276,5,847,331,516
180276,11,312,132,180
180276,19,101,33,68
180276,20,746,298,448
180276,21,670,337,333
180276,22,670,337,333
180276,23,670,337,333
180276,24,204,112,92
180276,25,466,225,241
180276,39,61,25,36
180276,40,405,200,205
180276,41,760,262,498
180276,42,760,262,498
180276,43,448,130,318
180276,44,67,24,43
180276,45,381,106,275
180276,51,312,132,180
180276,59,40,8,32
180276,60,341,98,243
180328,1,329,109,220
180328,2,329,109,220
180328,3,309,105,204
180328,4,77,39,38
180328,5,232,66,166
180328,11,20,4,16
180328,19,19,7,12
180328,20,213,59,154
180328,21,269,96,173
180328,22,269,96,173
180328,23,266,95,171
180328,24,73,36,37
180328,25,193,59,134
180328,31,3,1,2
180328,39,17,7,10
180328,40,176,52,124
180328,41,60,13,47
180328,42,60,13,47
180328,43,43,10,33
180328,44,4,3,1
180328,45,39,7,32
180328,51,17,3,14
180328,59,2,0,2
180328,60,37,7,30
180373,1,422,169,253
180373,2,422,169,253
180373,3,351,136,215
180373,4,106,52,54
180373,5,245,84,161
180373,11,71,33,38
180373,19,53,16,37
180373,20,192,68,124
180373,21,249,126,123
180373,22,249,126,123
180373,23,244,124,120
180373,24,97,51,46
180373,25,147,73,74
180373,31,5,2,3
180373,39,32,15,17
180373,40,115,58,57
180373,41,173,43,130
180373,42,173,43,130
180373,43,107,12,95
180373,44,9,1,8
180373,45,98,11,87
180373,51,66,31,35
180373,59,21,1,20
180373,60,77,10,67
180391,1,45,3,42
180391,2,45,3,42
180391,3,45,3,42
180391,4,14,1,13
180391,5,31,2,29
180391,20,31,2,29
180391,21,45,3,42
180391,22,45,3,42
180391,23,45,3,42
180391,24,14,1,13
180391,25,31,2,29
180391,40,31,2,29
180416,1,2010,1337,673
180416,2,1844,1231,613
180416,3,1825,1223,602
180416,4,265,187,78
180416,5,1560,1036,524
180416,11,19,8,11
180416,12,166,106,60
180416,19,173,119,54
180416,20,1387,917,470
180416,21,1726,1191,535
180416,22,1661,1149,512
180416,23,1660,1149,511
180416,24,262,184,78
180416,25,1398,965,433
180416,31,1,0,1
180416,32,65,42,23
180416,39,151,113,38
180416,40,1247,852,395
180416,41,284,146,138
180416,42,183,82,101
180416,43,165,74,91
180416,44,3,3,0
180416,45,162,71,91
180416,51,18,8,10
180416,52,101,64,37
180416,59,22,6,16
180416,60,140,65,75
180461,1,14852,8051,6801
180461,2,13174,7236,5938
180461,3,13055,7170,5885
180461,4,2914,1657,1257
180461,5,10141,5513,4628
180461,11,119,66,53
180461,12,1678,815,863
180461,19,1025,498,527
180461,20,9116,5015,4101
180461,21,11549,6382,5167
180461,22,11012,6108,4904
180461,23,10902,6047,4855
180461,24,2345,1352,993
180461,25,8557,4695,3862
180461,31,110,61,49
180461,32,537,274,263
180461,39,720,366,354
180461,40,7837,4329,3508
180461,41,3303,1669,1634
180461,42,2162,1128,1034
180461,43,2153,1123,1030
180461,44,569,305,264
180461,45,1584,818,766
180461,51,9,5,4
180461,52,1141,541,600
180461,59,305,132,173
180461,60,1279,686,593
180489,1,14525,6623,7902
180489,2,12254,5676,6578
180489,3,11630,5379,6251
180489,4,1963,891,1072
180489,5,9667,4488,5179
180489,11,624,297,327
180489,12,2271,947,1324
180489,19,859,398,461
180489,20,8808,4090,4718
180489,21,10582,4974,5608
180489,22,9446,4465,4981
180489,23,9382,4439,4943
180489,24,1783,804,979
180489,25,7599,3635,3964
180489,31,64,26,38
180489,32,1136,509,627
180489,39,681,331,350
180489,40,6918,3304,3614
180489,41,3943,1649,2294
180489,42,2808,1211,1597
180489,43,2248,940,1308
180489,44,180,87,93
180489,45,2068,853,1215
180489,51,560,271,289
180489,52,1135,438,697
180489,59,178,67,111
180489,60,1890,786,1104
180522,1,1334,646,688
180522,2,1250,629,621
180522,3,1250,629,621
180522,4,200,149,51
180522,5,1050,480,570
180522,12,84,17,67
180522,19,167,71,96
180522,20,883,409,474
180522,21,918,551,367
180522,22,917,551,366
180522,23,917,551,366
180522,24,179,138,41
180522,25,738,413,325
180522,32,1,0,1
180522,39,127,62,65
180522,40,611,351,260
180522,41,416,95,321
180522,42,333,78,255
180522,43,333,78,255
180522,44,21,11,10
180522,45,312,67,245
180522,52,83,17,66
180522,59,40,9,31
180522,60,272,58,214
180595,1,1067,549,518
180595,2,988,513,475
180595,3,961,500,461
180595,4,238,129,109
180595,5,723,371,352
180595,11,27,13,14
180595,12,79,36,43
180595,19,69,39,30
180595,20,654,332,322
180595,21,1024,524,500
180595,22,947,490,457
180595,23,939,488,451
180595,24,238,129,109
180595,25,701,359,342
180595,31,8,2,6
180595,32,77,34,43
180595,39,64,37,27
180595,40,637,322,315
180595,41,43,25,18
180595,42,41,23,18
180595,43,22,12,10
180595,45,22,12,10
180595,51,19,11,8
180595,52,2,2,0
180595,59,5,2,3
180595,60,17,10,7
180647,1,840,333,507
180647,2,840,333,507
180647,3,809,321,488
180647,4,123,58,65
180647,5,686,263,423
180647,11,31,12,19
180647,19,89,31,58
180647,20,597,232,365
180647,21,696,292,404
180647,22,696,292,404
180647,23,694,291,403
180647,24,107,53,54
180647,25,587,238,349
180647,31,2,1,1
180647,39,78,29,49
180647,40,509,209,300
180647,41,144,41,103
180647,42,144,41,103
180647,43,115,30,85
180647,44,16,5,11
180647,45,99,25,74
180647,51,29,11,18
180647,59,11,2,9
180647,60,88,23,65
180692,1,1455,609,846
180692,2,1455,609,846
180692,3,1452,609,843
180692,4,254,125,129
180692,5,1198,484,714
180692,11,3,0,3
180692,19,323,114,209
180692,20,875,370,505
180692,21,1196,550,646
180692,22,1196,550,646
180692,23,1195,550,645
180692,24,250,124,126
180692,25,945,426,519
180692,31,1,0,1
180692,39,246,99,147
180692,40,699,327,372
180692,41,259,59,200
180692,42,259,59,200
180692,43,257,59,198
180692,44,4,1,3
180692,45,253,58,195
180692,51,2,0,2
180692,59,77,15,62
180692,60,176,43,133
180771,1,33,1,32
180771,2,33,1,32
180771,3,33,1,32
180771,4,6,0,6
180771,5,27,1,26
180771,20,27,1,26
180771,21,33,1,32
180771,22,33,1,32
180771,23,33,1,32
180771,24,6,0,6
180771,25,27,1,26
180771,40,27,1,26
180814,1,9788,4719,5069
180814,2,6202,3075,3127
180814,3,6134,3039,3095
180814,4,124,62,62
180814,5,6010,2977,3033
180814,11,68,36,32
180814,12,3586,1644,1942
180814,19,2935,1421,1514
180814,20,3075,1556,1519
180814,21,7798,3682,4116
180814,22,5180,2520,2660
180814,23,5174,2519,2655
180814,24,87,39,48
180814,25,5087,2480,2607
180814,31,6,1,5
180814,32,2618,1162,1456
180814,39,2575,1227,1348
180814,40,2512,1253,1259
180814,41,1990,1037,953
180814,42,1022,555,467
180814,43,960,520,440
180814,44,37,23,14
180814,45,923,497,426
180814,51,62,35,27
180814,52,968,482,486
180814,59,360,194,166
180814,60,563,303,260
180832,1,1238,160,1078
180832,2,780,104,676
180832,3,778,103,675
180832,4,36,2,34
180832,5,742,101,641
180832,11,2,1,1
180832,12,458,56,402
180832,19,166,29,137
180832,20,576,72,504
180832,21,467,69,398
180832,22,446,63,383
180832,23,446,63,383
180832,24,32,2,30
180832,25,414,61,353
180832,32,21,6,15
180832,39,87,17,70
180832,40,327,44,283
180832,41,771,91,680
180832,42,334,41,293
180832,43,332,40,292
180832,44,4,0,4
180832,45,328,40,288
180832,51,2,1,1
180832,52,437,50,387
180832,59,79,12,67
180832,60,249,28,221
180878,1,711,80,631
180878,2,627,58,569
180878,3,593,56,537
180878,4,37,5,32
180878,5,556,51,505
180878,11,34,2,32
180878,12,84,22,62
180878,19,92,8,84
180878,20,464,43,421
180878,21,343,45,298
180878,22,298,25,273
180878,23,298,25,273
180878,24,36,5,31
180878,25,262,20,242
180878,32,45,20,25
180878,39,42,6,36
180878,40,220,14,206
180878,41,368,35,333
180878,42,329,33,296
180878,43,295,31,264
180878,44,1,0,1
180878,45,294,31,263
180878,51,34,2,32
180878,52,39,2,37
180878,59,50,2,48
180878,60,244,29,215
180902,1,6906,2880,4026
180902,2,6906,2880,4026
180902,3,4321,1667,2654
180902,4,904,468,436
180902,5,3417,1199,2218
180902,11,2585,1213,1372
180902,19,273,113,160
180902,20,3144,1086,2058
180902,21,2215,1068,1147
180902,22,2215,1068,1147
180902,23,2182,1052,1130
180902,24,710,380,330
180902,25,1472,672,800
180902,31,33,16,17
180902,39,205,96,109
180902,40,1267,576,691
180902,41,4691,1812,2879
180902,42,4691,1812,2879
180902,43,2139,615,1524
180902,44,194,88,106
180902,45,1945,527,1418
180902,51,2552,1197,1355
180902,59,68,17,51
180902,60,1877,510,1367
180948,1,3056,1295,1761
180948,2,2432,1035,1397
180948,3,2131,912,1219
180948,4,463,229,234
180948,5,1668,683,985
180948,11,301,123,178
180948,12,624,260,364
180948,19,175,67,108
180948,20,1493,616,877
180948,21,1912,865,1047
180948,22,1772,799,973
180948,23,1766,794,972
180948,24,458,227,231
180948,25,1308,567,741
180948,31,6,5,1
180948,32,140,66,74
180948,39,120,53,67
180948,40,1188,514,674
180948,41,1144,430,714
180948,42,660,236,424
180948,43,365,118,247
180948,44,5,2,3
180948,45,360,116,244
180948,51,295,118,177
180948,52,484,194,290
180948,59,55,14,41
180948,60,305,102,203
180957,1,116,20,96
180957,2,116,20,96
180957,3,116,20,96
180957,4,8,2,6
180957,5,108,18,90
180957,20,108,18,90
180957,21,116,20,96
180957,22,116,20,96
180957,23,116,20,96
180957,24,8,2,6
180957,25,108,18,90
180957,40,108,18,90
180984,1,2206,892,1314
180984,2,1508,742,766
180984,3,1185,594,591
180984,4,282,153,129
180984,5,903,441,462
180984,11,323,148,175
180984,12,698,150,548
180984,19,61,37,24
180984,20,842,404,438
180984,21,1725,699,1026
180984,22,1134,581,553
180984,23,1133,581,552
180984,24,281,153,128
180984,25,852,428,424
180984,31,1,0,1
180984,32,591,118,473
180984,39,56,36,20
180984,40,796,392,404
180984,41,481,193,288
180984,42,374,161,213
180984,43,52,13,39
180984,44,1,0,1
180984,45,51,13,38
180984,51,322,148,174
180984,52,107,32,75
180984,59,5,1,4
180984,60,46,12,34
181002,1,8019,3465,4554
181002,2,4076,1664,2412
181002,3,3943,1586,2357
181002,4,966,383,583
181002,5,2977,1203,1774
181002,11,133,78,55
181002,12,3943,1801,2142
181002,19,166,56,110
181002,20,2811,1147,1664
181002,21,6711,2869,3842
181002,22,3815,1545,2270
181002,23,3790,1533,2257
181002,24,963,381,582
181002,25,2827,1152,1675
181002,31,25,12,13
181002,32,2896,1324,1572
181002,39,148,50,98
181002,40,2679,1102,1577
181002,41,1308,596,712
181002,42,261,119,142
181002,43,153,53,100
181002,44,3,2,1
181002,45,150,51,99
181002,51,108,66,42
181002,52,1047,477,570
181002,59,18,6,12
181002,60,132,45,87
181020,1,1113,556,557
181020,2,1113,556,557
181020,3,1111,556,555
181020,4,287,150,137
181020,5,824,406,418
181020,11,2,0,2
181020,19,50,36,14
181020,20,774,370,404
181020,21,1106,553,553
181020,22,1106,553,553
181020,23,1106,553,553
181020,24,287,150,137
181020,25,819,403,416
181020,39,50,36,14
181020,40,769,367,402
181020,41,7,3,4
181020,42,7,3,4
181020,43,5,3,2
181020,45,5,3,2
181020,51,2,0,2
181020,60,5,3,2
181093,1,481,221,260
181093,2,410,196,214
181093,3,410,196,214
181093,4,97,38,59
181093,5,313,158,155
181093,12,71,25,46
181093,19,63,43,20
181093,20,250,115,135
181093,21,372,165,207
181093,22,341,156,185
181093,23,341,156,185
181093,24,96,38,58
181093,25,245,118,127
181093,32,31,9,22
181093,39,62,42,20
181093,40,183,76,107
181093,41,109,56,53
181093,42,69,40,29
181093,43,69,40,29
181093,44,1,0,1
181093,45,68,40,28
181093,52,40,16,24
181093,59,1,1,0
181093,60,67,39,28
181127,1,1144,583,561
181127,2,1118,571,547
181127,3,1060,545,515
181127,4,345,180,165
181127,5,715,365,350
181127,11,58,26,32
181127,12,26,12,14
181127,19,48,27,21
181127,20,667,338,329
181127,21,1076,550,526
181127,22,1060,543,517
181127,23,1050,540,510
181127,24,345,180,165
181127,25,705,360,345
181127,31,10,3,7
181127,32,16,7,9
181127,39,48,27,21
181127,40,657,333,324
181127,41,68,33,35
181127,42,58,28,30
181127,43,10,5,5
181127,45,10,5,5
181127,51,48,23,25
181127,52,10,5,5
181127,60,10,5,5
181136,1,34,1,33
181136,2,34,1,33
181136,3,34,1,33
181136,4,14,1,13
181136,5,20,0,20
181136,20,20,0,20
181136,21,34,1,33
181136,22,34,1,33
181136,23,34,1,33
181136,24,14,1,13
181136,25,20,0,20
181136,40,20,0,20
181145,1,22,1,21
181145,2,22,1,21
181145,3,22,1,21
181145,5,22,1,21
181145,19,12,1,11
181145,20,10,0,10
181145,21,22,1,21
181145,22,22,1,21
181145,23,22,1,21
181145,25,22,1,21
181145,39,12,1,11
181145,40,10,0,10
181190,1,281,3,278
181190,2,281,3,278
181190,3,281,3,278
181190,4,46,0,46
181190,5,235,3,232
181190,20,235,3,232
181190,21,281,3,278
181190,22,281,3,278
181190,23,281,3,278
181190,24,46,0,46
181190,25,235,3,232
181190,40,235,3,232
181215,1,7052,2838,4214
181215,2,5502,2339,3163
181215,3,5247,2228,3019
181215,4,1022,431,591
181215,5,4225,1797,2428
181215,11,255,111,144
181215,12,1550,499,1051
181215,19,342,134,208
181215,20,3883,1663,2220
181215,21,5034,2133,2901
181215,22,4777,2062,2715
181215,23,4702,2042,2660
181215,24,1007,423,584
181215,25,3695,1619,2076
181215,31,75,20,55
181215,32,257,71,186
181215,39,288,128,160
181215,40,3407,1491,1916
181215,41,2018,705,1313
181215,42,725,277,448
181215,43,545,186,359
181215,44,15,8,7
181215,45,530,178,352
181215,51,180,91,89
181215,52,1293,428,865
181215,59,54,6,48
181215,60,476,172,304
181242,1,501,122,379
181242,2,472,111,361
181242,3,471,111,360
181242,4,37,7,30
181242,5,434,104,330
181242,11,1,0,1
181242,12,29,11,18
181242,19,155,36,119
181242,20,279,68,211
181242,21,330,89,241
181242,22,313,82,231
181242,23,313,82,231
181242,24,29,7,22
181242,25,284,75,209
181242,32,17,7,10
181242,39,97,26,71
181242,40,187,49,138
181242,41,171,33,138
181242,42,159,29,130
181242,43,158,29,129
181242,44,8,0,8
181242,45,150,29,121
181242,51,1,0,1
181242,52,12,4,8
181242,59,58,10,48
181242,60,92,19,73
181297,1,943,92,851
181297,2,742,67,675
181297,3,740,66,674
181297,4,44,4,40
181297,5,696,62,634
181297,11,2,1,1
181297,12,201,25,176
181297,19,154,12,142
181297,20,542,50,492
181297,21,588,55,533
181297,22,463,42,421
181297,23,463,42,421
181297,24,37,4,33
181297,25,426,38,388
181297,32,125,13,112
181297,39,121,10,111
181297,40,305,28,277
181297,41,355,37,318
181297,42,279,25,254
181297,43,277,24,253
181297,44,7,0,7
181297,45,270,24,246
181297,51,2,1,1
181297,52,76,12,64
181297,59,33,2,31
181297,60,237,22,215
181303,1,15752,7107,8645
181303,2,15752,7107,8645
181303,3,7737,3436,4301
181303,4,1943,942,1001
181303,5,5794,2494,3300
181303,11,8015,3671,4344
181303,20,5794,2494,3300
181303,21,5976,2798,3178
181303,22,5976,2798,3178
181303,23,3412,1593,1819
181303,24,1077,541,536
181303,25,2335,1052,1283
181303,31,2564,1205,1359
181303,40,2335,1052,1283
181303,41,9776,4309,5467
181303,42,9776,4309,5467
181303,43,4325,1843,2482
181303,44,866,401,465
181303,45,3459,1442,2017
181303,51,5451,2466,2985
181303,60,3459,1442,2017
181312,1,2491,962,1529
181312,2,2491,962,1529
181312,3,1437,542,895
181312,4,485,215,270
181312,5,952,327,625
181312,11,1054,420,634
181312,19,85,42,43
181312,20,867,285,582
181312,21,960,425,535
181312,22,960,425,535
181312,23,929,410,519
181312,24,398,185,213
181312,25,531,225,306
181312,31,31,15,16
181312,39,73,37,36
181312,40,458,188,270
181312,41,1531,537,994
181312,42,1531,537,994
181312,43,508,132,376
181312,44,87,30,57
181312,45,421,102,319
181312,51,1023,405,618
181312,59,12,5,7
181312,60,409,97,312
181330,1,1288,647,641
181330,2,1192,601,591
181330,3,1189,599,590
181330,4,367,208,159
181330,5,822,391,431
181330,11,3,2,1
181330,12,96,46,50
181330,19,125,70,55
181330,20,697,321,376
181330,21,1199,616,583
181330,22,1164,593,571
181330,23,1163,593,570
181330,24,367,208,159
181330,25,796,385,411
181330,31,1,0,1
181330,32,35,23,12
181330,39,118,68,50
181330,40,678,317,361
181330,41,89,31,58
181330,42,28,8,20
181330,43,26,6,20
181330,45,26,6,20
181330,51,2,2,0
181330,52,61,23,38
181330,59,7,2,5
181330,60,19,4,15
181376,1,150,82,68
181376,2,150,82,68
181376,3,150,82,68
181376,4,56,34,22
181376,5,94,48,46
181376,19,15,7,8
181376,20,79,41,38
181376,21,126,70,56
181376,22,126,70,56
181376,23,126,70,56
181376,24,52,33,19
181376,25,74,37,37
181376,39,8,4,4
181376,40,66,33,33
181376,41,24,12,12
181376,42,24,12,12
181376,43,24,12,12
181376,44,4,1,3
181376,45,20,11,9
181376,59,7,3,4
181376,60,13,8,5
181394,1,15227,7211,8016
181394,2,12335,5960,6375
181394,3,12153,5859,6294
181394,4,1889,896,993
181394,5,10264,4963,5301
181394,11,182,101,81
181394,12,2892,1251,1641
181394,19,1356,636,720
181394,20,8908,4327,4581
181394,21,10374,4920,5454
181394,22,9511,4503,5008
181394,23,9446,4462,4984
181394,24,1794,846,948
181394,25,7652,3616,4036
181394,31,65,41,24
181394,32,863,417,446
181394,39,1017,461,556
181394,40,6635,3155,3480
181394,41,4853,2291,2562
181394,42,2824,1457,1367
181394,43,2707,1397,1310
181394,44,95,50,45
181394,45,2612,1347,1265
181394,51,117,60,57
181394,52,2029,834,1195
181394,59,339,175,164
181394,60,2273,1172,1101
181400,1,795,162,633
181400,2,728,144,584
181400,3,728,144,584
181400,4,93,19,74
181400,5,635,125,510
181400,12,67,18,49
181400,19,195,29,166
181400,20,440,96,344
181400,21,544,110,434
181400,22,495,95,400
181400,23,495,95,400
181400,24,64,14,50
181400,25,431,81,350
181400,32,49,15,34
181400,39,108,16,92
181400,40,323,65,258
181400,41,251,52,199
181400,42,233,49,184
181400,43,233,49,184
181400,44,29,5,24
181400,45,204,44,160
181400,52,18,3,15
181400,59,87,13,74
181400,60,117,31,86
181419,1,199,60,139
181419,2,199,60,139
181419,3,191,59,132
181419,4,55,16,39
181419,5,136,43,93
181419,11,8,1,7
181419,20,136,43,93
181419,21,106,29,77
181419,22,106,29,77
181419,23,104,29,75
181419,24,38,11,27
181419,25,66,18,48
181419,31,2,0,2
181419,40,66,18,48
181419,41,93,31,62
181419,42,93,31,62
181419,43,87,30,57
181419,44,17,5,12
181419,45,70,25,45
181419,51,6,1,5
181419,60,70,25,45
181428,1,3681,1326,2355
181428,2,835,103,732
181428,3,810,100,710
181428,5,810,100,710
181428,11,25,3,22
181428,12,2846,1223,1623
181428,19,408,49,359
181428,20,402,51,351
181428,21,3126,1199,1927
181428,22,715,82,633
181428,23,715,82,633
181428,25,715,82,633
181428,32,2411,1117,1294
181428,39,366,41,325
181428,40,349,41,308
181428,41,555,127,428
181428,42,120,21,99
181428,43,95,18,77
181428,45,95,18,77
181428,51,25,3,22
181428,52,435,106,329
181428,59,42,8,34
181428,60,53,10,43
181446,1,2149,771,1378
181446,2,1927,729,1198
181446,3,1892,715,1177
181446,4,379,172,207
181446,5,1513,543,970
181446,11,35,14,21
181446,12,222,42,180
181446,19,98,35,63
181446,20,1415,508,907
181446,21,1639,674,965
181446,22,1605,674,931
181446,23,1578,662,916
181446,24,379,172,207
181446,25,1199,490,709
181446,31,27,12,15
181446,32,34,0,34
181446,39,98,35,63
181446,40,1101,455,646
181446,41,510,97,413
181446,42,322,55,267
181446,43,314,53,261
181446,45,314,53,261
181446,51,8,2,6
181446,52,188,42,146
181446,60,314,53,261
181464,1,24445,12892,11553
181464,2,19376,10438,8938
181464,3,19376,10438,8938
181464,4,4420,2259,2161
181464,5,14956,8179,6777
181464,12,5069,2454,2615
181464,19,995,530,465
181464,20,13961,7649,6312
181464,21,20880,11171,9709
181464,22,18102,9697,8405
181464,23,18102,9697,8405
181464,24,4396,2243,2153
181464,25,13706,7454,6252
181464,32,2778,1474,1304
181464,39,920,480,440
181464,40,12786,6974,5812
181464,41,3565,1721,1844
181464,42,1274,741,533
181464,43,1274,741,533
181464,44,24,16,8
181464,45,1250,725,525
181464,52,2291,980,1311
181464,59,75,50,25
181464,60,1175,675,500
181491,1,5145,2729,2416
181491,2,5145,2729,2416
181491,3,2812,1282,1530
181491,4,827,445,382
181491,5,1985,837,1148
181491,11,2333,1447,886
181491,19,268,105,163
181491,20,1717,732,985
181491,21,2200,1116,1084
181491,22,2200,1116,1084
181491,23,2145,1094,1051
181491,24,749,417,332
181491,25,1396,677,719
181491,31,55,22,33
181491,39,191,80,111
181491,40,1205,597,608
181491,41,2945,1613,1332
181491,42,2945,1613,1332
181491,43,667,188,479
181491,44,78,28,50
181491,45,589,160,429
181491,51,2278,1425,853
181491,59,77,25,52
181491,60,512,135,377
181534,1,2422,948,1474
181534,2,2158,879,1279
181534,3,1534,648,886
181534,4,278,118,160
181534,5,1256,530,726
181534,11,624,231,393
181534,12,264,69,195
181534,19,206,92,114
181534,20,1050,438,612
181534,21,1255,514,741
181534,22,1186,500,686
181534,23,1177,496,681
181534,24,272,116,156
181534,25,905,380,525
181534,31,9,4,5
181534,32,69,14,55
181534,39,148,67,81
181534,40,757,313,444
181534,41,1167,434,733
181534,42,972,379,593
181534,43,357,152,205
181534,44,6,2,4
181534,45,351,150,201
181534,51,615,227,388
181534,52,195,55,140
181534,59,58,25,33
181534,60,293,125,168
181543,1,29,14,15
181543,2,29,14,15
181543,3,29,14,15
181543,4,4,3,1
181543,5,25,11,14
181543,19,4,3,1
181543,20,21,8,13
181543,21,19,7,12
181543,22,19,7,12
181543,23,19,7,12
181543,24,3,2,1
181543,25,16,5,11
181543,39,2,1,1
181543,40,14,4,10
181543,41,10,7,3
181543,42,10,7,3
181543,43,10,7,3
181543,44,1,1,0
181543,45,9,6,3
181543,59,2,2,0
181543,60,7,4,3
181604,1,970,32,938
181604,2,735,11,724
181604,3,691,0,691
181604,4,89,0,89
181604,5,602,0,602
181604,11,44,11,33
181604,12,235,21,214
181604,19,149,0,149
181604,20,453,0,453
181604,21,777,12,765
181604,22,639,0,639
181604,23,639,0,639
181604,24,89,0,89
181604,25,550,0,550
181604,32,138,12,126
181604,39,144,0,144
181604,40,406,0,406
181604,41,193,20,173
181604,42,96,11,85
181604,43,52,0,52
181604,45,52,0,52
181604,51,44,11,33
181604,52,97,9,88
181604,59,5,0,5
181604,60,47,0,47
181640,1,9751,4460,5291
181640,2,9751,4460,5291
181640,3,7512,3466,4046
181640,4,1566,799,767
181640,5,5946,2667,3279
181640,11,2239,994,1245
181640,19,562,256,306
181640,20,5384,2411,2973
181640,21,4858,2530,2328
181640,22,4858,2530,2328
181640,23,4493,2327,2166
181640,24,1205,649,556
181640,25,3288,1678,1610
181640,31,365,203,162
181640,39,381,198,183
181640,40,2907,1480,1427
181640,41,4893,1930,2963
181640,42,4893,1930,2963
181640,43,3019,1139,1880
181640,44,361,150,211
181640,45,2658,989,1669
181640,51,1874,791,1083
181640,59,181,58,123
181640,60,2477,931,1546
181738,1,911,368,543
181738,2,821,349,472
181738,3,759,327,432
181738,4,178,76,102
181738,5,581,251,330
181738,11,62,22,40
181738,12,90,19,71
181738,19,56,20,36
181738,20,525,231,294
181738,21,803,328,475
181738,22,713,309,404
181738,23,713,309,404
181738,24,178,76,102
181738,25,535,233,302
181738,32,90,19,71
181738,39,55,20,35
181738,40,480,213,267
181738,41,108,40,68
181738,42,108,40,68
181738,43,46,18,28
181738,45,46,18,28
181738,51,62,22,40
181738,59,1,0,1
181738,60,45,18,27
181756,1,330,100,230
181756,2,330,100,230
181756,3,330,100,230
181756,4,33,9,24
181756,5,297,91,206
181756,19,31,9,22
181756,20,266,82,184
181756,21,330,100,230
181756,22,330,100,230
181756,23,330,100,230
181756,24,33,9,24
181756,25,297,91,206
181756,39,31,9,22
181756,40,266,82,184
181765,1,300,132,168
181765,2,300,132,168
181765,3,225,105,120
181765,4,70,32,38
181765,5,155,73,82
181765,11,75,27,48
181765,19,21,11,10
181765,20,134,62,72
181765,21,214,101,113
181765,22,214,101,113
181765,23,214,101,113
181765,24,70,32,38
181765,25,144,69,75
181765,39,21,11,10
181765,40,123,58,65
181765,41,86,31,55
181765,42,86,31,55
181765,43,11,4,7
181765,45,11,4,7
181765,51,75,27,48
181765,60,11,4,7
181783,1,3506,1508,1998
181783,2,2991,1277,1714
181783,3,2900,1240,1660
181783,4,691,293,398
181783,5,2209,947,1262
181783,11,91,37,54
181783,12,515,231,284
181783,19,184,80,104
181783,20,2025,867,1158
181783,21,2815,1204,1611
181783,22,2735,1173,1562
181783,23,2733,1172,1561
181783,24,690,292,398
181783,25,2043,880,1163
181783,31,2,1,1
181783,32,80,31,49
181783,39,167,76,91
181783,40,1876,804,1072
181783,41,691,304,387
181783,42,256,104,152
181783,43,167,68,99
181783,44,1,1,0
181783,45,166,67,99
181783,51,89,36,53
181783,52,435,200,235
181783,59,17,4,13
181783,60,149,63,86
181792,1,8,2,6
181792,2,8,2,6
181792,3,8,2,6
181792,5,8,2,6
181792,20,8,2,6
181792,21,8,2,6
181792,22,8,2,6
181792,23,8,2,6
181792,25,8,2,6
181792,40,8,2,6
181817,1,1960,715,1245
181817,2,1960,715,1245
181817,3,1478,516,962
181817,4,419,182,237
181817,5,1059,334,725
181817,11,482,199,283
181817,19,66,17,49
181817,20,993,317,676
181817,21,924,370,554
181817,22,924,370,554
181817,23,913,366,547
181817,24,336,142,194
181817,25,577,224,353
181817,31,11,4,7
181817,39,39,14,25
181817,40,538,210,328
181817,41,1036,345,691
181817,42,1036,345,691
181817,43,565,150,415
181817,44,83,40,43
181817,45,482,110,372
181817,51,471,195,276
181817,59,27,3,24
181817,60,455,107,348
181853,1,470,254,216
181853,2,459,247,212
181853,3,456,246,210
181853,4,94,52,42
181853,5,362,194,168
181853,11,3,1,2
181853,12,11,7,4
181853,19,59,36,23
181853,20,303,158,145
181853,21,442,237,205
181853,22,442,237,205
181853,23,442,237,205
181853,24,94,52,42
181853,25,348,185,163
181853,39,58,36,22
181853,40,290,149,141
181853,41,28,17,11
181853,42,17,10,7
181853,43,14,9,5
181853,45,14,9,5
181853,51,3,1,2
181853,52,11,7,4
181853,59,1,0,1
181853,60,13,9,4
181880,1,154,10,144
181880,2,154,10,144
181880,3,154,10,144
181880,4,38,2,36
181880,5,116,8,108
181880,20,116,8,108
181880,21,154,10,144
181880,22,154,10,144
181880,23,154,10,144
181880,24,38,2,36
181880,25,116,8,108
181880,40,116,8,108
181941,1,556,198,358
181941,2,556,198,358
181941,3,556,198,358
181941,4,166,54,112
181941,5,390,144,246
181941,19,15,2,13
181941,20,375,142,233
181941,21,556,198,358
181941,22,556,198,358
181941,23,556,198,358
181941,24,166,54,112
181941,25,390,144,246
181941,39,15,2,13
181941,40,375,142,233
182005,1,34177,15467,18710
182005,2,34177,15467,18710
182005,3,29848,13447,16401
182005,4,5072,2554,2518
182005,5,24776,10893,13883
182005,11,4329,2020,2309
182005,19,2488,1018,1470
182005,20,22288,9875,12413
182005,21,8903,4238,4665
182005,22,8903,4238,4665
182005,23,8539,4043,4496
182005,24,1767,834,933
182005,25,6772,3209,3563
182005,31,364,195,169
182005,39,844,399,445
182005,40,5928,2810,3118
182005,41,25274,11229,14045
182005,42,25274,11229,14045
182005,43,21309,9404,11905
182005,44,3305,1720,1585
182005,45,18004,7684,10320
182005,51,3965,1825,2140
182005,59,1644,619,1025
182005,60,16360,7065,9295
182111,1,1097,598,499
182111,2,1097,598,499
182111,3,1097,598,499
182111,4,299,175,124
182111,5,798,423,375
182111,19,125,66,59
182111,20,673,357,316
182111,21,808,435,373
182111,22,808,435,373
182111,23,808,435,373
182111,24,241,136,105
182111,25,567,299,268
182111,39,95,50,45
182111,40,472,249,223
182111,41,289,163,126
182111,42,289,163,126
182111,43,289,163,126
182111,44,58,39,19
182111,45,231,124,107
182111,59,30,16,14
182111,60,201,108,93
182148,1,915,255,660
182148,2,915,255,660
182148,3,915,255,660
182148,4,81,8,73
182148,5,834,247,587
182148,19,90,29,61
182148,20,744,218,526
182148,21,714,188,526
182148,22,714,188,526
182148,23,714,188,526
182148,24,81,8,73
182148,25,633,180,453
182148,39,85,27,58
182148,40,548,153,395
182148,41,201,67,134
182148,42,201,67,134
182148,43,201,67,134
182148,45,201,67,134
182148,59,5,2,3
182148,60,196,65,131
182209,1,398,35,363
182209,2,398,35,363
182209,3,398,35,363
182209,4,127,8,119
182209,5,271,27,244
182209,20,271,27,244
182209,21,183,24,159
182209,22,183,24,159
182209,23,183,24,159
182209,24,63,5,58
182209,25,120,19,101
182209,40,120,19,101
182209,41,215,11,204
182209,42,215,11,204
182209,43,215,11,204
182209,44,64,3,61
182209,45,151,8,143
182209,60,151,8,143
182281,1,27848,12360,15488
182281,2,23097,10274,12823
182281,3,22742,10096,12646
182281,4,3773,1555,2218
182281,5,18969,8541,10428
182281,11,355,178,177
182281,12,4751,2086,2665
182281,19,2465,1076,1389
182281,20,16504,7465,9039
182281,21,18795,8288,10507
182281,22,16523,7255,9268
182281,23,16508,7245,9263
182281,24,3585,1463,2122
182281,25,12923,5782,7141
182281,31,15,10,5
182281,32,2272,1033,1239
182281,39,1516,682,834
182281,40,11407,5100,6307
182281,41,9053,4072,4981
182281,42,6574,3019,3555
182281,43,6234,2851,3383
182281,44,188,92,96
182281,45,6046,2759,3287
182281,51,340,168,172
182281,52,2479,1053,1426
182281,59,949,394,555
182281,60,5097,2365,2732
182290,1,18776,8929,9847
182290,2,15694,7453,8241
182290,3,15310,7238,8072
182290,4,3086,1454,1632
182290,5,12224,5784,6440
182290,11,384,215,169
182290,12,3082,1476,1606
182290,19,1310,567,743
182290,20,10914,5217,5697
182290,21,14208,6694,7514
182290,22,12934,6104,6830
182290,23,12919,6097,6822
182290,24,3046,1430,1616
182290,25,9873,4667,5206
182290,31,15,7,8
182290,32,1274,590,684
182290,39,945,428,517
182290,40,8928,4239,4689
182290,41,4568,2235,2333
182290,42,2760,1349,1411
182290,43,2391,1141,1250
182290,44,40,24,16
182290,45,2351,1117,1234
182290,51,369,208,161
182290,52,1808,886,922
182290,59,365,139,226
182290,60,1986,978,1008
182306,1,3181,1154,2027
182306,2,3164,1148,2016
182306,3,2387,872,1515
182306,4,295,138,157
182306,5,2092,734,1358
182306,11,777,276,501
182306,12,17,6,11
182306,19,67,24,43
182306,20,2025,710,1315
182306,21,907,383,524
182306,22,906,383,523
182306,23,884,371,513
182306,24,170,95,75
182306,25,714,276,438
182306,31,22,12,10
182306,32,1,0,1
182306,39,32,11,21
182306,40,682,265,417
182306,41,2274,771,1503
182306,42,2258,765,1493
182306,43,1503,501,1002
182306,44,125,43,82
182306,45,1378,458,920
182306,51,755,264,491
182306,52,16,6,10
182306,59,35,13,22
182306,60,1343,445,898
182397,1,275,7,268
182397,2,275,7,268
182397,3,275,7,268
182397,4,80,3,77
182397,5,195,4,191
182397,20,195,4,191
182397,21,127,6,121
182397,22,127,6,121
182397,23,127,6,121
182397,24,37,3,34
182397,25,90,3,87
182397,40,90,3,87
182397,41,148,1,147
182397,42,148,1,147
182397,43,148,1,147
182397,44,43,0,43
182397,45,105,1,104
182397,60,105,1,104
182430,1,411,205,206
182430,2,374,192,182
182430,3,374,192,182
182430,4,142,81,61
182430,5,232,111,121
182430,12,37,13,24
182430,20,232,111,121
182430,21,399,201,198
182430,22,374,192,182
182430,23,374,192,182
182430,24,142,81,61
182430,25,232,111,121
182430,32,25,9,16
182430,40,232,111,121
182430,41,12,4,8
182430,52,12,4,8
182458,1,955,405,550
182458,2,529,302,227
182458,3,476,281,195
182458,4,91,59,32
182458,5,385,222,163
182458,11,53,21,32
182458,12,426,103,323
182458,19,71,37,34
182458,20,314,185,129
182458,21,770,353,417
182458,22,476,281,195
182458,23,476,281,195
182458,24,91,59,32
182458,25,385,222,163
182458,32,294,72,222
182458,39,71,37,34
182458,40,314,185,129
182458,41,185,52,133
182458,42,53,21,32
182458,51,53,21,32
182458,52,132,31,101
182500,1,11204,5026,6178
182500,2,11204,5026,6178
182500,3,9051,3930,5121
182500,4,1504,711,793
182500,5,7547,3219,4328
182500,11,2153,1096,1057
182500,19,526,234,292
182500,20,7021,2985,4036
182500,21,2905,1376,1529
182500,22,2905,1376,1529
182500,23,2713,1273,1440
182500,24,623,305,318
182500,25,2090,968,1122
182500,31,192,103,89
182500,39,171,96,75
182500,40,1919,872,1047
182500,41,8299,3650,4649
182500,42,8299,3650,4649
182500,43,6338,2657,3681
182500,44,881,406,475
182500,45,5457,2251,3206
182500,51,1961,993,968
182500,59,355,138,217
182500,60,5102,2113,2989
182564,1,3975,1645,2330
182564,2,3975,1645,2330
182564,3,3511,1415,2096
182564,4,626,285,341
182564,5,2885,1130,1755
182564,11,464,230,234
182564,19,216,92,124
182564,20,2669,1038,1631
182564,21,1230,563,667
182564,22,1230,563,667
182564,23,1217,556,661
182564,24,329,153,176
182564,25,888,403,485
182564,31,13,7,6
182564,39,74,35,39
182564,40,814,368,446
182564,41,2745,1082,1663
182564,42,2745,1082,1663
182564,43,2294,859,1435
182564,44,297,132,165
182564,45,1997,727,1270
182564,51,451,223,228
182564,59,142,57,85
182564,60,1855,670,1185
182634,1,1409,419,990
182634,2,1409,419,990
182634,3,1395,413,982
182634,4,399,120,279
182634,5,996,293,703
182634,11,14,6,8
182634,19,24,13,11
182634,20,972,280,692
182634,21,1386,410,976
182634,22,1386,410,976
182634,23,1386,410,976
182634,24,399,120,279
182634,25,987,290,697
182634,39,21,12,9
182634,40,966,278,688
182634,41,23,9,14
182634,42,23,9,14
182634,43,9,3,6
182634,45,9,3,6
182634,51,14,6,8
182634,59,3,1,2
182634,60,6,2,4
182652,1,62,1,61
182652,2,62,1,61
182652,3,62,1,61
182652,4,40,1,39
182652,5,22,0,22
182652,20,22,0,22
182652,21,62,1,61
182652,22,62,1,61
182652,23,62,1,61
182652,24,40,1,39
182652,25,22,0,22
182652,40,22,0,22
182661,1,764,552,212
182661,2,632,498,134
182661,3,626,493,133
182661,4,164,131,33
182661,5,462,362,100
182661,11,6,5,1
182661,12,132,54,78
182661,19,61,44,17
182661,20,401,318,83
182661,21,684,497,187
182661,22,556,445,111
182661,23,556,445,111
182661,24,153,123,30
182661,25,403,322,81
182661,32,128,52,76
182661,39,52,39,13
182661,40,351,283,68
182661,41,80,55,25
182661,42,76,53,23
182661,43,70,48,22
182661,44,11,8,3
182661,45,59,40,19
182661,51,6,5,1
182661,52,4,2,2
182661,59,9,5,4
182661,60,50,35,15
182670,1,6342,3378,2964
182670,2,4276,2179,2097
182670,3,4154,2115,2039
182670,4,1109,545,564
182670,5,3045,1570,1475
182670,11,122,64,58
182670,12,2066,1199,867
182670,19,3,1,2
182670,20,3042,1569,1473
182670,21,6185,3308,2877
182670,22,4200,2140,2060
182670,23,4154,2115,2039
182670,24,1109,545,564
182670,25,3045,1570,1475
182670,31,46,25,21
182670,32,1985,1168,817
182670,39,3,1,2
182670,40,3042,1569,1473
182670,41,157,70,87
182670,42,76,39,37
182670,51,76,39,37
182670,52,81,31,50
182704,1,103,2,101
182704,2,103,2,101
182704,3,103,2,101
182704,4,15,1,14
182704,5,88,1,87
182704,20,88,1,87
182704,21,74,1,73
182704,22,74,1,73
182704,23,74,1,73
182704,24,7,0,7
182704,25,67,1,66
182704,40,67,1,66
182704,41,29,1,28
182704,42,29,1,28
182704,43,29,1,28
182704,44,8,1,7
182704,45,21,0,21
182704,60,21,0,21
182722,1,140,21,119
182722,2,140,21,119
182722,3,140,21,119
182722,4,14,4,10
182722,5,126,17,109
182722,20,126,17,109
182722,21,119,21,98
182722,22,119,21,98
182722,23,119,21,98
182722,24,11,4,7
182722,25,108,17,91
182722,40,108,17,91
182722,41,21,0,21
182722,42,21,0,21
182722,43,21,0,21
182722,44,3,0,3
182722,45,18,0,18
182722,60,18,0,18
182795,1,2204,946,1258
182795,2,1671,740,931
182795,3,1664,738,926
182795,4,450,219,231
182795,5,1214,519,695
182795,11,7,2,5
182795,12,533,206,327
182795,19,71,29,42
182795,20,1143,490,653
182795,21,1809,846,963
182795,22,1465,699,766
182795,23,1465,699,766
182795,24,450,219,231
182795,25,1015,480,535
182795,32,344,147,197
182795,39,43,24,19
182795,40,972,456,516
182795,41,395,100,295
182795,42,206,41,165
182795,43,199,39,160
182795,45,199,39,160
182795,51,7,2,5
182795,52,189,59,130
182795,59,28,5,23
182795,60,171,34,137
182829,1,315,185,130
182829,12,315,185,130
182829,21,299,176,123
182829,32,299,176,123
182829,41,16,9,7
182829,52,16,9,7
182865,1,2284,705,1579
182865,2,2284,705,1579
182865,3,2273,698,1575
182865,4,126,46,80
182865,5,2147,652,1495
182865,11,11,7,4
182865,19,402,121,281
182865,20,1745,531,1214
182865,21,1453,473,980
182865,22,1453,473,980
182865,23,1449,469,980
182865,24,113,40,73
182865,25,1336,429,907
182865,31,4,4,0
182865,39,286,96,190
182865,40,1050,333,717
182865,41,831,232,599
182865,42,831,232,599
182865,43,824,229,595
182865,44,13,6,7
182865,45,811,223,588
182865,51,7,3,4
182865,59,116,25,91
182865,60,695,198,497
182892,1,54,0,54
182892,2,54,0,54
182892,3,54,0,54
182892,4,42,0,42
182892,5,12,0,12
182892,20,12,0,12
182892,21,50,0,50
182892,22,50,0,50
182892,23,50,0,50
182892,24,40,0,40
182892,25,10,0,10
182892,40,10,0,10
182892,41,4,0,4
182892,42,4,0,4
182892,43,4,0,4
182892,44,2,0,2
182892,45,2,0,2
182892,60,2,0,2
182908,1,87,27,60
182908,2,87,27,60
182908,3,68,22,46
182908,4,8,2,6
182908,5,60,20,40
182908,11,19,5,14
182908,19,8,3,5
182908,20,52,17,35
182908,21,29,10,19
182908,22,29,10,19
182908,23,28,9,19
182908,24,5,1,4
182908,25,23,8,15
182908,31,1,1,0
182908,39,3,2,1
182908,40,20,6,14
182908,41,58,17,41
182908,42,58,17,41
182908,43,40,13,27
182908,44,3,1,2
182908,45,37,12,25
182908,51,18,4,14
182908,59,5,1,4
182908,60,32,11,21
182953,1,164,7,157
182953,2,164,7,157
182953,3,164,7,157
182953,4,61,2,59
182953,5,103,5,98
182953,20,103,5,98
182953,21,119,6,113
182953,22,119,6,113
182953,23,119,6,113
182953,24,46,2,44
182953,25,73,4,69
182953,40,73,4,69
182953,41,45,1,44
182953,42,45,1,44
182953,43,45,1,44
182953,44,15,0,15
182953,45,30,1,29
182953,60,30,1,29
182980,1,2224,924,1300
182980,2,1478,667,811
182980,3,1465,661,804
182980,4,383,182,201
182980,5,1082,479,603
182980,11,13,6,7
182980,12,746,257,489
182980,19,150,49,101
182980,20,932,430,502
182980,21,2087,867,1220
182980,22,1416,639,777
182980,23,1411,636,775
182980,24,375,180,195
182980,25,1036,456,580
182980,31,5,3,2
182980,32,671,228,443
182980,39,144,47,97
182980,40,892,409,483
182980,41,137,57,80
182980,42,62,28,34
182980,43,54,25,29
182980,44,8,2,6
182980,45,46,23,23
182980,51,8,3,5
182980,52,75,29,46
182980,59,6,2,4
182980,60,40,21,19
182999,1,57,0,57
182999,2,57,0,57
182999,3,57,0,57
182999,4,46,0,46
182999,5,11,0,11
182999,20,11,0,11
182999,21,54,0,54
182999,22,54,0,54
182999,23,54,0,54
182999,24,43,0,43
182999,25,11,0,11
182999,40,11,0,11
182999,41,3,0,3
182999,42,3,0,3
182999,43,3,0,3
182999,44,3,0,3
183026,1,28389,11456,16933
183026,2,18083,7237,10846
183026,3,17172,6906,10266
183026,4,1965,819,1146
183026,5,15207,6087,9120
183026,11,911,331,580
183026,12,10306,4219,6087
183026,19,2677,1011,1666
183026,20,12530,5076,7454
183026,21,13179,5561,7618
183026,22,9399,3949,5450
183026,23,9262,3907,5355
183026,24,1370,582,788
183026,25,7892,3325,4567
183026,31,137,42,95
183026,32,3780,1612,2168
183026,39,1593,592,1001
183026,40,6299,2733,3566
183026,41,15210,5895,9315
183026,42,8684,3288,5396
183026,43,7910,2999,4911
183026,44,595,237,358
183026,45,7315,2762,4553
183026,51,774,289,485
183026,52,6526,2607,3919
183026,59,1084,419,665
183026,60,6231,2343,3888
183035,1,32,3,29
183035,2,32,3,29
183035,3,32,3,29
183035,4,15,2,13
183035,5,17,1,16
183035,20,17,1,16
183035,21,32,3,29
183035,22,32,3,29
183035,23,32,3,29
183035,24,15,2,13
183035,25,17,1,16
183035,40,17,1,16
183044,1,14913,6788,8125
183044,2,12516,5782,6734
183044,3,12288,5654,6634
183044,4,2869,1308,1561
183044,5,9419,4346,5073
183044,11,228,128,100
183044,12,2397,1006,1391
183044,19,529,268,261
183044,20,8890,4078,4812
183044,21,13336,6038,7298
183044,22,12063,5552,6511
183044,23,11996,5517,6479
183044,24,2869,1308,1561
183044,25,9127,4209,4918
183044,31,67,35,32
183044,32,1273,486,787
183044,39,517,265,252
183044,40,8610,3944,4666
183044,41,1577,750,827
183044,42,453,230,223
183044,43,292,137,155
183044,45,292,137,155
183044,51,161,93,68
183044,52,1124,520,604
183044,59,12,3,9
183044,60,280,134,146
183062,1,4923,2084,2839
183062,2,4799,2056,2743
183062,3,4643,1971,2672
183062,4,1258,511,747
183062,5,3385,1460,1925
183062,11,156,85,71
183062,12,124,28,96
183062,19,150,76,74
183062,20,3235,1384,1851
183062,21,4580,1929,2651
183062,22,4538,1922,2616
183062,23,4521,1915,2606
183062,24,1254,509,745
183062,25,3267,1406,1861
183062,31,17,7,10
183062,32,42,7,35
183062,39,143,72,71
183062,40,3124,1334,1790
183062,41,343,155,188
183062,42,261,134,127
183062,43,122,56,66
183062,44,4,2,2
183062,45,118,54,64
183062,51,139,78,61
183062,52,82,21,61
183062,59,7,4,3
183062,60,111,50,61
183071,1,926,448,478
183071,2,833,427,406
183071,3,781,391,390
183071,4,94,47,47
183071,5,687,344,343
183071,11,52,36,16
183071,12,93,21,72
183071,19,163,84,79
183071,20,524,260,264
183071,21,599,290,309
183071,22,599,290,309
183071,23,595,287,308
183071,24,89,43,46
183071,25,506,244,262
183071,31,4,3,1
183071,39,132,67,65
183071,40,374,177,197
183071,41,327,158,169
183071,42,234,137,97
183071,43,186,104,82
183071,44,5,4,1
183071,45,181,100,81
183071,51,48,33,15
183071,52,93,21,72
183071,59,31,17,14
183071,60,150,83,67
183080,1,5236,2500,2736
183080,2,4065,2121,1944
183080,3,3986,2064,1922
183080,4,930,486,444
183080,5,3056,1578,1478
183080,11,79,57,22
183080,12,1171,379,792
183080,19,231,133,98
183080,20,2825,1445,1380
183080,21,4107,2071,2036
183080,22,3795,1975,1820
183080,23,3794,1974,1820
183080,24,923,486,437
183080,25,2871,1488,1383
183080,31,1,1,0
183080,32,312,96,216
183080,39,216,125,91
183080,40,2655,1363,1292
183080,41,1129,429,700
183080,42,270,146,124
183080,43,192,90,102
183080,44,7,0,7
183080,45,185,90,95
183080,51,78,56,22
183080,52,859,283,576
183080,59,15,8,7
183080,60,170,82,88
183099,1,4288,1987,2301
183099,2,4288,1987,2301
183099,3,3826,1786,2040
183099,4,1067,562,505
183099,5,2759,1224,1535
183099,11,462,201,261
183099,19,427,167,260
183099,20,2332,1057,1275
183099,21,1897,1022,875
183099,22,1897,1022,875
183099,23,1883,1016,867
183099,24,821,449,372
183099,25,1062,567,495
183099,31,14,6,8
183099,39,176,85,91
183099,40,886,482,404
183099,41,2391,965,1426
183099,42,2391,965,1426
183099,43,1943,770,1173
183099,44,246,113,133
183099,45,1697,657,1040
183099,51,448,195,253
183099,59,251,82,169
183099,60,1446,575,871
183105,1,937,346,591
183105,2,937,346,591
183105,3,627,220,407
183105,4,128,60,68
183105,5,499,160,339
183105,11,310,126,184
183105,19,58,20,38
183105,20,441,140,301
183105,21,268,112,156
183105,22,268,112,156
183105,23,261,109,152
183105,24,71,32,39
183105,25,190,77,113
183105,31,7,3,4
183105,39,31,8,23
183105,40,159,69,90
183105,41,669,234,435
183105,42,669,234,435
183105,43,366,111,255
183105,44,57,28,29
183105,45,309,83,226
183105,51,303,123,180
183105,59,27,12,15
183105,60,282,71,211
183114,1,987,284,703
183114,2,987,284,703
183114,3,898,245,653
183114,4,176,62,114
183114,5,722,183,539
183114,11,89,39,50
183114,19,118,36,82
183114,20,604,147,457
183114,21,239,108,131
183114,22,239,108,131
183114,23,217,93,124
183114,24,51,22,29
183114,25,166,71,95
183114,31,22,15,7
183114,39,34,17,17
183114,40,132,54,78
183114,41,748,176,572
183114,42,748,176,572
183114,43,681,152,529
183114,44,125,40,85
183114,45,556,112,444
183114,51,67,24,43
183114,59,84,19,65
183114,60,472,93,379
183123,1,1181,548,633
183123,2,1181,548,633
183123,3,1032,498,534
183123,4,328,196,132
183123,5,704,302,402
183123,11,149,50,99
183123,19,4,0,4
183123,20,700,302,398
183123,21,492,293,199
183123,22,492,293,199
183123,23,488,292,196
183123,24,223,145,78
183123,25,265,147,118
183123,31,4,1,3
183123,39,1,0,1
183123,40,264,147,117
183123,41,689,255,434
183123,42,689,255,434
183123,43,544,206,338
183123,44,105,51,54
183123,45,439,155,284
183123,51,145,49,96
183123,59,3,0,3
183123,60,436,155,281
183132,1,2898,1303,1595
183132,2,2898,1303,1595
183132,3,2450,1142,1308
183132,4,583,305,278
183132,5,1867,837,1030
183132,11,448,161,287
183132,19,274,124,150
183132,20,1593,713,880
183132,21,889,493,396
183132,22,889,493,396
183132,23,871,481,390
183132,24,307,172,135
183132,25,564,309,255
183132,31,18,12,6
183132,39,91,50,41
183132,40,473,259,214
183132,41,2009,810,1199
183132,42,2009,810,1199
183132,43,1579,661,918
183132,44,276,133,143
183132,45,1303,528,775
183132,51,430,149,281
183132,59,183,74,109
183132,60,1120,454,666
183141,1,2242,1094,1148
183141,2,2242,1094,1148
183141,3,2026,997,1029
183141,4,541,293,248
183141,5,1485,704,781
183141,11,216,97,119
183141,19,219,106,113
183141,20,1266,598,668
183141,21,754,430,324
183141,22,754,430,324
183141,23,748,427,321
183141,24,279,165,114
183141,25,469,262,207
183141,31,6,3,3
183141,39,77,42,35
183141,40,392,220,172
183141,41,1488,664,824
183141,42,1488,664,824
183141,43,1278,570,708
183141,44,262,128,134
183141,45,1016,442,574
183141,51,210,94,116
183141,59,142,64,78
183141,60,874,378,496
183150,1,2122,821,1301
183150,2,2122,821,1301
183150,3,1890,732,1158
183150,4,480,194,286
183150,5,1410,538,872
183150,11,232,89,143
183150,19,354,124,230
183150,20,1056,414,642
183150,21,614,268,346
183150,22,614,268,346
183150,23,603,260,343
183150,24,231,97,134
183150,25,372,163,209
183150,31,11,8,3
183150,39,95,41,54
183150,40,277,122,155
183150,41,1508,553,955
183150,42,1508,553,955
183150,43,1287,472,815
183150,44,249,97,152
183150,45,1038,375,663
183150,51,221,81,140
183150,59,259,83,176
183150,60,779,292,487
183202,1,26,2,24
183202,2,26,2,24
183202,3,26,2,24
183202,4,6,0,6
183202,5,20,2,18
183202,20,20,2,18
183202,21,26,2,24
183202,22,26,2,24
183202,23,26,2,24
183202,24,6,0,6
183202,25,20,2,18
183202,40,20,2,18
183211,1,2346,441,1905
183211,2,1591,293,1298
183211,3,1524,277,1247
183211,4,223,53,170
183211,5,1301,224,1077
183211,11,67,16,51
183211,12,755,148,607
183211,19,146,24,122
183211,20,1155,200,955
183211,21,1055,238,817
183211,22,891,202,689
183211,23,888,201,687
183211,24,216,53,163
183211,25,672,148,524
183211,31,3,1,2
183211,32,164,36,128
183211,39,51,12,39
183211,40,621,136,485
183211,41,1291,203,1088
183211,42,700,91,609
183211,43,636,76,560
183211,44,7,0,7
183211,45,629,76,553
183211,51,64,15,49
183211,52,591,112,479
183211,59,95,12,83
183211,60,534,64,470
183239,1,1923,779,1144
183239,2,1923,779,1144
183239,3,1912,770,1142
183239,4,508,203,305
183239,5,1404,567,837
183239,11,11,9,2
183239,19,20,8,12
183239,20,1384,559,825
183239,21,1878,762,1116
183239,22,1878,762,1116
183239,23,1877,761,1116
183239,24,508,203,305
183239,25,1369,558,811
183239,31,1,1,0
183239,39,20,8,12
183239,40,1349,550,799
183239,41,45,17,28
183239,42,45,17,28
183239,43,35,9,26
183239,45,35,9,26
183239,51,10,8,2
183239,60,35,9,26
183248,1,131,16,115
183248,2,131,16,115
183248,3,131,16,115
183248,4,1,0,1
183248,5,130,16,114
183248,19,64,7,57
183248,20,66,9,57
183248,21,85,14,71
183248,22,85,14,71
183248,23,85,14,71
183248,24,1,0,1
183248,25,84,14,70
183248,39,23,5,18
183248,40,61,9,52
183248,41,46,2,44
183248,42,46,2,44
183248,43,46,2,44
183248,45,46,2,44
183248,59,41,2,39
183248,60,5,0,5
183257,1,2058,598,1460
183257,2,1723,520,1203
183257,3,1680,505,1175
183257,4,98,19,79
183257,5,1582,486,1096
183257,11,43,15,28
183257,12,335,78,257
183257,19,335,107,228
183257,20,1247,379,868
183257,21,1017,324,693
183257,22,918,296,622
183257,23,912,293,619
183257,24,70,11,59
183257,25,842,282,560
183257,31,6,3,3
183257,32,99,28,71
183257,39,229,84,145
183257,40,613,198,415
183257,41,1041,274,767
183257,42,805,224,581
183257,43,768,212,556
183257,44,28,8,20
183257,45,740,204,536
183257,51,37,12,25
183257,52,236,50,186
183257,59,106,23,83
183257,60,634,181,453
183275,1,80,40,40
183275,2,80,40,40
183275,3,80,40,40
183275,4,14,6,8
183275,5,66,34,32
183275,19,11,8,3
183275,20,55,26,29
183275,21,80,40,40
183275,22,80,40,40
183275,23,80,40,40
183275,24,14,6,8
183275,25,66,34,32
183275,39,11,8,3
183275,40,55,26,29
183488,1,324,17,307
183488,2,324,17,307
183488,3,323,17,306
183488,4,87,8,79
183488,5,236,9,227
183488,11,1,0,1
183488,19,10,1,9
183488,20,226,8,218
183488,21,198,9,189
183488,22,198,9,189
183488,23,198,9,189
183488,24,76,5,71
183488,25,122,4,118
183488,39,8,1,7
183488,40,114,3,111
183488,41,126,8,118
183488,42,126,8,118
183488,43,125,8,117
183488,44,11,3,8
183488,45,114,5,109
183488,51,1,0,1
183488,59,2,0,2
183488,60,112,5,107
183600,1,38,3,35
183600,2,38,3,35
183600,3,37,2,35
183600,4,17,1,16
183600,5,20,1,19
183600,11,1,1,0
183600,20,20,1,19
183600,21,31,1,30
183600,22,31,1,30
183600,23,31,1,30
183600,24,16,1,15
183600,25,15,0,15
183600,40,15,0,15
183600,41,7,2,5
183600,42,7,2,5
183600,43,6,1,5
183600,44,1,0,1
183600,45,5,1,4
183600,51,1,1,0
183600,60,5,1,4
183655,1,7254,3009,4245
183655,2,7254,3009,4245
183655,3,6762,2797,3965
183655,4,1886,833,1053
183655,5,4876,1964,2912
183655,11,492,212,280
183655,19,109,45,64
183655,20,4767,1919,2848
183655,21,3675,1679,1996
183655,22,3675,1679,1996
183655,23,3524,1599,1925
183655,24,1264,592,672
183655,25,2260,1007,1253
183655,31,151,80,71
183655,39,79,37,42
183655,40,2181,970,1211
183655,41,3579,1330,2249
183655,42,3579,1330,2249
183655,43,3238,1198,2040
183655,44,622,241,381
183655,45,2616,957,1659
183655,51,341,132,209
183655,59,30,8,22
183655,60,2586,949,1637
183725,1,567,204,363
183725,2,567,204,363
183725,3,567,204,363
183725,4,115,40,75
183725,5,452,164,288
183725,20,452,164,288
183725,21,567,204,363
183725,22,567,204,363
183725,23,567,204,363
183725,24,115,40,75
183725,25,452,164,288
183725,40,452,164,288
183743,1,15882,8252,7630
183743,2,15882,8252,7630
183743,3,14688,7741,6947
183743,4,3214,1960,1254
183743,5,11474,5781,5693
183743,11,1194,511,683
183743,19,906,481,425
183743,20,10568,5300,5268
183743,21,8885,4859,4026
183743,22,8885,4859,4026
183743,23,8682,4756,3926
183743,24,2559,1555,1004
183743,25,6123,3201,2922
183743,31,203,103,100
183743,39,583,337,246
183743,40,5540,2864,2676
183743,41,6997,3393,3604
183743,42,6997,3393,3604
183743,43,6006,2985,3021
183743,44,655,405,250
183743,45,5351,2580,2771
183743,51,991,408,583
183743,59,323,144,179
183743,60,5028,2436,2592
183789,1,3671,1067,2604
183789,2,3671,1067,2604
183789,3,3667,1067,2600
183789,4,860,270,590
183789,5,2807,797,2010
183789,11,4,0,4
183789,19,844,170,674
183789,20,1963,627,1336
183789,21,2954,901,2053
183789,22,2954,901,2053
183789,23,2954,901,2053
183789,24,811,258,553
183789,25,2143,643,1500
183789,39,508,106,402
183789,40,1635,537,1098
183789,41,717,166,551
183789,42,717,166,551
183789,43,713,166,547
183789,44,49,12,37
183789,45,664,154,510
183789,51,4,0,4
183789,59,336,64,272
183789,60,328,90,238
183804,1,6754,6754,0
183804,2,2766,2766,0
183804,3,2766,2766,0
183804,5,2766,2766,0
183804,12,3988,3988,0
183804,19,523,523,0
183804,20,2243,2243,0
183804,21,5994,5994,0
183804,22,2742,2742,0
183804,23,2742,2742,0
183804,25,2742,2742,0
183804,32,3252,3252,0
183804,39,519,519,0
183804,40,2223,2223,0
183804,41,760,760,0
183804,42,24,24,0
183804,43,24,24,0
183804,45,24,24,0
183804,52,736,736,0
183804,59,4,4,0
183804,60,20,20,0
183822,1,1979,688,1291
183822,2,1972,686,1286
183822,3,1906,674,1232
183822,4,425,165,260
183822,5,1481,509,972
183822,11,66,12,54
183822,12,7,2,5
183822,19,171,57,114
183822,20,1310,452,858
183822,21,1776,635,1141
183822,22,1770,633,1137
183822,23,1757,630,1127
183822,24,416,163,253
183822,25,1341,467,874
183822,31,13,3,10
183822,32,6,2,4
183822,39,151,48,103
183822,40,1190,419,771
183822,41,203,53,150
183822,42,202,53,149
183822,43,149,44,105
183822,44,9,2,7
183822,45,140,42,98
183822,51,53,9,44
183822,52,1,0,1
183822,59,20,9,11
183822,60,120,33,87
183859,1,14360,6813,7547
183859,2,14360,6813,7547
183859,3,12492,6057,6435
183859,4,3052,1688,1364
183859,5,9440,4369,5071
183859,11,1868,756,1112
183859,19,270,124,146
183859,20,9170,4245,4925
183859,21,7421,3959,3462
183859,22,7421,3959,3462
183859,23,7308,3901,3407
183859,24,2519,1423,1096
183859,25,4789,2478,2311
183859,31,113,58,55
183859,39,169,86,83
183859,40,4620,2392,2228
183859,41,6939,2854,4085
183859,42,6939,2854,4085
183859,43,5184,2156,3028
183859,44,533,265,268
183859,45,4651,1891,2760
183859,51,1755,698,1057
183859,59,101,38,63
183859,60,4550,1853,2697
183877,1,9570,4118,5452
183877,2,9570,4118,5452
183877,3,8790,3748,5042
183877,4,2296,1113,1183
183877,5,6494,2635,3859
183877,11,780,370,410
183877,19,568,212,356
183877,20,5926,2423,3503
183877,21,4910,2284,2626
183877,22,4910,2284,2626
183877,23,4763,2205,2558
183877,24,1848,901,947
183877,25,2915,1304,1611
183877,31,147,79,68
183877,39,261,103,158
183877,40,2654,1201,1453
183877,41,4660,1834,2826
183877,42,4660,1834,2826
183877,43,4027,1543,2484
183877,44,448,212,236
183877,45,3579,1331,2248
183877,51,633,291,342
183877,59,307,109,198
183877,60,3272,1222,2050
183910,1,2160,602,1558
183910,2,1578,489,1089
183910,3,1570,488,1082
183910,4,373,98,275
183910,5,1197,390,807
183910,11,8,1,7
183910,12,582,113,469
183910,19,94,39,55
183910,20,1103,351,752
183910,21,1431,440,991
183910,22,1303,407,896
183910,23,1301,406,895
183910,24,349,88,261
183910,25,952,318,634
183910,31,2,1,1
183910,32,128,33,95
183910,39,70,28,42
183910,40,882,290,592
183910,41,729,162,567
183910,42,275,82,193
183910,43,269,82,187
183910,44,24,10,14
183910,45,245,72,173
183910,51,6,0,6
183910,52,454,80,374
183910,59,24,11,13
183910,60,221,61,160
183938,1,13301,5599,7702
183938,2,13301,5599,7702
183938,3,12096,5066,7030
183938,4,2635,1219,1416
183938,5,9461,3847,5614
183938,11,1205,533,672
183938,19,990,438,552
183938,20,8471,3409,5062
183938,21,7092,3140,3952
183938,22,7092,3140,3952
183938,23,6956,3064,3892
183938,24,2021,933,1088
183938,25,4935,2131,2804
183938,31,136,76,60
183938,39,578,285,293
183938,40,4357,1846,2511
183938,41,6209,2459,3750
183938,42,6209,2459,3750
183938,43,5140,2002,3138
183938,44,614,286,328
183938,45,4526,1716,2810
183938,51,1069,457,612
183938,59,412,153,259
183938,60,4114,1563,2551
183974,1,2400,883,1517
183974,2,1708,681,1027
183974,3,1708,681,1027
183974,4,217,82,135
183974,5,1491,599,892
183974,12,692,202,490
183974,19,145,62,83
183974,20,1346,537,809
183974,21,1962,770,1192
183974,22,1610,645,965
183974,23,1610,645,965
183974,24,206,79,127
183974,25,1404,566,838
183974,32,352,125,227
183974,39,128,52,76
183974,40,1276,514,762
183974,41,438,113,325
183974,42,98,36,62
183974,43,98,36,62
183974,44,11,3,8
183974,45,87,33,54
183974,52,340,77,263
183974,59,17,10,7
183974,60,70,23,47
183983,1,105,93,12
183983,2,105,93,12
183983,3,105,93,12
183983,4,65,59,6
183983,5,40,34,6
183983,20,40,34,6
183983,21,105,93,12
183983,22,105,93,12
183983,23,105,93,12
183983,24,65,59,6
183983,25,40,34,6
183983,40,40,34,6
184047,1,148,79,69
184047,2,148,79,69
184047,3,148,79,69
184047,4,55,31,24
184047,5,93,48,45
184047,20,93,48,45
184047,21,148,79,69
184047,22,148,79,69
184047,23,148,79,69
184047,24,55,31,24
184047,25,93,48,45
184047,40,93,48,45
184056,1,607,175,432
184056,2,607,175,432
184056,3,607,175,432
184056,4,170,51,119
184056,5,437,124,313
184056,20,437,124,313
184056,21,419,146,273
184056,22,419,146,273
184056,23,419,146,273
184056,24,141,50,91
184056,25,278,96,182
184056,40,278,96,182
184056,41,188,29,159
184056,42,188,29,159
184056,43,188,29,159
184056,44,29,1,28
184056,45,159,28,131
184056,60,159,28,131
184092,1,611,101,510
184092,2,611,101,510
184092,3,611,101,510
184092,4,98,18,80
184092,5,513,83,430
184092,20,513,83,430
184092,21,611,101,510
184092,22,611,101,510
184092,23,611,101,510
184092,24,98,18,80
184092,25,513,83,430
184092,40,513,83,430
184144,1,129,13,116
184144,2,129,13,116
184144,3,129,13,116
184144,4,37,3,34
184144,5,92,10,82
184144,20,92,10,82
184144,21,104,8,96
184144,22,104,8,96
184144,23,104,8,96
184144,24,33,2,31
184144,25,71,6,65
184144,40,71,6,65
184144,41,25,5,20
184144,42,25,5,20
184144,43,25,5,20
184144,44,4,1,3
184144,45,21,4,17
184144,60,21,4,17
184153,1,53,17,36
184153,2,41,9,32
184153,3,41,9,32
184153,5,41,9,32
184153,12,12,8,4
184153,20,41,9,32
184153,21,52,17,35
184153,22,41,9,32
184153,23,41,9,32
184153,25,41,9,32
184153,32,11,8,3
184153,40,41,9,32
184153,41,1,0,1
184153,52,1,0,1
184180,1,8447,4332,4115
184180,2,8447,4332,4115
184180,3,7583,3960,3623
184180,4,1831,1055,776
184180,5,5752,2905,2847
184180,11,864,372,492
184180,19,422,218,204
184180,20,5330,2687,2643
184180,21,4549,2549,2000
184180,22,4549,2549,2000
184180,23,4392,2471,1921
184180,24,1386,796,590
184180,25,3006,1675,1331
184180,31,157,78,79
184180,39,233,135,98
184180,40,2773,1540,1233
184180,41,3898,1783,2115
184180,42,3898,1783,2115
184180,43,3191,1489,1702
184180,44,445,259,186
184180,45,2746,1230,1516
184180,51,707,294,413
184180,59,189,83,106
184180,60,2557,1147,1410
184205,1,3919,1477,2442
184205,2,3919,1477,2442
184205,3,3814,1432,2382
184205,4,1013,428,585
184205,5,2801,1004,1797
184205,11,105,45,60
184205,19,64,15,49
184205,20,2737,989,1748
184205,21,2335,964,1371
184205,22,2335,964,1371
184205,23,2322,958,1364
184205,24,797,341,456
184205,25,1525,617,908
184205,31,13,6,7
184205,39,22,6,16
184205,40,1503,611,892
184205,41,1584,513,1071
184205,42,1584,513,1071
184205,43,1492,474,1018
184205,44,216,87,129
184205,45,1276,387,889
184205,51,92,39,53
184205,59,42,9,33
184205,60,1234,378,856
184278,1,236,231,5
184278,2,236,231,5
184278,3,236,231,5
184278,4,69,66,3
184278,5,167,165,2
184278,20,167,165,2
184278,21,236,231,5
184278,22,236,231,5
184278,23,236,231,5
184278,24,69,66,3
184278,25,167,165,2
184278,40,167,165,2
184320,1,1133,340,793
184320,2,1133,340,793
184320,3,1133,340,793
184320,4,1029,313,716
184320,5,104,27,77
184320,20,104,27,77
184320,21,1133,340,793
184320,22,1133,340,793
184320,23,1133,340,793
184320,24,1029,313,716
184320,25,104,27,77
184320,40,104,27,77
184348,1,2291,942,1349
184348,2,1493,574,919
184348,3,1453,555,898
184348,4,400,143,257
184348,5,1053,412,641
184348,11,40,19,21
184348,12,798,368,430
184348,19,32,13,19
184348,20,1021,399,622
184348,21,1790,723,1067
184348,22,1434,547,887
184348,23,1423,540,883
184348,24,399,143,256
184348,25,1024,397,627
184348,31,11,7,4
184348,32,356,176,180
184348,39,30,12,18
184348,40,994,385,609
184348,41,501,219,282
184348,42,59,27,32
184348,43,30,15,15
184348,44,1,0,1
184348,45,29,15,14
184348,51,29,12,17
184348,52,442,192,250
184348,59,2,1,1
184348,60,27,14,13
184357,1,32,8,24
184357,2,32,8,24
184357,3,32,8,24
184357,4,10,4,6
184357,5,22,4,18
184357,20,22,4,18
184357,21,19,5,14
184357,22,19,5,14
184357,23,19,5,14
184357,24,6,3,3
184357,25,13,2,11
184357,40,13,2,11
184357,41,13,3,10
184357,42,13,3,10
184357,43,13,3,10
184357,44,4,1,3
184357,45,9,2,7
184357,60,9,2,7
184427,1,255,251,4
184427,2,255,251,4
184427,3,255,251,4
184427,4,86,84,2
184427,5,169,167,2
184427,20,169,167,2
184427,21,255,251,4
184427,22,255,251,4
184427,23,255,251,4
184427,24,86,84,2
184427,25,169,167,2
184427,40,169,167,2
184481,1,12175,5054,7121
184481,2,12175,5054,7121
184481,3,11150,4613,6537
184481,4,2632,1182,1450
184481,5,8518,3431,5087
184481,11,1025,441,584
184481,19,212,97,115
184481,20,8306,3334,4972
184481,21,6391,2645,3746
184481,22,6391,2645,3746
184481,23,6274,2597,3677
184481,24,2109,939,1170
184481,25,4165,1658,2507
184481,31,117,48,69
184481,39,119,50,69
184481,40,4046,1608,2438
184481,41,5784,2409,3375
184481,42,5784,2409,3375
184481,43,4876,2016,2860
184481,44,523,243,280
184481,45,4353,1773,2580
184481,51,908,393,515
184481,59,93,47,46
184481,60,4260,1726,2534
184506,1,126,11,115
184506,2,126,11,115
184506,3,126,11,115
184506,4,53,3,50
184506,5,73,8,65
184506,20,73,8,65
184506,21,93,9,84
184506,22,93,9,84
184506,23,93,9,84
184506,24,42,3,39
184506,25,51,6,45
184506,40,51,6,45
184506,41,33,2,31
184506,42,33,2,31
184506,43,33,2,31
184506,44,11,0,11
184506,45,22,2,20
184506,60,22,2,20
184603,1,8546,3455,5091
184603,2,6108,2512,3596
184603,3,3915,1649,2266
184603,4,651,250,401
184603,5,3264,1399,1865
184603,11,2193,863,1330
184603,12,2438,943,1495
184603,19,380,179,201
184603,20,2884,1220,1664
184603,21,3596,1528,2068
184603,22,2727,1097,1630
184603,23,2673,1078,1595
184603,24,577,224,353
184603,25,2096,854,1242
184603,31,54,19,35
184603,32,869,431,438
184603,39,225,93,132
184603,40,1871,761,1110
184603,41,4950,1927,3023
184603,42,3381,1415,1966
184603,43,1242,571,671
184603,44,74,26,48
184603,45,1168,545,623
184603,51,2139,844,1295
184603,52,1569,512,1057
184603,59,155,86,69
184603,60,1013,459,554
184612,1,1933,501,1432
184612,2,1621,447,1174
184612,3,1618,447,1171
184612,4,153,63,90
184612,5,1465,384,1081
184612,11,3,0,3
184612,12,312,54,258
184612,19,227,49,178
184612,20,1238,335,903
184612,21,1374,397,977
184612,22,1340,390,950
184612,23,1339,390,949
184612,24,151,62,89
184612,25,1188,328,860
184612,31,1,0,1
184612,32,34,7,27
184612,39,167,43,124
184612,40,1021,285,736
184612,41,559,104,455
184612,42,281,57,224
184612,43,279,57,222
184612,44,2,1,1
184612,45,277,56,221
184612,51,2,0,2
184612,52,278,47,231
184612,59,60,6,54
184612,60,217,50,167
184694,1,3029,1302,1727
184694,2,2274,1026,1248
184694,3,2242,1017,1225
184694,4,512,227,285
184694,5,1730,790,940
184694,11,32,9,23
184694,12,755,276,479
184694,19,121,59,62
184694,20,1609,731,878
184694,21,2582,1097,1485
184694,22,2116,948,1168
184694,23,2112,948,1164
184694,24,509,225,284
184694,25,1603,723,880
184694,31,4,0,4
184694,32,466,149,317
184694,39,115,56,59
184694,40,1488,667,821
184694,41,447,205,242
184694,42,158,78,80
184694,43,130,69,61
184694,44,3,2,1
184694,45,127,67,60
184694,51,28,9,19
184694,52,289,127,162
184694,59,6,3,3
184694,60,121,64,57
184746,1,255,252,3
184746,2,255,252,3
184746,3,255,252,3
184746,4,147,145,2
184746,5,108,107,1
184746,20,108,107,1
184746,21,171,169,2
184746,22,171,169,2
184746,23,171,169,2
184746,24,106,105,1
184746,25,65,64,1
184746,40,65,64,1
184746,41,84,83,1
184746,42,84,83,1
184746,43,84,83,1
184746,44,41,40,1
184746,45,43,43,0
184746,60,43,43,0
184773,1,2257,420,1837
184773,2,1567,301,1266
184773,3,1398,205,1193
184773,4,275,75,200
184773,5,1123,130,993
184773,11,169,96,73
184773,12,690,119,571
184773,19,218,46,172
184773,20,905,84,821
184773,21,1471,208,1263
184773,22,1261,175,1086
184773,23,1261,175,1086
184773,24,275,75,200
184773,25,986,100,886
184773,32,210,33,177
184773,39,195,39,156
184773,40,791,61,730
184773,41,786,212,574
184773,42,306,126,180
184773,43,137,30,107
184773,45,137,30,107
184773,51,169,96,73
184773,52,480,86,394
184773,59,23,7,16
184773,60,114,23,91
184782,1,13349,6483,6866
184782,2,10951,5533,5418
184782,3,10656,5436,5220
184782,4,1505,905,600
184782,5,9151,4531,4620
184782,11,295,97,198
184782,12,2398,950,1448
184782,19,1364,651,713
184782,20,7787,3880,3907
184782,21,10499,5433,5066
184782,22,9348,4895,4453
184782,23,9340,4889,4451
184782,24,1382,836,546
184782,25,7958,4053,3905
184782,31,8,6,2
184782,32,1151,538,613
184782,39,1244,599,645
184782,40,6714,3454,3260
184782,41,2850,1050,1800
184782,42,1603,638,965
184782,43,1316,547,769
184782,44,123,69,54
184782,45,1193,478,715
184782,51,287,91,196
184782,52,1247,412,835
184782,59,120,52,68
184782,60,1073,426,647
184791,1,6720,2865,3855
184791,2,6720,2865,3855
184791,3,6362,2745,3617
184791,4,1918,910,1008
184791,5,4444,1835,2609
184791,11,358,120,238
184791,19,299,100,199
184791,20,4145,1735,2410
184791,21,4030,1890,2140
184791,22,4030,1890,2140
184791,23,4021,1887,2134
184791,24,1579,772,807
184791,25,2442,1115,1327
184791,31,9,3,6
184791,39,132,54,78
184791,40,2310,1061,1249
184791,41,2690,975,1715
184791,42,2690,975,1715
184791,43,2341,858,1483
184791,44,339,138,201
184791,45,2002,720,1282
184791,51,349,117,232
184791,59,167,46,121
184791,60,1835,674,1161
184816,1,91,13,78
184816,2,91,13,78
184816,3,91,13,78
184816,4,26,7,19
184816,5,65,6,59
184816,20,65,6,59
184816,21,69,10,59
184816,22,69,10,59
184816,23,69,10,59
184816,24,20,6,14
184816,25,49,4,45
184816,40,49,4,45
184816,41,22,3,19
184816,42,22,3,19
184816,43,22,3,19
184816,44,6,1,5
184816,45,16,2,14
184816,60,16,2,14
184870,1,346,44,302
184870,2,346,44,302
184870,3,346,44,302
184870,4,315,40,275
184870,5,31,4,27
184870,20,31,4,27
184870,21,245,35,210
184870,22,245,35,210
184870,23,245,35,210
184870,24,226,33,193
184870,25,19,2,17
184870,40,19,2,17
184870,41,101,9,92
184870,42,101,9,92
184870,43,101,9,92
184870,44,89,7,82
184870,45,12,2,10
184870,60,12,2,10
184959,1,1034,151,883
184959,2,1034,151,883
184959,3,987,148,839
184959,4,86,11,75
184959,5,901,137,764
184959,11,47,3,44
184959,19,121,26,95
184959,20,780,111,669
184959,21,475,77,398
184959,22,475,77,398
184959,23,475,77,398
184959,24,71,9,62
184959,25,404,68,336
184959,39,42,10,32
184959,40,362,58,304
184959,41,559,74,485
184959,42,559,74,485
184959,43,512,71,441
184959,44,15,2,13
184959,45,497,69,428
184959,51,47,3,44
184959,59,79,16,63
184959,60,418,53,365
184968,1,150,23,127
184968,2,150,23,127
184968,3,150,23,127
184968,4,5,2,3
184968,5,145,21,124
184968,20,145,21,124
184968,21,93,17,76
184968,22,93,17,76
184968,23,93,17,76
184968,24,4,2,2
184968,25,89,15,74
184968,40,89,15,74
184968,41,57,6,51
184968,42,57,6,51
184968,43,57,6,51
184968,44,1,0,1
184968,45,56,6,50
184968,60,56,6,50
184995,1,9036,3727,5309
184995,2,9036,3727,5309
184995,3,8753,3624,5129
184995,4,2582,1125,1457
184995,5,6171,2499,3672
184995,11,283,103,180
184995,19,450,180,270
184995,20,5721,2319,3402
184995,21,6066,2547,3519
184995,22,6066,2547,3519
184995,23,6053,2540,3513
184995,24,2106,914,1192
184995,25,3947,1626,2321
184995,31,13,7,6
184995,39,304,129,175
184995,40,3643,1497,2146
184995,41,2970,1180,1790
184995,42,2970,1180,1790
184995,43,2700,1084,1616
184995,44,476,211,265
184995,45,2224,873,1351
184995,51,270,96,174
184995,59,146,51,95
184995,60,2078,822,1256
185129,1,8442,3135,5307
185129,2,6437,2564,3873
185129,3,6373,2540,3833
185129,4,650,275,375
185129,5,5723,2265,3458
185129,11,64,24,40
185129,12,2005,571,1434
185129,19,971,358,613
185129,20,4752,1907,2845
185129,21,5204,2116,3088
185129,22,4776,1979,2797
185129,23,4772,1978,2794
185129,24,577,248,329
185129,25,4195,1730,2465
185129,31,4,1,3
185129,32,428,137,291
185129,39,724,295,429
185129,40,3471,1435,2036
185129,41,3238,1019,2219
185129,42,1661,585,1076
185129,43,1601,562,1039
185129,44,73,27,46
185129,45,1528,535,993
185129,51,60,23,37
185129,52,1577,434,1143
185129,59,247,63,184
185129,60,1281,472,809
185174,1,98,81,17
185174,2,98,81,17
185174,3,98,81,17
185174,4,51,43,8
185174,5,47,38,9
185174,20,47,38,9
185174,21,98,81,17
185174,22,98,81,17
185174,23,98,81,17
185174,24,51,43,8
185174,25,47,38,9
185174,40,47,38,9
185262,1,14404,5349,9055
185262,2,12078,4791,7287
185262,3,11975,4749,7226
185262,4,1525,650,875
185262,5,10450,4099,6351
185262,11,103,42,61
185262,12,2326,558,1768
185262,19,1438,524,914
185262,20,9012,3575,5437
185262,21,10081,4004,6077
185262,22,9251,3801,5450
185262,23,9246,3798,5448
185262,24,1493,632,861
185262,25,7753,3166,4587
185262,31,5,3,2
185262,32,830,203,627
185262,39,1013,389,624
185262,40,6740,2777,3963
185262,41,4323,1345,2978
185262,42,2827,990,1837
185262,43,2729,951,1778
185262,44,32,18,14
185262,45,2697,933,1764
185262,51,98,39,59
185262,52,1496,355,1141
185262,59,425,135,290
185262,60,2272,798,1474
185332,1,422,56,366
185332,2,422,56,366
185332,3,422,56,366
185332,4,419,55,364
185332,5,3,1,2
185332,20,3,1,2
185332,21,308,46,262
185332,22,308,46,262
185332,23,308,46,262
185332,24,306,45,261
185332,25,2,1,1
185332,40,2,1,1
185332,41,114,10,104
185332,42,114,10,104
185332,43,114,10,104
185332,44,113,10,103
185332,45,1,0,1
185332,60,1,0,1
185396,1,1171,1149,22
185396,2,1171,1149,22
185396,3,1171,1149,22
185396,4,289,283,6
185396,5,882,866,16
185396,20,882,866,16
185396,21,973,954,19
185396,22,973,954,19
185396,23,973,954,19
185396,24,265,259,6
185396,25,708,695,13
185396,40,708,695,13
185396,41,198,195,3
185396,42,198,195,3
185396,43,198,195,3
185396,44,24,24,0
185396,45,174,171,3
185396,60,174,171,3
185466,1,303,7,296
185466,2,303,7,296
185466,3,303,7,296
185466,4,271,7,264
185466,5,32,0,32
185466,20,32,0,32
185466,21,201,7,194
185466,22,201,7,194
185466,23,201,7,194
185466,24,199,7,192
185466,25,2,0,2
185466,40,2,0,2
185466,41,102,0,102
185466,42,102,0,102
185466,43,102,0,102
185466,44,72,0,72
185466,45,30,0,30
185466,60,30,0,30
185509,1,8501,4116,4385
185509,2,8501,4116,4385
185509,3,7885,3859,4026
185509,4,2151,1174,977
185509,5,5734,2685,3049
185509,11,616,257,359
185509,19,271,118,153
185509,20,5463,2567,2896
185509,21,3093,1561,1532
185509,22,3093,1561,1532
185509,23,3049,1540,1509
185509,24,1190,638,552
185509,25,1859,902,957
185509,31,44,21,23
185509,39,113,57,56
185509,40,1746,845,901
185509,41,5408,2555,2853
185509,42,5408,2555,2853
185509,43,4836,2319,2517
185509,44,961,536,425
185509,45,3875,1783,2092
185509,51,572,236,336
185509,59,158,61,97
185509,60,3717,1722,1995
185536,1,12602,5950,6652
185536,2,12602,5950,6652
185536,3,11433,5461,5972
185536,4,2573,1284,1289
185536,5,8860,4177,4683
185536,11,1169,489,680
185536,19,388,182,206
185536,20,8472,3995,4477
185536,21,6660,3320,3340
185536,22,6660,3320,3340
185536,23,6533,3249,3284
185536,24,2066,1033,1033
185536,25,4467,2216,2251
185536,31,127,71,56
185536,39,201,99,102
185536,40,4266,2117,2149
185536,41,5942,2630,3312
185536,42,5942,2630,3312
185536,43,4900,2212,2688
185536,44,507,251,256
185536,45,4393,1961,2432
185536,51,1042,418,624
185536,59,187,83,104
185536,60,4206,1878,2328
185572,1,6316,2285,4031
185572,2,4607,1881,2726
185572,3,4557,1859,2698
185572,4,906,381,525
185572,5,3651,1478,2173
185572,11,50,22,28
185572,12,1709,404,1305
185572,19,324,142,182
185572,20,3327,1336,1991
185572,21,4966,1941,3025
185572,22,4304,1761,2543
185572,23,4300,1759,2541
185572,24,906,381,525
185572,25,3394,1378,2016
185572,31,4,2,2
185572,32,662,180,482
185572,39,305,136,169
185572,40,3089,1242,1847
185572,41,1350,344,1006
185572,42,303,120,183
185572,43,257,100,157
185572,45,257,100,157
185572,51,46,20,26
185572,52,1047,224,823
185572,59,19,6,13
185572,60,238,94,144
185590,1,19464,7152,12312
185590,2,15431,6022,9409
185590,3,15182,5940,9242
185590,4,3040,1142,1898
185590,5,12142,4798,7344
185590,11,249,82,167
185590,12,4033,1130,2903
185590,19,1478,588,890
185590,20,10664,4210,6454
185590,21,14702,5555,9147
185590,22,13356,5159,8197
185590,23,13221,5128,8093
185590,24,3030,1138,1892
185590,25,10191,3990,6201
185590,31,135,31,104
185590,32,1346,396,950
185590,39,1277,524,753
185590,40,8914,3466,5448
185590,41,4762,1597,3165
185590,42,2075,863,1212
185590,43,1961,812,1149
185590,44,10,4,6
185590,45,1951,808,1143
185590,51,114,51,63
185590,52,2687,734,1953
185590,59,201,64,137
185590,60,1750,744,1006
185624,1,116,15,101
185624,2,116,15,101
185624,3,116,15,101
185624,5,116,15,101
185624,20,116,15,101
185624,21,116,15,101
185624,22,116,15,101
185624,23,116,15,101
185624,25,116,15,101
185624,40,116,15,101
185651,1,100,23,77
185651,2,100,23,77
185651,3,100,23,77
185651,4,2,0,2
185651,5,98,23,75
185651,20,98,23,75
185651,21,19,2,17
185651,22,19,2,17
185651,23,19,2,17
185651,24,2,0,2
185651,25,17,2,15
185651,40,17,2,15
185651,41,81,21,60
185651,42,81,21,60
185651,43,81,21,60
185651,45,81,21,60
185651,60,81,21,60
185679,1,361,56,305
185679,2,361,56,305
185679,3,361,56,305
185679,4,4,0,4
185679,5,357,56,301
185679,20,357,56,301
185679,21,29,3,26
185679,22,29,3,26
185679,23,29,3,26
185679,24,2,0,2
185679,25,27,3,24
185679,40,27,3,24
185679,41,332,53,279
185679,42,332,53,279
185679,43,332,53,279
185679,44,2,0,2
185679,45,330,53,277
185679,60,330,53,277
185721,1,579,245,334
185721,2,579,245,334
185721,3,579,245,334
185721,4,234,100,134
185721,5,345,145,200
185721,20,345,145,200
185721,21,579,245,334
185721,22,579,245,334
185721,23,579,245,334
185721,24,234,100,134
185721,25,345,145,200
185721,40,345,145,200
185730,1,71,8,63
185730,2,71,8,63
185730,3,71,8,63
185730,4,31,5,26
185730,5,40,3,37
185730,20,40,3,37
185730,21,71,8,63
185730,22,71,8,63
185730,23,71,8,63
185730,24,31,5,26
185730,25,40,3,37
185730,40,40,3,37
185758,1,171,77,94
185758,12,171,77,94
185758,21,30,11,19
185758,32,30,11,19
185758,41,141,66,75
185758,52,141,66,75
185767,1,259,22,237
185767,2,259,22,237
185767,3,259,22,237
185767,4,44,6,38
185767,5,215,16,199
185767,20,215,16,199
185767,21,138,16,122
185767,22,138,16,122
185767,23,138,16,122
185767,24,26,5,21
185767,25,112,11,101
185767,40,112,11,101
185767,41,121,6,115
185767,42,121,6,115
185767,43,121,6,115
185767,44,18,1,17
185767,45,103,5,98
185767,60,103,5,98
185828,1,10130,7547,2583
185828,2,7317,5583,1734
185828,3,6449,5105,1344
185828,4,1029,809,220
185828,5,5420,4296,1124
185828,11,868,478,390
185828,12,2813,1964,849
185828,19,629,508,121
185828,20,4791,3788,1003
185828,21,7305,5583,1722
185828,22,5709,4495,1214
185828,23,5679,4472,1207
185828,24,957,755,202
185828,25,4722,3717,1005
185828,31,30,23,7
185828,32,1596,1088,508
185828,39,510,409,101
185828,40,4212,3308,904
185828,41,2825,1964,861
185828,42,1608,1088,520
185828,43,770,633,137
185828,44,72,54,18
185828,45,698,579,119
185828,51,838,455,383
185828,52,1217,876,341
185828,59,119,99,20
185828,60,579,480,99
185873,1,9477,4226,5251
185873,2,9477,4226,5251
185873,3,8174,3738,4436
185873,4,2216,1122,1094
185873,5,5958,2616,3342
185873,11,1303,488,815
185873,19,345,144,201
185873,20,5613,2472,3141
185873,21,5138,2535,2603
185873,22,5138,2535,2603
185873,23,5062,2496,2566
185873,24,1810,940,870
185873,25,3252,1556,1696
185873,31,76,39,37
185873,39,181,92,89
185873,40,3071,1464,1607
185873,41,4339,1691,2648
185873,42,4339,1691,2648
185873,43,3112,1242,1870
185873,44,406,182,224
185873,45,2706,1060,1646
185873,51,1227,449,778
185873,59,164,52,112
185873,60,2542,1008,1534
185916,1,142,28,114
185916,2,142,28,114
185916,3,142,28,114
185916,4,11,0,11
185916,5,131,28,103
185916,20,131,28,103
185916,21,102,22,80
185916,22,102,22,80
185916,23,102,22,80
185916,24,10,0,10
185916,25,92,22,70
185916,40,92,22,70
185916,41,40,6,34
185916,42,40,6,34
185916,43,40,6,34
185916,44,1,0,1
185916,45,39,6,33
185916,60,39,6,33
185970,1,180,14,166
185970,2,180,14,166
185970,3,180,14,166
185970,4,48,4,44
185970,5,132,10,122
185970,20,132,10,122
185970,21,130,12,118
185970,22,130,12,118
185970,23,130,12,118
185970,24,42,3,39
185970,25,88,9,79
185970,40,88,9,79
185970,41,50,2,48
185970,42,50,2,48
185970,43,50,2,48
185970,44,6,1,5
185970,45,44,1,43
185970,60,44,1,43
186016,1,337,19,318
186016,2,337,19,318
186016,3,337,19,318
186016,4,41,1,40
186016,5,296,18,278
186016,20,296,18,278
186016,21,226,12,214
186016,22,226,12,214
186016,23,226,12,214
186016,24,32,1,31
186016,25,194,11,183
186016,40,194,11,183
186016,41,111,7,104
186016,42,111,7,104
186016,43,111,7,104
186016,44,9,0,9
186016,45,102,7,95
186016,60,102,7,95
186034,1,9129,3583,5546
186034,2,9129,3583,5546
186034,3,8379,3314,5065
186034,4,1552,708,844
186034,5,6827,2606,4221
186034,11,750,269,481
186034,19,242,103,139
186034,20,6585,2503,4082
186034,21,3369,1445,1924
186034,22,3369,1445,1924
186034,23,3345,1431,1914
186034,24,809,363,446
186034,25,2536,1068,1468
186034,31,24,14,10
186034,39,126,59,67
186034,40,2410,1009,1401
186034,41,5760,2138,3622
186034,42,5760,2138,3622
186034,43,5034,1883,3151
186034,44,743,345,398
186034,45,4291,1538,2753
186034,51,726,255,471
186034,59,116,44,72
186034,60,4175,1494,2681
186052,1,703,612,91
186052,2,703,612,91
186052,3,703,612,91
186052,4,510,434,76
186052,5,193,178,15
186052,20,193,178,15
186052,21,543,472,71
186052,22,543,472,71
186052,23,543,472,71
186052,24,425,362,63
186052,25,118,110,8
186052,40,118,110,8
186052,41,160,140,20
186052,42,160,140,20
186052,43,160,140,20
186052,44,85,72,13
186052,45,75,68,7
186052,60,75,68,7
186122,1,502,295,207
186122,12,502,295,207
186122,21,464,273,191
186122,32,464,273,191
186122,41,38,22,16
186122,52,38,22,16
186131,1,8014,4397,3617
186131,2,5323,2722,2601
186131,3,5234,2667,2567
186131,4,1284,655,629
186131,5,3950,2012,1938
186131,11,89,55,34
186131,12,2691,1675,1016
186131,20,3950,2012,1938
186131,21,7935,4348,3587
186131,22,5244,2673,2571
186131,23,5234,2667,2567
186131,24,1284,655,629
186131,25,3950,2012,1938
186131,31,10,6,4
186131,32,2691,1675,1016
186131,40,3950,2012,1938
186131,41,79,49,30
186131,42,79,49,30
186131,51,79,49,30
186186,1,239,239,0
186186,2,239,239,0
186186,3,239,239,0
186186,4,19,19,0
186186,5,220,220,0
186186,19,152,152,0
186186,20,68,68,0
186186,21,239,239,0
186186,22,239,239,0
186186,23,239,239,0
186186,24,19,19,0
186186,25,220,220,0
186186,39,152,152,0
186186,40,68,68,0
186201,1,5852,2576,3276
186201,2,5614,2494,3120
186201,3,5397,2422,2975
186201,4,901,437,464
186201,5,4496,1985,2511
186201,11,217,72,145
186201,12,238,82,156
186201,19,599,291,308
186201,20,3897,1694,2203
186201,21,5015,2244,2771
186201,22,4992,2239,2753
186201,23,4928,2226,2702
186201,24,901,437,464
186201,25,4027,1789,2238
186201,31,64,13,51
186201,32,23,5,18
186201,39,510,266,244
186201,40,3517,1523,1994
186201,41,837,332,505
186201,42,622,255,367
186201,43,469,196,273
186201,45,469,196,273
186201,51,153,59,94
186201,52,215,77,138
186201,59,89,25,64
186201,60,380,171,209
186274,1,193,35,158
186274,2,193,35,158
186274,3,193,35,158
186274,4,33,11,22
186274,5,160,24,136
186274,20,160,24,136
186274,21,116,23,93
186274,22,116,23,93
186274,23,116,23,93
186274,24,23,7,16
186274,25,93,16,77
186274,40,93,16,77
186274,41,77,12,65
186274,42,77,12,65
186274,43,77,12,65
186274,44,10,4,6
186274,45,67,8,59
186274,60,67,8,59
186283,1,5410,2171,3239
186283,2,4425,1836,2589
186283,3,4041,1677,2364
186283,4,760,310,450
186283,5,3281,1367,1914
186283,11,384,159,225
186283,12,985,335,650
186283,19,307,132,175
186283,20,2974,1235,1739
186283,21,4122,1679,2443
186283,22,3791,1547,2244
186283,23,3579,1471,2108
186283,24,758,309,449
186283,25,2821,1162,1659
186283,31,212,76,136
186283,32,331,132,199
186283,39,251,108,143
186283,40,2570,1054,1516
186283,41,1288,492,796
186283,42,634,289,345
186283,43,462,206,256
186283,44,2,1,1
186283,45,460,205,255
186283,51,172,83,89
186283,52,654,203,451
186283,59,56,24,32
186283,60,404,181,223
186335,1,61,8,53
186335,2,61,8,53
186335,3,61,8,53
186335,4,19,3,16
186335,5,42,5,37
186335,20,42,5,37
186335,21,49,7,42
186335,22,49,7,42
186335,23,49,7,42
186335,24,14,3,11
186335,25,35,4,31
186335,40,35,4,31
186335,41,12,1,11
186335,42,12,1,11
186335,43,12,1,11
186335,44,5,0,5
186335,45,7,1,6
186335,60,7,1,6
186371,1,6264,2995,3269
186371,2,4842,2183,2659
186371,3,4777,2160,2617
186371,4,496,254,242
186371,5,4281,1906,2375
186371,11,65,23,42
186371,12,1422,812,610
186371,19,837,346,491
186371,20,3444,1560,1884
186371,21,4746,2298,2448
186371,22,3939,1824,2115
186371,23,3933,1821,2112
186371,24,494,253,241
186371,25,3439,1568,1871
186371,31,6,3,3
186371,32,807,474,333
186371,39,668,286,382
186371,40,2771,1282,1489
186371,41,1518,697,821
186371,42,903,359,544
186371,43,844,339,505
186371,44,2,1,1
186371,45,842,338,504
186371,51,59,20,39
186371,52,615,338,277
186371,59,169,60,109
186371,60,673,278,395
186380,1,48036,22267,25769
186380,2,33901,16856,17045
186380,3,33427,16649,16778
186380,4,6403,3241,3162
186380,5,27024,13408,13616
186380,11,474,207,267
186380,12,14135,5411,8724
186380,19,2581,1227,1354
186380,20,24443,12181,12262
186380,21,40321,19588,20733
186380,22,31759,15975,15784
186380,23,31630,15908,15722
186380,24,6393,3233,3160
186380,25,25237,12675,12562
186380,31,129,67,62
186380,32,8562,3613,4949
186380,39,2361,1161,1200
186380,40,22876,11514,11362
186380,41,7715,2679,5036
186380,42,2142,881,1261
186380,43,1797,741,1056
186380,44,10,8,2
186380,45,1787,733,1054
186380,51,345,140,205
186380,52,5573,1798,3775
186380,59,220,66,154
186380,60,1567,667,900
186399,1,11212,5842,5370
186399,2,7217,3577,3640
186399,3,6748,3349,3399
186399,4,988,521,467
186399,5,5760,2828,2932
186399,11,469,228,241
186399,12,3995,2265,1730
186399,19,779,381,398
186399,20,4981,2447,2534
186399,21,7559,3926,3633
186399,22,5827,2929,2898
186399,23,5824,2929,2895
186399,24,985,520,465
186399,25,4839,2409,2430
186399,31,3,0,3
186399,32,1732,997,735
186399,39,657,327,330
186399,40,4182,2082,2100
186399,41,3653,1916,1737
186399,42,1390,648,742
186399,43,924,420,504
186399,44,3,1,2
186399,45,921,419,502
186399,51,466,228,238
186399,52,2263,1268,995
186399,59,122,54,68
186399,60,799,365,434
186405,1,15,3,12
186405,2,15,3,12
186405,3,15,3,12
186405,5,15,3,12
186405,20,15,3,12
186405,21,15,3,12
186405,22,15,3,12
186405,23,15,3,12
186405,25,15,3,12
186405,40,15,3,12
186423,1,56,7,49
186423,2,56,7,49
186423,3,56,7,49
186423,5,56,7,49
186423,20,56,7,49
186423,21,56,7,49
186423,22,56,7,49
186423,23,56,7,49
186423,25,56,7,49
186423,40,56,7,49
186432,1,3194,1214,1980
186432,2,2484,977,1507
186432,3,2369,947,1422
186432,4,610,274,336
186432,5,1759,673,1086
186432,11,115,30,85
186432,12,710,237,473
186432,19,127,52,75
186432,20,1632,621,1011
186432,21,2316,956,1360
186432,22,2068,870,1198
186432,23,2064,869,1195
186432,24,607,274,333
186432,25,1457,595,862
186432,31,4,1,3
186432,32,248,86,162
186432,39,99,42,57
186432,40,1358,553,805
186432,41,878,258,620
186432,42,416,107,309
186432,43,305,78,227
186432,44,3,0,3
186432,45,302,78,224
186432,51,111,29,82
186432,52,462,151,311
186432,59,28,10,18
186432,60,274,68,206
186469,1,1240,467,773
186469,2,1240,467,773
186469,3,1133,415,718
186469,4,304,140,164
186469,5,829,275,554
186469,11,107,52,55
186469,19,49,23,26
186469,20,780,252,528
186469,21,726,291,435
186469,22,726,291,435
186469,23,713,286,427
186469,24,221,106,115
186469,25,492,180,312
186469,31,13,5,8
186469,39,28,14,14
186469,40,464,166,298
186469,41,514,176,338
186469,42,514,176,338
186469,43,420,129,291
186469,44,83,34,49
186469,45,337,95,242
186469,51,94,47,47
186469,59,21,9,12
186469,60,316,86,230
186584,1,9903,4061,5842
186584,2,5839,2405,3434
186584,3,5632,2312,3320
186584,4,1342,589,753
186584,5,4290,1723,2567
186584,11,207,93,114
186584,12,4064,1656,2408
186584,19,432,138,294
186584,20,3858,1585,2273
186584,21,7141,2992,4149
186584,22,5380,2237,3143
186584,23,5370,2233,3137
186584,24,1338,586,752
186584,25,4032,1647,2385
186584,31,10,4,6
186584,32,1761,755,1006
186584,39,402,133,269
186584,40,3630,1514,2116
186584,41,2762,1069,1693
186584,42,459,168,291
186584,43,262,79,183
186584,44,4,3,1
186584,45,258,76,182
186584,51,197,89,108
186584,52,2303,901,1402
186584,59,30,5,25
186584,60,228,71,157
186593,1,150,15,135
186593,2,150,15,135
186593,3,150,15,135
186593,4,31,3,28
186593,5,119,12,107
186593,20,119,12,107
186593,21,116,11,105
186593,22,116,11,105
186593,23,116,11,105
186593,24,22,1,21
186593,25,94,10,84
186593,40,94,10,84
186593,41,34,4,30
186593,42,34,4,30
186593,43,34,4,30
186593,44,9,2,7
186593,45,25,2,23
186593,60,25,2,23
186618,1,1552,178,1374
186618,2,987,75,912
186618,3,947,69,878
186618,4,124,0,124
186618,5,823,69,754
186618,11,40,6,34
186618,12,565,103,462
186618,19,99,20,79
186618,20,724,49,675
186618,21,697,53,644
186618,22,554,20,534
186618,23,551,20,531
186618,24,124,0,124
186618,25,427,20,407
186618,31,3,0,3
186618,32,143,33,110
186618,39,33,8,25
186618,40,394,12,382
186618,41,855,125,730
186618,42,433,55,378
186618,43,396,49,347
186618,45,396,49,347
186618,51,37,6,31
186618,52,422,70,352
186618,59,66,12,54
186618,60,330,37,293
186645,1,8405,4056,4349
186645,2,8405,4056,4349
186645,3,7246,3558,3688
186645,4,1586,860,726
186645,5,5660,2698,2962
186645,11,1159,498,661
186645,19,447,190,257
186645,20,5213,2508,2705
186645,21,3600,1937,1663
186645,22,3600,1937,1663
186645,23,3535,1908,1627
186645,24,1260,694,566
186645,25,2275,1214,1061
186645,31,65,29,36
186645,39,226,112,114
186645,40,2049,1102,947
186645,41,4805,2119,2686
186645,42,4805,2119,2686
186645,43,3711,1650,2061
186645,44,326,166,160
186645,45,3385,1484,1901
186645,51,1094,469,625
186645,59,221,78,143
186645,60,3164,1406,1758
186867,1,5784,4261,1523
186867,2,2691,1933,758
186867,3,2662,1914,748
186867,4,622,438,184
186867,5,2040,1476,564
186867,11,29,19,10
186867,12,3093,2328,765
186867,20,2040,1476,564
186867,21,4180,3013,1167
186867,22,2661,1913,748
186867,23,2661,1913,748
186867,24,622,438,184
186867,25,2039,1475,564
186867,32,1519,1100,419
186867,40,2039,1475,564
186867,41,1604,1248,356
186867,42,30,20,10
186867,43,1,1,0
186867,45,1,1,0
186867,51,29,19,10
186867,52,1574,1228,346
186867,60,1,1,0
186876,1,8458,3279,5179
186876,2,7539,3060,4479
186876,3,7491,3037,4454
186876,4,1069,427,642
186876,5,6422,2610,3812
186876,11,48,23,25
186876,12,919,219,700
186876,19,1036,405,631
186876,20,5386,2205,3181
186876,21,7272,2899,4373
186876,22,6953,2824,4129
186876,23,6950,2822,4128
186876,24,1066,427,639
186876,25,5884,2395,3489
186876,31,3,2,1
186876,32,319,75,244
186876,39,957,382,575
186876,40,4927,2013,2914
186876,41,1186,380,806
186876,42,586,236,350
186876,43,541,215,326
186876,44,3,0,3
186876,45,538,215,323
186876,51,45,21,24
186876,52,600,144,456
186876,59,79,23,56
186876,60,459,192,267
186900,1,68,68,0
186900,2,68,68,0
186900,3,68,68,0
186900,4,18,18,0
186900,5,50,50,0
186900,19,32,32,0
186900,20,18,18,0
186900,21,68,68,0
186900,22,68,68,0
186900,23,68,68,0
186900,24,18,18,0
186900,25,50,50,0
186900,39,32,32,0
186900,40,18,18,0
187000,1,157,153,4
187000,2,157,153,4
187000,3,157,153,4
187000,4,57,56,1
187000,5,100,97,3
187000,20,100,97,3
187000,21,157,153,4
187000,22,157,153,4
187000,23,157,153,4
187000,24,57,56,1
187000,25,100,97,3
187000,40,100,97,3
187046,1,20877,10816,10061
187046,2,19596,10434,9162
187046,3,19596,10434,9162
187046,5,19596,10434,9162
187046,12,1281,382,899
187046,19,7846,4224,3622
187046,20,11750,6210,5540
187046,21,138,68,70
187046,22,138,68,70
187046,23,138,68,70
187046,25,138,68,70
187046,39,67,29,38
187046,40,71,39,32
187046,41,20739,10748,9991
187046,42,19458,10366,9092
187046,43,19458,10366,9092
187046,45,19458,10366,9092
187046,52,1281,382,899
187046,59,7779,4195,3584
187046,60,11679,6171,5508
187134,1,7340,2958,4382
187134,2,6653,2851,3802
187134,3,6446,2764,3682
187134,4,1404,546,858
187134,5,5042,2218,2824
187134,11,207,87,120
187134,12,687,107,580
187134,19,254,112,142
187134,20,4788,2106,2682
187134,21,6653,2808,3845
187134,22,6455,2775,3680
187134,23,6309,2700,3609
187134,24,1402,544,858
187134,25,4907,2156,2751
187134,31,146,75,71
187134,32,198,33,165
187134,39,251,111,140
187134,40,4656,2045,2611
187134,41,687,150,537
187134,42,198,76,122
187134,43,137,64,73
187134,44,2,2,0
187134,45,135,62,73
187134,51,61,12,49
187134,52,489,74,415
187134,59,3,1,2
187134,60,132,61,71
187161,1,735,84,651
187161,2,735,84,651
187161,3,735,84,651
187161,4,156,12,144
187161,5,579,72,507
187161,20,579,72,507
187161,21,735,84,651
187161,22,735,84,651
187161,23,735,84,651
187161,24,156,12,144
187161,25,579,72,507
187161,40,579,72,507
187198,1,11969,4570,7399
187198,2,11969,4570,7399
187198,3,11437,4318,7119
187198,4,2316,1071,1245
187198,5,9121,3247,5874
187198,11,532,252,280
187198,19,657,209,448
187198,20,8464,3038,5426
187198,21,5713,2380,3333
187198,22,5713,2380,3333
187198,23,5606,2319,3287
187198,24,1790,804,986
187198,25,3816,1515,2301
187198,31,107,61,46
187198,39,258,101,157
187198,40,3558,1414,2144
187198,41,6256,2190,4066
187198,42,6256,2190,4066
187198,43,5831,1999,3832
187198,44,526,267,259
187198,45,5305,1732,3573
187198,51,425,191,234
187198,59,399,108,291
187198,60,4906,1624,3282
187444,1,11414,4904,6510
187444,2,10027,4562,5465
187444,3,9930,4509,5421
187444,4,1295,635,660
187444,5,8635,3874,4761
187444,11,97,53,44
187444,12,1387,342,1045
187444,19,1442,625,817
187444,20,7193,3249,3944
187444,21,8575,3854,4721
187444,22,8269,3763,4506
187444,23,8248,3757,4491
187444,24,1289,630,659
187444,25,6959,3127,3832
187444,31,21,6,15
187444,32,306,91,215
187444,39,1141,500,641
187444,40,5818,2627,3191
187444,41,2839,1050,1789
187444,42,1758,799,959
187444,43,1682,752,930
187444,44,6,5,1
187444,45,1676,747,929
187444,51,76,47,29
187444,52,1081,251,830
187444,59,301,125,176
187444,60,1375,622,753
187505,1,1017,71,946
187505,2,1017,71,946
187505,3,1017,71,946
187505,4,350,20,330
187505,5,667,51,616
187505,20,667,51,616
187505,21,1017,71,946
187505,22,1017,71,946
187505,23,1017,71,946
187505,24,350,20,330
187505,25,667,51,616
187505,40,667,51,616
187532,1,28891,12835,16056
187532,2,28891,12835,16056
187532,3,25090,11061,14029
187532,4,4033,2049,1984
187532,5,21057,9012,12045
187532,11,3801,1774,2027
187532,19,1658,723,935
187532,20,19399,8289,11110
187532,21,9546,4515,5031
187532,22,9546,4515,5031
187532,23,9407,4454,4953
187532,24,2410,1175,1235
187532,25,6997,3279,3718
187532,31,139,61,78
187532,39,671,325,346
187532,40,6326,2954,3372
187532,41,19345,8320,11025
187532,42,19345,8320,11025
187532,43,15683,6607,9076
187532,44,1623,874,749
187532,45,14060,5733,8327
187532,51,3662,1713,1949
187532,59,987,398,589
187532,60,13073,5335,7738
187596,1,1956,841,1115
187596,2,1956,841,1115
187596,3,1654,716,938
187596,4,373,181,192
187596,5,1281,535,746
187596,11,302,125,177
187596,19,84,22,62
187596,20,1197,513,684
187596,21,1271,585,686
187596,22,1271,585,686
187596,23,1269,583,686
187596,24,292,149,143
187596,25,977,434,543
187596,31,2,2,0
187596,39,59,19,40
187596,40,918,415,503
187596,41,685,256,429
187596,42,685,256,429
187596,43,385,133,252
187596,44,81,32,49
187596,45,304,101,203
187596,51,300,123,177
187596,59,25,3,22
187596,60,279,98,181
187602,1,86,13,73
187602,2,86,13,73
187602,3,86,13,73
187602,4,15,2,13
187602,5,71,11,60
187602,20,71,11,60
187602,21,86,13,73
187602,22,86,13,73
187602,23,86,13,73
187602,24,15,2,13
187602,25,71,11,60
187602,40,71,11,60
187620,1,8837,3798,5039
187620,2,8837,3798,5039
187620,3,6677,2860,3817
187620,4,1373,663,710
187620,5,5304,2197,3107
187620,11,2160,938,1222
187620,19,300,144,156
187620,20,5004,2053,2951
187620,21,4197,1865,2332
187620,22,4197,1865,2332
187620,23,4068,1803,2265
187620,24,1112,541,571
187620,25,2956,1262,1694
187620,31,129,62,67
187620,39,158,77,81
187620,40,2798,1185,1613
187620,41,4640,1933,2707
187620,42,4640,1933,2707
187620,43,2609,1057,1552
187620,44,261,122,139
187620,45,2348,935,1413
187620,51,2031,876,1155
187620,59,142,67,75
187620,60,2206,868,1338
187639,1,3596,1214,2382
187639,2,3596,1214,2382
187639,3,2021,563,1458
187639,4,438,137,301
187639,5,1583,426,1157
187639,11,1575,651,924
187639,19,189,49,140
187639,20,1394,377,1017
187639,21,905,275,630
187639,22,905,275,630
187639,23,880,262,618
187639,24,327,102,225
187639,25,553,160,393
187639,31,25,13,12
187639,39,57,17,40
187639,40,496,143,353
187639,41,2691,939,1752
187639,42,2691,939,1752
187639,43,1141,301,840
187639,44,111,35,76
187639,45,1030,266,764
187639,51,1550,638,912
187639,59,132,32,100
187639,60,898,234,664
187648,1,5847,2320,3527
187648,2,4567,1998,2569
187648,3,3767,1585,2182
187648,4,661,316,345
187648,5,3106,1269,1837
187648,11,800,413,387
187648,12,1280,322,958
187648,19,441,172,269
187648,20,2665,1097,1568
187648,21,3002,1250,1752
187648,22,2759,1204,1555
187648,23,2746,1202,1544
187648,24,654,313,341
187648,25,2092,889,1203
187648,31,13,2,11
187648,32,243,46,197
187648,39,280,115,165
187648,40,1812,774,1038
187648,41,2845,1070,1775
187648,42,1808,794,1014
187648,43,1021,383,638
187648,44,7,3,4
187648,45,1014,380,634
187648,51,787,411,376
187648,52,1037,276,761
187648,59,161,57,104
187648,60,853,323,530
187666,1,3883,1920,1963
187666,2,3883,1920,1963
187666,3,2134,832,1302
187666,4,523,219,304
187666,5,1611,613,998
187666,11,1749,1088,661
187666,19,173,88,85
187666,20,1438,525,913
187666,21,1155,513,642
187666,22,1155,513,642
187666,23,1069,446,623
187666,24,396,162,234
187666,25,673,284,389
187666,31,86,67,19
187666,39,79,41,38
187666,40,594,243,351
187666,41,2728,1407,1321
187666,42,2728,1407,1321
187666,43,1065,386,679
187666,44,127,57,70
187666,45,938,329,609
187666,51,1663,1021,642
187666,59,94,47,47
187666,60,844,282,562
187745,1,422,174,248
187745,2,392,161,231
187745,3,225,93,132
187745,4,41,19,22
187745,5,184,74,110
187745,11,167,68,99
187745,12,30,13,17
187745,19,23,13,10
187745,20,161,61,100
187745,21,192,76,116
187745,22,163,63,100
187745,23,162,63,99
187745,24,17,5,12
187745,25,145,58,87
187745,31,1,0,1
187745,32,29,13,16
187745,39,17,9,8
187745,40,128,49,79
187745,41,230,98,132
187745,42,229,98,131
187745,43,63,30,33
187745,44,24,14,10
187745,45,39,16,23
187745,51,166,68,98
187745,52,1,0,1
187745,59,6,4,2
187745,60,33,12,21
187897,1,3690,1374,2316
187897,2,2396,966,1430
187897,3,2221,900,1321
187897,4,353,190,163
187897,5,1868,710,1158
187897,11,175,66,109
187897,12,1294,408,886
187897,19,459,160,299
187897,20,1409,550,859
187897,21,2224,927,1297
187897,22,1646,753,893
187897,23,1630,741,889
187897,24,349,190,159
187897,25,1281,551,730
187897,31,16,12,4
187897,32,578,174,404
187897,39,293,125,168
187897,40,988,426,562
187897,41,1466,447,1019
187897,42,750,213,537
187897,43,591,159,432
187897,44,4,0,4
187897,45,587,159,428
187897,51,159,54,105
187897,52,716,234,482
187897,59,166,35,131
187897,60,421,124,297
187903,1,2320,1026,1294
187903,2,2320,1026,1294
187903,3,1500,622,878
187903,4,468,245,223
187903,5,1032,377,655
187903,11,820,404,416
187903,19,58,24,34
187903,20,974,353,621
187903,21,940,385,555
187903,22,940,385,555
187903,23,878,359,519
187903,24,264,130,134
187903,25,614,229,385
187903,31,62,26,36
187903,39,32,14,18
187903,40,582,215,367
187903,41,1380,641,739
187903,42,1380,641,739
187903,43,622,263,359
187903,44,204,115,89
187903,45,418,148,270
187903,51,758,378,380
187903,59,26,10,16
187903,60,392,138,254
187912,1,470,393,77
187912,2,470,393,77
187912,3,470,393,77
187912,4,261,223,38
187912,5,209,170,39
187912,19,43,32,11
187912,20,166,138,28
187912,21,470,393,77
187912,22,470,393,77
187912,23,470,393,77
187912,24,261,223,38
187912,25,209,170,39
187912,39,43,32,11
187912,40,166,138,28
187958,1,2675,957,1718
187958,2,2675,957,1718
187958,3,2233,761,1472
187958,4,415,183,232
187958,5,1818,578,1240
187958,11,442,196,246
187958,19,78,28,50
187958,20,1740,550,1190
187958,21,1252,465,787
187958,22,1252,465,787
187958,23,1206,451,755
187958,24,292,121,171
187958,25,914,330,584
187958,31,46,14,32
187958,39,38,14,24
187958,40,876,316,560
187958,41,1423,492,931
187958,42,1423,492,931
187958,43,1027,310,717
187958,44,123,62,61
187958,45,904,248,656
187958,51,396,182,214
187958,59,40,14,26
187958,60,864,234,630
187967,1,2134,1416,718
187967,2,1604,1117,487
187967,3,1490,1085,405
187967,4,318,242,76
187967,5,1172,843,329
187967,11,114,32,82
187967,12,530,299,231
187967,19,102,70,32
187967,20,1070,773,297
187967,21,1651,1179,472
187967,22,1418,1027,391
187967,23,1418,1027,391
187967,24,316,240,76
187967,25,1102,787,315
187967,32,233,152,81
187967,39,98,66,32
187967,40,1004,721,283
187967,41,483,237,246
187967,42,186,90,96
187967,43,72,58,14
187967,44,2,2,0
187967,45,70,56,14
187967,51,114,32,82
187967,52,297,147,150
187967,59,4,4,0
187967,60,66,52,14
187976,1,744,323,421
187976,2,744,323,421
187976,3,541,219,322
187976,4,76,39,37
187976,5,465,180,285
187976,11,203,104,99
187976,19,45,15,30
187976,20,420,165,255
187976,21,191,98,93
187976,22,191,98,93
187976,23,180,91,89
187976,24,62,33,29
187976,25,118,58,60
187976,31,11,7,4
187976,39,10,4,6
187976,40,108,54,54
187976,41,553,225,328
187976,42,553,225,328
187976,43,361,128,233
187976,44,14,6,8
187976,45,347,122,225
187976,51,192,97,95
187976,59,35,11,24
187976,60,312,111,201
187985,1,28592,12685,15907
187985,2,22416,9939,12477
187985,3,20847,9279,11568
187985,4,3517,1518,1999
187985,5,17330,7761,9569
187985,11,1569,660,909
187985,12,6176,2746,3430
187985,19,1250,588,662
187985,20,16080,7173,8907
187985,21,20668,9316,11352
187985,22,17091,7702,9389
187985,23,16826,7576,9250
187985,24,3470,1493,1977
187985,25,13356,6083,7273
187985,31,265,126,139
187985,32,3577,1614,1963
187985,39,841,420,421
187985,40,12515,5663,6852
187985,41,7924,3369,4555
187985,42,5325,2237,3088
187985,43,4021,1703,2318
187985,44,47,25,22
187985,45,3974,1678,2296
187985,51,1304,534,770
187985,52,2599,1132,1467
187985,59,409,168,241
187985,60,3565,1510,2055
187994,1,2458,929,1529
187994,2,2458,929,1529
187994,3,1379,547,832
187994,4,290,122,168
187994,5,1089,425,664
187994,11,1079,382,697
187994,19,112,54,58
187994,20,977,371,606
187994,21,875,370,505
187994,22,875,370,505
187994,23,861,364,497
187994,24,235,105,130
187994,25,626,259,367
187994,31,14,6,8
187994,39,65,32,33
187994,40,561,227,334
187994,41,1583,559,1024
187994,42,1583,559,1024
187994,43,518,183,335
187994,44,55,17,38
187994,45,463,166,297
187994,51,1065,376,689
187994,59,47,22,25
187994,60,416,144,272
188003,1,1861,640,1221
188003,2,1861,640,1221
188003,3,806,233,573
188003,4,215,72,143
188003,5,591,161,430
188003,11,1055,407,648
188003,19,61,24,37
188003,20,530,137,393
188003,21,534,160,374
188003,22,534,160,374
188003,23,516,154,362
188003,24,194,66,128
188003,25,322,88,234
188003,31,18,6,12
188003,39,33,14,19
188003,40,289,74,215
188003,41,1327,480,847
188003,42,1327,480,847
188003,43,290,79,211
188003,44,21,6,15
188003,45,269,73,196
188003,51,1037,401,636
188003,59,28,10,18
188003,60,241,63,178
188021,1,970,352,618
188021,2,970,352,618
188021,3,512,169,343
188021,4,104,40,64
188021,5,408,129,279
188021,11,458,183,275
188021,19,28,8,20
188021,20,380,121,259
188021,21,329,121,208
188021,22,329,121,208
188021,23,318,117,201
188021,24,80,31,49
188021,25,238,86,152
188021,31,11,4,7
188021,39,22,6,16
188021,40,216,80,136
188021,41,641,231,410
188021,42,641,231,410
188021,43,194,52,142
188021,44,24,9,15
188021,45,170,43,127
188021,51,447,179,268
188021,59,6,2,4
188021,60,164,41,123
188030,1,16765,7690,9075
188030,2,13582,6365,7217
188030,3,12886,6097,6789
188030,4,1918,888,1030
188030,5,10968,5209,5759
188030,11,696,268,428
188030,12,3183,1325,1858
188030,19,646,365,281
188030,20,10322,4844,5478
188030,21,13006,6135,6871
188030,22,11297,5366,5931
188030,23,11215,5331,5884
188030,24,1902,881,1021
188030,25,9313,4450,4863
188030,31,82,35,47
188030,32,1709,769,940
188030,39,544,317,227
188030,40,8769,4133,4636
188030,41,3759,1555,2204
188030,42,2285,999,1286
188030,43,1671,766,905
188030,44,16,7,9
188030,45,1655,759,896
188030,51,614,233,381
188030,52,1474,556,918
188030,59,102,48,54
188030,60,1553,711,842
188049,1,2245,806,1439
188049,2,2245,806,1439
188049,3,1775,627,1148
188049,4,329,133,196
188049,5,1446,494,952
188049,11,470,179,291
188049,19,61,16,45
188049,20,1385,478,907
188049,21,998,369,629
188049,22,998,369,629
188049,23,984,366,618
188049,24,270,105,165
188049,25,714,261,453
188049,31,14,3,11
188049,39,24,5,19
188049,40,690,256,434
188049,41,1247,437,810
188049,42,1247,437,810
188049,43,791,261,530
188049,44,59,28,31
188049,45,732,233,499
188049,51,456,176,280
188049,59,37,11,26
188049,60,695,222,473
188058,1,1681,717,964
188058,2,1653,709,944
188058,3,1173,470,703
188058,4,168,72,96
188058,5,1005,398,607
188058,11,480,239,241
188058,12,28,8,20
188058,19,64,29,35
188058,20,941,369,572
188058,21,822,348,474
188058,22,821,347,474
188058,23,793,334,459
188058,24,150,66,84
188058,25,643,268,375
188058,31,28,13,15
188058,32,1,1,0
188058,39,42,20,22
188058,40,601,248,353
188058,41,859,369,490
188058,42,832,362,470
188058,43,380,136,244
188058,44,18,6,12
188058,45,362,130,232
188058,51,452,226,226
188058,52,27,7,20
188058,59,22,9,13
188058,60,340,121,219
188100,1,8938,4251,4687
188100,2,8938,4251,4687
188100,3,6090,2273,3817
188100,4,904,411,493
188100,5,5186,1862,3324
188100,11,2848,1978,870
188100,19,377,91,286
188100,20,4809,1771,3038
188100,21,2954,1248,1706
188100,22,2954,1248,1706
188100,23,2917,1227,1690
188100,24,700,326,374
188100,25,2217,901,1316
188100,31,37,21,16
188100,39,132,48,84
188100,40,2085,853,1232
188100,41,5984,3003,2981
188100,42,5984,3003,2981
188100,43,3173,1046,2127
188100,44,204,85,119
188100,45,2969,961,2008
188100,51,2811,1957,854
188100,59,245,43,202
188100,60,2724,918,1806
188137,1,6265,2445,3820
188137,2,6265,2445,3820
188137,3,4173,1609,2564
188137,4,703,302,401
188137,5,3470,1307,2163
188137,11,2092,836,1256
188137,19,375,144,231
188137,20,3095,1163,1932
188137,21,1775,733,1042
188137,22,1775,733,1042
188137,23,1697,689,1008
188137,24,438,186,252
188137,25,1259,503,756
188137,31,78,44,34
188137,39,97,38,59
188137,40,1162,465,697
188137,41,4490,1712,2778
188137,42,4490,1712,2778
188137,43,2476,920,1556
188137,44,265,116,149
188137,45,2211,804,1407
188137,51,2014,792,1222
188137,59,278,106,172
188137,60,1933,698,1235
188146,1,826,385,441
188146,2,826,385,441
188146,3,659,322,337
188146,4,201,88,113
188146,5,458,234,224
188146,11,167,63,104
188146,19,72,42,30
188146,20,386,192,194
188146,21,819,381,438
188146,22,819,381,438
188146,23,655,320,335
188146,24,201,88,113
188146,25,454,232,222
188146,31,164,61,103
188146,39,72,42,30
188146,40,382,190,192
188146,41,7,4,3
188146,42,7,4,3
188146,43,4,2,2
188146,45,4,2,2
188146,51,3,2,1
188146,60,4,2,2
188182,1,923,312,611
188182,2,318,160,158
188182,3,318,160,158
188182,4,50,23,27
188182,5,268,137,131
188182,12,605,152,453
188182,19,89,48,41
188182,20,179,89,90
188182,21,359,150,209
188182,22,201,108,93
188182,23,201,108,93
188182,24,48,22,26
188182,25,153,86,67
188182,32,158,42,116
188182,39,42,26,16
188182,40,111,60,51
188182,41,564,162,402
188182,42,117,52,65
188182,43,117,52,65
188182,44,2,1,1
188182,45,115,51,64
188182,52,447,110,337
188182,59,47,22,25
188182,60,68,29,39
188207,1,161,10,151
188207,12,161,10,151
188207,21,84,4,80
188207,32,84,4,80
188207,41,77,6,71
188207,52,77,6,71
188216,1,530,237,293
188216,2,530,237,293
188216,3,519,233,286
188216,4,134,66,68
188216,5,385,167,218
188216,11,11,4,7
188216,19,48,19,29
188216,20,337,148,189
188216,21,464,222,242
188216,22,464,222,242
188216,23,460,220,240
188216,24,123,65,58
188216,25,337,155,182
188216,31,4,2,2
188216,39,43,18,25
188216,40,294,137,157
188216,41,66,15,51
188216,42,66,15,51
188216,43,59,13,46
188216,44,11,1,10
188216,45,48,12,36
188216,51,7,2,5
188216,59,5,1,4
188216,60,43,11,32
188225,1,1802,733,1069
188225,2,1802,733,1069
188225,3,941,357,584
188225,4,128,61,67
188225,5,813,296,517
188225,11,861,376,485
188225,19,22,11,11
188225,20,791,285,506
188225,21,522,214,308
188225,22,522,214,308
188225,23,504,206,298
188225,24,101,48,53
188225,25,403,158,245
188225,31,18,8,10
188225,39,14,6,8
188225,40,389,152,237
188225,41,1280,519,761
188225,42,1280,519,761
188225,43,437,151,286
188225,44,27,13,14
188225,45,410,138,272
188225,51,843,368,475
188225,59,8,5,3
188225,60,402,133,269
188261,1,697,439,258
188261,2,697,439,258
188261,3,598,391,207
188261,4,61,43,18
188261,5,537,348,189
188261,11,99,48,51
188261,19,39,19,20
188261,20,498,329,169
188261,21,231,154,77
188261,22,231,154,77
188261,23,211,145,66
188261,24,55,38,17
188261,25,156,107,49
188261,31,20,9,11
188261,39,27,14,13
188261,40,129,93,36
188261,41,466,285,181
188261,42,466,285,181
188261,43,387,246,141
188261,44,6,5,1
188261,45,381,241,140
188261,51,79,39,40
188261,59,12,5,7
188261,60,369,236,133
188289,1,76,20,56
188289,2,76,20,56
188289,3,76,20,56
188289,4,26,6,20
188289,5,50,14,36
188289,20,50,14,36
188289,21,67,12,55
188289,22,67,12,55
188289,23,67,12,55
188289,24,21,2,19
188289,25,46,10,36
188289,40,46,10,36
188289,41,9,8,1
188289,42,9,8,1
188289,43,9,8,1
188289,44,5,4,1
188289,45,4,4,0
188289,60,4,4,0
188304,1,3560,1375,2185
188304,2,2849,1122,1727
188304,3,2166,810,1356
188304,4,403,198,205
188304,5,1763,612,1151
188304,11,683,312,371
188304,12,711,253,458
188304,19,204,89,115
188304,20,1559,523,1036
188304,21,1669,675,994
188304,22,1510,627,883
188304,23,1498,618,880
188304,24,342,169,173
188304,25,1156,449,707
188304,31,12,9,3
188304,32,159,48,111
188304,39,119,59,60
188304,40,1037,390,647
188304,41,1891,700,1191
188304,42,1339,495,844
188304,43,668,192,476
188304,44,61,29,32
188304,45,607,163,444
188304,51,671,303,368
188304,52,552,205,347
188304,59,85,30,55
188304,60,522,133,389
188340,1,1741,1524,217
188340,2,1724,1511,213
188340,3,1721,1509,212
188340,4,302,270,32
188340,5,1419,1239,180
188340,11,3,2,1
188340,12,17,13,4
188340,19,183,168,15
188340,20,1236,1071,165
188340,21,1308,1140,168
188340,22,1308,1140,168
188340,23,1308,1140,168
188340,24,278,246,32
188340,25,1030,894,136
188340,39,168,154,14
188340,40,862,740,122
188340,41,433,384,49
188340,42,416,371,45
188340,43,413,369,44
188340,44,24,24,0
188340,45,389,345,44
188340,51,3,2,1
188340,52,17,13,4
188340,59,15,14,1
188340,60,374,331,43
188429,1,7645,2068,5577
188429,2,5040,1539,3501
188429,3,5000,1527,3473
188429,4,918,300,618
188429,5,4082,1227,2855
188429,11,40,12,28
188429,12,2605,529,2076
188429,19,510,136,374
188429,20,3572,1091,2481
188429,21,6034,1693,4341
188429,22,4531,1394,3137
188429,23,4524,1392,3132
188429,24,903,295,608
188429,25,3621,1097,2524
188429,31,7,2,5
188429,32,1503,299,1204
188429,39,429,117,312
188429,40,3192,980,2212
188429,41,1611,375,1236
188429,42,509,145,364
188429,43,476,135,341
188429,44,15,5,10
188429,45,461,130,331
188429,51,33,10,23
188429,52,1102,230,872
188429,59,81,19,62
188429,60,380,111,269
188438,1,4230,1799,2431
188438,2,4230,1799,2431
188438,3,3614,1558,2056
188438,4,1087,537,550
188438,5,2527,1021,1506
188438,11,616,241,375
188438,19,248,119,129
188438,20,2279,902,1377
188438,21,2588,1196,1392
188438,22,2588,1196,1392
188438,23,2573,1192,1381
188438,24,989,487,502
188438,25,1584,705,879
188438,31,15,4,11
188438,39,184,91,93
188438,40,1400,614,786
188438,41,1642,603,1039
188438,42,1642,603,1039
188438,43,1041,366,675
188438,44,98,50,48
188438,45,943,316,627
188438,51,601,237,364
188438,59,64,28,36
188438,60,879,288,591
188465,1,557,357,200
188465,2,557,357,200
188465,3,551,355,196
188465,4,223,148,75
188465,5,328,207,121
188465,11,6,2,4
188465,19,67,51,16
188465,20,261,156,105
188465,21,532,346,186
188465,22,532,346,186
188465,23,528,345,183
188465,24,222,148,74
188465,25,306,197,109
188465,31,4,1,3
188465,39,67,51,16
188465,40,239,146,93
188465,41,25,11,14
188465,42,25,11,14
188465,43,23,10,13
188465,44,1,0,1
188465,45,22,10,12
188465,51,2,1,1
188465,60,22,10,12
188517,1,580,128,452
188517,2,580,128,452
188517,3,568,124,444
188517,4,64,20,44
188517,5,504,104,400
188517,11,12,4,8
188517,19,90,27,63
188517,20,414,77,337
188517,21,346,82,264
188517,22,346,82,264
188517,23,346,82,264
188517,24,62,18,44
188517,25,284,64,220
188517,39,83,26,57
188517,40,201,38,163
188517,41,234,46,188
188517,42,234,46,188
188517,43,222,42,180
188517,44,2,2,0
188517,45,220,40,180
188517,51,12,4,8
188517,59,7,1,6
188517,60,213,39,174
188526,1,1639,658,981
188526,2,1078,427,651
188526,3,1075,427,648
188526,4,243,88,155
188526,5,832,339,493
188526,11,3,0,3
188526,12,561,231,330
188526,19,125,45,80
188526,20,707,294,413
188526,21,1599,644,955
188526,22,1059,421,638
188526,23,1057,421,636
188526,24,243,88,155
188526,25,814,333,481
188526,31,2,0,2
188526,32,540,223,317
188526,39,113,41,72
188526,40,701,292,409
188526,41,40,14,26
188526,42,19,6,13
188526,43,18,6,12
188526,45,18,6,12
188526,51,1,0,1
188526,52,21,8,13
188526,59,12,4,8
188526,60,6,2,4
188535,1,594,299,295
188535,12,594,299,295
188535,21,538,279,259
188535,32,538,279,259
188535,41,56,20,36
188535,52,56,20,36
188580,1,830,381,449
188580,12,830,381,449
188580,21,830,381,449
188580,32,830,381,449
188641,1,2431,1120,1311
188641,2,1960,963,997
188641,3,1905,944,961
188641,4,535,300,235
188641,5,1370,644,726
188641,11,55,19,36
188641,12,471,157,314
188641,19,49,25,24
188641,20,1321,619,702
188641,21,2079,1009,1070
188641,22,1909,939,970
188641,23,1884,931,953
188641,24,535,300,235
188641,25,1349,631,718
188641,31,25,8,17
188641,32,170,70,100
188641,39,45,23,22
188641,40,1304,608,696
188641,41,352,111,241
188641,42,51,24,27
188641,43,21,13,8
188641,45,21,13,8
188641,51,30,11,19
188641,52,301,87,214
188641,59,4,2,2
188641,60,17,11,6
188650,1,742,72,670
188650,2,742,72,670
188650,3,742,72,670
188650,4,303,22,281
188650,5,439,50,389
188650,20,439,50,389
188650,21,574,56,518
188650,22,574,56,518
188650,23,574,56,518
188650,24,234,17,217
188650,25,340,39,301
188650,40,340,39,301
188650,41,168,16,152
188650,42,168,16,152
188650,43,168,16,152
188650,44,69,5,64
188650,45,99,11,88
188650,60,99,11,88
188669,1,91,13,78
188669,2,91,13,78
188669,3,91,13,78
188669,4,27,3,24
188669,5,64,10,54
188669,20,64,10,54
188669,21,91,13,78
188669,22,91,13,78
188669,23,91,13,78
188669,24,27,3,24
188669,25,64,10,54
188669,40,64,10,54
188678,1,216,74,142
188678,2,216,74,142
188678,3,216,74,142
188678,4,99,37,62
188678,5,117,37,80
188678,19,40,11,29
188678,20,77,26,51
188678,21,216,74,142
188678,22,216,74,142
188678,23,216,74,142
188678,24,99,37,62
188678,25,117,37,80
188678,39,40,11,29
188678,40,77,26,51
188687,1,408,185,223
188687,2,408,185,223
188687,3,408,185,223
188687,4,37,14,23
188687,5,371,171,200
188687,19,114,56,58
188687,20,257,115,142
188687,21,100,49,51
188687,22,100,49,51
188687,23,100,49,51
188687,24,20,5,15
188687,25,80,44,36
188687,39,39,21,18
188687,40,41,23,18
188687,41,308,136,172
188687,42,308,136,172
188687,43,308,136,172
188687,44,17,9,8
188687,45,291,127,164
188687,59,75,35,40
188687,60,216,92,124
188696,1,230,26,204
188696,2,230,26,204
188696,3,230,26,204
188696,4,139,18,121
188696,5,91,8,83
188696,20,91,8,83
188696,21,230,26,204
188696,22,230,26,204
188696,23,230,26,204
188696,24,139,18,121
188696,25,91,8,83
188696,40,91,8,83
188854,1,1365,447,918
188854,2,1365,447,918
188854,3,1365,447,918
188854,4,462,128,334
188854,5,903,319,584
188854,19,11,3,8
188854,20,892,316,576
188854,21,1365,447,918
188854,22,1365,447,918
188854,23,1365,447,918
188854,24,462,128,334
188854,25,903,319,584
188854,39,11,3,8
188854,40,892,316,576
188890,1,1292,1272,20
188890,2,1292,1272,20
188890,3,1292,1272,20
188890,4,1274,1254,20
188890,5,18,18,0
188890,20,18,18,0
188890,21,976,959,17
188890,22,976,959,17
188890,23,976,959,17
188890,24,965,948,17
188890,25,11,11,0
188890,40,11,11,0
188890,41,316,313,3
188890,42,316,313,3
188890,43,316,313,3
188890,44,309,306,3
188890,45,7,7,0
188890,60,7,7,0
188915,1,79,8,71
188915,2,79,8,71
188915,3,79,8,71
188915,4,9,2,7
188915,5,70,6,64
188915,20,70,6,64
188915,21,76,8,68
188915,22,76,8,68
188915,23,76,8,68
188915,24,9,2,7
188915,25,67,6,61
188915,40,67,6,61
188915,41,3,0,3
188915,42,3,0,3
188915,43,3,0,3
188915,45,3,0,3
188915,60,3,0,3
188942,1,106,0,106
188942,2,106,0,106
188942,3,106,0,106
188942,4,26,0,26
188942,5,80,0,80
188942,20,80,0,80
188942,21,106,0,106
188942,22,106,0,106
188942,23,106,0,106
188942,24,26,0,26
188942,25,80,0,80
188942,40,80,0,80
188988,1,270,91,179
188988,2,270,91,179
188988,3,270,91,179
188988,4,91,31,60
188988,5,179,60,119
188988,20,179,60,119
188988,21,270,91,179
188988,22,270,91,179
188988,23,270,91,179
188988,24,91,31,60
188988,25,179,60,119
188988,40,179,60,119
189015,1,846,110,736
189015,12,846,110,736
189015,21,355,43,312
189015,32,355,43,312
189015,41,491,67,424
189015,52,491,67,424
189088,1,2355,1028,1327
189088,2,2014,892,1122
189088,3,1957,866,1091
189088,4,489,229,260
189088,5,1468,637,831
189088,11,57,26,31
189088,12,341,136,205
189088,19,65,27,38
189088,20,1403,610,793
189088,21,2229,969,1260
189088,22,1916,845,1071
189088,23,1896,840,1056
189088,24,489,229,260
189088,25,1407,611,796
189088,31,20,5,15
189088,32,313,124,189
189088,39,65,27,38
189088,40,1342,584,758
189088,41,126,59,67
189088,42,98,47,51
189088,43,61,26,35
189088,45,61,26,35
189088,51,37,21,16
189088,52,28,12,16
189088,60,61,26,35
189097,1,2489,0,2489
189097,2,2489,0,2489
189097,3,2486,0,2486
189097,4,580,0,580
189097,5,1906,0,1906
189097,11,3,0,3
189097,19,70,0,70
189097,20,1836,0,1836
189097,21,2463,0,2463
189097,22,2463,0,2463
189097,23,2460,0,2460
189097,24,576,0,576
189097,25,1884,0,1884
189097,31,3,0,3
189097,39,70,0,70
189097,40,1814,0,1814
189097,41,26,0,26
189097,42,26,0,26
189097,43,26,0,26
189097,44,4,0,4
189097,45,22,0,22
189097,60,22,0,22
189219,1,265,264,1
189219,2,265,264,1
189219,3,265,264,1
189219,4,113,113,0
189219,5,152,151,1
189219,20,152,151,1
189219,21,265,264,1
189219,22,265,264,1
189219,23,265,264,1
189219,24,113,113,0
189219,25,152,151,1
189219,40,152,151,1
189228,1,4596,1644,2952
189228,2,4596,1644,2952
189228,3,4551,1628,2923
189228,4,737,306,431
189228,5,3814,1322,2492
189228,11,45,16,29
189228,19,502,151,351
189228,20,3312,1171,2141
189228,21,4058,1484,2574
189228,22,4058,1484,2574
189228,23,4026,1474,2552
189228,24,704,294,410
189228,25,3322,1180,2142
189228,31,32,10,22
189228,39,479,145,334
189228,40,2843,1035,1808
189228,41,538,160,378
189228,42,538,160,378
189228,43,525,154,371
189228,44,33,12,21
189228,45,492,142,350
189228,51,13,6,7
189228,59,23,6,17
189228,60,469,136,333
189264,1,47,47,0
189264,2,47,47,0
189264,3,47,47,0
189264,4,9,9,0
189264,5,38,38,0
189264,19,12,12,0
189264,20,26,26,0
189264,21,47,47,0
189264,22,47,47,0
189264,23,47,47,0
189264,24,9,9,0
189264,25,38,38,0
189264,39,12,12,0
189264,40,26,26,0
189273,1,55,55,0
189273,2,49,49,0
189273,3,49,49,0
189273,4,18,18,0
189273,5,31,31,0
189273,12,6,6,0
189273,19,8,8,0
189273,20,23,23,0
189273,21,55,55,0
189273,22,49,49,0
189273,23,49,49,0
189273,24,18,18,0
189273,25,31,31,0
189273,32,6,6,0
189273,39,8,8,0
189273,40,23,23,0
189282,1,269,42,227
189282,2,269,42,227
189282,3,269,42,227
189282,4,5,2,3
189282,5,264,40,224
189282,19,105,9,96
189282,20,159,31,128
189282,21,24,6,18
189282,22,24,6,18
189282,23,24,6,18
189282,24,2,0,2
189282,25,22,6,16
189282,39,6,2,4
189282,40,16,4,12
189282,41,245,36,209
189282,42,245,36,209
189282,43,245,36,209
189282,44,3,2,1
189282,45,242,34,208
189282,59,99,7,92
189282,60,143,27,116
189404,1,200,10,190
189404,2,200,10,190
189404,3,200,10,190
189404,4,9,0,9
189404,5,191,10,181
189404,20,191,10,181
189404,21,142,9,133
189404,22,142,9,133
189404,23,142,9,133
189404,24,7,0,7
189404,25,135,9,126
189404,40,135,9,126
189404,41,58,1,57
189404,42,58,1,57
189404,43,58,1,57
189404,44,2,0,2
189404,45,56,1,55
189404,60,56,1,55
189413,1,1118,255,863
189413,2,1050,243,807
189413,3,1050,243,807
189413,4,220,53,167
189413,5,830,190,640
189413,12,68,12,56
189413,19,101,21,80
189413,20,729,169,560
189413,21,1118,255,863
189413,22,1050,243,807
189413,23,1050,243,807
189413,24,220,53,167
189413,25,830,190,640
189413,32,68,12,56
189413,39,101,21,80
189413,40,729,169,560
189422,1,796,302,494
189422,2,796,302,494
189422,3,675,243,432
189422,4,179,76,103
189422,5,496,167,329
189422,11,121,59,62
189422,19,41,15,26
189422,20,455,152,303
189422,21,635,226,409
189422,22,635,226,409
189422,23,635,226,409
189422,24,177,75,102
189422,25,458,151,307
189422,39,41,15,26
189422,40,417,136,281
189422,41,161,76,85
189422,42,161,76,85
189422,43,40,17,23
189422,44,2,1,1
189422,45,38,16,22
189422,51,121,59,62
189422,60,38,16,22
189459,1,1886,664,1222
189459,2,1886,664,1222
189459,3,1885,664,1221
189459,4,217,92,125
189459,5,1668,572,1096
189459,11,1,0,1
189459,19,231,32,199
189459,20,1437,540,897
189459,21,1459,536,923
189459,22,1459,536,923
189459,23,1459,536,923
189459,24,200,87,113
189459,25,1259,449,810
189459,39,163,25,138
189459,40,1096,424,672
189459,41,427,128,299
189459,42,427,128,299
189459,43,426,128,298
189459,44,17,5,12
189459,45,409,123,286
189459,51,1,0,1
189459,59,68,7,61
189459,60,341,116,225
189468,1,144,2,142
189468,2,144,2,142
189468,3,144,2,142
189468,4,61,1,60
189468,5,83,1,82
189468,20,83,1,82
189468,21,111,2,109
189468,22,111,2,109
189468,23,111,2,109
189468,24,57,1,56
189468,25,54,1,53
189468,40,54,1,53
189468,41,33,0,33
189468,42,33,0,33
189468,43,33,0,33
189468,44,4,0,4
189468,45,29,0,29
189468,60,29,0,29
189477,1,194,6,188
189477,2,194,6,188
189477,3,194,6,188
189477,4,107,4,103
189477,5,87,2,85
189477,20,87,2,85
189477,21,96,3,93
189477,22,96,3,93
189477,23,96,3,93
189477,24,54,2,52
189477,25,42,1,41
189477,40,42,1,41
189477,41,98,3,95
189477,42,98,3,95
189477,43,98,3,95
189477,44,53,2,51
189477,45,45,1,44
189477,60,45,1,44
189501,1,1135,628,507
189501,12,1135,628,507
189501,21,915,497,418
189501,32,915,497,418
189501,41,220,131,89
189501,52,220,131,89
189547,1,5894,2561,3333
189547,2,5894,2561,3333
189547,3,5425,2380,3045
189547,4,1538,743,795
189547,5,3887,1637,2250
189547,11,469,181,288
189547,19,342,136,206
189547,20,3545,1501,2044
189547,21,4192,1935,2257
189547,22,4192,1935,2257
189547,23,4131,1911,2220
189547,24,1433,704,729
189547,25,2698,1207,1491
189547,31,61,24,37
189547,39,249,108,141
189547,40,2449,1099,1350
189547,41,1702,626,1076
189547,42,1702,626,1076
189547,43,1294,469,825
189547,44,105,39,66
189547,45,1189,430,759
189547,51,408,157,251
189547,59,93,28,65
189547,60,1096,402,694
189556,1,413,91,322
189556,2,413,91,322
189556,3,400,87,313
189556,4,41,12,29
189556,5,359,75,284
189556,11,13,4,9
189556,19,77,18,59
189556,20,282,57,225
189556,21,246,46,200
189556,22,246,46,200
189556,23,246,46,200
189556,24,37,9,28
189556,25,209,37,172
189556,39,58,13,45
189556,40,151,24,127
189556,41,167,45,122
189556,42,167,45,122
189556,43,154,41,113
189556,44,4,3,1
189556,45,150,38,112
189556,51,13,4,9
189556,59,19,5,14
189556,60,131,33,98
189565,1,452,112,340
189565,2,452,112,340
189565,3,444,109,335
189565,4,44,14,30
189565,5,400,95,305
189565,11,8,3,5
189565,19,65,16,49
189565,20,335,79,256
189565,21,295,78,217
189565,22,295,78,217
189565,23,295,78,217
189565,24,41,14,27
189565,25,254,64,190
189565,39,59,16,43
189565,40,195,48,147
189565,41,157,34,123
189565,42,157,34,123
189565,43,149,31,118
189565,44,3,0,3
189565,45,146,31,115
189565,51,8,3,5
189565,59,6,0,6
189565,60,140,31,109
189574,1,522,163,359
189574,2,522,163,359
189574,3,520,162,358
189574,4,94,32,62
189574,5,426,130,296
189574,11,2,1,1
189574,19,82,35,47
189574,20,344,95,249
189574,21,392,127,265
189574,22,392,127,265
189574,23,392,127,265
189574,24,93,31,62
189574,25,299,96,203
189574,39,75,32,43
189574,40,224,64,160
189574,41,130,36,94
189574,42,130,36,94
189574,43,128,35,93
189574,44,1,1,0
189574,45,127,34,93
189574,51,2,1,1
189574,59,7,3,4
189574,60,120,31,89
189583,1,740,206,534
189583,2,740,206,534
189583,3,716,194,522
189583,4,89,30,59
189583,5,627,164,463
189583,11,24,12,12
189583,19,116,38,78
189583,20,511,126,385
189583,21,449,125,324
189583,22,449,125,324
189583,23,449,125,324
189583,24,75,25,50
189583,25,374,100,274
189583,39,100,33,67
189583,40,274,67,207
189583,41,291,81,210
189583,42,291,81,210
189583,43,267,69,198
189583,44,14,5,9
189583,45,253,64,189
189583,51,24,12,12
189583,59,16,5,11
189583,60,237,59,178
189592,1,389,89,300
189592,2,389,89,300
189592,3,381,88,293
189592,4,51,24,27
189592,5,330,64,266
189592,11,8,1,7
189592,19,80,16,64
189592,20,250,48,202
189592,21,268,67,201
189592,22,268,67,201
189592,23,268,67,201
189592,24,46,22,24
189592,25,222,45,177
189592,39,65,13,52
189592,40,157,32,125
189592,41,121,22,99
189592,42,121,22,99
189592,43,113,21,92
189592,44,5,2,3
189592,45,108,19,89
189592,51,8,1,7
189592,59,15,3,12
189592,60,93,16,77
189653,1,56,2,54
189653,2,56,2,54
189653,3,56,2,54
189653,4,4,1,3
189653,5,52,1,51
189653,19,9,0,9
189653,20,43,1,42
189653,21,29,2,27
189653,22,29,2,27
189653,23,29,2,27
189653,24,4,1,3
189653,25,25,1,24
189653,39,8,0,8
189653,40,17,1,16
189653,41,27,0,27
189653,42,27,0,27
189653,43,27,0,27
189653,45,27,0,27
189653,59,1,0,1
189653,60,26,0,26
189705,1,4537,2078,2459
189705,2,3084,1533,1551
189705,3,2858,1347,1511
189705,4,682,319,363
189705,5,2176,1028,1148
189705,11,226,186,40
189705,12,1453,545,908
189705,19,119,62,57
189705,20,2057,966,1091
189705,21,3443,1557,1886
189705,22,2825,1328,1497
189705,23,2800,1317,1483
189705,24,680,319,361
189705,25,2120,998,1122
189705,31,25,11,14
189705,32,618,229,389
189705,39,116,60,56
189705,40,2004,938,1066
189705,41,1094,521,573
189705,42,259,205,54
189705,43,58,30,28
189705,44,2,0,2
189705,45,56,30,26
189705,51,201,175,26
189705,52,835,316,519
189705,59,3,2,1
189705,60,53,28,25
189714,1,238,6,232
189714,2,238,6,232
189714,3,238,6,232
189714,4,42,3,39
189714,5,196,3,193
189714,20,196,3,193
189714,21,181,4,177
189714,22,181,4,177
189714,23,181,4,177
189714,24,33,2,31
189714,25,148,2,146
189714,40,148,2,146
189714,41,57,2,55
189714,42,57,2,55
189714,43,57,2,55
189714,44,9,1,8
189714,45,48,1,47
189714,60,48,1,47
189811,1,592,85,507
189811,2,592,85,507
189811,3,592,85,507
189811,4,33,9,24
189811,5,559,76,483
189811,19,136,22,114
189811,20,423,54,369
189811,21,287,46,241
189811,22,287,46,241
189811,23,287,46,241
189811,24,29,7,22
189811,25,258,39,219
189811,39,53,11,42
189811,40,205,28,177
189811,41,305,39,266
189811,42,305,39,266
189811,43,305,39,266
189811,44,4,2,2
189811,45,301,37,264
189811,59,83,11,72
189811,60,218,26,192
189839,1,4410,1692,2718
189839,2,4410,1692,2718
189839,3,2982,1121,1861
189839,4,686,294,392
189839,5,2296,827,1469
189839,11,1428,571,857
189839,19,331,123,208
189839,20,1965,704,1261
189839,21,2235,865,1370
189839,22,2235,865,1370
189839,23,2223,857,1366
189839,24,615,259,356
189839,25,1608,598,1010
189839,31,12,8,4
189839,39,255,101,154
189839,40,1353,497,856
189839,41,2175,827,1348
189839,42,2175,827,1348
189839,43,759,264,495
189839,44,71,35,36
189839,45,688,229,459
189839,51,1416,563,853
189839,59,76,22,54
189839,60,612,207,405
189848,1,1077,297,780
189848,2,1077,297,780
189848,3,1031,283,748
189848,4,345,91,254
189848,5,686,192,494
189848,11,46,14,32
189848,19,36,14,22
189848,20,650,178,472
189848,21,937,261,676
189848,22,937,261,676
189848,23,937,261,676
189848,24,345,91,254
189848,25,592,170,422
189848,39,36,14,22
189848,40,556,156,400
189848,41,140,36,104
189848,42,140,36,104
189848,43,94,22,72
189848,45,94,22,72
189848,51,46,14,32
189848,60,94,22,72
189857,1,731,731,0
189857,2,650,650,0
189857,3,650,650,0
189857,4,92,92,0
189857,5,558,558,0
189857,12,81,81,0
189857,19,286,286,0
189857,20,272,272,0
189857,21,731,731,0
189857,22,650,650,0
189857,23,650,650,0
189857,24,92,92,0
189857,25,558,558,0
189857,32,81,81,0
189857,39,286,286,0
189857,40,272,272,0
189954,1,56,25,31
189954,2,56,25,31
189954,3,56,25,31
189954,4,15,9,6
189954,5,41,16,25
189954,20,41,16,25
189954,21,56,25,31
189954,22,56,25,31
189954,23,56,25,31
189954,24,15,9,6
189954,25,41,16,25
189954,40,41,16,25
189981,1,96,64,32
189981,12,96,64,32
189981,21,22,20,2
189981,32,22,20,2
189981,41,74,44,30
189981,52,74,44,30
190008,1,78,31,47
190008,2,78,31,47
190008,3,78,31,47
190008,4,14,5,9
190008,5,64,26,38
190008,20,64,26,38
190008,21,78,31,47
190008,22,78,31,47
190008,23,78,31,47
190008,24,14,5,9
190008,25,64,26,38
190008,40,64,26,38
190044,1,3726,2616,1110
190044,2,3110,2229,881
190044,3,3060,2202,858
190044,4,757,522,235
190044,5,2303,1680,623
190044,11,50,27,23
190044,12,616,387,229
190044,19,131,107,24
190044,20,2172,1573,599
190044,21,3602,2529,1073
190044,22,3084,2214,870
190044,23,3049,2195,854
190044,24,757,522,235
190044,25,2292,1673,619
190044,31,35,19,16
190044,32,518,315,203
190044,39,131,107,24
190044,40,2161,1566,595
190044,41,124,87,37
190044,42,26,15,11
190044,43,11,7,4
190044,45,11,7,4
190044,51,15,8,7
190044,52,98,72,26
190044,60,11,7,4
190053,1,1990,950,1040
190053,2,1990,950,1040
190053,3,1315,628,687
190053,4,342,156,186
190053,5,973,472,501
190053,11,675,322,353
190053,19,107,62,45
190053,20,866,410,456
190053,21,1092,559,533
190053,22,1092,559,533
190053,23,983,490,493
190053,24,321,148,173
190053,25,662,342,320
190053,31,109,69,40
190053,39,82,50,32
190053,40,580,292,288
190053,41,898,391,507
190053,42,898,391,507
190053,43,332,138,194
190053,44,21,8,13
190053,45,311,130,181
190053,51,566,253,313
190053,59,25,12,13
190053,60,286,118,168
190071,1,79,12,67
190071,2,79,12,67
190071,3,79,12,67
190071,5,79,12,67
190071,19,29,3,26
190071,20,50,9,41
190071,21,10,3,7
190071,22,10,3,7
190071,23,10,3,7
190071,25,10,3,7
190071,40,10,3,7
190071,41,69,9,60
190071,42,69,9,60
190071,43,69,9,60
190071,45,69,9,60
190071,59,29,3,26
190071,60,40,6,34
190080,1,87,39,48
190080,12,87,39,48
190080,21,59,30,29
190080,32,59,30,29
190080,41,28,9,19
190080,52,28,9,19
190099,1,2900,1297,1603
190099,2,2890,1293,1597
190099,3,2872,1287,1585
190099,4,759,319,440
190099,5,2113,968,1145
190099,11,18,6,12
190099,12,10,4,6
190099,19,7,3,4
190099,20,2106,965,1141
190099,21,2877,1289,1588
190099,22,2871,1287,1584
190099,23,2871,1287,1584
190099,24,759,319,440
190099,25,2112,968,1144
190099,32,6,2,4
190099,39,7,3,4
190099,40,2105,965,1140
190099,41,23,8,15
190099,42,19,6,13
190099,43,1,0,1
190099,45,1,0,1
190099,51,18,6,12
190099,52,4,2,2
190099,60,1,0,1
190114,1,1255,379,876
190114,2,911,266,645
190114,3,911,266,645
190114,4,115,30,85
190114,5,796,236,560
190114,12,344,113,231
190114,19,137,29,108
190114,20,659,207,452
190114,21,1164,342,822
190114,22,851,246,605
190114,23,851,246,605
190114,24,113,29,84
190114,25,738,217,521
190114,32,313,96,217
190114,39,129,27,102
190114,40,609,190,419
190114,41,91,37,54
190114,42,60,20,40
190114,43,60,20,40
190114,44,2,1,1
190114,45,58,19,39
190114,52,31,17,14
190114,59,8,2,6
190114,60,50,17,33
190150,1,26957,13303,13654
190150,2,7970,4185,3785
190150,3,7970,4185,3785
190150,4,1509,737,772
190150,5,6461,3448,3013
190150,12,18987,9118,9869
190150,19,571,364,207
190150,20,5890,3084,2806
190150,21,22731,11243,11488
190150,22,7374,3881,3493
190150,23,7374,3881,3493
190150,24,1476,719,757
190150,25,5898,3162,2736
190150,32,15357,7362,7995
190150,39,491,325,166
190150,40,5407,2837,2570
190150,41,4226,2060,2166
190150,42,596,304,292
190150,43,596,304,292
190150,44,33,18,15
190150,45,563,286,277
190150,52,3630,1756,1874
190150,59,80,39,41
190150,60,483,247,236
190169,1,2118,780,1338
190169,2,2118,780,1338
190169,3,1549,550,999
190169,4,403,167,236
190169,5,1146,383,763
190169,11,569,230,339
190169,19,129,39,90
190169,20,1017,344,673
190169,21,964,413,551
190169,22,964,413,551
190169,23,963,413,550
190169,24,339,138,201
190169,25,624,275,349
190169,31,1,0,1
190169,39,71,30,41
190169,40,553,245,308
190169,41,1154,367,787
190169,42,1154,367,787
190169,43,586,137,449
190169,44,64,29,35
190169,45,522,108,414
190169,51,568,230,338
190169,59,58,9,49
190169,60,464,99,365
190239,1,215,7,208
190239,2,215,7,208
190239,3,215,7,208
190239,4,61,2,59
190239,5,154,5,149
190239,20,154,5,149
190239,21,156,6,150
190239,22,156,6,150
190239,23,156,6,150
190239,24,44,2,42
190239,25,112,4,108
190239,40,112,4,108
190239,41,59,1,58
190239,42,59,1,58
190239,43,59,1,58
190239,44,17,0,17
190239,45,42,1,41
190239,60,42,1,41
190248,1,953,305,648
190248,2,887,292,595
190248,3,856,283,573
190248,4,153,56,97
190248,5,703,227,476
190248,11,31,9,22
190248,12,66,13,53
190248,19,34,11,23
190248,20,669,216,453
190248,21,868,286,582
190248,22,812,275,537
190248,23,810,273,537
190248,24,153,56,97
190248,25,657,217,440
190248,31,2,2,0
190248,32,56,11,45
190248,39,34,11,23
190248,40,623,206,417
190248,41,85,19,66
190248,42,75,17,58
190248,43,46,10,36
190248,45,46,10,36
190248,51,29,7,22
190248,52,10,2,8
190248,60,46,10,36
190293,1,124,11,113
190293,2,124,11,113
190293,3,124,11,113
190293,4,5,0,5
190293,5,119,11,108
190293,20,119,11,108
190293,21,83,11,72
190293,22,83,11,72
190293,23,83,11,72
190293,24,4,0,4
190293,25,79,11,68
190293,40,79,11,68
190293,41,41,0,41
190293,42,41,0,41
190293,43,41,0,41
190293,44,1,0,1
190293,45,40,0,40
190293,60,40,0,40
190309,1,36,1,35
190309,2,36,1,35
190309,3,36,1,35
190309,4,1,0,1
190309,5,35,1,34
190309,20,35,1,34
190309,21,36,1,35
190309,22,36,1,35
190309,23,36,1,35
190309,24,1,0,1
190309,25,35,1,34
190309,40,35,1,34
190318,1,332,8,324
190318,2,332,8,324
190318,3,332,8,324
190318,4,48,1,47
190318,5,284,7,277
190318,20,284,7,277
190318,21,208,6,202
190318,22,208,6,202
190318,23,208,6,202
190318,24,38,0,38
190318,25,170,6,164
190318,40,170,6,164
190318,41,124,2,122
190318,42,124,2,122
190318,43,124,2,122
190318,44,10,1,9
190318,45,114,1,113
190318,60,114,1,113
190372,1,920,593,327
190372,2,868,557,311
190372,3,851,547,304
190372,4,178,117,61
190372,5,673,430,243
190372,11,17,10,7
190372,12,52,36,16
190372,19,31,15,16
190372,20,642,415,227
190372,21,903,582,321
190372,22,863,556,307
190372,23,850,547,303
190372,24,178,117,61
190372,25,672,430,242
190372,31,13,9,4
190372,32,40,26,14
190372,39,31,15,16
190372,40,641,415,226
190372,41,17,11,6
190372,42,5,1,4
190372,43,1,0,1
190372,45,1,0,1
190372,51,4,1,3
190372,52,12,10,2
190372,60,1,0,1
190415,1,21593,11074,10519
190415,2,14393,7050,7343
190415,3,14309,7010,7299
190415,4,3223,1581,1642
190415,5,11086,5429,5657
190415,11,84,40,44
190415,12,7200,4024,3176
190415,19,542,284,258
190415,20,10544,5145,5399
190415,21,21528,11045,10483
190415,22,14380,7048,7332
190415,23,14296,7008,7288
190415,24,3223,1581,1642
190415,25,11073,5427,5646
190415,31,84,40,44
190415,32,7148,3997,3151
190415,39,541,283,258
190415,40,10532,5144,5388
190415,41,65,29,36
190415,42,13,2,11
190415,43,13,2,11
190415,45,13,2,11
190415,52,52,27,25
190415,59,1,1,0
190415,60,12,1,11
190424,1,1043,478,565
190424,12,1043,478,565
190424,21,1015,467,548
190424,32,1015,467,548
190424,41,28,11,17
190424,52,28,11,17
190442,1,4929,2048,2881
190442,2,4929,2048,2881
190442,3,3229,1341,1888
190442,4,1011,450,561
190442,5,2218,891,1327
190442,11,1700,707,993
190442,19,183,77,106
190442,20,2035,814,1221
190442,21,2375,1055,1320
190442,22,2375,1055,1320
190442,23,2262,1009,1253
190442,24,916,407,509
190442,25,1346,602,744
190442,31,113,46,67
190442,39,129,61,68
190442,40,1217,541,676
190442,41,2554,993,1561
190442,42,2554,993,1561
190442,43,967,332,635
190442,44,95,43,52
190442,45,872,289,583
190442,51,1587,661,926
190442,59,54,16,38
190442,60,818,273,545
190451,1,336,36,300
190451,2,336,36,300
190451,3,336,36,300
190451,4,18,2,16
190451,5,318,34,284
190451,20,318,34,284
190451,21,150,12,138
190451,22,150,12,138
190451,23,150,12,138
190451,24,12,1,11
190451,25,138,11,127
190451,40,138,11,127
190451,41,186,24,162
190451,42,186,24,162
190451,43,186,24,162
190451,44,6,1,5
190451,45,180,23,157
190451,60,180,23,157
190503,1,2814,1497,1317
190503,2,2814,1497,1317
190503,3,2814,1497,1317
190503,4,490,252,238
190503,5,2324,1245,1079
190503,19,219,121,98
190503,20,2105,1124,981
190503,21,2814,1497,1317
190503,22,2814,1497,1317
190503,23,2814,1497,1317
190503,24,490,252,238
190503,25,2324,1245,1079
190503,39,219,121,98
190503,40,2105,1124,981
190512,1,17505,8906,8599
190512,2,14082,7275,6807
190512,3,13698,7111,6587
190512,4,1254,708,546
190512,5,12444,6403,6041
190512,11,384,164,220
190512,12,3423,1631,1792
190512,19,1571,737,834
190512,20,10873,5666,5207
190512,21,11222,5914,5308
190512,22,10396,5529,4867
190512,23,10393,5528,4865
190512,24,1245,702,543
190512,25,9148,4826,4322
190512,31,3,1,2
190512,32,826,385,441
190512,39,1214,582,632
190512,40,7934,4244,3690
190512,41,6283,2992,3291
190512,42,3686,1746,1940
190512,43,3305,1583,1722
190512,44,9,6,3
190512,45,3296,1577,1719
190512,51,381,163,218
190512,52,2597,1246,1351
190512,59,357,155,202
190512,60,2939,1422,1517
190521,1,24186,10333,13853
190521,2,24186,10333,13853
190521,3,23658,10149,13509
190521,4,5403,2420,2983
190521,5,18255,7729,10526
190521,11,528,184,344
190521,19,1073,382,691
190521,20,17182,7347,9835
190521,21,15889,6990,8899
190521,22,15889,6990,8899
190521,23,15872,6982,8890
190521,24,4528,2019,2509
190521,25,11344,4963,6381
190521,31,17,8,9
190521,39,692,264,428
190521,40,10652,4699,5953
190521,41,8297,3343,4954
190521,42,8297,3343,4954
190521,43,7786,3167,4619
190521,44,875,401,474
190521,45,6911,2766,4145
190521,51,511,176,335
190521,59,381,118,263
190521,60,6530,2648,3882
190530,1,11368,4860,6508
190530,2,11368,4860,6508
190530,3,10577,4542,6035
190530,4,1842,904,938
190530,5,8735,3638,5097
190530,11,791,318,473
190530,19,1095,455,640
190530,20,7640,3183,4457
190530,21,6598,2946,3652
190530,22,6598,2946,3652
190530,23,6590,2939,3651
190530,24,1638,801,837
190530,25,4952,2138,2814
190530,31,8,7,1
190530,39,790,347,443
190530,40,4162,1791,2371
190530,41,4770,1914,2856
190530,42,4770,1914,2856
190530,43,3987,1603,2384
190530,44,204,103,101
190530,45,3783,1500,2283
190530,51,783,311,472
190530,59,305,108,197
190530,60,3478,1392,2086
190549,1,17004,6697,10307
190549,2,13596,5568,8028
190549,3,12625,5203,7422
190549,4,1193,514,679
190549,5,11432,4689,6743
190549,11,971,365,606
190549,12,3408,1129,2279
190549,19,1946,804,1142
190549,20,9486,3885,5601
190549,21,10061,4140,5921
190549,22,9543,3987,5556
190549,23,9464,3958,5506
190549,24,1183,509,674
190549,25,8281,3449,4832
190549,31,79,29,50
190549,32,518,153,365
190549,39,1550,650,900
190549,40,6731,2799,3932
190549,41,6943,2557,4386
190549,42,4053,1581,2472
190549,43,3161,1245,1916
190549,44,10,5,5
190549,45,3151,1240,1911
190549,51,892,336,556
190549,52,2890,976,1914
190549,59,396,154,242
190549,60,2755,1086,1669
190558,1,14441,6234,8207
190558,2,13465,6000,7465
190558,3,12974,5764,7210
190558,4,2807,1271,1536
190558,5,10167,4493,5674
190558,11,491,236,255
190558,12,976,234,742
190558,19,562,230,332
190558,20,9605,4263,5342
190558,21,9900,4477,5423
190558,22,9784,4450,5334
190558,23,9758,4436,5322
190558,24,2630,1192,1438
190558,25,7128,3244,3884
190558,31,26,14,12
190558,32,116,27,89
190558,39,383,173,210
190558,40,6745,3071,3674
190558,41,4541,1757,2784
190558,42,3681,1550,2131
190558,43,3216,1328,1888
190558,44,177,79,98
190558,45,3039,1249,1790
190558,51,465,222,243
190558,52,860,207,653
190558,59,179,57,122
190558,60,2860,1192,1668
190567,1,15331,7221,8110
190567,2,12501,6028,6473
190567,3,11820,5725,6095
190567,4,1444,717,727
190567,5,10376,5008,5368
190567,11,681,303,378
190567,12,2830,1193,1637
190567,19,1295,600,695
190567,20,9081,4408,4673
190567,21,9721,4603,5118
190567,22,9274,4391,4883
190567,23,9202,4360,4842
190567,24,1431,710,721
190567,25,7771,3650,4121
190567,31,72,31,41
190567,32,447,212,235
190567,39,983,457,526
190567,40,6788,3193,3595
190567,41,5610,2618,2992
190567,42,3227,1637,1590
190567,43,2618,1365,1253
190567,44,13,7,6
190567,45,2605,1358,1247
190567,51,609,272,337
190567,52,2383,981,1402
190567,59,312,143,169
190567,60,2293,1215,1078
190576,1,6736,2608,4128
190576,2,1347,428,919
190576,3,1112,347,765
190576,5,1112,347,765
190576,11,235,81,154
190576,12,5389,2180,3209
190576,19,325,100,225
190576,20,787,247,540
190576,21,4454,1845,2609
190576,22,296,85,211
190576,23,293,83,210
190576,25,293,83,210
190576,31,3,2,1
190576,32,4158,1760,2398
190576,39,101,25,76
190576,40,192,58,134
190576,41,2282,763,1519
190576,42,1051,343,708
190576,43,819,264,555
190576,45,819,264,555
190576,51,232,79,153
190576,52,1231,420,811
190576,59,224,75,149
190576,60,595,189,406
190585,1,7006,2405,4601
190585,2,7006,2405,4601
190585,3,6438,2209,4229
190585,4,1237,521,716
190585,5,5201,1688,3513
190585,11,568,196,372
190585,19,633,216,417
190585,20,4568,1472,3096
190585,21,4026,1428,2598
190585,22,4026,1428,2598
190585,23,4003,1420,2583
190585,24,1118,469,649
190585,25,2885,951,1934
190585,31,23,8,15
190585,39,437,158,279
190585,40,2448,793,1655
190585,41,2980,977,2003
190585,42,2980,977,2003
190585,43,2435,789,1646
190585,44,119,52,67
190585,45,2316,737,1579
190585,51,545,188,357
190585,59,196,58,138
190585,60,2120,679,1441
190594,1,23019,7396,15623
190594,2,16689,5890,10799
190594,3,15697,5538,10159
190594,4,1976,765,1211
190594,5,13721,4773,8948
190594,11,992,352,640
190594,12,6330,1506,4824
190594,19,1885,606,1279
190594,20,11836,4167,7669
190594,21,13087,4473,8614
190594,22,11747,4189,7558
190594,23,11674,4160,7514
190594,24,1921,736,1185
190594,25,9753,3424,6329
190594,31,73,29,44
190594,32,1340,284,1056
190594,39,1284,426,858
190594,40,8469,2998,5471
190594,41,9932,2923,7009
190594,42,4942,1701,3241
190594,43,4023,1378,2645
190594,44,55,29,26
190594,45,3968,1349,2619
190594,51,919,323,596
190594,52,4990,1222,3768
190594,59,601,180,421
190594,60,3367,1169,2198
190600,1,15010,6437,8573
190600,2,13217,5781,7436
190600,3,12838,5639,7199
190600,4,1861,892,969
190600,5,10977,4747,6230
190600,11,379,142,237
190600,12,1793,656,1137
190600,19,1723,763,960
190600,20,9254,3984,5270
190600,21,10764,4648,6116
190600,22,10374,4531,5843
190600,23,10370,4531,5839
190600,24,1850,888,962
190600,25,8520,3643,4877
190600,31,4,0,4
190600,32,390,117,273
190600,39,1442,625,817
190600,40,7078,3018,4060
190600,41,4246,1789,2457
190600,42,2843,1250,1593
190600,43,2468,1108,1360
190600,44,11,4,7
190600,45,2457,1104,1353
190600,51,375,142,233
190600,52,1403,539,864
190600,59,281,138,143
190600,60,2176,966,1210
190619,1,18634,8404,10230
190619,2,18634,8404,10230
190619,3,14381,6512,7869
190619,4,2647,1325,1322
190619,5,11734,5187,6547
190619,11,4253,1892,2361
190619,19,1692,734,958
190619,20,10042,4453,5589
190619,21,10734,4916,5818
190619,22,10734,4916,5818
190619,23,10655,4871,5784
190619,24,2534,1271,1263
190619,25,8121,3600,4521
190619,31,79,45,34
190619,39,1349,597,752
190619,40,6772,3003,3769
190619,41,7900,3488,4412
190619,42,7900,3488,4412
190619,43,3726,1641,2085
190619,44,113,54,59
190619,45,3613,1587,2026
190619,51,4174,1847,2327
190619,59,343,137,206
190619,60,3270,1450,1820
190628,1,19564,8363,11201
190628,2,19564,8363,11201
190628,3,16821,7082,9739
190628,4,3008,1349,1659
190628,5,13813,5733,8080
190628,11,2743,1281,1462
190628,19,1702,690,1012
190628,20,12111,5043,7068
190628,21,10455,4531,5924
190628,22,10455,4531,5924
190628,23,10360,4485,5875
190628,24,2530,1135,1395
190628,25,7830,3350,4480
190628,31,95,46,49
190628,39,1174,511,663
190628,40,6656,2839,3817
190628,41,9109,3832,5277
190628,42,9109,3832,5277
190628,43,6461,2597,3864
190628,44,478,214,264
190628,45,5983,2383,3600
190628,51,2648,1235,1413
190628,59,528,179,349
190628,60,5455,2204,3251
190637,1,12085,3683,8402
190637,2,9886,3133,6753
190637,3,9020,2849,6171
190637,4,588,220,368
190637,5,8432,2629,5803
190637,11,866,284,582
190637,12,2199,550,1649
190637,19,1712,497,1215
190637,20,6720,2132,4588
190637,21,5916,1962,3954
190637,22,5643,1886,3757
190637,23,5625,1880,3745
190637,24,582,215,367
190637,25,5043,1665,3378
190637,31,18,6,12
190637,32,273,76,197
190637,39,1145,344,801
190637,40,3898,1321,2577
190637,41,6169,1721,4448
190637,42,4243,1247,2996
190637,43,3395,969,2426
190637,44,6,5,1
190637,45,3389,964,2425
190637,51,848,278,570
190637,52,1926,474,1452
190637,59,567,153,414
190637,60,2822,811,2011
190646,1,6477,1706,4771
190646,2,6477,1706,4771
190646,3,6085,1600,4485
190646,4,1045,338,707
190646,5,5040,1262,3778
190646,11,392,106,286
190646,19,559,133,426
190646,20,4481,1129,3352
190646,21,4267,1200,3067
190646,22,4267,1200,3067
190646,23,4200,1179,3021
190646,24,993,318,675
190646,25,3207,861,2346
190646,31,67,21,46
190646,39,362,102,260
190646,40,2845,759,2086
190646,41,2210,506,1704
190646,42,2210,506,1704
190646,43,1885,421,1464
190646,44,52,20,32
190646,45,1833,401,1432
190646,51,325,85,240
190646,59,197,31,166
190646,60,1636,370,1266
190655,1,16860,9373,7487
190655,2,16860,9373,7487
190655,3,15917,8919,6998
190655,4,3353,2093,1260
190655,5,12564,6826,5738
190655,11,943,454,489
190655,19,1275,573,702
190655,20,11289,6253,5036
190655,21,10318,6157,4161
190655,22,10318,6157,4161
190655,23,10217,6078,4139
190655,24,3119,1937,1182
190655,25,7098,4141,2957
190655,31,101,79,22
190655,39,676,345,331
190655,40,6422,3796,2626
190655,41,6542,3216,3326
190655,42,6542,3216,3326
190655,43,5700,2841,2859
190655,44,234,156,78
190655,45,5466,2685,2781
190655,51,842,375,467
190655,59,599,228,371
190655,60,4867,2457,2410
190664,1,18974,7720,11254
190664,2,15351,6687,8664
190664,3,14424,6359,8065
190664,4,1364,632,732
190664,5,13060,5727,7333
190664,11,927,328,599
190664,12,3623,1033,2590
190664,19,2177,947,1230
190664,20,10883,4780,6103
190664,21,11249,4899,6350
190664,22,10769,4775,5994
190664,23,10755,4771,5984
190664,24,1350,622,728
190664,25,9405,4149,5256
190664,31,14,4,10
190664,32,480,124,356
190664,39,1641,726,915
190664,40,7764,3423,4341
190664,41,7725,2821,4904
190664,42,4582,1912,2670
190664,43,3669,1588,2081
190664,44,14,10,4
190664,45,3655,1578,2077
190664,51,913,324,589
190664,52,3143,909,2234
190664,59,536,221,315
190664,60,3119,1357,1762
190673,1,16291,7495,8796
190673,2,16291,7495,8796
190673,3,14354,6681,7673
190673,4,3396,1708,1688
190673,5,10958,4973,5985
190673,11,1937,814,1123
190673,19,899,397,502
190673,20,10059,4576,5483
190673,21,9626,4625,5001
190673,22,9626,4625,5001
190673,23,9585,4604,4981
190673,24,3055,1544,1511
190673,25,6530,3060,3470
190673,31,41,21,20
190673,39,551,251,300
190673,40,5979,2809,3170
190673,41,6665,2870,3795
190673,42,6665,2870,3795
190673,43,4769,2077,2692
190673,44,341,164,177
190673,45,4428,1913,2515
190673,51,1896,793,1103
190673,59,348,146,202
190673,60,4080,1767,2313
190682,1,383,151,232
190682,12,383,151,232
190682,21,380,150,230
190682,32,380,150,230
190682,41,3,1,2
190682,52,3,1,2
190691,1,8307,2889,5418
190691,2,8261,2883,5378
190691,3,7361,2526,4835
190691,4,994,370,624
190691,5,6367,2156,4211
190691,11,900,357,543
190691,12,46,6,40
190691,19,760,259,501
190691,20,5607,1897,3710
190691,21,5199,1827,3372
190691,22,5153,1821,3332
190691,23,5104,1801,3303
190691,24,955,351,604
190691,25,4149,1450,2699
190691,31,49,20,29
190691,32,46,6,40
190691,39,491,189,302
190691,40,3658,1261,2397
190691,41,3108,1062,2046
190691,42,3108,1062,2046
190691,43,2257,725,1532
190691,44,39,19,20
190691,45,2218,706,1512
190691,51,851,337,514
190691,59,269,70,199
190691,60,1949,636,1313
190707,1,23,4,19
190707,2,23,4,19
190707,3,23,4,19
190707,4,9,1,8
190707,5,14,3,11
190707,20,14,3,11
190707,21,23,4,19
190707,22,23,4,19
190707,23,23,4,19
190707,24,9,1,8
190707,25,14,3,11
190707,40,14,3,11
190716,1,3150,961,2189
190716,2,2023,548,1475
190716,3,1855,493,1362
190716,4,251,65,186
190716,5,1604,428,1176
190716,11,168,55,113
190716,12,1127,413,714
190716,19,220,61,159
190716,20,1384,367,1017
190716,21,2401,764,1637
190716,22,1614,435,1179
190716,23,1614,435,1179
190716,24,251,65,186
190716,25,1363,370,993
190716,32,787,329,458
190716,39,186,52,134
190716,40,1177,318,859
190716,41,749,197,552
190716,42,409,113,296
190716,43,241,58,183
190716,45,241,58,183
190716,51,168,55,113
190716,52,340,84,256
190716,59,34,9,25
190716,60,207,49,158
190725,1,2871,746,2125
190725,2,2156,585,1571
190725,3,1971,534,1437
190725,4,411,108,303
190725,5,1560,426,1134
190725,11,185,51,134
190725,12,715,161,554
190725,19,319,106,213
190725,20,1241,320,921
190725,21,2231,628,1603
190725,22,1720,500,1220
190725,23,1719,499,1220
190725,24,409,107,302
190725,25,1310,392,918
190725,31,1,1,0
190725,32,511,128,383
190725,39,244,99,145
190725,40,1066,293,773
190725,41,640,118,522
190725,42,436,85,351
190725,43,252,35,217
190725,44,2,1,1
190725,45,250,34,216
190725,51,184,50,134
190725,52,204,33,171
190725,59,75,7,68
190725,60,175,27,148
190752,1,57,57,0
190752,2,57,57,0
190752,3,57,57,0
190752,4,12,12,0
190752,5,45,45,0
190752,19,5,5,0
190752,20,40,40,0
190752,21,57,57,0
190752,22,57,57,0
190752,23,57,57,0
190752,24,12,12,0
190752,25,45,45,0
190752,39,5,5,0
190752,40,40,40,0
190761,1,1998,689,1309
190761,2,1527,526,1001
190761,3,1505,518,987
190761,4,286,132,154
190761,5,1219,386,833
190761,11,22,8,14
190761,12,471,163,308
190761,19,109,33,76
190761,20,1110,353,757
190761,21,1441,504,937
190761,22,1280,461,819
190761,23,1280,461,819
190761,24,286,132,154
190761,25,994,329,665
190761,32,161,43,118
190761,39,89,29,60
190761,40,905,300,605
190761,41,557,185,372
190761,42,247,65,182
190761,43,225,57,168
190761,45,225,57,168
190761,51,22,8,14
190761,52,310,120,190
190761,59,20,4,16
190761,60,205,53,152
190770,1,3198,1398,1800
190770,2,2314,1023,1291
190770,3,1708,784,924
190770,4,247,129,118
190770,5,1461,655,806
190770,11,606,239,367
190770,12,884,375,509
190770,19,139,66,73
190770,20,1322,589,733
190770,21,1737,831,906
190770,22,1455,696,759
190770,23,1440,688,752
190770,24,236,124,112
190770,25,1204,564,640
190770,31,15,8,7
190770,32,282,135,147
190770,39,121,57,64
190770,40,1083,507,576
190770,41,1461,567,894
190770,42,859,327,532
190770,43,268,96,172
190770,44,11,5,6
190770,45,257,91,166
190770,51,591,231,360
190770,52,602,240,362
190770,59,18,9,9
190770,60,239,82,157
190840,1,10232,4690,5542
190840,2,10232,4690,5542
190840,3,7228,3357,3871
190840,4,2114,1063,1051
190840,5,5114,2294,2820
190840,11,3004,1333,1671
190840,19,326,157,169
190840,20,4788,2137,2651
190840,21,4893,2389,2504
190840,22,4893,2389,2504
190840,23,4817,2363,2454
190840,24,1941,983,958
190840,25,2876,1380,1496
190840,31,76,26,50
190840,39,265,129,136
190840,40,2611,1251,1360
190840,41,5339,2301,3038
190840,42,5339,2301,3038
190840,43,2411,994,1417
190840,44,173,80,93
190840,45,2238,914,1324
190840,51,2928,1307,1621
190840,59,61,28,33
190840,60,2177,886,1291
190956,1,123,21,102
190956,2,123,21,102
190956,3,123,21,102
190956,4,2,0,2
190956,5,121,21,100
190956,20,121,21,100
190956,21,38,4,34
190956,22,38,4,34
190956,23,38,4,34
190956,24,1,0,1
190956,25,37,4,33
190956,40,37,4,33
190956,41,85,17,68
190956,42,85,17,68
190956,43,85,17,68
190956,44,1,0,1
190956,45,84,17,67
190956,60,84,17,67
190974,1,431,76,355
190974,2,431,76,355
190974,3,431,76,355
190974,4,41,7,34
190974,5,390,69,321
190974,19,97,26,71
190974,20,293,43,250
190974,21,346,60,286
190974,22,346,60,286
190974,23,346,60,286
190974,24,36,5,31
190974,25,310,55,255
190974,39,81,22,59
190974,40,229,33,196
190974,41,85,16,69
190974,42,85,16,69
190974,43,85,16,69
190974,44,5,2,3
190974,45,80,14,66
190974,59,16,4,12
190974,60,64,10,54
190983,1,1542,432,1110
190983,2,1408,399,1009
190983,3,1315,375,940
190983,4,318,82,236
190983,5,997,293,704
190983,11,93,24,69
190983,12,134,33,101
190983,19,34,12,22
190983,20,963,281,682
190983,21,1200,348,852
190983,22,1188,347,841
190983,23,1154,333,821
190983,24,318,82,236
190983,25,836,251,585
190983,31,34,14,20
190983,32,12,1,11
190983,39,34,12,22
190983,40,802,239,563
190983,41,342,84,258
190983,42,220,52,168
190983,43,161,42,119
190983,45,161,42,119
190983,51,59,10,49
190983,52,122,32,90
190983,60,161,42,119
191083,1,13649,6777,6872
191083,2,13649,6777,6872
191083,3,11376,5652,5724
191083,4,2968,1663,1305
191083,5,8408,3989,4419
191083,11,2273,1125,1148
191083,19,801,355,446
191083,20,7607,3634,3973
191083,21,9039,4617,4422
191083,22,9039,4617,4422
191083,23,8900,4527,4373
191083,24,2676,1497,1179
191083,25,6224,3030,3194
191083,31,139,90,49
191083,39,639,298,341
191083,40,5585,2732,2853
191083,41,4610,2160,2450
191083,42,4610,2160,2450
191083,43,2476,1125,1351
191083,44,292,166,126
191083,45,2184,959,1225
191083,51,2134,1035,1099
191083,59,162,57,105
191083,60,2022,902,1120
191126,1,9755,1503,8252
191126,2,9566,1468,8098
191126,3,8058,1162,6896
191126,4,1304,152,1152
191126,5,6754,1010,5744
191126,11,1508,306,1202
191126,12,189,35,154
191126,19,1012,154,858
191126,20,5742,856,4886
191126,21,7377,1052,6325
191126,22,7257,1024,6233
191126,23,7173,1009,6164
191126,24,1279,146,1133
191126,25,5894,863,5031
191126,31,84,15,69
191126,32,120,28,92
191126,39,906,138,768
191126,40,4988,725,4263
191126,41,2378,451,1927
191126,42,2309,444,1865
191126,43,885,153,732
191126,44,25,6,19
191126,45,860,147,713
191126,51,1424,291,1133
191126,52,69,7,62
191126,59,106,16,90
191126,60,754,131,623
191199,1,6389,2700,3689
191199,2,6389,2700,3689
191199,3,4412,1922,2490
191199,4,1449,707,742
191199,5,2963,1215,1748
191199,11,1977,778,1199
191199,19,254,90,164
191199,20,2709,1125,1584
191199,21,3404,1580,1824
191199,22,3404,1580,1824
191199,23,3382,1575,1807
191199,24,1340,663,677
191199,25,2042,912,1130
191199,31,22,5,17
191199,39,191,75,116
191199,40,1851,837,1014
191199,41,2985,1120,1865
191199,42,2985,1120,1865
191199,43,1030,347,683
191199,44,109,44,65
191199,45,921,303,618
191199,51,1955,773,1182
191199,59,63,15,48
191199,60,858,288,570
191205,1,796,550,246
191205,2,760,524,236
191205,3,740,515,225
191205,4,152,102,50
191205,5,588,413,175
191205,11,20,9,11
191205,12,36,26,10
191205,19,63,47,16
191205,20,525,366,159
191205,21,739,515,224
191205,22,722,503,219
191205,23,722,503,219
191205,24,150,100,50
191205,25,572,403,169
191205,32,17,12,5
191205,39,60,44,16
191205,40,512,359,153
191205,41,57,35,22
191205,42,38,21,17
191205,43,18,12,6
191205,44,2,2,0
191205,45,16,10,6
191205,51,20,9,11
191205,52,19,14,5
191205,59,3,3,0
191205,60,13,7,6
191241,1,15097,6412,8685
191241,2,8345,3850,4495
191241,3,8193,3779,4414
191241,4,1967,886,1081
191241,5,6226,2893,3333
191241,11,152,71,81
191241,12,6752,2562,4190
191241,19,339,158,181
191241,20,5887,2735,3152
191241,21,12015,5210,6805
191241,22,7694,3557,4137
191241,23,7662,3544,4118
191241,24,1944,875,1069
191241,25,5718,2669,3049
191241,31,32,13,19
191241,32,4321,1653,2668
191241,39,261,125,136
191241,40,5457,2544,2913
191241,41,3082,1202,1880
191241,42,651,293,358
191241,43,531,235,296
191241,44,23,11,12
191241,45,508,224,284
191241,51,120,58,62
191241,52,2431,909,1522
191241,59,78,33,45
191241,60,430,191,239
191287,1,475,205,270
191287,2,475,205,270
191287,3,475,205,270
191287,4,230,116,114
191287,5,245,89,156
191287,20,245,89,156
191287,21,261,106,155
191287,22,261,106,155
191287,23,261,106,155
191287,24,123,59,64
191287,25,138,47,91
191287,40,138,47,91
191287,41,214,99,115
191287,42,214,99,115
191287,43,214,99,115
191287,44,107,57,50
191287,45,107,42,65
191287,60,107,42,65
191302,1,2781,1194,1587
191302,2,2781,1194,1587
191302,3,2220,950,1270
191302,4,679,350,329
191302,5,1541,600,941
191302,11,561,244,317
191302,19,49,19,30
191302,20,1492,581,911
191302,21,1724,814,910
191302,22,1724,814,910
191302,23,1689,794,895
191302,24,623,331,292
191302,25,1066,463,603
191302,31,35,20,15
191302,39,39,17,22
191302,40,1027,446,581
191302,41,1057,380,677
191302,42,1057,380,677
191302,43,531,156,375
191302,44,56,19,37
191302,45,475,137,338
191302,51,526,224,302
191302,59,10,2,8
191302,60,465,135,330
191311,1,193,67,126
191311,2,193,67,126
191311,3,193,67,126
191311,4,124,47,77
191311,5,69,20,49
191311,20,69,20,49
191311,21,193,67,126
191311,22,193,67,126
191311,23,193,67,126
191311,24,124,47,77
191311,25,69,20,49
191311,40,69,20,49
191320,1,81,37,44
191320,12,81,37,44
191320,21,46,26,20
191320,32,46,26,20
191320,41,35,11,24
191320,52,35,11,24
191339,1,7079,2534,4545
191339,2,7079,2534,4545
191339,3,4190,1414,2776
191339,4,1153,454,699
191339,5,3037,960,2077
191339,11,2889,1120,1769
191339,19,396,121,275
191339,20,2641,839,1802
191339,21,3326,1182,2144
191339,22,3326,1182,2144
191339,23,3102,1109,1993
191339,24,1068,426,642
191339,25,2034,683,1351
191339,31,224,73,151
191339,39,264,93,171
191339,40,1770,590,1180
191339,41,3753,1352,2401
191339,42,3753,1352,2401
191339,43,1088,305,783
191339,44,85,28,57
191339,45,1003,277,726
191339,51,2665,1047,1618
191339,59,132,28,104
191339,60,871,249,622
191515,1,1926,938,988
191515,2,1926,938,988
191515,3,1909,930,979
191515,4,491,242,249
191515,5,1418,688,730
191515,11,17,8,9
191515,19,5,4,1
191515,20,1413,684,729
191515,21,1905,926,979
191515,22,1905,926,979
191515,23,1904,926,978
191515,24,491,242,249
191515,25,1413,684,729
191515,31,1,0,1
191515,39,5,4,1
191515,40,1408,680,728
191515,41,21,12,9
191515,42,21,12,9
191515,43,5,4,1
191515,45,5,4,1
191515,51,16,8,8
191515,60,5,4,1
191533,1,1618,656,962
191533,2,1618,656,962
191533,3,1607,654,953
191533,4,528,219,309
191533,5,1079,435,644
191533,11,11,2,9
191533,19,36,14,22
191533,20,1043,421,622
191533,21,1579,645,934
191533,22,1579,645,934
191533,23,1576,645,931
191533,24,528,219,309
191533,25,1048,426,622
191533,31,3,0,3
191533,39,36,14,22
191533,40,1012,412,600
191533,41,39,11,28
191533,42,39,11,28
191533,43,31,9,22
191533,45,31,9,22
191533,51,8,2,6
191533,60,31,9,22
191597,1,396,52,344
191597,2,396,52,344
191597,3,393,52,341
191597,4,7,2,5
191597,5,386,50,336
191597,11,3,0,3
191597,20,386,50,336
191597,21,220,28,192
191597,22,220,28,192
191597,23,220,28,192
191597,24,6,1,5
191597,25,214,27,187
191597,40,214,27,187
191597,41,176,24,152
191597,42,176,24,152
191597,43,173,24,149
191597,44,1,1,0
191597,45,172,23,149
191597,51,3,0,3
191597,60,172,23,149
191612,1,3212,1219,1993
191612,2,3212,1219,1993
191612,3,2436,933,1503
191612,4,718,293,425
191612,5,1718,640,1078
191612,11,776,286,490
191612,19,197,66,131
191612,20,1521,574,947
191612,21,2079,844,1235
191612,22,2079,844,1235
191612,23,2031,824,1207
191612,24,684,287,397
191612,25,1347,537,810
191612,31,48,20,28
191612,39,160,60,100
191612,40,1187,477,710
191612,41,1133,375,758
191612,42,1133,375,758
191612,43,405,109,296
191612,44,34,6,28
191612,45,371,103,268
191612,51,728,266,462
191612,59,37,6,31
191612,60,334,97,237
191621,1,1070,479,591
191621,2,1020,458,562
191621,3,991,449,542
191621,4,188,82,106
191621,5,803,367,436
191621,11,29,9,20
191621,12,50,21,29
191621,19,113,51,62
191621,20,690,316,374
191621,21,928,424,504
191621,22,884,406,478
191621,23,884,406,478
191621,24,188,82,106
191621,25,696,324,372
191621,32,44,18,26
191621,39,97,45,52
191621,40,599,279,320
191621,41,142,55,87
191621,42,136,52,84
191621,43,107,43,64
191621,45,107,43,64
191621,51,29,9,20
191621,52,6,3,3
191621,59,16,6,10
191621,60,91,37,54
191630,1,2372,1089,1283
191630,2,2368,1089,1279
191630,3,2311,1047,1264
191630,4,638,294,344
191630,5,1673,753,920
191630,11,57,42,15
191630,12,4,0,4
191630,19,15,7,8
191630,20,1658,746,912
191630,21,2328,1048,1280
191630,22,2324,1048,1276
191630,23,2307,1043,1264
191630,24,638,294,344
191630,25,1669,749,920
191630,31,17,5,12
191630,32,4,0,4
191630,39,15,7,8
191630,40,1654,742,912
191630,41,44,41,3
191630,42,44,41,3
191630,43,4,4,0
191630,45,4,4,0
191630,51,40,37,3
191630,60,4,4,0
191649,1,10928,4843,6085
191649,2,6826,3192,3634
191649,3,6748,3136,3612
191649,4,1616,741,875
191649,5,5132,2395,2737
191649,11,78,56,22
191649,12,4102,1651,2451
191649,19,433,229,204
191649,20,4699,2166,2533
191649,21,9383,4198,5185
191649,22,6378,2947,3431
191649,23,6361,2940,3421
191649,24,1612,738,874
191649,25,4749,2202,2547
191649,31,17,7,10
191649,32,3005,1251,1754
191649,39,387,209,178
191649,40,4362,1993,2369
191649,41,1545,645,900
191649,42,448,245,203
191649,43,387,196,191
191649,44,4,3,1
191649,45,383,193,190
191649,51,61,49,12
191649,52,1097,400,697
191649,59,46,20,26
191649,60,337,173,164
191676,1,1100,397,703
191676,2,1081,385,696
191676,3,1047,371,676
191676,4,223,81,142
191676,5,824,290,534
191676,11,34,14,20
191676,12,19,12,7
191676,19,70,31,39
191676,20,754,259,495
191676,21,1032,369,663
191676,22,1023,363,660
191676,23,1023,363,660
191676,24,223,81,142
191676,25,800,282,518
191676,32,9,6,3
191676,39,70,31,39
191676,40,730,251,479
191676,41,68,28,40
191676,42,58,22,36
191676,43,24,8,16
191676,45,24,8,16
191676,51,34,14,20
191676,52,10,6,4
191676,60,24,8,16
191719,1,12841,6773,6068
191719,2,12841,6773,6068
191719,3,9017,4846,4171
191719,4,2294,1379,915
191719,5,6723,3467,3256
191719,11,3824,1927,1897
191719,19,932,486,446
191719,20,5791,2981,2810
191719,21,6832,3939,2893
191719,22,6832,3939,2893
191719,23,6545,3749,2796
191719,24,2088,1267,821
191719,25,4457,2482,1975
191719,31,287,190,97
191719,39,757,406,351
191719,40,3700,2076,1624
191719,41,6009,2834,3175
191719,42,6009,2834,3175
191719,43,2472,1097,1375
191719,44,206,112,94
191719,45,2266,985,1281
191719,51,3537,1737,1800
191719,59,175,80,95
191719,60,2091,905,1186
191728,1,964,172,792
191728,2,964,172,792
191728,3,964,172,792
191728,4,374,56,318
191728,5,590,116,474
191728,20,590,116,474
191728,21,618,113,505
191728,22,618,113,505
191728,23,618,113,505
191728,24,262,37,225
191728,25,356,76,280
191728,40,356,76,280
191728,41,346,59,287
191728,42,346,59,287
191728,43,346,59,287
191728,44,112,19,93
191728,45,234,40,194
191728,60,234,40,194
191764,1,103,91,12
191764,2,103,91,12
191764,3,85,73,12
191764,4,10,8,2
191764,5,75,65,10
191764,11,18,18,0
191764,19,12,10,2
191764,20,63,55,8
191764,21,43,35,8
191764,22,43,35,8
191764,23,43,35,8
191764,24,10,8,2
191764,25,33,27,6
191764,39,10,8,2
191764,40,23,19,4
191764,41,60,56,4
191764,42,60,56,4
191764,43,42,38,4
191764,45,42,38,4
191764,51,18,18,0
191764,59,2,2,0
191764,60,40,36,4
191834,1,490,438,52
191834,2,490,438,52
191834,3,490,438,52
191834,4,264,241,23
191834,5,226,197,29
191834,20,226,197,29
191834,21,431,384,47
191834,22,431,384,47
191834,23,431,384,47
191834,24,232,211,21
191834,25,199,173,26
191834,40,199,173,26
191834,41,59,54,5
191834,42,59,54,5
191834,43,59,54,5
191834,44,32,30,2
191834,45,27,24,3
191834,60,27,24,3
191931,1,4241,1897,2344
191931,2,3539,1616,1923
191931,3,3166,1444,1722
191931,4,922,416,506
191931,5,2244,1028,1216
191931,11,373,172,201
191931,12,702,281,421
191931,19,117,68,49
191931,20,2127,960,1167
191931,21,3389,1520,1869
191931,22,3110,1410,1700
191931,23,3106,1406,1700
191931,24,922,416,506
191931,25,2184,990,1194
191931,31,4,4,0
191931,32,279,110,169
191931,39,115,67,48
191931,40,2069,923,1146
191931,41,852,377,475
191931,42,429,206,223
191931,43,60,38,22
191931,45,60,38,22
191931,51,369,168,201
191931,52,423,171,252
191931,59,2,1,1
191931,60,58,37,21
191940,1,76,7,69
191940,2,76,7,69
191940,3,76,7,69
191940,5,76,7,69
191940,20,76,7,69
191940,21,60,4,56
191940,22,60,4,56
191940,23,60,4,56
191940,25,60,4,56
191940,40,60,4,56
191940,41,16,3,13
191940,42,16,3,13
191940,43,16,3,13
191940,45,16,3,13
191940,60,16,3,13
191959,1,95,86,9
191959,2,95,86,9
191959,3,95,86,9
191959,4,37,30,7
191959,5,58,56,2
191959,20,58,56,2
191959,21,95,86,9
191959,22,95,86,9
191959,23,95,86,9
191959,24,37,30,7
191959,25,58,56,2
191959,40,58,56,2
191968,1,6723,2865,3858
191968,2,6234,2725,3509
191968,3,6202,2712,3490
191968,4,1789,748,1041
191968,5,4413,1964,2449
191968,11,32,13,19
191968,12,489,140,349
191968,19,140,67,73
191968,20,4273,1897,2376
191968,21,6562,2789,3773
191968,22,6131,2670,3461
191968,23,6122,2667,3455
191968,24,1789,748,1041
191968,25,4333,1919,2414
191968,31,9,3,6
191968,32,431,119,312
191968,39,139,67,72
191968,40,4194,1852,2342
191968,41,161,76,85
191968,42,103,55,48
191968,43,80,45,35
191968,45,80,45,35
191968,51,23,10,13
191968,52,58,21,37
191968,59,1,0,1
191968,60,79,45,34
191986,1,5178,2160,3018
191986,2,5178,2160,3018
191986,3,3381,1371,2010
191986,4,1034,464,570
191986,5,2347,907,1440
191986,11,1797,789,1008
191986,19,269,97,172
191986,20,2078,810,1268
191986,21,2764,1209,1555
191986,22,2764,1209,1555
191986,23,2627,1150,1477
191986,24,968,443,525
191986,25,1659,707,952
191986,31,137,59,78
191986,39,212,83,129
191986,40,1447,624,823
191986,41,2414,951,1463
191986,42,2414,951,1463
191986,43,754,221,533
191986,44,66,21,45
191986,45,688,200,488
191986,51,1660,730,930
191986,59,57,14,43
191986,60,631,186,445
192004,1,275,84,191
192004,2,275,84,191
192004,3,275,84,191
192004,4,68,23,45
192004,5,207,61,146
192004,19,45,12,33
192004,20,162,49,113
192004,21,269,83,186
192004,22,269,83,186
192004,23,269,83,186
192004,24,68,23,45
192004,25,201,60,141
192004,39,44,12,32
192004,40,157,48,109
192004,41,6,1,5
192004,42,6,1,5
192004,43,6,1,5
192004,45,6,1,5
192004,59,1,0,1
192004,60,5,1,4
192022,1,3931,1493,2438
192022,2,3931,1493,2438
192022,3,3148,1176,1972
192022,4,832,372,460
192022,5,2316,804,1512
192022,11,783,317,466
192022,19,289,96,193
192022,20,2027,708,1319
192022,21,2234,892,1342
192022,22,2234,892,1342
192022,23,2216,887,1329
192022,24,698,307,391
192022,25,1518,580,938
192022,31,18,5,13
192022,39,182,64,118
192022,40,1336,516,820
192022,41,1697,601,1096
192022,42,1697,601,1096
192022,43,932,289,643
192022,44,134,65,69
192022,45,798,224,574
192022,51,765,312,453
192022,59,107,32,75
192022,60,691,192,499
192040,1,446,197,249
192040,2,163,73,90
192040,3,161,71,90
192040,4,33,15,18
192040,5,128,56,72
192040,11,2,2,0
192040,12,283,124,159
192040,19,2,1,1
192040,20,126,55,71
192040,21,314,137,177
192040,22,156,69,87
192040,23,156,69,87
192040,24,33,15,18
192040,25,123,54,69
192040,32,158,68,90
192040,39,2,1,1
192040,40,121,53,68
192040,41,132,60,72
192040,42,7,4,3
192040,43,5,2,3
192040,45,5,2,3
192040,51,2,2,0
192040,52,125,56,69
192040,60,5,2,3
192110,1,927,515,412
192110,2,581,324,257
192110,3,498,275,223
192110,4,109,58,51
192110,5,389,217,172
192110,11,83,49,34
192110,12,346,191,155
192110,19,11,5,6
192110,20,378,212,166
192110,21,826,453,373
192110,22,498,275,223
192110,23,498,275,223
192110,24,109,58,51
192110,25,389,217,172
192110,32,328,178,150
192110,39,11,5,6
192110,40,378,212,166
192110,41,101,62,39
192110,42,83,49,34
192110,51,83,49,34
192110,52,18,13,5
192156,1,274,18,256
192156,2,274,18,256
192156,3,274,18,256
192156,4,65,6,59
192156,5,209,12,197
192156,19,15,0,15
192156,20,194,12,182
192156,21,243,16,227
192156,22,243,16,227
192156,23,243,16,227
192156,24,64,5,59
192156,25,179,11,168
192156,39,14,0,14
192156,40,165,11,154
192156,41,31,2,29
192156,42,31,2,29
192156,43,31,2,29
192156,44,1,1,0
192156,45,30,1,29
192156,59,1,0,1
192156,60,29,1,28
192165,1,120,120,0
192165,2,120,120,0
192165,3,120,120,0
192165,4,44,44,0
192165,5,76,76,0
192165,20,76,76,0
192165,21,120,120,0
192165,22,120,120,0
192165,23,120,120,0
192165,24,44,44,0
192165,25,76,76,0
192165,40,76,76,0
192192,1,2036,470,1566
192192,2,1830,429,1401
192192,3,1830,429,1401
192192,4,241,64,177
192192,5,1589,365,1224
192192,12,206,41,165
192192,19,328,56,272
192192,20,1261,309,952
192192,21,1658,423,1235
192192,22,1514,392,1122
192192,23,1514,392,1122
192192,24,240,64,176
192192,25,1274,328,946
192192,32,144,31,113
192192,39,222,48,174
192192,40,1052,280,772
192192,41,378,47,331
192192,42,316,37,279
192192,43,316,37,279
192192,44,1,0,1
192192,45,315,37,278
192192,52,62,10,52
192192,59,106,8,98
192192,60,209,29,180
192271,1,1647,116,1531
192271,2,1513,106,1407
192271,3,1508,106,1402
192271,4,296,19,277
192271,5,1212,87,1125
192271,11,5,0,5
192271,12,134,10,124
192271,19,154,16,138
192271,20,1058,71,987
192271,21,1524,107,1417
192271,22,1422,101,1321
192271,23,1418,101,1317
192271,24,295,19,276
192271,25,1123,82,1041
192271,31,4,0,4
192271,32,102,6,96
192271,39,145,16,129
192271,40,978,66,912
192271,41,123,9,114
192271,42,91,5,86
192271,43,90,5,85
192271,44,1,0,1
192271,45,89,5,84
192271,51,1,0,1
192271,52,32,4,28
192271,59,9,0,9
192271,60,80,5,75
192323,1,3319,1327,1992
192323,2,2785,1153,1632
192323,3,2619,1112,1507
192323,4,622,257,365
192323,5,1997,855,1142
192323,11,166,41,125
192323,12,534,174,360
192323,19,169,79,90
192323,20,1828,776,1052
192323,21,2538,1094,1444
192323,22,2401,1050,1351
192323,23,2394,1047,1347
192323,24,622,257,365
192323,25,1772,790,982
192323,31,7,3,4
192323,32,137,44,93
192323,39,139,66,73
192323,40,1633,724,909
192323,41,781,233,548
192323,42,384,103,281
192323,43,225,65,160
192323,45,225,65,160
192323,51,159,38,121
192323,52,397,130,267
192323,59,30,13,17
192323,60,195,52,143
192439,1,8483,2499,5984
192439,2,5006,1492,3514
192439,3,4905,1464,3441
192439,4,877,322,555
192439,5,4028,1142,2886
192439,11,101,28,73
192439,12,3477,1007,2470
192439,19,679,184,495
192439,20,3349,958,2391
192439,21,6261,1970,4291
192439,22,4195,1315,2880
192439,23,4192,1314,2878
192439,24,864,316,548
192439,25,3328,998,2330
192439,31,3,1,2
192439,32,2066,655,1411
192439,39,516,154,362
192439,40,2812,844,1968
192439,41,2222,529,1693
192439,42,811,177,634
192439,43,713,150,563
192439,44,13,6,7
192439,45,700,144,556
192439,51,98,27,71
192439,52,1411,352,1059
192439,59,163,30,133
192439,60,537,114,423
192448,1,10599,4089,6510
192448,2,7983,3381,4602
192448,3,4067,1591,2476
192448,4,659,271,388
192448,5,3408,1320,2088
192448,11,3916,1790,2126
192448,12,2616,708,1908
192448,19,437,159,278
192448,20,2971,1161,1810
192448,21,4824,1791,3033
192448,22,3661,1457,2204
192448,23,3620,1442,2178
192448,24,631,254,377
192448,25,2989,1188,1801
192448,31,41,15,26
192448,32,1163,334,829
192448,39,365,144,221
192448,40,2624,1044,1580
192448,41,5775,2298,3477
192448,42,4322,1924,2398
192448,43,447,149,298
192448,44,28,17,11
192448,45,419,132,287
192448,51,3875,1775,2100
192448,52,1453,374,1079
192448,59,72,15,57
192448,60,347,117,230
192484,1,147,4,143
192484,2,147,4,143
192484,3,147,4,143
192484,4,26,0,26
192484,5,121,4,117
192484,20,121,4,117
192484,21,100,3,97
192484,22,100,3,97
192484,23,100,3,97
192484,24,25,0,25
192484,25,75,3,72
192484,40,75,3,72
192484,41,47,1,46
192484,42,47,1,46
192484,43,47,1,46
192484,44,1,0,1
192484,45,46,1,45
192484,60,46,1,45
192509,1,446,120,326
192509,2,446,120,326
192509,3,416,115,301
192509,4,85,27,58
192509,5,331,88,243
192509,11,30,5,25
192509,19,32,6,26
192509,20,299,82,217
192509,21,311,104,207
192509,22,311,104,207
192509,23,311,104,207
192509,24,82,27,55
192509,25,229,77,152
192509,39,22,5,17
192509,40,207,72,135
192509,41,135,16,119
192509,42,135,16,119
192509,43,105,11,94
192509,44,3,0,3
192509,45,102,11,91
192509,51,30,5,25
192509,59,10,1,9
192509,60,92,10,82
192554,1,259,48,211
192554,12,259,48,211
192554,21,94,25,69
192554,32,94,25,69
192554,41,165,23,142
192554,52,165,23,142
192563,1,270,39,231
192563,2,23,9,14
192563,3,23,9,14
192563,5,23,9,14
192563,12,247,30,217
192563,19,7,3,4
192563,20,16,6,10
192563,21,130,21,109
192563,22,15,8,7
192563,23,15,8,7
192563,25,15,8,7
192563,32,115,13,102
192563,39,6,3,3
192563,40,9,5,4
192563,41,140,18,122
192563,42,8,1,7
192563,43,8,1,7
192563,45,8,1,7
192563,52,132,17,115
192563,59,1,0,1
192563,60,7,1,6
192624,1,148,148,0
192624,2,148,148,0
192624,3,148,148,0
192624,4,27,27,0
192624,5,121,121,0
192624,19,17,17,0
192624,20,104,104,0
192624,21,148,148,0
192624,22,148,148,0
192624,23,148,148,0
192624,24,27,27,0
192624,25,121,121,0
192624,39,17,17,0
192624,40,104,104,0
192688,1,782,77,705
192688,2,782,77,705
192688,3,782,77,705
192688,4,208,17,191
192688,5,574,60,514
192688,19,58,6,52
192688,20,516,54,462
192688,21,777,75,702
192688,22,777,75,702
192688,23,777,75,702
192688,24,206,16,190
192688,25,571,59,512
192688,39,58,6,52
192688,40,513,53,460
192688,41,5,2,3
192688,42,5,2,3
192688,43,5,2,3
192688,44,2,1,1
192688,45,3,1,2
192688,60,3,1,2
192703,1,3883,2110,1773
192703,2,3403,1889,1514
192703,3,3403,1889,1514
192703,4,757,400,357
192703,5,2646,1489,1157
192703,12,480,221,259
192703,19,155,81,74
192703,20,2491,1408,1083
192703,21,3392,1829,1563
192703,22,3195,1741,1454
192703,23,3195,1741,1454
192703,24,755,398,357
192703,25,2440,1343,1097
192703,32,197,88,109
192703,39,134,68,66
192703,40,2306,1275,1031
192703,41,491,281,210
192703,42,208,148,60
192703,43,208,148,60
192703,44,2,2,0
192703,45,206,146,60
192703,52,283,133,150
192703,59,21,13,8
192703,60,185,133,52
192712,1,885,391,494
192712,2,377,158,219
192712,3,377,158,219
192712,4,81,32,49
192712,5,296,126,170
192712,12,508,233,275
192712,19,22,12,10
192712,20,274,114,160
192712,21,882,389,493
192712,22,376,157,219
192712,23,376,157,219
192712,24,81,32,49
192712,25,295,125,170
192712,32,506,232,274
192712,39,22,12,10
192712,40,273,113,160
192712,41,3,2,1
192712,42,1,1,0
192712,43,1,1,0
192712,45,1,1,0
192712,52,2,1,1
192712,60,1,1,0
192749,1,2750,945,1805
192749,2,1719,619,1100
192749,3,1671,602,1069
192749,4,480,168,312
192749,5,1191,434,757
192749,11,48,17,31
192749,12,1031,326,705
192749,19,59,28,31
192749,20,1132,406,726
192749,21,1900,680,1220
192749,22,1611,579,1032
192749,23,1611,579,1032
192749,24,475,164,311
192749,25,1136,415,721
192749,32,289,101,188
192749,39,51,23,28
192749,40,1085,392,693
192749,41,850,265,585
192749,42,108,40,68
192749,43,60,23,37
192749,44,5,4,1
192749,45,55,19,36
192749,51,48,17,31
192749,52,742,225,517
192749,59,8,5,3
192749,60,47,14,33
192785,1,880,95,785
192785,2,880,95,785
192785,3,866,93,773
192785,4,53,10,43
192785,5,813,83,730
192785,11,14,2,12
192785,19,205,26,179
192785,20,608,57,551
192785,21,190,22,168
192785,22,190,22,168
192785,23,190,22,168
192785,24,29,5,24
192785,25,161,17,144
192785,39,56,6,50
192785,40,105,11,94
192785,41,690,73,617
192785,42,690,73,617
192785,43,676,71,605
192785,44,24,5,19
192785,45,652,66,586
192785,51,14,2,12
192785,59,149,20,129
192785,60,503,46,457
192800,1,32,6,26
192800,2,32,6,26
192800,3,32,6,26
192800,4,1,0,1
192800,5,31,6,25
192800,20,31,6,25
192800,21,32,6,26
192800,22,32,6,26
192800,23,32,6,26
192800,24,1,0,1
192800,25,31,6,25
192800,40,31,6,25
192819,1,6365,2663,3702
192819,2,5566,2295,3271
192819,3,5295,2178,3117
192819,4,1149,466,683
192819,5,4146,1712,2434
192819,11,271,117,154
192819,12,799,368,431
192819,19,149,65,84
192819,20,3997,1647,2350
192819,21,5121,2091,3030
192819,22,4924,2028,2896
192819,23,4918,2027,2891
192819,24,1149,466,683
192819,25,3769,1561,2208
192819,31,6,1,5
192819,32,197,63,134
192819,39,149,65,84
192819,40,3620,1496,2124
192819,41,1244,572,672
192819,42,642,267,375
192819,43,377,151,226
192819,45,377,151,226
192819,51,265,116,149
192819,52,602,305,297
192819,60,377,151,226
192828,1,44,7,37
192828,2,44,7,37
192828,3,44,7,37
192828,4,32,7,25
192828,5,12,0,12
192828,20,12,0,12
192828,21,33,6,27
192828,22,33,6,27
192828,23,33,6,27
192828,24,23,6,17
192828,25,10,0,10
192828,40,10,0,10
192828,41,11,1,10
192828,42,11,1,10
192828,43,11,1,10
192828,44,9,1,8
192828,45,2,0,2
192828,60,2,0,2
192864,1,1833,419,1414
192864,2,1833,419,1414
192864,3,1783,402,1381
192864,4,418,101,317
192864,5,1365,301,1064
192864,11,50,17,33
192864,19,124,30,94
192864,20,1241,271,970
192864,21,1593,386,1207
192864,22,1593,386,1207
192864,23,1583,378,1205
192864,24,397,101,296
192864,25,1186,277,909
192864,31,10,8,2
192864,39,117,30,87
192864,40,1069,247,822
192864,41,240,33,207
192864,42,240,33,207
192864,43,200,24,176
192864,44,21,0,21
192864,45,179,24,155
192864,51,40,9,31
192864,59,7,0,7
192864,60,172,24,148
192925,1,2390,730,1660
192925,2,1727,576,1151
192925,3,1716,575,1141
192925,4,443,146,297
192925,5,1273,429,844
192925,11,11,1,10
192925,12,663,154,509
192925,19,178,48,130
192925,20,1095,381,714
192925,21,2185,681,1504
192925,22,1585,544,1041
192925,23,1575,543,1032
192925,24,436,142,294
192925,25,1139,401,738
192925,31,10,1,9
192925,32,600,137,463
192925,39,168,45,123
192925,40,971,356,615
192925,41,205,49,156
192925,42,142,32,110
192925,43,141,32,109
192925,44,7,4,3
192925,45,134,28,106
192925,51,1,0,1
192925,52,63,17,46
192925,59,10,3,7
192925,60,124,25,99
192961,1,123,22,101
192961,2,123,22,101
192961,3,123,22,101
192961,4,1,0,1
192961,5,122,22,100
192961,19,33,8,25
192961,20,89,14,75
192961,21,12,3,9
192961,22,12,3,9
192961,23,12,3,9
192961,24,1,0,1
192961,25,11,3,8
192961,39,7,2,5
192961,40,4,1,3
192961,41,111,19,92
192961,42,111,19,92
192961,43,111,19,92
192961,45,111,19,92
192961,59,26,6,20
192961,60,85,13,72
192970,1,15,7,8
192970,2,15,7,8
192970,3,15,7,8
192970,5,15,7,8
192970,20,15,7,8
192970,21,15,7,8
192970,22,15,7,8
192970,23,15,7,8
192970,25,15,7,8
192970,40,15,7,8
193016,1,11648,3182,8466
193016,2,8154,2497,5657
193016,3,6897,2076,4821
193016,4,834,244,590
193016,5,6063,1832,4231
193016,11,1257,421,836
193016,12,3494,685,2809
193016,19,1003,268,735
193016,20,5060,1564,3496
193016,21,7017,2039,4978
193016,22,5547,1729,3818
193016,23,5447,1694,3753
193016,24,823,241,582
193016,25,4624,1453,3171
193016,31,100,35,65
193016,32,1470,310,1160
193016,39,841,229,612
193016,40,3783,1224,2559
193016,41,4631,1143,3488
193016,42,2607,768,1839
193016,43,1450,382,1068
193016,44,11,3,8
193016,45,1439,379,1060
193016,51,1157,386,771
193016,52,2024,375,1649
193016,59,162,39,123
193016,60,1277,340,937
193052,1,279,279,0
193052,2,207,207,0
193052,3,207,207,0
193052,4,17,17,0
193052,5,190,190,0
193052,12,72,72,0
193052,19,102,102,0
193052,20,88,88,0
193052,21,276,276,0
193052,22,206,206,0
193052,23,206,206,0
193052,24,17,17,0
193052,25,189,189,0
193052,32,70,70,0
193052,39,102,102,0
193052,40,87,87,0
193052,41,3,3,0
193052,42,1,1,0
193052,43,1,1,0
193052,45,1,1,0
193052,52,2,2,0
193052,60,1,1,0
193061,1,36,36,0
193061,2,33,33,0
193061,3,33,33,0
193061,4,4,4,0
193061,5,29,29,0
193061,12,3,3,0
193061,19,1,1,0
193061,20,28,28,0
193061,21,36,36,0
193061,22,33,33,0
193061,23,33,33,0
193061,24,4,4,0
193061,25,29,29,0
193061,32,3,3,0
193061,39,1,1,0
193061,40,28,28,0
193070,1,80,80,0
193070,2,50,50,0
193070,3,50,50,0
193070,4,12,12,0
193070,5,38,38,0
193070,12,30,30,0
193070,20,38,38,0
193070,21,80,80,0
193070,22,50,50,0
193070,23,50,50,0
193070,24,12,12,0
193070,25,38,38,0
193070,32,30,30,0
193070,40,38,38,0
193122,1,180,26,154
193122,2,180,26,154
193122,3,180,26,154
193122,4,141,22,119
193122,5,39,4,35
193122,20,39,4,35
193122,21,53,8,45
193122,22,53,8,45
193122,23,53,8,45
193122,24,39,7,32
193122,25,14,1,13
193122,40,14,1,13
193122,41,127,18,109
193122,42,127,18,109
193122,43,127,18,109
193122,44,102,15,87
193122,45,25,3,22
193122,60,25,3,22
193186,1,103,2,101
193186,2,103,2,101
193186,3,103,2,101
193186,4,36,1,35
193186,5,67,1,66
193186,20,67,1,66
193186,21,45,2,43
193186,22,45,2,43
193186,23,45,2,43
193186,24,24,1,23
193186,25,21,1,20
193186,40,21,1,20
193186,41,58,0,58
193186,42,58,0,58
193186,43,58,0,58
193186,44,12,0,12
193186,45,46,0,46
193186,60,46,0,46
193201,1,904,134,770
193201,2,904,134,770
193201,3,902,134,768
193201,4,202,32,170
193201,5,700,102,598
193201,11,2,0,2
193201,19,12,1,11
193201,20,688,101,587
193201,21,899,134,765
193201,22,899,134,765
193201,23,899,134,765
193201,24,202,32,170
193201,25,697,102,595
193201,39,12,1,11
193201,40,685,101,584
193201,41,5,0,5
193201,42,5,0,5
193201,43,3,0,3
193201,45,3,0,3
193201,51,2,0,2
193201,60,3,0,3
193247,1,224,224,0
193247,2,160,160,0
193247,3,160,160,0
193247,4,34,34,0
193247,5,126,126,0
193247,12,64,64,0
193247,19,12,12,0
193247,20,114,114,0
193247,21,224,224,0
193247,22,160,160,0
193247,23,160,160,0
193247,24,34,34,0
193247,25,126,126,0
193247,32,64,64,0
193247,39,12,12,0
193247,40,114,114,0
193265,1,103,99,4
193265,2,103,99,4
193265,3,103,99,4
193265,4,68,66,2
193265,5,35,33,2
193265,20,35,33,2
193265,21,73,70,3
193265,22,73,70,3
193265,23,73,70,3
193265,24,51,49,2
193265,25,22,21,1
193265,40,22,21,1
193265,41,30,29,1
193265,42,30,29,1
193265,43,30,29,1
193265,44,17,17,0
193265,45,13,12,1
193265,60,13,12,1
193283,1,7433,3480,3953
193283,2,7433,3480,3953
193283,3,5829,2734,3095
193283,4,1577,834,743
193283,5,4252,1900,2352
193283,11,1604,746,858
193283,19,334,153,181
193283,20,3918,1747,2171
193283,21,4616,2283,2333
193283,22,4616,2283,2333
193283,23,4563,2252,2311
193283,24,1474,794,680
193283,25,3089,1458,1631
193283,31,53,31,22
193283,39,263,128,135
193283,40,2826,1330,1496
193283,41,2817,1197,1620
193283,42,2817,1197,1620
193283,43,1266,482,784
193283,44,103,40,63
193283,45,1163,442,721
193283,51,1551,715,836
193283,59,71,25,46
193283,60,1092,417,675
193292,1,4455,1108,3347
193292,2,3375,880,2495
193292,3,3322,867,2455
193292,4,501,165,336
193292,5,2821,702,2119
193292,11,53,13,40
193292,12,1080,228,852
193292,19,384,93,291
193292,20,2437,609,1828
193292,21,2903,809,2094
193292,22,2693,754,1939
193292,23,2689,751,1938
193292,24,495,164,331
193292,25,2194,587,1607
193292,31,4,3,1
193292,32,210,55,155
193292,39,293,74,219
193292,40,1901,513,1388
193292,41,1552,299,1253
193292,42,682,126,556
193292,43,633,116,517
193292,44,6,1,5
193292,45,627,115,512
193292,51,49,10,39
193292,52,870,173,697
193292,59,91,19,72
193292,60,536,96,440
193308,1,7215,2585,4630
193308,2,6794,2456,4338
193308,3,6426,2314,4112
193308,4,1208,534,674
193308,5,5218,1780,3438
193308,11,368,142,226
193308,12,421,129,292
193308,19,2391,777,1614
193308,20,2827,1003,1824
193308,21,5106,1954,3152
193308,22,4895,1881,3014
193308,23,4893,1879,3014
193308,24,1107,495,612
193308,25,3786,1384,2402
193308,31,2,2,0
193308,32,211,73,138
193308,39,1673,588,1085
193308,40,2113,796,1317
193308,41,2109,631,1478
193308,42,1899,575,1324
193308,43,1533,435,1098
193308,44,101,39,62
193308,45,1432,396,1036
193308,51,366,140,226
193308,52,210,56,154
193308,59,718,189,529
193308,60,714,207,507
193326,1,16458,7637,8821
193326,2,16458,7637,8821
193326,3,15054,6908,8146
193326,4,3794,1891,1903
193326,5,11260,5017,6243
193326,11,1404,729,675
193326,19,934,417,517
193326,20,10326,4600,5726
193326,21,10260,4921,5339
193326,22,10260,4921,5339
193326,23,10254,4917,5337
193326,24,3354,1684,1670
193326,25,6900,3233,3667
193326,31,6,4,2
193326,39,684,316,368
193326,40,6216,2917,3299
193326,41,6198,2716,3482
193326,42,6198,2716,3482
193326,43,4800,1991,2809
193326,44,440,207,233
193326,45,4360,1784,2576
193326,51,1398,725,673
193326,59,250,101,149
193326,60,4110,1683,2427
193353,1,2556,754,1802
193353,2,2203,659,1544
193353,3,2155,623,1532
193353,4,449,130,319
193353,5,1706,493,1213
193353,11,48,36,12
193353,12,353,95,258
193353,19,199,53,146
193353,20,1507,440,1067
193353,21,1811,570,1241
193353,22,1742,538,1204
193353,23,1739,537,1202
193353,24,448,129,319
193353,25,1291,408,883
193353,31,3,1,2
193353,32,69,32,37
193353,39,128,41,87
193353,40,1163,367,796
193353,41,745,184,561
193353,42,461,121,340
193353,43,416,86,330
193353,44,1,1,0
193353,45,415,85,330
193353,51,45,35,10
193353,52,284,63,221
193353,59,71,12,59
193353,60,344,73,271
193380,1,130,26,104
193380,2,130,26,104
193380,3,130,26,104
193380,5,130,26,104
193380,19,31,7,24
193380,20,99,19,80
193380,21,3,0,3
193380,22,3,0,3
193380,23,3,0,3
193380,25,3,0,3
193380,39,1,0,1
193380,40,2,0,2
193380,41,127,26,101
193380,42,127,26,101
193380,43,127,26,101
193380,45,127,26,101
193380,59,30,7,23
193380,60,97,19,78
193399,1,1938,520,1418
193399,2,1669,466,1203
193399,3,1635,461,1174
193399,4,386,114,272
193399,5,1249,347,902
193399,11,34,5,29
193399,12,269,54,215
193399,19,98,32,66
193399,20,1151,315,836
193399,21,1539,456,1083
193399,22,1489,439,1050
193399,23,1489,439,1050
193399,24,386,114,272
193399,25,1103,325,778
193399,32,50,17,33
193399,39,97,31,66
193399,40,1006,294,712
193399,41,399,64,335
193399,42,180,27,153
193399,43,146,22,124
193399,45,146,22,124
193399,51,34,5,29
193399,52,219,37,182
193399,59,1,1,0
193399,60,145,21,124
193405,1,1090,512,578
193405,12,1090,512,578
193405,21,1090,512,578
193405,32,1090,512,578
193478,1,23318,11640,11678
193478,2,23318,11640,11678
193478,3,21051,10719,10332
193478,4,4762,2614,2148
193478,5,16289,8105,8184
193478,11,2267,921,1346
193478,19,1625,810,815
193478,20,14664,7295,7369
193478,21,14209,7485,6724
193478,22,14209,7485,6724
193478,23,13588,7188,6400
193478,24,4134,2283,1851
193478,25,9454,4905,4549
193478,31,621,297,324
193478,39,1122,603,519
193478,40,8332,4302,4030
193478,41,9109,4155,4954
193478,42,9109,4155,4954
193478,43,7463,3531,3932
193478,44,628,331,297
193478,45,6835,3200,3635
193478,51,1646,624,1022
193478,59,503,207,296
193478,60,6332,2993,3339
193584,1,2823,716,2107
193584,2,2034,548,1486
193584,3,1995,530,1465
193584,4,423,112,311
193584,5,1572,418,1154
193584,11,39,18,21
193584,12,789,168,621
193584,19,168,49,119
193584,20,1404,369,1035
193584,21,2293,592,1701
193584,22,1901,511,1390
193584,23,1890,503,1387
193584,24,423,112,311
193584,25,1467,391,1076
193584,31,11,8,3
193584,32,392,81,311
193584,39,160,47,113
193584,40,1307,344,963
193584,41,530,124,406
193584,42,133,37,96
193584,43,105,27,78
193584,45,105,27,78
193584,51,28,10,18
193584,52,397,87,310
193584,59,8,2,6
193584,60,97,25,72
193609,1,87,40,47
193609,2,87,40,47
193609,3,87,40,47
193609,4,17,5,12
193609,5,70,35,35
193609,20,70,35,35
193609,21,87,40,47
193609,22,87,40,47
193609,23,87,40,47
193609,24,17,5,12
193609,25,70,35,35
193609,40,70,35,35
193645,1,3966,419,3547
193645,2,3225,335,2890
193645,3,3207,333,2874
193645,4,492,64,428
193645,5,2715,269,2446
193645,11,18,2,16
193645,12,741,84,657
193645,19,236,25,211
193645,20,2479,244,2235
193645,21,2865,300,2565
193645,22,2755,286,2469
193645,23,2753,285,2468
193645,24,473,62,411
193645,25,2280,223,2057
193645,31,2,1,1
193645,32,110,14,96
193645,39,183,18,165
193645,40,2097,205,1892
193645,41,1101,119,982
193645,42,470,49,421
193645,43,454,48,406
193645,44,19,2,17
193645,45,435,46,389
193645,51,16,1,15
193645,52,631,70,561
193645,59,53,7,46
193645,60,382,39,343
193654,1,10301,3172,7129
193654,2,6777,1890,4887
193654,3,6581,1820,4761
193654,4,1038,295,743
193654,5,5543,1525,4018
193654,11,196,70,126
193654,12,3524,1282,2242
193654,19,965,246,719
193654,20,4578,1279,3299
193654,21,8415,2578,5837
193654,22,5878,1628,4250
193654,23,5806,1605,4201
193654,24,996,282,714
193654,25,4810,1323,3487
193654,31,72,23,49
193654,32,2537,950,1587
193654,39,861,225,636
193654,40,3949,1098,2851
193654,41,1886,594,1292
193654,42,899,262,637
193654,43,775,215,560
193654,44,42,13,29
193654,45,733,202,531
193654,51,124,47,77
193654,52,987,332,655
193654,59,104,21,83
193654,60,629,181,448
193672,1,58,48,10
193672,2,58,48,10
193672,3,58,48,10
193672,4,25,21,4
193672,5,33,27,6
193672,20,33,27,6
193672,21,58,48,10
193672,22,58,48,10
193672,23,58,48,10
193672,24,25,21,4
193672,25,33,27,6
193672,40,33,27,6
193751,1,923,480,443
193751,12,923,480,443
193751,21,723,402,321
193751,32,723,402,321
193751,41,200,78,122
193751,52,200,78,122
193760,1,820,281,539
193760,2,820,281,539
193760,3,820,281,539
193760,4,239,92,147
193760,5,581,189,392
193760,20,581,189,392
193760,21,605,202,403
193760,22,605,202,403
193760,23,605,202,403
193760,24,160,65,95
193760,25,445,137,308
193760,40,445,137,308
193760,41,215,79,136
193760,42,215,79,136
193760,43,215,79,136
193760,44,79,27,52
193760,45,136,52,84
193760,60,136,52,84
193788,1,247,125,122
193788,2,247,125,122
193788,3,247,125,122
193788,4,105,52,53
193788,5,142,73,69
193788,20,142,73,69
193788,21,229,119,110
193788,22,229,119,110
193788,23,229,119,110
193788,24,89,46,43
193788,25,140,73,67
193788,40,140,73,67
193788,41,18,6,12
193788,42,18,6,12
193788,43,18,6,12
193788,44,16,6,10
193788,45,2,0,2
193788,60,2,0,2
193821,1,1261,624,637
193821,12,1261,624,637
193821,21,854,421,433
193821,32,854,421,433
193821,41,407,203,204
193821,52,407,203,204
193830,1,1427,611,816
193830,12,1427,611,816
193830,21,1139,517,622
193830,32,1139,517,622
193830,41,288,94,194
193830,52,288,94,194
193858,1,328,20,308
193858,2,328,20,308
193858,3,328,20,308
193858,4,171,9,162
193858,5,157,11,146
193858,20,157,11,146
193858,21,328,20,308
193858,22,328,20,308
193858,23,328,20,308
193858,24,171,9,162
193858,25,157,11,146
193858,40,157,11,146
193894,1,396,200,196
193894,12,396,200,196
193894,21,198,97,101
193894,32,198,97,101
193894,41,198,103,95
193894,52,198,103,95
193900,1,44599,18619,25980
193900,2,22615,9066,13549
193900,3,22172,8889,13283
193900,4,5207,2083,3124
193900,5,16965,6806,10159
193900,11,443,177,266
193900,12,21984,9553,12431
193900,19,891,276,615
193900,20,16074,6530,9544
193900,21,35096,14395,20701
193900,22,21365,8567,12798
193900,23,21081,8463,12618
193900,24,5168,2067,3101
193900,25,15913,6396,9517
193900,31,284,104,180
193900,32,13731,5828,7903
193900,39,772,242,530
193900,40,15141,6154,8987
193900,41,9503,4224,5279
193900,42,1250,499,751
193900,43,1091,426,665
193900,44,39,16,23
193900,45,1052,410,642
193900,51,159,73,86
193900,52,8253,3725,4528
193900,59,119,34,85
193900,60,933,376,557
193946,1,6630,2842,3788
193946,2,6630,2842,3788
193946,3,5297,2248,3049
193946,4,1504,705,799
193946,5,3793,1543,2250
193946,11,1333,594,739
193946,19,467,192,275
193946,20,3326,1351,1975
193946,21,4178,1881,2297
193946,22,4178,1881,2297
193946,23,4138,1857,2281
193946,24,1397,658,739
193946,25,2741,1199,1542
193946,31,40,24,16
193946,39,344,153,191
193946,40,2397,1046,1351
193946,41,2452,961,1491
193946,42,2452,961,1491
193946,43,1159,391,768
193946,44,107,47,60
193946,45,1052,344,708
193946,51,1293,570,723
193946,59,123,39,84
193946,60,929,305,624
193973,1,4056,1588,2468
193973,2,2896,1211,1685
193973,3,2841,1181,1660
193973,4,700,294,406
193973,5,2141,887,1254
193973,11,55,30,25
193973,12,1160,377,783
193973,19,610,258,352
193973,20,1531,629,902
193973,21,3342,1356,1986
193973,22,2719,1149,1570
193973,23,2709,1146,1563
193973,24,698,294,404
193973,25,2011,852,1159
193973,31,10,3,7
193973,32,623,207,416
193973,39,517,237,280
193973,40,1494,615,879
193973,41,714,232,482
193973,42,177,62,115
193973,43,132,35,97
193973,44,2,0,2
193973,45,130,35,95
193973,51,45,27,18
193973,52,537,170,367
193973,59,93,21,72
193973,60,37,14,23
193991,1,43,3,40
193991,2,43,3,40
193991,3,43,3,40
193991,4,30,3,27
193991,5,13,0,13
193991,20,13,0,13
193991,21,43,3,40
193991,22,43,3,40
193991,23,43,3,40
193991,24,30,3,27
193991,25,13,0,13
193991,40,13,0,13
194028,1,2088,803,1285
194028,2,2088,803,1285
194028,3,1021,367,654
194028,4,395,143,252
194028,5,626,224,402
194028,11,1067,436,631
194028,19,116,29,87
194028,20,510,195,315
194028,21,951,347,604
194028,22,951,347,604
194028,23,870,318,552
194028,24,359,129,230
194028,25,511,189,322
194028,31,81,29,52
194028,39,94,20,74
194028,40,417,169,248
194028,41,1137,456,681
194028,42,1137,456,681
194028,43,151,49,102
194028,44,36,14,22
194028,45,115,35,80
194028,51,986,407,579
194028,59,22,9,13
194028,60,93,26,67
194073,1,382,206,176
194073,12,382,206,176
194073,21,380,204,176
194073,32,380,204,176
194073,41,2,2,0
194073,52,2,2,0
194091,1,7545,4320,3225
194091,2,4456,2793,1663
194091,3,4307,2708,1599
194091,4,838,551,287
194091,5,3469,2157,1312
194091,11,149,85,64
194091,12,3089,1527,1562
194091,19,396,216,180
194091,20,3073,1941,1132
194091,21,6028,3455,2573
194091,22,3704,2308,1396
194091,23,3637,2266,1371
194091,24,778,508,270
194091,25,2859,1758,1101
194091,31,67,42,25
194091,32,2324,1147,1177
194091,39,340,186,154
194091,40,2519,1572,947
194091,41,1517,865,652
194091,42,752,485,267
194091,43,670,442,228
194091,44,60,43,17
194091,45,610,399,211
194091,51,82,43,39
194091,52,765,380,385
194091,59,56,30,26
194091,60,554,369,185
194116,1,589,82,507
194116,2,451,55,396
194116,3,394,49,345
194116,4,32,2,30
194116,5,362,47,315
194116,11,57,6,51
194116,12,138,27,111
194116,19,67,10,57
194116,20,295,37,258
194116,21,295,49,246
194116,22,158,23,135
194116,23,158,23,135
194116,24,21,1,20
194116,25,137,22,115
194116,32,137,26,111
194116,39,14,5,9
194116,40,123,17,106
194116,41,294,33,261
194116,42,293,32,261
194116,43,236,26,210
194116,44,11,1,10
194116,45,225,25,200
194116,51,57,6,51
194116,52,1,1,0
194116,59,53,5,48
194116,60,172,20,152
194161,1,3082,1272,1810
194161,2,1831,721,1110
194161,3,1818,720,1098
194161,4,265,118,147
194161,5,1553,602,951
194161,11,13,1,12
194161,12,1251,551,700
194161,19,226,87,139
194161,20,1327,515,812
194161,21,2033,837,1196
194161,22,1515,600,915
194161,23,1513,599,914
194161,24,249,110,139
194161,25,1264,489,775
194161,31,2,1,1
194161,32,518,237,281
194161,39,193,72,121
194161,40,1071,417,654
194161,41,1049,435,614
194161,42,316,121,195
194161,43,305,121,184
194161,44,16,8,8
194161,45,289,113,176
194161,51,11,0,11
194161,52,733,314,419
194161,59,33,15,18
194161,60,256,98,158
194189,1,94,94,0
194189,2,94,94,0
194189,3,94,94,0
194189,4,1,1,0
194189,5,93,93,0
194189,19,2,2,0
194189,20,91,91,0
194189,21,94,94,0
194189,22,94,94,0
194189,23,94,94,0
194189,24,1,1,0
194189,25,93,93,0
194189,39,2,2,0
194189,40,91,91,0
194222,1,12834,6192,6642
194222,2,12834,6192,6642
194222,3,8664,4317,4347
194222,4,2476,1312,1164
194222,5,6188,3005,3183
194222,11,4170,1875,2295
194222,19,490,256,234
194222,20,5698,2749,2949
194222,21,6540,3379,3161
194222,22,6540,3379,3161
194222,23,6416,3313,3103
194222,24,2239,1200,1039
194222,25,4177,2113,2064
194222,31,124,66,58
194222,39,380,202,178
194222,40,3797,1911,1886
194222,41,6294,2813,3481
194222,42,6294,2813,3481
194222,43,2248,1004,1244
194222,44,237,112,125
194222,45,2011,892,1119
194222,51,4046,1809,2237
194222,59,110,54,56
194222,60,1901,838,1063
194240,1,7029,2906,4123
194240,2,7029,2906,4123
194240,3,5580,2306,3274
194240,4,1432,656,776
194240,5,4148,1650,2498
194240,11,1449,600,849
194240,19,390,149,241
194240,20,3758,1501,2257
194240,21,3338,1523,1815
194240,22,3338,1523,1815
194240,23,3301,1510,1791
194240,24,1193,548,645
194240,25,2108,962,1146
194240,31,37,13,24
194240,39,238,99,139
194240,40,1870,863,1007
194240,41,3691,1383,2308
194240,42,3691,1383,2308
194240,43,2279,796,1483
194240,44,239,108,131
194240,45,2040,688,1352
194240,51,1412,587,825
194240,59,152,50,102
194240,60,1888,638,1250
194259,1,37,6,31
194259,2,37,6,31
194259,3,37,6,31
194259,4,9,1,8
194259,5,28,5,23
194259,20,28,5,23
194259,21,37,6,31
194259,22,37,6,31
194259,23,37,6,31
194259,24,9,1,8
194259,25,28,5,23
194259,40,28,5,23
194310,1,12624,4986,7638
194310,2,8289,3398,4891
194310,3,7883,3221,4662
194310,4,1804,675,1129
194310,5,6079,2546,3533
194310,11,406,177,229
194310,12,4335,1588,2747
194310,19,530,229,301
194310,20,5549,2317,3232
194310,21,9148,3551,5597
194310,22,7116,2825,4291
194310,23,7079,2811,4268
194310,24,1758,652,1106
194310,25,5321,2159,3162
194310,31,37,14,23
194310,32,2032,726,1306
194310,39,423,188,235
194310,40,4898,1971,2927
194310,41,3476,1435,2041
194310,42,1173,573,600
194310,43,804,410,394
194310,44,46,23,23
194310,45,758,387,371
194310,51,369,163,206
194310,52,2303,862,1441
194310,59,107,41,66
194310,60,651,346,305
194392,1,981,646,335
194392,2,981,646,335
194392,3,978,644,334
194392,4,240,157,83
194392,5,738,487,251
194392,11,3,2,1
194392,19,57,33,24
194392,20,681,454,227
194392,21,969,637,332
194392,22,969,637,332
194392,23,969,637,332
194392,24,240,157,83
194392,25,729,480,249
194392,39,57,33,24
194392,40,672,447,225
194392,41,12,9,3
194392,42,12,9,3
194392,43,9,7,2
194392,45,9,7,2
194392,51,3,2,1
194392,60,9,7,2
194435,1,111,7,104
194435,2,111,7,104
194435,3,111,7,104
194435,4,5,0,5
194435,5,106,7,99
194435,20,106,7,99
194435,21,70,6,64
194435,22,70,6,64
194435,23,70,6,64
194435,24,4,0,4
194435,25,66,6,60
194435,40,66,6,60
194435,41,41,1,40
194435,42,41,1,40
194435,43,41,1,40
194435,44,1,0,1
194435,45,40,1,39
194435,60,40,1,39
194499,1,726,145,581
194499,2,726,145,581
194499,3,726,145,581
194499,4,228,45,183
194499,5,498,100,398
194499,19,68,13,55
194499,20,430,87,343
194499,21,726,145,581
194499,22,726,145,581
194499,23,726,145,581
194499,24,228,45,183
194499,25,498,100,398
194499,39,68,13,55
194499,40,430,87,343
194541,1,4890,3603,1287
194541,2,2155,1642,513
194541,3,2078,1595,483
194541,4,451,334,117
194541,5,1627,1261,366
194541,11,77,47,30
194541,12,2735,1961,774
194541,19,131,101,30
194541,20,1496,1160,336
194541,21,4008,2942,1066
194541,22,2033,1555,478
194541,23,2007,1537,470
194541,24,451,334,117
194541,25,1556,1203,353
194541,31,26,18,8
194541,32,1975,1387,588
194541,39,125,97,28
194541,40,1431,1106,325
194541,41,882,661,221
194541,42,122,87,35
194541,43,71,58,13
194541,45,71,58,13
194541,51,51,29,22
194541,52,760,574,186
194541,59,6,4,2
194541,60,65,54,11
194569,1,395,211,184
194569,2,395,211,184
194569,3,247,146,101
194569,4,39,17,22
194569,5,208,129,79
194569,11,148,65,83
194569,19,30,16,14
194569,20,178,113,65
194569,21,231,127,104
194569,22,231,127,104
194569,23,214,121,93
194569,24,38,16,22
194569,25,176,105,71
194569,31,17,6,11
194569,39,27,14,13
194569,40,149,91,58
194569,41,164,84,80
194569,42,164,84,80
194569,43,33,25,8
194569,44,1,1,0
194569,45,32,24,8
194569,51,131,59,72
194569,59,3,2,1
194569,60,29,22,7
194578,1,4793,1522,3271
194578,2,3311,1100,2211
194578,3,3247,1077,2170
194578,4,716,205,511
194578,5,2531,872,1659
194578,11,64,23,41
194578,12,1482,422,1060
194578,19,164,55,109
194578,20,2367,817,1550
194578,21,4514,1417,3097
194578,22,3202,1041,2161
194578,23,3145,1022,2123
194578,24,712,202,510
194578,25,2433,820,1613
194578,31,57,19,38
194578,32,1312,376,936
194578,39,158,53,105
194578,40,2275,767,1508
194578,41,279,105,174
194578,42,109,59,50
194578,43,102,55,47
194578,44,4,3,1
194578,45,98,52,46
194578,51,7,4,3
194578,52,170,46,124
194578,59,6,2,4
194578,60,92,50,42
194611,1,884,274,610
194611,2,884,274,610
194611,3,884,274,610
194611,4,240,77,163
194611,5,644,197,447
194611,20,644,197,447
194611,21,875,271,604
194611,22,875,271,604
194611,23,875,271,604
194611,24,239,76,163
194611,25,636,195,441
194611,40,636,195,441
194611,41,9,3,6
194611,42,9,3,6
194611,43,9,3,6
194611,44,1,1,0
194611,45,8,2,6
194611,60,8,2,6
194657,1,258,258,0
194657,2,166,166,0
194657,3,164,164,0
194657,4,44,44,0
194657,5,120,120,0
194657,11,2,2,0
194657,12,92,92,0
194657,19,8,8,0
194657,20,112,112,0
194657,21,258,258,0
194657,22,166,166,0
194657,23,164,164,0
194657,24,44,44,0
194657,25,120,120,0
194657,31,2,2,0
194657,32,92,92,0
194657,39,8,8,0
194657,40,112,112,0
194666,1,316,316,0
194666,2,263,263,0
194666,3,263,263,0
194666,4,36,36,0
194666,5,227,227,0
194666,12,53,53,0
194666,19,25,25,0
194666,20,202,202,0
194666,21,316,316,0
194666,22,263,263,0
194666,23,263,263,0
194666,24,36,36,0
194666,25,227,227,0
194666,32,53,53,0
194666,39,25,25,0
194666,40,202,202,0
194675,1,43,43,0
194675,2,30,30,0
194675,3,30,30,0
194675,4,6,6,0
194675,5,24,24,0
194675,12,13,13,0
194675,20,24,24,0
194675,21,43,43,0
194675,22,30,30,0
194675,23,30,30,0
194675,24,6,6,0
194675,25,24,24,0
194675,32,13,13,0
194675,40,24,24,0
194693,1,47,47,0
194693,2,47,47,0
194693,3,47,47,0
194693,4,14,14,0
194693,5,33,33,0
194693,20,33,33,0
194693,21,47,47,0
194693,22,47,47,0
194693,23,47,47,0
194693,24,14,14,0
194693,25,33,33,0
194693,40,33,33,0
194718,1,34,34,0
194718,2,30,30,0
194718,3,30,30,0
194718,4,7,7,0
194718,5,23,23,0
194718,12,4,4,0
194718,19,5,5,0
194718,20,18,18,0
194718,21,34,34,0
194718,22,30,30,0
194718,23,30,30,0
194718,24,7,7,0
194718,25,23,23,0
194718,32,4,4,0
194718,39,5,5,0
194718,40,18,18,0
194736,1,96,96,0
194736,2,96,96,0
194736,3,96,96,0
194736,5,96,96,0
194736,19,4,4,0
194736,20,92,92,0
194736,21,96,96,0
194736,22,96,96,0
194736,23,96,96,0
194736,25,96,96,0
194736,39,4,4,0
194736,40,92,92,0
194763,1,491,491,0
194763,2,269,269,0
194763,3,269,269,0
194763,4,107,107,0
194763,5,162,162,0
194763,12,222,222,0
194763,20,162,162,0
194763,21,491,491,0
194763,22,269,269,0
194763,23,269,269,0
194763,24,107,107,0
194763,25,162,162,0
194763,32,222,222,0
194763,40,162,162,0
194824,1,6714,4728,1986
194824,2,5452,3840,1612
194824,3,5379,3787,1592
194824,4,1411,975,436
194824,5,3968,2812,1156
194824,11,73,53,20
194824,12,1262,888,374
194824,19,126,88,38
194824,20,3842,2724,1118
194824,21,6565,4613,1952
194824,22,5423,3819,1604
194824,23,5377,3785,1592
194824,24,1411,975,436
194824,25,3966,2810,1156
194824,31,46,34,12
194824,32,1142,794,348
194824,39,126,88,38
194824,40,3840,2722,1118
194824,41,149,115,34
194824,42,29,21,8
194824,43,2,2,0
194824,45,2,2,0
194824,51,27,19,8
194824,52,120,94,26
194824,60,2,2,0
194879,1,193,36,157
194879,2,193,36,157
194879,3,193,36,157
194879,4,33,9,24
194879,5,160,27,133
194879,20,160,27,133
194879,21,150,30,120
194879,22,150,30,120
194879,23,150,30,120
194879,24,31,8,23
194879,25,119,22,97
194879,40,119,22,97
194879,41,43,6,37
194879,42,43,6,37
194879,43,43,6,37
194879,44,2,1,1
194879,45,41,5,36
194879,60,41,5,36
194958,1,1735,485,1250
194958,2,1315,394,921
194958,3,1302,390,912
194958,4,206,71,135
194958,5,1096,319,777
194958,11,13,4,9
194958,12,420,91,329
194958,19,97,31,66
194958,20,999,288,711
194958,21,1585,440,1145
194958,22,1225,368,857
194958,23,1223,368,855
194958,24,203,70,133
194958,25,1020,298,722
194958,31,2,0,2
194958,32,360,72,288
194958,39,83,29,54
194958,40,937,269,668
194958,41,150,45,105
194958,42,90,26,64
194958,43,79,22,57
194958,44,3,1,2
194958,45,76,21,55
194958,51,11,4,7
194958,52,60,19,41
194958,59,14,2,12
194958,60,62,19,43
194967,1,617,167,450
194967,2,617,167,450
194967,3,617,167,450
194967,4,1,0,1
194967,5,616,167,449
194967,19,84,24,60
194967,20,532,143,389
194967,21,408,104,304
194967,22,408,104,304
194967,23,408,104,304
194967,24,1,0,1
194967,25,407,104,303
194967,39,60,16,44
194967,40,347,88,259
194967,41,209,63,146
194967,42,209,63,146
194967,43,209,63,146
194967,45,209,63,146
194967,59,24,8,16
194967,60,185,55,130
195003,1,16583,11235,5348
195003,2,13880,9485,4395
195003,3,12587,8484,4103
195003,4,2784,1891,893
195003,5,9803,6593,3210
195003,11,1293,1001,292
195003,12,2703,1750,953
195003,19,597,350,247
195003,20,9206,6243,2963
195003,21,14119,9464,4655
195003,22,12106,8160,3946
195003,23,12084,8150,3934
195003,24,2768,1880,888
195003,25,9316,6270,3046
195003,31,22,10,12
195003,32,2013,1304,709
195003,39,561,327,234
195003,40,8755,5943,2812
195003,41,2464,1771,693
195003,42,1774,1325,449
195003,43,503,334,169
195003,44,16,11,5
195003,45,487,323,164
195003,51,1271,991,280
195003,52,690,446,244
195003,59,36,23,13
195003,60,451,300,151
195030,1,11020,5342,5678
195030,2,6177,2961,3216
195030,3,6047,2924,3123
195030,4,1472,738,734
195030,5,4575,2186,2389
195030,11,130,37,93
195030,12,4843,2381,2462
195030,19,107,45,62
195030,20,4468,2141,2327
195030,21,9284,4717,4567
195030,22,5837,2887,2950
195030,23,5819,2880,2939
195030,24,1472,738,734
195030,25,4347,2142,2205
195030,31,18,7,11
195030,32,3447,1830,1617
195030,39,107,45,62
195030,40,4240,2097,2143
195030,41,1736,625,1111
195030,42,340,74,266
195030,43,228,44,184
195030,45,228,44,184
195030,51,112,30,82
195030,52,1396,551,845
195030,60,228,44,184
195049,1,201,117,84
195049,12,201,117,84
195049,21,201,117,84
195049,32,201,117,84
195058,1,7652,3561,4091
195058,2,7652,3561,4091
195058,3,6568,3099,3469
195058,4,1575,832,743
195058,5,4993,2267,2726
195058,11,1084,462,622
195058,19,384,162,222
195058,20,4609,2105,2504
195058,21,4477,2343,2134
195058,22,4477,2343,2134
195058,23,4465,2337,2128
195058,24,1452,781,671
195058,25,3013,1556,1457
195058,31,12,6,6
195058,39,265,129,136
195058,40,2748,1427,1321
195058,41,3175,1218,1957
195058,42,3175,1218,1957
195058,43,2103,762,1341
195058,44,123,51,72
195058,45,1980,711,1269
195058,51,1072,456,616
195058,59,119,33,86
195058,60,1861,678,1183
195067,1,665,35,630
195067,2,665,35,630
195067,3,665,35,630
195067,4,206,8,198
195067,5,459,27,432
195067,20,459,27,432
195067,21,459,25,434
195067,22,459,25,434
195067,23,459,25,434
195067,24,162,5,157
195067,25,297,20,277
195067,40,297,20,277
195067,41,206,10,196
195067,42,206,10,196
195067,43,206,10,196
195067,44,44,3,41
195067,45,162,7,155
195067,60,162,7,155
195128,1,2832,549,2283
195128,2,1699,359,1340
195128,3,1661,345,1316
195128,4,297,49,248
195128,5,1364,296,1068
195128,11,38,14,24
195128,12,1133,190,943
195128,19,210,53,157
195128,20,1154,243,911
195128,21,1852,348,1504
195128,22,1446,290,1156
195128,23,1446,290,1156
195128,24,295,47,248
195128,25,1151,243,908
195128,32,406,58,348
195128,39,179,49,130
195128,40,972,194,778
195128,41,980,201,779
195128,42,253,69,184
195128,43,215,55,160
195128,44,2,2,0
195128,45,213,53,160
195128,51,38,14,24
195128,52,727,132,595
195128,59,31,4,27
195128,60,182,49,133
195155,1,98,35,63
195155,12,98,35,63
195155,21,2,1,1
195155,32,2,1,1
195155,41,96,34,62
195155,52,96,34,62
195164,1,2244,1057,1187
195164,2,1826,901,925
195164,3,1787,884,903
195164,4,438,230,208
195164,5,1349,654,695
195164,11,39,17,22
195164,12,418,156,262
195164,19,71,39,32
195164,20,1278,615,663
195164,21,2037,981,1056
195164,22,1780,883,897
195164,23,1767,878,889
195164,24,438,230,208
195164,25,1329,648,681
195164,31,13,5,8
195164,32,257,98,159
195164,39,70,38,32
195164,40,1259,610,649
195164,41,207,76,131
195164,42,46,18,28
195164,43,20,6,14
195164,45,20,6,14
195164,51,26,12,14
195164,52,161,58,103
195164,59,1,1,0
195164,60,19,5,14
195173,1,2819,1248,1571
195173,2,2764,1217,1547
195173,3,2725,1202,1523
195173,4,568,247,321
195173,5,2157,955,1202
195173,11,39,15,24
195173,12,55,31,24
195173,19,170,75,95
195173,20,1987,880,1107
195173,21,2481,1101,1380
195173,22,2456,1088,1368
195173,23,2454,1088,1366
195173,24,566,247,319
195173,25,1888,841,1047
195173,31,2,0,2
195173,32,25,13,12
195173,39,146,69,77
195173,40,1742,772,970
195173,41,338,147,191
195173,42,308,129,179
195173,43,271,114,157
195173,44,2,0,2
195173,45,269,114,155
195173,51,37,15,22
195173,52,30,18,12
195173,59,24,6,18
195173,60,245,108,137
195191,1,302,37,265
195191,2,302,37,265
195191,3,302,37,265
195191,4,7,1,6
195191,5,295,36,259
195191,19,93,10,83
195191,20,202,26,176
195191,21,150,20,130
195191,22,150,20,130
195191,23,150,20,130
195191,24,7,1,6
195191,25,143,19,124
195191,39,60,7,53
195191,40,83,12,71
195191,41,152,17,135
195191,42,152,17,135
195191,43,152,17,135
195191,45,152,17,135
195191,59,33,3,30
195191,60,119,14,105
195216,1,2506,1114,1392
195216,2,2414,1088,1326
195216,3,2391,1079,1312
195216,4,629,284,345
195216,5,1762,795,967
195216,11,23,9,14
195216,12,92,26,66
195216,19,25,15,10
195216,20,1737,780,957
195216,21,2410,1085,1325
195216,22,2397,1081,1316
195216,23,2391,1079,1312
195216,24,629,284,345
195216,25,1762,795,967
195216,31,6,2,4
195216,32,13,4,9
195216,39,25,15,10
195216,40,1737,780,957
195216,41,96,29,67
195216,42,17,7,10
195216,51,17,7,10
195216,52,79,22,57
195234,1,4542,1420,3122
195234,2,2891,969,1922
195234,3,2792,934,1858
195234,4,621,213,408
195234,5,2171,721,1450
195234,11,99,35,64
195234,12,1651,451,1200
195234,19,222,64,158
195234,20,1949,657,1292
195234,21,3303,1031,2272
195234,22,2664,887,1777
195234,23,2663,886,1777
195234,24,619,212,407
195234,25,2044,674,1370
195234,31,1,1,0
195234,32,639,144,495
195234,39,210,61,149
195234,40,1834,613,1221
195234,41,1239,389,850
195234,42,227,82,145
195234,43,129,48,81
195234,44,2,1,1
195234,45,127,47,80
195234,51,98,34,64
195234,52,1012,307,705
195234,59,12,3,9
195234,60,115,44,71
195243,1,1972,898,1074
195243,2,1801,844,957
195243,3,1279,597,682
195243,4,337,156,181
195243,5,942,441,501
195243,11,522,247,275
195243,12,171,54,117
195243,19,93,52,41
195243,20,849,389,460
195243,21,1307,597,710
195243,22,1259,585,674
195243,23,1229,567,662
195243,24,332,154,178
195243,25,897,413,484
195243,31,30,18,12
195243,32,48,12,36
195243,39,88,49,39
195243,40,809,364,445
195243,41,665,301,364
195243,42,542,259,283
195243,43,50,30,20
195243,44,5,2,3
195243,45,45,28,17
195243,51,492,229,263
195243,52,123,42,81
195243,59,5,3,2
195243,60,40,25,15
195289,1,163,20,143
195289,2,163,20,143
195289,3,163,20,143
195289,4,4,0,4
195289,5,159,20,139
195289,19,60,12,48
195289,20,99,8,91
195289,21,18,1,17
195289,22,18,1,17
195289,23,18,1,17
195289,24,2,0,2
195289,25,16,1,15
195289,39,6,1,5
195289,40,10,0,10
195289,41,145,19,126
195289,42,145,19,126
195289,43,145,19,126
195289,44,2,0,2
195289,45,143,19,124
195289,59,54,11,43
195289,60,89,8,81
195304,1,1782,462,1320
195304,2,1471,409,1062
195304,3,1402,395,1007
195304,4,427,117,310
195304,5,975,278,697
195304,11,69,14,55
195304,12,311,53,258
195304,19,37,15,22
195304,20,938,263,675
195304,21,1701,449,1252
195304,22,1441,402,1039
195304,23,1391,391,1000
195304,24,427,117,310
195304,25,964,274,690
195304,31,50,11,39
195304,32,260,47,213
195304,39,37,15,22
195304,40,927,259,668
195304,41,81,13,68
195304,42,30,7,23
195304,43,11,4,7
195304,45,11,4,7
195304,51,19,3,16
195304,52,51,6,45
195304,60,11,4,7
195322,1,6574,2958,3616
195322,2,6574,2958,3616
195322,3,3874,1733,2141
195322,4,1074,547,527
195322,5,2800,1186,1614
195322,11,2700,1225,1475
195322,19,398,181,217
195322,20,2402,1005,1397
195322,21,2747,1320,1427
195322,22,2747,1320,1427
195322,23,2671,1280,1391
195322,24,927,481,446
195322,25,1744,799,945
195322,31,76,40,36
195322,39,308,145,163
195322,40,1436,654,782
195322,41,3827,1638,2189
195322,42,3827,1638,2189
195322,43,1203,453,750
195322,44,147,66,81
195322,45,1056,387,669
195322,51,2624,1185,1439
195322,59,90,36,54
195322,60,966,351,615
195438,1,248,248,0
195438,2,190,190,0
195438,3,190,190,0
195438,4,16,16,0
195438,5,174,174,0
195438,12,58,58,0
195438,19,11,11,0
195438,20,163,163,0
195438,21,248,248,0
195438,22,190,190,0
195438,23,190,190,0
195438,24,16,16,0
195438,25,174,174,0
195438,32,58,58,0
195438,39,11,11,0
195438,40,163,163,0
195474,1,3207,1518,1689
195474,2,3151,1482,1669
195474,3,3102,1456,1646
195474,4,766,348,418
195474,5,2336,1108,1228
195474,11,49,26,23
195474,12,56,36,20
195474,19,132,67,65
195474,20,2204,1041,1163
195474,21,3059,1434,1625
195474,22,3007,1400,1607
195474,23,3005,1400,1605
195474,24,766,348,418
195474,25,2239,1052,1187
195474,31,2,0,2
195474,32,52,34,18
195474,39,118,61,57
195474,40,2121,991,1130
195474,41,148,84,64
195474,42,144,82,62
195474,43,97,56,41
195474,45,97,56,41
195474,51,47,26,21
195474,52,4,2,2
195474,59,14,6,8
195474,60,83,50,33
195492,1,22,10,12
195492,2,22,10,12
195492,3,22,10,12
195492,4,5,2,3
195492,5,17,8,9
195492,20,17,8,9
195492,21,20,10,10
195492,22,20,10,10
195492,23,20,10,10
195492,24,5,2,3
195492,25,15,8,7
195492,40,15,8,7
195492,41,2,0,2
195492,42,2,0,2
195492,43,2,0,2
195492,45,2,0,2
195492,60,2,0,2
195526,1,2702,1057,1645
195526,2,2684,1052,1632
195526,3,2646,1039,1607
195526,4,660,261,399
195526,5,1986,778,1208
195526,11,38,13,25
195526,12,18,5,13
195526,19,32,14,18
195526,20,1954,764,1190
195526,21,2647,1035,1612
195526,22,2647,1035,1612
195526,23,2633,1031,1602
195526,24,660,261,399
195526,25,1973,770,1203
195526,31,14,4,10
195526,39,32,14,18
195526,40,1941,756,1185
195526,41,55,22,33
195526,42,37,17,20
195526,43,13,8,5
195526,45,13,8,5
195526,51,24,9,15
195526,52,18,5,13
195526,60,13,8,5
195544,1,5354,1621,3733
195544,2,4529,1425,3104
195544,3,4408,1373,3035
195544,4,547,190,357
195544,5,3861,1183,2678
195544,11,121,52,69
195544,12,825,196,629
195544,19,499,180,319
195544,20,3362,1003,2359
195544,21,3699,1193,2506
195544,22,3591,1159,2432
195544,23,3566,1146,2420
195544,24,544,188,356
195544,25,3022,958,2064
195544,31,25,13,12
195544,32,108,34,74
195544,39,398,147,251
195544,40,2624,811,1813
195544,41,1655,428,1227
195544,42,938,266,672
195544,43,842,227,615
195544,44,3,2,1
195544,45,839,225,614
195544,51,96,39,57
195544,52,717,162,555
195544,59,101,33,68
195544,60,738,192,546
195580,1,81,69,12
195580,12,81,69,12
195580,21,68,58,10
195580,32,68,58,10
195580,41,13,11,2
195580,52,13,11,2
195623,1,15,11,4
195623,2,15,11,4
195623,3,15,11,4
195623,4,12,9,3
195623,5,3,2,1
195623,20,3,2,1
195623,21,4,2,2
195623,22,4,2,2
195623,23,4,2,2
195623,24,2,1,1
195623,25,2,1,1
195623,40,2,1,1
195623,41,11,9,2
195623,42,11,9,2
195623,43,11,9,2
195623,44,10,8,2
195623,45,1,1,0
195623,60,1,1,0
195687,1,159,22,137
195687,2,159,22,137
195687,3,159,22,137
195687,4,3,0,3
195687,5,156,22,134
195687,19,81,11,70
195687,20,75,11,64
195687,21,72,13,59
195687,22,72,13,59
195687,23,72,13,59
195687,24,3,0,3
195687,25,69,13,56
195687,39,49,9,40
195687,40,20,4,16
195687,41,87,9,78
195687,42,87,9,78
195687,43,87,9,78
195687,45,87,9,78
195687,59,32,2,30
195687,60,55,7,48
195702,1,13,3,10
195702,2,13,3,10
195702,3,13,3,10
195702,5,13,3,10
195702,20,13,3,10
195702,21,13,3,10
195702,22,13,3,10
195702,23,13,3,10
195702,25,13,3,10
195702,40,13,3,10
195720,1,3987,1541,2446
195720,2,2959,1186,1773
195720,3,2948,1181,1767
195720,4,521,210,311
195720,5,2427,971,1456
195720,11,11,5,6
195720,12,1028,355,673
195720,19,279,119,160
195720,20,2148,852,1296
195720,21,3350,1345,2005
195720,22,2738,1101,1637
195720,23,2737,1100,1637
195720,24,521,210,311
195720,25,2216,890,1326
195720,31,1,1,0
195720,32,612,244,368
195720,39,237,107,130
195720,40,1979,783,1196
195720,41,637,196,441
195720,42,221,85,136
195720,43,211,81,130
195720,45,211,81,130
195720,51,10,4,6
195720,52,416,111,305
195720,59,42,12,30
195720,60,169,69,100
195784,1,747,101,646
195784,2,747,101,646
195784,3,747,101,646
195784,4,90,11,79
195784,5,657,90,567
195784,19,126,18,108
195784,20,531,72,459
195784,21,557,67,490
195784,22,557,67,490
195784,23,557,67,490
195784,24,90,11,79
195784,25,467,56,411
195784,39,102,12,90
195784,40,365,44,321
195784,41,190,34,156
195784,42,190,34,156
195784,43,190,34,156
195784,45,190,34,156
195784,59,24,6,18
195784,60,166,28,138
195793,1,35,4,31
195793,2,35,4,31
195793,3,35,4,31
195793,4,1,0,1
195793,5,34,4,30
195793,20,34,4,30
195793,21,35,4,31
195793,22,35,4,31
195793,23,35,4,31
195793,24,1,0,1
195793,25,34,4,30
195793,40,34,4,30
195809,1,20729,9055,11674
195809,2,15773,7170,8603
195809,3,11147,5287,5860
195809,4,2794,1286,1508
195809,5,8353,4001,4352
195809,11,4626,1883,2743
195809,12,4956,1885,3071
195809,19,576,276,300
195809,20,7777,3725,4052
195809,21,13719,6320,7399
195809,22,10908,5164,5744
195809,23,10821,5128,5693
195809,24,2789,1281,1508
195809,25,8032,3847,4185
195809,31,87,36,51
195809,32,2811,1156,1655
195809,39,559,266,293
195809,40,7473,3581,3892
195809,41,7010,2735,4275
195809,42,4865,2006,2859
195809,43,326,159,167
195809,44,5,5,0
195809,45,321,154,167
195809,51,4539,1847,2692
195809,52,2145,729,1416
195809,59,17,10,7
195809,60,304,144,160
195845,1,614,73,541
195845,2,614,73,541
195845,3,558,70,488
195845,4,36,8,28
195845,5,522,62,460
195845,11,56,3,53
195845,19,80,11,69
195845,20,442,51,391
195845,21,343,48,295
195845,22,343,48,295
195845,23,335,47,288
195845,24,31,7,24
195845,25,304,40,264
195845,31,8,1,7
195845,39,53,7,46
195845,40,251,33,218
195845,41,271,25,246
195845,42,271,25,246
195845,43,223,23,200
195845,44,5,1,4
195845,45,218,22,196
195845,51,48,2,46
195845,59,27,4,23
195845,60,191,18,173
195933,1,795,324,471
195933,2,795,324,471
195933,3,795,324,471
195933,4,238,99,139
195933,5,557,225,332
195933,20,557,225,332
195933,21,532,232,300
195933,22,532,232,300
195933,23,532,232,300
195933,24,195,76,119
195933,25,337,156,181
195933,40,337,156,181
195933,41,263,92,171
195933,42,263,92,171
195933,43,263,92,171
195933,44,43,23,20
195933,45,220,69,151
195933,60,220,69,151
195988,1,1585,708,877
195988,2,1585,708,877
195988,3,1282,553,729
195988,4,391,193,198
195988,5,891,360,531
195988,11,303,155,148
195988,19,125,64,61
195988,20,766,296,470
195988,21,1019,478,541
195988,22,1019,478,541
195988,23,998,459,539
195988,24,367,187,180
195988,25,631,272,359
195988,31,21,19,2
195988,39,95,52,43
195988,40,536,220,316
195988,41,566,230,336
195988,42,566,230,336
195988,43,284,94,190
195988,44,24,6,18
195988,45,260,88,172
195988,51,282,136,146
195988,59,30,12,18
195988,60,230,76,154
196006,1,3555,2137,1418
196006,2,3555,2137,1418
196006,3,3494,2121,1373
196006,4,1101,725,376
196006,5,2393,1396,997
196006,11,61,16,45
196006,19,329,143,186
196006,20,2064,1253,811
196006,21,3222,2065,1157
196006,22,3222,2065,1157
196006,23,3218,2065,1153
196006,24,1094,724,370
196006,25,2124,1341,783
196006,31,4,0,4
196006,39,277,131,146
196006,40,1847,1210,637
196006,41,333,72,261
196006,42,333,72,261
196006,43,276,56,220
196006,44,7,1,6
196006,45,269,55,214
196006,51,57,16,41
196006,59,52,12,40
196006,60,217,43,174
196015,1,3512,1561,1951
196015,2,3512,1561,1951
196015,3,3354,1491,1863
196015,4,780,394,386
196015,5,2574,1097,1477
196015,11,158,70,88
196015,19,285,101,184
196015,20,2289,996,1293
196015,21,2938,1351,1587
196015,22,2938,1351,1587
196015,23,2938,1351,1587
196015,24,772,389,383
196015,25,2166,962,1204
196015,39,228,83,145
196015,40,1938,879,1059
196015,41,574,210,364
196015,42,574,210,364
196015,43,416,140,276
196015,44,8,5,3
196015,45,408,135,273
196015,51,158,70,88
196015,59,57,18,39
196015,60,351,117,234
196024,1,3308,1562,1746
196024,2,3308,1562,1746
196024,3,3206,1512,1694
196024,4,921,551,370
196024,5,2285,961,1324
196024,11,102,50,52
196024,19,313,105,208
196024,20,1972,856,1116
196024,21,2590,1398,1192
196024,22,2590,1398,1192
196024,23,2590,1398,1192
196024,24,918,549,369
196024,25,1672,849,823
196024,39,203,84,119
196024,40,1469,765,704
196024,41,718,164,554
196024,42,718,164,554
196024,43,616,114,502
196024,44,3,2,1
196024,45,613,112,501
196024,51,102,50,52
196024,59,110,21,89
196024,60,503,91,412
196033,1,2453,1174,1279
196033,2,2453,1174,1279
196033,3,2411,1160,1251
196033,4,775,376,399
196033,5,1636,784,852
196033,11,42,14,28
196033,19,193,101,92
196033,20,1443,683,760
196033,21,2267,1088,1179
196033,22,2267,1088,1179
196033,23,2264,1087,1177
196033,24,755,361,394
196033,25,1509,726,783
196033,31,3,1,2
196033,39,180,97,83
196033,40,1329,629,700
196033,41,186,86,100
196033,42,186,86,100
196033,43,147,73,74
196033,44,20,15,5
196033,45,127,58,69
196033,51,39,13,26
196033,59,13,4,9
196033,60,114,54,60
196042,1,8162,4696,3466
196042,2,8162,4696,3466
196042,3,7455,4359,3096
196042,4,1119,645,474
196042,5,6336,3714,2622
196042,11,707,337,370
196042,19,947,538,409
196042,20,5389,3176,2213
196042,21,6074,3651,2423
196042,22,6074,3651,2423
196042,23,5910,3541,2369
196042,24,1106,636,470
196042,25,4804,2905,1899
196042,31,164,110,54
196042,39,756,436,320
196042,40,4048,2469,1579
196042,41,2088,1045,1043
196042,42,2088,1045,1043
196042,43,1545,818,727
196042,44,13,9,4
196042,45,1532,809,723
196042,51,543,227,316
196042,59,191,102,89
196042,60,1341,707,634
196051,1,3028,1587,1441
196051,2,3028,1587,1441
196051,3,2849,1449,1400
196051,4,851,468,383
196051,5,1998,981,1017
196051,11,179,138,41
196051,19,201,96,105
196051,20,1797,885,912
196051,21,2668,1396,1272
196051,22,2668,1396,1272
196051,23,2667,1395,1272
196051,24,841,461,380
196051,25,1826,934,892
196051,31,1,1,0
196051,39,184,93,91
196051,40,1642,841,801
196051,41,360,191,169
196051,42,360,191,169
196051,43,182,54,128
196051,44,10,7,3
196051,45,172,47,125
196051,51,178,137,41
196051,59,17,3,14
196051,60,155,44,111
196060,1,17338,8400,8938
196060,2,12822,6645,6177
196060,3,12542,6499,6043
196060,4,2566,1375,1191
196060,5,9976,5124,4852
196060,11,280,146,134
196060,12,4516,1755,2761
196060,19,1387,716,671
196060,20,8589,4408,4181
196060,21,14398,7178,7220
196060,22,12055,6229,5826
196060,23,11968,6177,5791
196060,24,2564,1375,1189
196060,25,9404,4802,4602
196060,31,87,52,35
196060,32,2343,949,1394
196060,39,1316,670,646
196060,40,8088,4132,3956
196060,41,2940,1222,1718
196060,42,767,416,351
196060,43,574,322,252
196060,44,2,0,2
196060,45,572,322,250
196060,51,193,94,99
196060,52,2173,806,1367
196060,59,71,46,25
196060,60,501,276,225
196079,1,16077,8474,7603
196079,2,12997,6926,6071
196079,3,12940,6900,6040
196079,4,2633,1401,1232
196079,5,10307,5499,4808
196079,11,57,26,31
196079,12,3080,1548,1532
196079,19,1185,604,581
196079,20,9122,4895,4227
196079,21,14383,7644,6739
196079,22,12559,6687,5872
196079,23,12548,6681,5867
196079,24,2585,1367,1218
196079,25,9963,5314,4649
196079,31,11,6,5
196079,32,1824,957,867
196079,39,1165,598,567
196079,40,8798,4716,4082
196079,41,1694,830,864
196079,42,438,239,199
196079,43,392,219,173
196079,44,48,34,14
196079,45,344,185,159
196079,51,46,20,26
196079,52,1256,591,665
196079,59,20,6,14
196079,60,324,179,145
196088,1,29850,15804,14046
196088,2,19831,10773,9058
196088,3,19365,10577,8788
196088,4,3653,1996,1657
196088,5,15712,8581,7131
196088,11,466,196,270
196088,12,10019,5031,4988
196088,19,1924,1051,873
196088,20,13788,7530,6258
196088,21,24816,13393,11423
196088,22,18091,9945,8146
196088,23,17793,9836,7957
196088,24,3636,1986,1650
196088,25,14157,7850,6307
196088,31,298,109,189
196088,32,6725,3448,3277
196088,39,1759,975,784
196088,40,12398,6875,5523
196088,41,5034,2411,2623
196088,42,1740,828,912
196088,43,1572,741,831
196088,44,17,10,7
196088,45,1555,731,824
196088,51,168,87,81
196088,52,3294,1583,1711
196088,59,165,76,89
196088,60,1390,655,735
196097,1,24143,12210,11933
196097,2,15992,8603,7389
196097,3,15724,8483,7241
196097,4,2709,1592,1117
196097,5,13015,6891,6124
196097,11,268,120,148
196097,12,8151,3607,4544
196097,19,1527,708,819
196097,20,11488,6183,5305
196097,21,20044,10688,9356
196097,22,14892,8068,6824
196097,23,14690,7992,6698
196097,24,2708,1592,1116
196097,25,11982,6400,5582
196097,31,202,76,126
196097,32,5152,2620,2532
196097,39,1426,676,750
196097,40,10556,5724,4832
196097,41,4099,1522,2577
196097,42,1100,535,565
196097,43,1034,491,543
196097,44,1,0,1
196097,45,1033,491,542
196097,51,66,44,22
196097,52,2999,987,2012
196097,59,101,32,69
196097,60,932,459,473
196103,1,2229,1225,1004
196103,2,1702,966,736
196103,3,1694,962,732
196103,4,288,148,140
196103,5,1406,814,592
196103,11,8,4,4
196103,12,527,259,268
196103,19,226,160,66
196103,20,1180,654,526
196103,21,1966,1079,887
196103,22,1647,928,719
196103,23,1644,928,716
196103,24,288,148,140
196103,25,1356,780,576
196103,31,3,0,3
196103,32,319,151,168
196103,39,221,157,64
196103,40,1135,623,512
196103,41,263,146,117
196103,42,55,38,17
196103,43,50,34,16
196103,45,50,34,16
196103,51,5,4,1
196103,52,208,108,100
196103,59,5,3,2
196103,60,45,31,14
196112,1,2480,1346,1134
196112,2,1804,1059,745
196112,3,1714,1036,678
196112,4,275,217,58
196112,5,1439,819,620
196112,11,90,23,67
196112,12,676,287,389
196112,19,355,189,166
196112,20,1084,630,454
196112,21,1620,1043,577
196112,22,1425,949,476
196112,23,1417,945,472
196112,24,275,217,58
196112,25,1142,728,414
196112,31,8,4,4
196112,32,195,94,101
196112,39,314,181,133
196112,40,828,547,281
196112,41,860,303,557
196112,42,379,110,269
196112,43,297,91,206
196112,45,297,91,206
196112,51,82,19,63
196112,52,481,193,288
196112,59,41,8,33
196112,60,256,83,173
196121,1,8128,3542,4586
196121,2,7090,3201,3889
196121,3,7040,3179,3861
196121,4,1080,479,601
196121,5,5960,2700,3260
196121,11,50,22,28
196121,12,1038,341,697
196121,19,976,443,533
196121,20,4984,2257,2727
196121,21,6729,3041,3688
196121,22,6411,2928,3483
196121,23,6410,2928,3482
196121,24,1079,479,600
196121,25,5331,2449,2882
196121,31,1,0,1
196121,32,318,113,205
196121,39,868,413,455
196121,40,4463,2036,2427
196121,41,1399,501,898
196121,42,679,273,406
196121,43,630,251,379
196121,44,1,0,1
196121,45,629,251,378
196121,51,49,22,27
196121,52,720,228,492
196121,59,108,30,78
196121,60,521,221,300
196130,1,11091,4578,6513
196130,2,9355,4058,5297
196130,3,9190,3969,5221
196130,4,1324,597,727
196130,5,7866,3372,4494
196130,11,165,89,76
196130,12,1736,520,1216
196130,19,1060,474,586
196130,20,6806,2898,3908
196130,21,8799,3683,5116
196130,22,8293,3542,4751
196130,23,8272,3534,4738
196130,24,1320,595,725
196130,25,6952,2939,4013
196130,31,21,8,13
196130,32,506,141,365
196130,39,975,437,538
196130,40,5977,2502,3475
196130,41,2292,895,1397
196130,42,1062,516,546
196130,43,918,435,483
196130,44,4,2,2
196130,45,914,433,481
196130,51,144,81,63
196130,52,1230,379,851
196130,59,85,37,48
196130,60,829,396,433
196149,1,7110,3070,4040
196149,2,6400,2797,3603
196149,3,6394,2793,3601
196149,4,1207,484,723
196149,5,5187,2309,2878
196149,11,6,4,2
196149,12,710,273,437
196149,19,654,335,319
196149,20,4533,1974,2559
196149,21,6537,2828,3709
196149,22,6281,2736,3545
196149,23,6281,2736,3545
196149,24,1207,484,723
196149,25,5074,2252,2822
196149,32,256,92,164
196149,39,648,334,314
196149,40,4426,1918,2508
196149,41,573,242,331
196149,42,119,61,58
196149,43,113,57,56
196149,45,113,57,56
196149,51,6,4,2
196149,52,454,181,273
196149,59,6,1,5
196149,60,107,56,51
196158,1,5391,2348,3043
196158,2,5092,2280,2812
196158,3,5049,2260,2789
196158,4,1099,451,648
196158,5,3950,1809,2141
196158,11,43,20,23
196158,12,299,68,231
196158,19,431,242,189
196158,20,3519,1567,1952
196158,21,5149,2250,2899
196158,22,4945,2208,2737
196158,23,4940,2205,2735
196158,24,1096,449,647
196158,25,3844,1756,2088
196158,31,5,3,2
196158,32,204,42,162
196158,39,426,241,185
196158,40,3418,1515,1903
196158,41,242,98,144
196158,42,147,72,75
196158,43,109,55,54
196158,44,3,2,1
196158,45,106,53,53
196158,51,38,17,21
196158,52,95,26,69
196158,59,5,1,4
196158,60,101,52,49
196167,1,5644,2357,3287
196167,2,5504,2325,3179
196167,3,5463,2316,3147
196167,4,1132,460,672
196167,5,4331,1856,2475
196167,11,41,9,32
196167,12,140,32,108
196167,19,325,176,149
196167,20,4006,1680,2326
196167,21,5452,2282,3170
196167,22,5386,2264,3122
196167,23,5350,2258,3092
196167,24,1128,457,671
196167,25,4222,1801,2421
196167,31,36,6,30
196167,32,66,18,48
196167,39,317,172,145
196167,40,3905,1629,2276
196167,41,192,75,117
196167,42,118,61,57
196167,43,113,58,55
196167,44,4,3,1
196167,45,109,55,54
196167,51,5,3,2
196167,52,74,14,60
196167,59,8,4,4
196167,60,101,51,50
196176,1,7578,2753,4825
196176,2,6570,2457,4113
196176,3,6397,2399,3998
196176,4,1104,387,717
196176,5,5293,2012,3281
196176,11,173,58,115
196176,12,1008,296,712
196176,19,655,256,399
196176,20,4638,1756,2882
196176,21,6538,2389,4149
196176,22,6060,2251,3809
196176,23,6009,2233,3776
196176,24,1104,387,717
196176,25,4905,1846,3059
196176,31,51,18,33
196176,32,478,138,340
196176,39,615,238,377
196176,40,4290,1608,2682
196176,41,1040,364,676
196176,42,510,206,304
196176,43,388,166,222
196176,45,388,166,222
196176,51,122,40,82
196176,52,530,158,372
196176,59,40,18,22
196176,60,348,148,200
196185,1,6034,2356,3678
196185,2,5800,2304,3496
196185,3,5759,2286,3473
196185,4,1119,355,764
196185,5,4640,1931,2709
196185,11,41,18,23
196185,12,234,52,182
196185,19,508,245,263
196185,20,4132,1686,2446
196185,21,5808,2263,3545
196185,22,5675,2236,3439
196185,23,5662,2229,3433
196185,24,1119,355,764
196185,25,4543,1874,2669
196185,31,13,7,6
196185,32,133,27,106
196185,39,506,244,262
196185,40,4037,1630,2407
196185,41,226,93,133
196185,42,125,68,57
196185,43,97,57,40
196185,45,97,57,40
196185,51,28,11,17
196185,52,101,25,76
196185,59,2,1,1
196185,60,95,56,39
196194,1,8117,3873,4244
196194,2,7328,3553,3775
196194,3,7245,3511,3734
196194,4,1506,660,846
196194,5,5739,2851,2888
196194,11,83,42,41
196194,12,789,320,469
196194,19,795,450,345
196194,20,4944,2401,2543
196194,21,7306,3509,3797
196194,22,6954,3361,3593
196194,23,6951,3358,3593
196194,24,1504,659,845
196194,25,5447,2699,2748
196194,31,3,3,0
196194,32,352,148,204
196194,39,763,432,331
196194,40,4684,2267,2417
196194,41,811,364,447
196194,42,374,192,182
196194,43,294,153,141
196194,44,2,1,1
196194,45,292,152,140
196194,51,80,39,41
196194,52,437,172,265
196194,59,32,18,14
196194,60,260,134,126
196200,1,4042,1661,2381
196200,2,3707,1579,2128
196200,3,3683,1568,2115
196200,4,821,334,487
196200,5,2862,1234,1628
196200,11,24,11,13
196200,12,335,82,253
196200,19,254,118,136
196200,20,2608,1116,1492
196200,21,3817,1587,2230
196200,22,3596,1534,2062
196200,23,3595,1533,2062
196200,24,818,331,487
196200,25,2777,1202,1575
196200,31,1,1,0
196200,32,221,53,168
196200,39,247,116,131
196200,40,2530,1086,1444
196200,41,225,74,151
196200,42,111,45,66
196200,43,88,35,53
196200,44,3,3,0
196200,45,85,32,53
196200,51,23,10,13
196200,52,114,29,85
196200,59,7,2,5
196200,60,78,30,48
196219,1,4353,1937,2416
196219,2,4239,1884,2355
196219,3,4017,1756,2261
196219,4,775,322,453
196219,5,3242,1434,1808
196219,11,222,128,94
196219,12,114,53,61
196219,19,426,201,225
196219,20,2816,1233,1583
196219,21,3949,1737,2212
196219,22,3847,1692,2155
196219,23,3799,1663,2136
196219,24,773,321,452
196219,25,3026,1342,1684
196219,31,48,29,19
196219,32,102,45,57
196219,39,406,195,211
196219,40,2620,1147,1473
196219,41,404,200,204
196219,42,392,192,200
196219,43,218,93,125
196219,44,2,1,1
196219,45,216,92,124
196219,51,174,99,75
196219,52,12,8,4
196219,59,20,6,14
196219,60,196,86,110
196228,1,343,95,248
196228,12,343,95,248
196228,21,340,94,246
196228,32,340,94,246
196228,41,3,1,2
196228,52,3,1,2
196237,1,4367,1850,2517
196237,2,4161,1764,2397
196237,3,4045,1708,2337
196237,4,415,169,246
196237,5,3630,1539,2091
196237,11,116,56,60
196237,12,206,86,120
196237,19,706,299,407
196237,20,2924,1240,1684
196237,21,3657,1522,2135
196237,22,3558,1486,2072
196237,23,3529,1474,2055
196237,24,415,169,246
196237,25,3114,1305,1809
196237,31,29,12,17
196237,32,99,36,63
196237,39,626,266,360
196237,40,2488,1039,1449
196237,41,710,328,382
196237,42,603,278,325
196237,43,516,234,282
196237,45,516,234,282
196237,51,87,44,43
196237,52,107,50,57
196237,59,80,33,47
196237,60,436,201,235
196246,1,6051,2577,3474
196246,2,5639,2470,3169
196246,3,5494,2401,3093
196246,4,954,388,566
196246,5,4540,2013,2527
196246,11,145,69,76
196246,12,412,107,305
196246,19,612,274,338
196246,20,3928,1739,2189
196246,21,5458,2380,3078
196246,22,5186,2311,2875
196246,23,5145,2291,2854
196246,24,953,387,566
196246,25,4192,1904,2288
196246,31,41,20,21
196246,32,272,69,203
196246,39,553,262,291
196246,40,3639,1642,1997
196246,41,593,197,396
196246,42,453,159,294
196246,43,349,110,239
196246,44,1,1,0
196246,45,348,109,239
196246,51,104,49,55
196246,52,140,38,102
196246,59,59,12,47
196246,60,289,97,192
196255,1,1865,703,1162
196255,2,358,71,287
196255,3,346,68,278
196255,5,346,68,278
196255,11,12,3,9
196255,12,1507,632,875
196255,19,80,9,71
196255,20,266,59,207
196255,21,1367,597,770
196255,22,235,53,182
196255,23,235,53,182
196255,25,235,53,182
196255,32,1132,544,588
196255,39,42,5,37
196255,40,193,48,145
196255,41,498,106,392
196255,42,123,18,105
196255,43,111,15,96
196255,45,111,15,96
196255,51,12,3,9
196255,52,375,88,287
196255,59,38,4,34
196255,60,73,11,62
196264,1,11823,4455,7368
196264,2,10827,4108,6719
196264,3,9793,3702,6091
196264,4,373,195,178
196264,5,9420,3507,5913
196264,11,1034,406,628
196264,12,996,347,649
196264,19,1342,446,896
196264,20,8078,3061,5017
196264,21,4309,1323,2986
196264,22,4218,1286,2932
196264,23,4133,1245,2888
196264,24,188,65,123
196264,25,3945,1180,2765
196264,31,85,41,44
196264,32,91,37,54
196264,39,781,245,536
196264,40,3164,935,2229
196264,41,7514,3132,4382
196264,42,6609,2822,3787
196264,43,5660,2457,3203
196264,44,185,130,55
196264,45,5475,2327,3148
196264,51,949,365,584
196264,52,905,310,595
196264,59,561,201,360
196264,60,4914,2126,2788
196291,1,1755,1548,207
196291,2,1601,1430,171
196291,3,1565,1403,162
196291,4,330,291,39
196291,5,1235,1112,123
196291,11,36,27,9
196291,12,154,118,36
196291,19,91,83,8
196291,20,1144,1029,115
196291,21,1612,1438,174
196291,22,1517,1364,153
196291,23,1513,1360,153
196291,24,330,291,39
196291,25,1183,1069,114
196291,31,4,4,0
196291,32,95,74,21
196291,39,90,82,8
196291,40,1093,987,106
196291,41,143,110,33
196291,42,84,66,18
196291,43,52,43,9
196291,45,52,43,9
196291,51,32,23,9
196291,52,59,44,15
196291,59,1,1,0
196291,60,51,42,9
196307,1,1617,615,1002
196307,2,286,77,209
196307,3,284,76,208
196307,5,284,76,208
196307,11,2,1,1
196307,12,1331,538,793
196307,19,105,26,79
196307,20,179,50,129
196307,21,1272,555,717
196307,22,209,67,142
196307,23,209,67,142
196307,25,209,67,142
196307,32,1063,488,575
196307,39,92,24,68
196307,40,117,43,74
196307,41,345,60,285
196307,42,77,10,67
196307,43,75,9,66
196307,45,75,9,66
196307,51,2,1,1
196307,52,268,50,218
196307,59,13,2,11
196307,60,62,7,55
196389,1,848,283,565
196389,2,848,283,565
196389,3,848,283,565
196389,4,204,76,128
196389,5,644,207,437
196389,19,13,1,12
196389,20,631,206,425
196389,21,733,245,488
196389,22,733,245,488
196389,23,733,245,488
196389,24,172,56,116
196389,25,561,189,372
196389,39,13,1,12
196389,40,548,188,360
196389,41,115,38,77
196389,42,115,38,77
196389,43,115,38,77
196389,44,32,20,12
196389,45,83,18,65
196389,60,83,18,65
196413,1,21267,9789,11478
196413,2,15097,6755,8342
196413,3,14738,6618,8120
196413,4,3487,1552,1935
196413,5,11251,5066,6185
196413,11,359,137,222
196413,12,6170,3034,3136
196413,19,422,215,207
196413,20,10829,4851,5978
196413,21,19092,8790,10302
196413,22,14422,6448,7974
196413,23,14196,6385,7811
196413,24,3476,1545,1931
196413,25,10720,4840,5880
196413,31,226,63,163
196413,32,4670,2342,2328
196413,39,381,192,189
196413,40,10339,4648,5691
196413,41,2175,999,1176
196413,42,675,307,368
196413,43,542,233,309
196413,44,11,7,4
196413,45,531,226,305
196413,51,133,74,59
196413,52,1500,692,808
196413,59,41,23,18
196413,60,490,203,287
196431,1,321,321,0
196431,2,321,321,0
196431,3,321,321,0
196431,4,49,49,0
196431,5,272,272,0
196431,19,150,150,0
196431,20,122,122,0
196431,21,321,321,0
196431,22,321,321,0
196431,23,321,321,0
196431,24,49,49,0
196431,25,272,272,0
196431,39,150,150,0
196431,40,122,122,0
196440,1,24,24,0
196440,2,17,17,0
196440,3,17,17,0
196440,4,7,7,0
196440,5,10,10,0
196440,12,7,7,0
196440,19,1,1,0
196440,20,9,9,0
196440,21,23,23,0
196440,22,17,17,0
196440,23,17,17,0
196440,24,7,7,0
196440,25,10,10,0
196440,32,6,6,0
196440,39,1,1,0
196440,40,9,9,0
196440,41,1,1,0
196440,52,1,1,0
196468,1,5149,1232,3917
196468,12,5149,1232,3917
196468,21,3169,713,2456
196468,32,3169,713,2456
196468,41,1980,519,1461
196468,52,1980,519,1461
196477,1,3020,1873,1147
196477,2,3020,1873,1147
196477,3,3019,1872,1147
196477,4,562,398,164
196477,5,2457,1474,983
196477,11,1,1,0
196477,19,348,206,142
196477,20,2109,1268,841
196477,21,2640,1648,992
196477,22,2640,1648,992
196477,23,2640,1648,992
196477,24,553,390,163
196477,25,2087,1258,829
196477,39,336,201,135
196477,40,1751,1057,694
196477,41,380,225,155
196477,42,380,225,155
196477,43,379,224,155
196477,44,9,8,1
196477,45,370,216,154
196477,51,1,1,0
196477,59,12,5,7
196477,60,358,211,147
196565,1,5490,2464,3026
196565,2,5490,2464,3026
196565,3,3040,1317,1723
196565,4,886,441,445
196565,5,2154,876,1278
196565,11,2450,1147,1303
196565,19,295,130,165
196565,20,1859,746,1113
196565,21,2587,1185,1402
196565,22,2587,1185,1402
196565,23,2468,1139,1329
196565,24,841,422,419
196565,25,1627,717,910
196565,31,119,46,73
196565,39,225,106,119
196565,40,1402,611,791
196565,41,2903,1279,1624
196565,42,2903,1279,1624
196565,43,572,178,394
196565,44,45,19,26
196565,45,527,159,368
196565,51,2331,1101,1230
196565,59,70,24,46
196565,60,457,135,322
196583,1,180,180,0
196583,2,180,180,0
196583,3,180,180,0
196583,4,53,53,0
196583,5,127,127,0
196583,19,11,11,0
196583,20,116,116,0
196583,21,180,180,0
196583,22,180,180,0
196583,23,180,180,0
196583,24,53,53,0
196583,25,127,127,0
196583,39,11,11,0
196583,40,116,116,0
196592,1,13868,4106,9762
196592,2,6827,2103,4724
196592,3,6196,1990,4206
196592,4,764,164,600
196592,5,5432,1826,3606
196592,11,631,113,518
196592,12,7041,2003,5038
196592,19,725,296,429
196592,20,4707,1530,3177
196592,21,8105,2813,5292
196592,22,5139,1660,3479
196592,23,5108,1640,3468
196592,24,716,151,565
196592,25,4392,1489,2903
196592,31,31,20,11
196592,32,2966,1153,1813
196592,39,624,260,364
196592,40,3768,1229,2539
196592,41,5763,1293,4470
196592,42,1688,443,1245
196592,43,1088,350,738
196592,44,48,13,35
196592,45,1040,337,703
196592,51,600,93,507
196592,52,4075,850,3225
196592,59,101,36,65
196592,60,939,301,638
196653,1,1492,209,1283
196653,2,1492,209,1283
196653,3,1384,179,1205
196653,4,149,19,130
196653,5,1235,160,1075
196653,11,108,30,78
196653,19,294,43,251
196653,20,941,117,824
196653,21,675,89,586
196653,22,675,89,586
196653,23,675,89,586
196653,24,122,14,108
196653,25,553,75,478
196653,39,169,26,143
196653,40,384,49,335
196653,41,817,120,697
196653,42,817,120,697
196653,43,709,90,619
196653,44,27,5,22
196653,45,682,85,597
196653,51,108,30,78
196653,59,125,17,108
196653,60,557,68,489
196680,1,39897,17374,22523
196680,2,37440,16214,21226
196680,3,37440,16214,21226
196680,5,37440,16214,21226
196680,12,2457,1160,1297
196680,19,2976,1564,1412
196680,20,34464,14650,19814
196680,41,39897,17374,22523
196680,42,37440,16214,21226
196680,43,37440,16214,21226
196680,45,37440,16214,21226
196680,52,2457,1160,1297
196680,59,2976,1564,1412
196680,60,34464,14650,19814
196699,1,3615,1501,2114
196699,2,3615,1501,2114
196699,3,2234,912,1322
196699,4,653,312,341
196699,5,1581,600,981
196699,11,1381,589,792
196699,19,133,40,93
196699,20,1448,560,888
196699,21,1654,740,914
196699,22,1654,740,914
196699,23,1578,715,863
196699,24,583,292,291
196699,25,995,423,572
196699,31,76,25,51
196699,39,94,32,62
196699,40,901,391,510
196699,41,1961,761,1200
196699,42,1961,761,1200
196699,43,656,197,459
196699,44,70,20,50
196699,45,586,177,409
196699,51,1305,564,741
196699,59,39,8,31
196699,60,547,169,378
196857,1,1479,121,1358
196857,2,1479,121,1358
196857,3,1479,121,1358
196857,4,174,14,160
196857,5,1305,107,1198
196857,20,1305,107,1198
196857,21,1413,114,1299
196857,22,1413,114,1299
196857,23,1413,114,1299
196857,24,174,14,160
196857,25,1239,100,1139
196857,40,1239,100,1139
196857,41,66,7,59
196857,42,66,7,59
196857,43,66,7,59
196857,45,66,7,59
196857,60,66,7,59
196866,1,2246,1210,1036
196866,2,2246,1210,1036
196866,3,2206,1187,1019
196866,4,559,291,268
196866,5,1647,896,751
196866,11,40,23,17
196866,19,23,15,8
196866,20,1624,881,743
196866,21,2225,1199,1026
196866,22,2225,1199,1026
196866,23,2202,1185,1017
196866,24,559,291,268
196866,25,1643,894,749
196866,31,23,14,9
196866,39,23,15,8
196866,40,1620,879,741
196866,41,21,11,10
196866,42,21,11,10
196866,43,4,2,2
196866,45,4,2,2
196866,51,17,9,8
196866,60,4,2,2
196884,1,253,113,140
196884,12,253,113,140
196884,21,216,96,120
196884,32,216,96,120
196884,41,37,17,20
196884,52,37,17,20
197018,1,2071,2071,0
197018,2,1814,1814,0
197018,3,1814,1814,0
197018,4,512,512,0
197018,5,1302,1302,0
197018,12,257,257,0
197018,19,82,82,0
197018,20,1220,1220,0
197018,21,2071,2071,0
197018,22,1814,1814,0
197018,23,1814,1814,0
197018,24,512,512,0
197018,25,1302,1302,0
197018,32,257,257,0
197018,39,82,82,0
197018,40,1220,1220,0
197027,1,985,842,143
197027,2,958,819,139
197027,3,958,819,139
197027,4,218,178,40
197027,5,740,641,99
197027,12,27,23,4
197027,19,19,18,1
197027,20,721,623,98
197027,21,958,819,139
197027,22,958,819,139
197027,23,958,819,139
197027,24,218,178,40
197027,25,740,641,99
197027,39,19,18,1
197027,40,721,623,98
197027,41,27,23,4
197027,52,27,23,4
197036,1,4591,3829,762
197036,2,4591,3829,762
197036,3,4591,3829,762
197036,4,1176,991,185
197036,5,3415,2838,577
197036,20,3415,2838,577
197036,21,4591,3829,762
197036,22,4591,3829,762
197036,23,4591,3829,762
197036,24,1176,991,185
197036,25,3415,2838,577
197036,40,3415,2838,577
197045,1,4028,1595,2433
197045,2,2881,1129,1752
197045,3,2831,1113,1718
197045,4,488,248,240
197045,5,2343,865,1478
197045,11,50,16,34
197045,12,1147,466,681
197045,19,374,116,258
197045,20,1969,749,1220
197045,21,2444,1052,1392
197045,22,2230,982,1248
197045,23,2212,977,1235
197045,24,486,247,239
197045,25,1726,730,996
197045,31,18,5,13
197045,32,214,70,144
197045,39,230,77,153
197045,40,1496,653,843
197045,41,1584,543,1041
197045,42,651,147,504
197045,43,619,136,483
197045,44,2,1,1
197045,45,617,135,482
197045,51,32,11,21
197045,52,933,396,537
197045,59,144,39,105
197045,60,473,96,377
197081,1,324,66,258
197081,2,324,66,258
197081,3,275,58,217
197081,4,49,14,35
197081,5,226,44,182
197081,11,49,8,41
197081,19,42,7,35
197081,20,184,37,147
197081,21,222,47,175
197081,22,222,47,175
197081,23,222,47,175
197081,24,46,13,33
197081,25,176,34,142
197081,39,38,6,32
197081,40,138,28,110
197081,41,102,19,83
197081,42,102,19,83
197081,43,53,11,42
197081,44,3,1,2
197081,45,50,10,40
197081,51,49,8,41
197081,59,4,1,3
197081,60,46,9,37
197133,1,2477,1099,1378
197133,2,2477,1099,1378
197133,3,2436,1073,1363
197133,4,665,285,380
197133,5,1771,788,983
197133,11,41,26,15
197133,19,9,6,3
197133,20,1762,782,980
197133,21,2437,1075,1362
197133,22,2437,1075,1362
197133,23,2422,1068,1354
197133,24,662,285,377
197133,25,1760,783,977
197133,31,15,7,8
197133,39,9,6,3
197133,40,1751,777,974
197133,41,40,24,16
197133,42,40,24,16
197133,43,14,5,9
197133,44,3,0,3
197133,45,11,5,6
197133,51,26,19,7
197133,60,11,5,6
197142,1,465,156,309
197142,2,465,156,309
197142,3,456,154,302
197142,4,124,32,92
197142,5,332,122,210
197142,11,9,2,7
197142,19,78,27,51
197142,20,254,95,159
197142,21,356,124,232
197142,22,356,124,232
197142,23,356,124,232
197142,24,120,32,88
197142,25,236,92,144
197142,39,51,18,33
197142,40,185,74,111
197142,41,109,32,77
197142,42,109,32,77
197142,43,100,30,70
197142,44,4,0,4
197142,45,96,30,66
197142,51,9,2,7
197142,59,27,9,18
197142,60,69,21,48
197151,1,4338,1690,2648
197151,2,3636,1436,2200
197151,3,3469,1368,2101
197151,4,656,245,411
197151,5,2813,1123,1690
197151,11,167,68,99
197151,12,702,254,448
197151,19,277,119,158
197151,20,2536,1004,1532
197151,21,3945,1521,2424
197151,22,3349,1309,2040
197151,23,3325,1297,2028
197151,24,655,244,411
197151,25,2670,1053,1617
197151,31,24,12,12
197151,32,596,212,384
197151,39,275,119,156
197151,40,2395,934,1461
197151,41,393,169,224
197151,42,287,127,160
197151,43,144,71,73
197151,44,1,1,0
197151,45,143,70,73
197151,51,143,56,87
197151,52,106,42,64
197151,59,2,0,2
197151,60,141,70,71
197197,1,2245,768,1477
197197,2,1842,644,1198
197197,3,1830,639,1191
197197,4,430,163,267
197197,5,1400,476,924
197197,11,12,5,7
197197,12,403,124,279
197197,19,102,26,76
197197,20,1298,450,848
197197,21,1985,704,1281
197197,22,1765,621,1144
197197,23,1764,621,1143
197197,24,430,163,267
197197,25,1334,458,876
197197,31,1,0,1
197197,32,220,83,137
197197,39,97,24,73
197197,40,1237,434,803
197197,41,260,64,196
197197,42,77,23,54
197197,43,66,18,48
197197,45,66,18,48
197197,51,11,5,6
197197,52,183,41,142
197197,59,5,2,3
197197,60,61,16,45
197221,1,82,65,17
197221,2,82,65,17
197221,3,82,65,17
197221,4,26,22,4
197221,5,56,43,13
197221,20,56,43,13
197221,21,82,65,17
197221,22,82,65,17
197221,23,82,65,17
197221,24,26,22,4
197221,25,56,43,13
197221,40,56,43,13
197230,1,534,180,354
197230,2,534,180,354
197230,3,526,178,348
197230,4,161,55,106
197230,5,365,123,242
197230,11,8,2,6
197230,19,51,30,21
197230,20,314,93,221
197230,21,524,175,349
197230,22,524,175,349
197230,23,518,174,344
197230,24,161,55,106
197230,25,357,119,238
197230,31,6,1,5
197230,39,47,27,20
197230,40,310,92,218
197230,41,10,5,5
197230,42,10,5,5
197230,43,8,4,4
197230,45,8,4,4
197230,51,2,1,1
197230,59,4,3,1
197230,60,4,1,3
197285,1,1197,465,732
197285,2,1197,465,732
197285,3,1083,433,650
197285,4,239,118,121
197285,5,844,315,529
197285,11,114,32,82
197285,19,124,45,79
197285,20,720,270,450
197285,21,948,390,558
197285,22,948,390,558
197285,23,948,390,558
197285,24,232,116,116
197285,25,716,274,442
197285,39,101,40,61
197285,40,615,234,381
197285,41,249,75,174
197285,42,249,75,174
197285,43,135,43,92
197285,44,7,2,5
197285,45,128,41,87
197285,51,114,32,82
197285,59,23,5,18
197285,60,105,36,69
197294,1,13781,6605,7176
197294,2,13781,6605,7176
197294,3,12234,5990,6244
197294,4,2512,1337,1175
197294,5,9722,4653,5069
197294,11,1547,615,932
197294,19,806,363,443
197294,20,8916,4290,4626
197294,21,7640,3923,3717
197294,22,7640,3923,3717
197294,23,7434,3787,3647
197294,24,2070,1107,963
197294,25,5364,2680,2684
197294,31,206,136,70
197294,39,537,260,277
197294,40,4827,2420,2407
197294,41,6141,2682,3459
197294,42,6141,2682,3459
197294,43,4800,2203,2597
197294,44,442,230,212
197294,45,4358,1973,2385
197294,51,1341,479,862
197294,59,269,103,166
197294,60,4089,1870,2219
197337,1,116,7,109
197337,2,116,7,109
197337,3,116,7,109
197337,4,11,1,10
197337,5,105,6,99
197337,20,105,6,99
197337,21,70,5,65
197337,22,70,5,65
197337,23,70,5,65
197337,24,8,1,7
197337,25,62,4,58
197337,40,62,4,58
197337,41,46,2,44
197337,42,46,2,44
197337,43,46,2,44
197337,44,3,0,3
197337,45,43,2,41
197337,60,43,2,41
197522,1,476,129,347
197522,2,476,129,347
197522,3,476,129,347
197522,4,183,57,126
197522,5,293,72,221
197522,19,87,18,69
197522,20,206,54,152
197522,21,476,129,347
197522,22,476,129,347
197522,23,476,129,347
197522,24,183,57,126
197522,25,293,72,221
197522,39,87,18,69
197522,40,206,54,152
197531,1,562,263,299
197531,2,562,263,299
197531,3,562,263,299
197531,4,393,174,219
197531,5,169,89,80
197531,20,169,89,80
197531,21,562,263,299
197531,22,562,263,299
197531,23,562,263,299
197531,24,393,174,219
197531,25,169,89,80
197531,40,169,89,80
197601,1,119,119,0
197601,2,119,119,0
197601,3,119,119,0
197601,4,20,20,0
197601,5,99,99,0
197601,19,3,3,0
197601,20,96,96,0
197601,21,119,119,0
197601,22,119,119,0
197601,23,119,119,0
197601,24,20,20,0
197601,25,99,99,0
197601,39,3,3,0
197601,40,96,96,0
197610,1,164,164,0
197610,2,152,152,0
197610,3,152,152,0
197610,4,64,64,0
197610,5,88,88,0
197610,12,12,12,0
197610,19,7,7,0
197610,20,81,81,0
197610,21,164,164,0
197610,22,152,152,0
197610,23,152,152,0
197610,24,64,64,0
197610,25,88,88,0
197610,32,12,12,0
197610,39,7,7,0
197610,40,81,81,0
197647,1,153,153,0
197647,2,104,104,0
197647,3,104,104,0
197647,4,27,27,0
197647,5,77,77,0
197647,12,49,49,0
197647,19,7,7,0
197647,20,70,70,0
197647,21,142,142,0
197647,22,104,104,0
197647,23,104,104,0
197647,24,27,27,0
197647,25,77,77,0
197647,32,38,38,0
197647,39,7,7,0
197647,40,70,70,0
197647,41,11,11,0
197647,52,11,11,0
197674,1,250,250,0
197674,2,220,220,0
197674,3,220,220,0
197674,4,69,69,0
197674,5,151,151,0
197674,12,30,30,0
197674,19,4,4,0
197674,20,147,147,0
197674,21,250,250,0
197674,22,220,220,0
197674,23,220,220,0
197674,24,69,69,0
197674,25,151,151,0
197674,32,30,30,0
197674,39,4,4,0
197674,40,147,147,0
197692,1,95,95,0
197692,2,75,75,0
197692,3,75,75,0
197692,4,24,24,0
197692,5,51,51,0
197692,12,20,20,0
197692,20,51,51,0
197692,21,95,95,0
197692,22,75,75,0
197692,23,75,75,0
197692,24,24,24,0
197692,25,51,51,0
197692,32,20,20,0
197692,40,51,51,0
197708,1,6747,3212,3535
197708,2,2887,1517,1370
197708,3,2887,1517,1370
197708,4,862,467,395
197708,5,2025,1050,975
197708,12,3860,1695,2165
197708,19,28,16,12
197708,20,1997,1034,963
197708,21,5585,2674,2911
197708,22,2782,1433,1349
197708,23,2782,1433,1349
197708,24,860,465,395
197708,25,1922,968,954
197708,32,2803,1241,1562
197708,39,26,15,11
197708,40,1896,953,943
197708,41,1162,538,624
197708,42,105,84,21
197708,43,105,84,21
197708,44,2,2,0
197708,45,103,82,21
197708,52,1057,454,603
197708,59,2,1,1
197708,60,101,81,20
197735,1,604,604,0
197735,2,470,470,0
197735,3,470,470,0
197735,4,111,111,0
197735,5,359,359,0
197735,12,134,134,0
197735,19,3,3,0
197735,20,356,356,0
197735,21,604,604,0
197735,22,470,470,0
197735,23,470,470,0
197735,24,111,111,0
197735,25,359,359,0
197735,32,134,134,0
197735,39,3,3,0
197735,40,356,356,0
197744,1,198,198,0
197744,2,164,164,0
197744,3,164,164,0
197744,4,12,12,0
197744,5,152,152,0
197744,12,34,34,0
197744,19,44,44,0
197744,20,108,108,0
197744,21,198,198,0
197744,22,164,164,0
197744,23,164,164,0
197744,24,12,12,0
197744,25,152,152,0
197744,32,34,34,0
197744,39,44,44,0
197744,40,108,108,0
197814,1,2607,916,1691
197814,2,2607,916,1691
197814,3,2147,757,1390
197814,4,568,261,307
197814,5,1579,496,1083
197814,11,460,159,301
197814,19,454,137,317
197814,20,1125,359,766
197814,21,1170,495,675
197814,22,1170,495,675
197814,23,1097,468,629
197814,24,391,193,198
197814,25,706,275,431
197814,31,73,27,46
197814,39,192,71,121
197814,40,514,204,310
197814,41,1437,421,1016
197814,42,1437,421,1016
197814,43,1050,289,761
197814,44,177,68,109
197814,45,873,221,652
197814,51,387,132,255
197814,59,262,66,196
197814,60,611,155,456
197832,1,1427,670,757
197832,2,1427,670,757
197832,3,1427,670,757
197832,4,423,223,200
197832,5,1004,447,557
197832,19,199,93,106
197832,20,805,354,451
197832,21,817,388,429
197832,22,817,388,429
197832,23,817,388,429
197832,24,280,147,133
197832,25,537,241,296
197832,39,111,54,57
197832,40,426,187,239
197832,41,610,282,328
197832,42,610,282,328
197832,43,610,282,328
197832,44,143,76,67
197832,45,467,206,261
197832,59,88,39,49
197832,60,379,167,212
197850,1,2776,871,1905
197850,2,2776,871,1905
197850,3,1921,589,1332
197850,4,475,196,279
197850,5,1446,393,1053
197850,11,855,282,573
197850,19,199,46,153
197850,20,1247,347,900
197850,21,762,261,501
197850,22,762,261,501
197850,23,651,230,421
197850,24,190,90,100
197850,25,461,140,321
197850,31,111,31,80
197850,39,73,16,57
197850,40,388,124,264
197850,41,2014,610,1404
197850,42,2014,610,1404
197850,43,1270,359,911
197850,44,285,106,179
197850,45,985,253,732
197850,51,744,251,493
197850,59,126,30,96
197850,60,859,223,636
197869,1,17838,8050,9788
197869,2,16025,7499,8526
197869,3,15840,7420,8420
197869,4,2883,1295,1588
197869,5,12957,6125,6832
197869,11,185,79,106
197869,12,1813,551,1262
197869,19,1329,598,731
197869,20,11628,5527,6101
197869,21,16021,7459,8562
197869,22,15115,7141,7974
197869,23,15023,7107,7916
197869,24,2883,1295,1588
197869,25,12140,5812,6328
197869,31,92,34,58
197869,32,906,318,588
197869,39,1167,572,595
197869,40,10973,5240,5733
197869,41,1817,591,1226
197869,42,910,358,552
197869,43,817,313,504
197869,45,817,313,504
197869,51,93,45,48
197869,52,907,233,674
197869,59,162,26,136
197869,60,655,287,368
197887,1,8092,3500,4592
197887,2,8092,3500,4592
197887,3,6327,2727,3600
197887,4,1098,506,592
197887,5,5229,2221,3008
197887,11,1765,773,992
197887,19,1259,505,754
197887,20,3970,1716,2254
197887,21,2638,1177,1461
197887,22,2638,1177,1461
197887,23,2508,1106,1402
197887,24,543,253,290
197887,25,1965,853,1112
197887,31,130,71,59
197887,39,496,217,279
197887,40,1469,636,833
197887,41,5454,2323,3131
197887,42,5454,2323,3131
197887,43,3819,1621,2198
197887,44,555,253,302
197887,45,3264,1368,1896
197887,51,1635,702,933
197887,59,763,288,475
197887,60,2501,1080,1421
197911,1,1065,327,738
197911,2,1057,327,730
197911,3,1043,326,717
197911,4,217,75,142
197911,5,826,251,575
197911,11,14,1,13
197911,12,8,0,8
197911,19,93,30,63
197911,20,733,221,512
197911,21,906,311,595
197911,22,900,311,589
197911,23,899,311,588
197911,24,215,75,140
197911,25,684,236,448
197911,31,1,0,1
197911,32,6,0,6
197911,39,73,27,46
197911,40,611,209,402
197911,41,159,16,143
197911,42,157,16,141
197911,43,144,15,129
197911,44,2,0,2
197911,45,142,15,127
197911,51,13,1,12
197911,52,2,0,2
197911,59,20,3,17
197911,60,122,12,110
197966,1,2019,711,1308
197966,2,2019,711,1308
197966,3,1587,546,1041
197966,4,288,138,150
197966,5,1299,408,891
197966,11,432,165,267
197966,19,334,94,240
197966,20,965,314,651
197966,21,866,353,513
197966,22,866,353,513
197966,23,819,335,484
197966,24,175,89,86
197966,25,644,246,398
197966,31,47,18,29
197966,39,148,55,93
197966,40,496,191,305
197966,41,1153,358,795
197966,42,1153,358,795
197966,43,768,211,557
197966,44,113,49,64
197966,45,655,162,493
197966,51,385,147,238
197966,59,186,39,147
197966,60,469,123,346
197984,1,1647,693,954
197984,2,1647,693,954
197984,3,1634,686,948
197984,4,286,152,134
197984,5,1348,534,814
197984,11,13,7,6
197984,19,176,65,111
197984,20,1172,469,703
197984,21,1549,656,893
197984,22,1549,656,893
197984,23,1542,652,890
197984,24,285,151,134
197984,25,1257,501,756
197984,31,7,4,3
197984,39,165,61,104
197984,40,1092,440,652
197984,41,98,37,61
197984,42,98,37,61
197984,43,92,34,58
197984,44,1,1,0
197984,45,91,33,58
197984,51,6,3,3
197984,59,11,4,7
197984,60,80,29,51
197993,1,680,0,680
197993,2,680,0,680
197993,3,612,0,612
197993,4,194,0,194
197993,5,418,0,418
197993,11,68,0,68
197993,19,15,0,15
197993,20,403,0,403
197993,21,609,0,609
197993,22,609,0,609
197993,23,609,0,609
197993,24,194,0,194
197993,25,415,0,415
197993,39,14,0,14
197993,40,401,0,401
197993,41,71,0,71
197993,42,71,0,71
197993,43,3,0,3
197993,45,3,0,3
197993,51,68,0,68
197993,59,1,0,1
197993,60,2,0,2
198011,1,1199,341,858
198011,2,1199,341,858
198011,3,1016,264,752
198011,4,220,84,136
198011,5,796,180,616
198011,11,183,77,106
198011,19,322,54,268
198011,20,474,126,348
198011,21,539,154,385
198011,22,539,154,385
198011,23,530,152,378
198011,24,139,55,84
198011,25,391,97,294
198011,31,9,2,7
198011,39,133,22,111
198011,40,258,75,183
198011,41,660,187,473
198011,42,660,187,473
198011,43,486,112,374
198011,44,81,29,52
198011,45,405,83,322
198011,51,174,75,99
198011,59,189,32,157
198011,60,216,51,165
198039,1,2324,969,1355
198039,2,2324,969,1355
198039,3,1924,807,1117
198039,4,367,163,204
198039,5,1557,644,913
198039,11,400,162,238
198039,19,172,76,96
198039,20,1385,568,817
198039,21,717,311,406
198039,22,717,311,406
198039,23,668,299,369
198039,24,171,70,101
198039,25,497,229,268
198039,31,49,12,37
198039,39,53,28,25
198039,40,444,201,243
198039,41,1607,658,949
198039,42,1607,658,949
198039,43,1256,508,748
198039,44,196,93,103
198039,45,1060,415,645
198039,51,351,150,201
198039,59,119,48,71
198039,60,941,367,574
198066,1,701,433,268
198066,2,701,433,268
198066,3,700,432,268
198066,4,242,158,84
198066,5,458,274,184
198066,11,1,1,0
198066,19,60,36,24
198066,20,398,238,160
198066,21,690,428,262
198066,22,690,428,262
198066,23,689,427,262
198066,24,242,158,84
198066,25,447,269,178
198066,31,1,1,0
198066,39,60,36,24
198066,40,387,233,154
198066,41,11,5,6
198066,42,11,5,6
198066,43,11,5,6
198066,45,11,5,6
198066,60,11,5,6
198075,1,128,10,118
198075,2,128,10,118
198075,3,128,10,118
198075,4,29,3,26
198075,5,99,7,92
198075,20,99,7,92
198075,21,128,10,118
198075,22,128,10,118
198075,23,128,10,118
198075,24,29,3,26
198075,25,99,7,92
198075,40,99,7,92
198084,1,1809,702,1107
198084,2,1809,702,1107
198084,3,1406,525,881
198084,4,250,104,146
198084,5,1156,421,735
198084,11,403,177,226
198084,19,310,105,205
198084,20,846,316,530
198084,21,932,401,531
198084,22,932,401,531
198084,23,828,365,463
198084,24,186,84,102
198084,25,642,281,361
198084,31,104,36,68
198084,39,146,64,82
198084,40,496,217,279
198084,41,877,301,576
198084,42,877,301,576
198084,43,578,160,418
198084,44,64,20,44
198084,45,514,140,374
198084,51,299,141,158
198084,59,164,41,123
198084,60,350,99,251
198109,1,451,38,413
198109,2,451,38,413
198109,3,440,37,403
198109,4,29,6,23
198109,5,411,31,380
198109,11,11,1,10
198109,19,110,8,102
198109,20,301,23,278
198109,21,169,16,153
198109,22,169,16,153
198109,23,169,16,153
198109,24,25,5,20
198109,25,144,11,133
198109,39,59,4,55
198109,40,85,7,78
198109,41,282,22,260
198109,42,282,22,260
198109,43,271,21,250
198109,44,4,1,3
198109,45,267,20,247
198109,51,11,1,10
198109,59,51,4,47
198109,60,216,16,200
198118,1,3933,1716,2217
198118,2,3933,1716,2217
198118,3,3050,1299,1751
198118,4,496,246,250
198118,5,2554,1053,1501
198118,11,883,417,466
198118,19,875,391,484
198118,20,1679,662,1017
198118,21,1584,722,862
198118,22,1584,722,862
198118,23,1437,664,773
198118,24,272,132,140
198118,25,1165,532,633
198118,31,147,58,89
198118,39,383,202,181
198118,40,782,330,452
198118,41,2349,994,1355
198118,42,2349,994,1355
198118,43,1613,635,978
198118,44,224,114,110
198118,45,1389,521,868
198118,51,736,359,377
198118,59,492,189,303
198118,60,897,332,565
198136,1,6122,2923,3199
198136,2,4465,2223,2242
198136,3,4463,2222,2241
198136,4,794,356,438
198136,5,3669,1866,1803
198136,11,2,1,1
198136,12,1657,700,957
198136,19,989,597,392
198136,20,2680,1269,1411
198136,21,4981,2256,2725
198136,22,3537,1635,1902
198136,23,3537,1635,1902
198136,24,779,347,432
198136,25,2758,1288,1470
198136,32,1444,621,823
198136,39,548,305,243
198136,40,2210,983,1227
198136,41,1141,667,474
198136,42,928,588,340
198136,43,926,587,339
198136,44,15,9,6
198136,45,911,578,333
198136,51,2,1,1
198136,52,213,79,134
198136,59,441,292,149
198136,60,470,286,184
198154,1,9246,4291,4955
198154,2,9246,4291,4955
198154,3,8798,4097,4701
198154,4,1589,834,755
198154,5,7209,3263,3946
198154,11,448,194,254
198154,19,843,414,429
198154,20,6366,2849,3517
198154,21,4507,2243,2264
198154,22,4507,2243,2264
198154,23,4408,2200,2208
198154,24,1089,572,517
198154,25,3319,1628,1691
198154,31,99,43,56
198154,39,519,273,246
198154,40,2800,1355,1445
198154,41,4739,2048,2691
198154,42,4739,2048,2691
198154,43,4390,1897,2493
198154,44,500,262,238
198154,45,3890,1635,2255
198154,51,349,151,198
198154,59,324,141,183
198154,60,3566,1494,2072
198190,1,57,38,19
198190,2,57,38,19
198190,3,57,38,19
198190,4,18,12,6
198190,5,39,26,13
198190,20,39,26,13
198190,21,40,28,12
198190,22,40,28,12
198190,23,40,28,12
198190,24,12,9,3
198190,25,28,19,9
198190,40,28,19,9
198190,41,17,10,7
198190,42,17,10,7
198190,43,17,10,7
198190,44,6,3,3
198190,45,11,7,4
198190,60,11,7,4
198206,1,1524,500,1024
198206,2,1524,500,1024
198206,3,1409,466,943
198206,4,222,87,135
198206,5,1187,379,808
198206,11,115,34,81
198206,19,444,137,307
198206,20,743,242,501
198206,21,642,247,395
198206,22,642,247,395
198206,23,638,245,393
198206,24,119,47,72
198206,25,519,198,321
198206,31,4,2,2
198206,39,180,68,112
198206,40,339,130,209
198206,41,882,253,629
198206,42,882,253,629
198206,43,771,221,550
198206,44,103,40,63
198206,45,668,181,487
198206,51,111,32,79
198206,59,264,69,195
198206,60,404,112,292
198215,1,1310,618,692
198215,2,1298,618,680
198215,3,1273,614,659
198215,4,335,170,165
198215,5,938,444,494
198215,11,25,4,21
198215,12,12,0,12
198215,19,130,40,90
198215,20,808,404,404
198215,21,1211,595,616
198215,22,1210,595,615
198215,23,1209,595,614
198215,24,335,170,165
198215,25,874,425,449
198215,31,1,0,1
198215,32,1,0,1
198215,39,111,35,76
198215,40,763,390,373
198215,41,99,23,76
198215,42,88,23,65
198215,43,64,19,45
198215,45,64,19,45
198215,51,24,4,20
198215,52,11,0,11
198215,59,19,5,14
198215,60,45,14,31
198233,1,4561,1889,2672
198233,2,4561,1889,2672
198233,3,3781,1582,2199
198233,4,928,462,466
198233,5,2853,1120,1733
198233,11,780,307,473
198233,19,1040,358,682
198233,20,1813,762,1051
198233,21,1779,821,958
198233,22,1779,821,958
198233,23,1668,787,881
198233,24,486,244,242
198233,25,1182,543,639
198233,31,111,34,77
198233,39,368,161,207
198233,40,814,382,432
198233,41,2782,1068,1714
198233,42,2782,1068,1714
198233,43,2113,795,1318
198233,44,442,218,224
198233,45,1671,577,1094
198233,51,669,273,396
198233,59,672,197,475
198233,60,999,380,619
198242,1,256,65,191
198242,2,256,65,191
198242,3,256,65,191
198242,4,11,2,9
198242,5,245,63,182
198242,19,36,6,30
198242,20,209,57,152
198242,21,228,59,169
198242,22,228,59,169
198242,23,228,59,169
198242,24,10,2,8
198242,25,218,57,161
198242,39,29,5,24
198242,40,189,52,137
198242,41,28,6,22
198242,42,28,6,22
198242,43,28,6,22
198242,44,1,0,1
198242,45,27,6,21
198242,59,7,1,6
198242,60,20,5,15
198251,1,4728,1637,3091
198251,2,4728,1637,3091
198251,3,3985,1347,2638
198251,4,736,355,381
198251,5,3249,992,2257
198251,11,743,290,453
198251,19,873,247,626
198251,20,2376,745,1631
198251,21,2210,851,1359
198251,22,2210,851,1359
198251,23,2103,808,1295
198251,24,491,262,229
198251,25,1612,546,1066
198251,31,107,43,64
198251,39,394,128,266
198251,40,1218,418,800
198251,41,2518,786,1732
198251,42,2518,786,1732
198251,43,1882,539,1343
198251,44,245,93,152
198251,45,1637,446,1191
198251,51,636,247,389
198251,59,479,119,360
198251,60,1158,327,831
198260,1,20198,8790,11408
198260,2,20198,8790,11408
198260,3,18774,8177,10597
198260,4,3759,1779,1980
198260,5,15015,6398,8617
198260,11,1424,613,811
198260,19,739,305,434
198260,20,14276,6093,8183
198260,21,7140,3346,3794
198260,22,7140,3346,3794
198260,23,6904,3217,3687
198260,24,1710,844,866
198260,25,5194,2373,2821
198260,31,236,129,107
198260,39,259,121,138
198260,40,4935,2252,2683
198260,41,13058,5444,7614
198260,42,13058,5444,7614
198260,43,11870,4960,6910
198260,44,2049,935,1114
198260,45,9821,4025,5796
198260,51,1188,484,704
198260,59,480,184,296
198260,60,9341,3841,5500
198303,1,1367,644,723
198303,2,1361,644,717
198303,3,1361,644,717
198303,4,474,238,236
198303,5,887,406,481
198303,12,6,0,6
198303,19,83,42,41
198303,20,804,364,440
198303,21,1285,622,663
198303,22,1285,622,663
198303,23,1285,622,663
198303,24,474,238,236
198303,25,811,384,427
198303,39,73,39,34
198303,40,738,345,393
198303,41,82,22,60
198303,42,76,22,54
198303,43,76,22,54
198303,45,76,22,54
198303,52,6,0,6
198303,59,10,3,7
198303,60,66,19,47
198321,1,3371,1276,2095
198321,2,3371,1276,2095
198321,3,3123,1186,1937
198321,4,833,364,469
198321,5,2290,822,1468
198321,11,248,90,158
198321,19,449,141,308
198321,20,1841,681,1160
198321,21,1175,415,760
198321,22,1175,415,760
198321,23,1151,403,748
198321,24,259,101,158
198321,25,892,302,590
198321,31,24,12,12
198321,39,125,34,91
198321,40,767,268,499
198321,41,2196,861,1335
198321,42,2196,861,1335
198321,43,1972,783,1189
198321,44,574,263,311
198321,45,1398,520,878
198321,51,224,78,146
198321,59,324,107,217
198321,60,1074,413,661
198330,1,4433,1784,2649
198330,2,4433,1784,2649
198330,3,4185,1700,2485
198330,4,878,454,424
198330,5,3307,1246,2061
198330,11,248,84,164
198330,19,610,208,402
198330,20,2697,1038,1659
198330,21,2232,909,1323
198330,22,2232,909,1323
198330,23,2224,904,1320
198330,24,551,272,279
198330,25,1673,632,1041
198330,31,8,5,3
198330,39,322,93,229
198330,40,1351,539,812
198330,41,2201,875,1326
198330,42,2201,875,1326
198330,43,1961,796,1165
198330,44,327,182,145
198330,45,1634,614,1020
198330,51,240,79,161
198330,59,288,115,173
198330,60,1346,499,847
198367,1,3376,1314,2062
198367,2,3376,1314,2062
198367,3,3205,1245,1960
198367,4,681,305,376
198367,5,2524,940,1584
198367,11,171,69,102
198367,19,220,86,134
198367,20,2304,854,1450
198367,21,1412,565,847
198367,22,1412,565,847
198367,23,1388,554,834
198367,24,279,118,161
198367,25,1109,436,673
198367,31,24,11,13
198367,39,90,34,56
198367,40,1019,402,617
198367,41,1964,749,1215
198367,42,1964,749,1215
198367,43,1817,691,1126
198367,44,402,187,215
198367,45,1415,504,911
198367,51,147,58,89
198367,59,130,52,78
198367,60,1285,452,833
198376,1,4073,1410,2663
198376,2,4073,1410,2663
198376,3,3570,1221,2349
198376,4,884,394,490
198376,5,2686,827,1859
198376,11,503,189,314
198376,19,341,106,235
198376,20,2345,721,1624
198376,21,1980,781,1199
198376,22,1980,781,1199
198376,23,1849,729,1120
198376,24,587,277,310
198376,25,1262,452,810
198376,31,131,52,79
198376,39,172,70,102
198376,40,1090,382,708
198376,41,2093,629,1464
198376,42,2093,629,1464
198376,43,1721,492,1229
198376,44,297,117,180
198376,45,1424,375,1049
198376,51,372,137,235
198376,59,169,36,133
198376,60,1255,339,916
198385,1,1788,889,899
198385,2,1788,889,899
198385,3,1782,887,895
198385,4,483,228,255
198385,5,1299,659,640
198385,11,6,2,4
198385,19,15,7,8
198385,20,1284,652,632
198385,21,1788,889,899
198385,22,1788,889,899
198385,23,1782,887,895
198385,24,483,228,255
198385,25,1299,659,640
198385,31,6,2,4
198385,39,15,7,8
198385,40,1284,652,632
198419,1,15467,7712,7755
198419,2,6646,3291,3355
198419,3,6501,3235,3266
198419,4,1730,841,889
198419,5,4771,2394,2377
198419,11,145,56,89
198419,12,8821,4421,4400
198419,19,22,11,11
198419,20,4749,2383,2366
198419,21,14894,7534,7360
198419,22,6629,3282,3347
198419,23,6495,3230,3265
198419,24,1730,841,889
198419,25,4765,2389,2376
198419,31,134,52,82
198419,32,8265,4252,4013
198419,39,22,11,11
198419,40,4743,2378,2365
198419,41,573,178,395
198419,42,17,9,8
198419,43,6,5,1
198419,45,6,5,1
198419,51,11,4,7
198419,52,556,169,387
198419,60,6,5,1
198455,1,5605,2240,3365
198455,2,5605,2240,3365
198455,3,5116,2068,3048
198455,4,804,396,408
198455,5,4312,1672,2640
198455,11,489,172,317
198455,19,752,317,435
198455,20,3560,1355,2205
198455,21,1620,765,855
198455,22,1620,765,855
198455,23,1576,747,829
198455,24,261,147,114
198455,25,1315,600,715
198455,31,44,18,26
198455,39,249,121,128
198455,40,1066,479,587
198455,41,3985,1475,2510
198455,42,3985,1475,2510
198455,43,3540,1321,2219
198455,44,543,249,294
198455,45,2997,1072,1925
198455,51,445,154,291
198455,59,503,196,307
198455,60,2494,876,1618
198464,1,26887,10684,16203
198464,2,21508,8802,12706
198464,3,20625,8561,12064
198464,4,4495,1833,2662
198464,5,16130,6728,9402
198464,11,883,241,642
198464,12,5379,1882,3497
198464,19,1328,594,734
198464,20,14802,6134,8668
198464,21,20971,8624,12347
198464,22,18500,7704,10796
198464,23,18369,7653,10716
198464,24,4463,1827,2636
198464,25,13906,5826,8080
198464,31,131,51,80
198464,32,2471,920,1551
198464,39,978,466,512
198464,40,12928,5360,7568
198464,41,5916,2060,3856
198464,42,3008,1098,1910
198464,43,2256,908,1348
198464,44,32,6,26
198464,45,2224,902,1322
198464,51,752,190,562
198464,52,2908,962,1946
198464,59,350,128,222
198464,60,1874,774,1100
198491,1,2808,769,2039
198491,2,2808,769,2039
198491,3,2524,672,1852
198491,4,484,204,280
198491,5,2040,468,1572
198491,11,284,97,187
198491,19,714,124,590
198491,20,1326,344,982
198491,21,1404,429,975
198491,22,1404,429,975
198491,23,1384,424,960
198491,24,328,152,176
198491,25,1056,272,784
198491,31,20,5,15
198491,39,337,68,269
198491,40,719,204,515
198491,41,1404,340,1064
198491,42,1404,340,1064
198491,43,1140,248,892
198491,44,156,52,104
198491,45,984,196,788
198491,51,264,92,172
198491,59,377,56,321
198491,60,607,140,467
198507,1,2421,981,1440
198507,2,2336,956,1380
198507,3,2276,938,1338
198507,4,323,155,168
198507,5,1953,783,1170
198507,11,60,18,42
198507,12,85,25,60
198507,19,152,56,96
198507,20,1801,727,1074
198507,21,2155,911,1244
198507,22,2146,907,1239
198507,23,2127,902,1225
198507,24,322,154,168
198507,25,1805,748,1057
198507,31,19,5,14
198507,32,9,4,5
198507,39,142,54,88
198507,40,1663,694,969
198507,41,266,70,196
198507,42,190,49,141
198507,43,149,36,113
198507,44,1,1,0
198507,45,148,35,113
198507,51,41,13,28
198507,52,76,21,55
198507,59,10,2,8
198507,60,138,33,105
198516,1,6305,2588,3717
198516,2,5599,2285,3314
198516,3,5599,2285,3314
198516,4,1475,585,890
198516,5,4124,1700,2424
198516,12,706,303,403
198516,19,102,47,55
198516,20,4022,1653,2369
198516,21,6052,2473,3579
198516,22,5464,2224,3240
198516,23,5464,2224,3240
198516,24,1475,585,890
198516,25,3989,1639,2350
198516,32,588,249,339
198516,39,101,47,54
198516,40,3888,1592,2296
198516,41,253,115,138
198516,42,135,61,74
198516,43,135,61,74
198516,45,135,61,74
198516,52,118,54,64
198516,59,1,0,1
198516,60,134,61,73
198525,1,47,4,43
198525,2,47,4,43
198525,3,47,4,43
198525,4,31,2,29
198525,5,16,2,14
198525,20,16,2,14
198525,21,46,4,42
198525,22,46,4,42
198525,23,46,4,42
198525,24,30,2,28
198525,25,16,2,14
198525,40,16,2,14
198525,41,1,0,1
198525,42,1,0,1
198525,43,1,0,1
198525,44,1,0,1
198534,1,12398,5040,7358
198534,2,12398,5040,7358
198534,3,10681,4038,6643
198534,4,1961,889,1072
198534,5,8720,3149,5571
198534,11,1717,1002,715
198534,19,2661,790,1871
198534,20,6059,2359,3700
198534,21,5119,2029,3090
198534,22,5119,2029,3090
198534,23,5063,2003,3060
198534,24,1068,499,569
198534,25,3995,1504,2491
198534,31,56,26,30
198534,39,1160,346,814
198534,40,2835,1158,1677
198534,41,7279,3011,4268
198534,42,7279,3011,4268
198534,43,5618,2035,3583
198534,44,893,390,503
198534,45,4725,1645,3080
198534,51,1661,976,685
198534,59,1501,444,1057
198534,60,3224,1201,2023
198543,1,6179,1868,4311
198543,2,5410,1670,3740
198543,3,5077,1566,3511
198543,4,707,249,458
198543,5,4370,1317,3053
198543,11,333,104,229
198543,12,769,198,571
198543,19,880,276,604
198543,20,3490,1041,2449
198543,21,4325,1379,2946
198543,22,3971,1300,2671
198543,23,3901,1277,2624
198543,24,689,241,448
198543,25,3212,1036,2176
198543,31,70,23,47
198543,32,354,79,275
198543,39,594,196,398
198543,40,2618,840,1778
198543,41,1854,489,1365
198543,42,1439,370,1069
198543,43,1176,289,887
198543,44,18,8,10
198543,45,1158,281,877
198543,51,263,81,182
198543,52,415,119,296
198543,59,286,80,206
198543,60,872,201,671
198552,1,9528,3826,5702
198552,2,9528,3826,5702
198552,3,8642,3483,5159
198552,4,1266,644,622
198552,5,7376,2839,4537
198552,11,886,343,543
198552,19,876,349,527
198552,20,6500,2490,4010
198552,21,4412,1947,2465
198552,22,4412,1947,2465
198552,23,4271,1890,2381
198552,24,819,441,378
198552,25,3452,1449,2003
198552,31,141,57,84
198552,39,470,219,251
198552,40,2982,1230,1752
198552,41,5116,1879,3237
198552,42,5116,1879,3237
198552,43,4371,1593,2778
198552,44,447,203,244
198552,45,3924,1390,2534
198552,51,745,286,459
198552,59,406,130,276
198552,60,3518,1260,2258
198561,1,4656,1497,3159
198561,2,2587,900,1687
198561,3,2559,889,1670
198561,4,434,187,247
198561,5,2125,702,1423
198561,11,28,11,17
198561,12,2069,597,1472
198561,19,378,89,289
198561,20,1747,613,1134
198561,21,2784,972,1812
198561,22,2089,779,1310
198561,23,2089,779,1310
198561,24,434,187,247
198561,25,1655,592,1063
198561,32,695,193,502
198561,39,269,68,201
198561,40,1386,524,862
198561,41,1872,525,1347
198561,42,498,121,377
198561,43,470,110,360
198561,45,470,110,360
198561,51,28,11,17
198561,52,1374,404,970
198561,59,109,21,88
198561,60,361,89,272
198570,1,5977,2115,3862
198570,2,5977,2115,3862
198570,3,5743,2042,3701
198570,4,1008,441,567
198570,5,4735,1601,3134
198570,11,234,73,161
198570,19,798,232,566
198570,20,3937,1369,2568
198570,21,2096,806,1290
198570,22,2096,806,1290
198570,23,2083,803,1280
198570,24,401,187,214
198570,25,1682,616,1066
198570,31,13,3,10
198570,39,242,77,165
198570,40,1440,539,901
198570,41,3881,1309,2572
198570,42,3881,1309,2572
198570,43,3660,1239,2421
198570,44,607,254,353
198570,45,3053,985,2068
198570,51,221,70,151
198570,59,556,155,401
198570,60,2497,830,1667
198598,1,1012,489,523
198598,2,974,479,495
198598,3,802,427,375
198598,4,201,117,84
198598,5,601,310,291
198598,11,172,52,120
198598,12,38,10,28
198598,19,81,45,36
198598,20,520,265,255
198598,21,781,415,366
198598,22,771,415,356
198598,23,763,415,348
198598,24,201,117,84
198598,25,562,298,264
198598,31,8,0,8
198598,32,10,0,10
198598,39,71,36,35
198598,40,491,262,229
198598,41,231,74,157
198598,42,203,64,139
198598,43,39,12,27
198598,45,39,12,27
198598,51,164,52,112
198598,52,28,10,18
198598,59,10,9,1
198598,60,29,3,26
198613,1,2302,1021,1281
198613,2,2302,1021,1281
198613,3,2171,967,1204
198613,4,406,232,174
198613,5,1765,735,1030
198613,11,131,54,77
198613,19,196,67,129
198613,20,1569,668,901
198613,21,1928,877,1051
198613,22,1928,877,1051
198613,23,1823,834,989
198613,24,392,226,166
198613,25,1431,608,823
198613,31,105,43,62
198613,39,125,46,79
198613,40,1306,562,744
198613,41,374,144,230
198613,42,374,144,230
198613,43,348,133,215
198613,44,14,6,8
198613,45,334,127,207
198613,51,26,11,15
198613,59,71,21,50
198613,60,263,106,157
198622,1,13656,5908,7748
198622,2,13656,5908,7748
198622,3,13419,5810,7609
198622,4,2507,1285,1222
198622,5,10912,4525,6387
198622,11,237,98,139
198622,19,1198,489,709
198622,20,9714,4036,5678
198622,21,6825,3150,3675
198622,22,6825,3150,3675
198622,23,6791,3130,3661
198622,24,1457,764,693
198622,25,5334,2366,2968
198622,31,34,20,14
198622,39,697,308,389
198622,40,4637,2058,2579
198622,41,6831,2758,4073
198622,42,6831,2758,4073
198622,43,6628,2680,3948
198622,44,1050,521,529
198622,45,5578,2159,3419
198622,51,203,78,125
198622,59,501,181,320
198622,60,5077,1978,3099
198640,1,1353,475,878
198640,2,1353,475,878
198640,3,1197,409,788
198640,4,299,130,169
198640,5,898,279,619
198640,11,156,66,90
198640,19,247,61,186
198640,20,651,218,433
198640,21,688,279,409
198640,22,688,279,409
198640,23,654,268,386
198640,24,204,100,104
198640,25,450,168,282
198640,31,34,11,23
198640,39,116,39,77
198640,40,334,129,205
198640,41,665,196,469
198640,42,665,196,469
198640,43,543,141,402
198640,44,95,30,65
198640,45,448,111,337
198640,51,122,55,67
198640,59,131,22,109
198640,60,317,89,228
198668,1,2290,852,1438
198668,2,2290,852,1438
198668,3,1927,739,1188
198668,4,416,207,209
198668,5,1511,532,979
198668,11,363,113,250
198668,19,524,144,380
198668,20,987,388,599
198668,21,997,396,601
198668,22,997,396,601
198668,23,849,368,481
198668,24,133,64,69
198668,25,716,304,412
198668,31,148,28,120
198668,39,214,76,138
198668,40,502,228,274
198668,41,1293,456,837
198668,42,1293,456,837
198668,43,1078,371,707
198668,44,283,143,140
198668,45,795,228,567
198668,51,215,85,130
198668,59,310,68,242
198668,60,485,160,325
198677,1,67,43,24
198677,2,67,43,24
198677,3,67,43,24
198677,4,10,7,3
198677,5,57,36,21
198677,19,5,3,2
198677,20,52,33,19
198677,21,50,33,17
198677,22,50,33,17
198677,23,50,33,17
198677,24,9,7,2
198677,25,41,26,15
198677,39,4,3,1
198677,40,37,23,14
198677,41,17,10,7
198677,42,17,10,7
198677,43,17,10,7
198677,44,1,0,1
198677,45,16,10,6
198677,59,1,0,1
198677,60,15,10,5
198695,1,4199,1693,2506
198695,2,3999,1644,2355
198695,3,3996,1642,2354
198695,4,1162,481,681
198695,5,2834,1161,1673
198695,11,3,2,1
198695,12,200,49,151
198695,19,84,52,32
198695,20,2750,1109,1641
198695,21,4017,1640,2377
198695,22,3953,1623,2330
198695,23,3950,1621,2329
198695,24,1162,481,681
198695,25,2788,1140,1648
198695,31,3,2,1
198695,32,64,17,47
198695,39,82,51,31
198695,40,2706,1089,1617
198695,41,182,53,129
198695,42,46,21,25
198695,43,46,21,25
198695,45,46,21,25
198695,52,136,32,104
198695,59,2,1,1
198695,60,44,20,24
198710,1,2390,967,1423
198710,2,2390,967,1423
198710,3,1616,600,1016
198710,4,264,133,131
198710,5,1352,467,885
198710,11,774,367,407
198710,19,185,53,132
198710,20,1167,414,753
198710,21,1064,433,631
198710,22,1064,433,631
198710,23,963,388,575
198710,24,198,103,95
198710,25,765,285,480
198710,31,101,45,56
198710,39,78,28,50
198710,40,687,257,430
198710,41,1326,534,792
198710,42,1326,534,792
198710,43,653,212,441
198710,44,66,30,36
198710,45,587,182,405
198710,51,673,322,351
198710,59,107,25,82
198710,60,480,157,323
198729,1,1291,374,917
198729,2,1291,374,917
198729,3,1022,275,747
198729,4,182,78,104
198729,5,840,197,643
198729,11,269,99,170
198729,19,248,48,200
198729,20,592,149,443
198729,21,697,205,492
198729,22,697,205,492
198729,23,658,190,468
198729,24,135,55,80
198729,25,523,135,388
198729,31,39,15,24
198729,39,141,33,108
198729,40,382,102,280
198729,41,594,169,425
198729,42,594,169,425
198729,43,364,85,279
198729,44,47,23,24
198729,45,317,62,255
198729,51,230,84,146
198729,59,107,15,92
198729,60,210,47,163
198747,1,610,395,215
198747,2,386,259,127
198747,3,386,259,127
198747,4,9,7,2
198747,5,377,252,125
198747,12,224,136,88
198747,19,22,11,11
198747,20,355,241,114
198747,21,152,77,75
198747,22,104,57,47
198747,23,104,57,47
198747,24,7,6,1
198747,25,97,51,46
198747,32,48,20,28
198747,39,13,8,5
198747,40,84,43,41
198747,41,458,318,140
198747,42,282,202,80
198747,43,282,202,80
198747,44,2,1,1
198747,45,280,201,79
198747,52,176,116,60
198747,59,9,3,6
198747,60,271,198,73
198756,1,1387,567,820
198756,2,1387,567,820
198756,3,1382,564,818
198756,4,232,94,138
198756,5,1150,470,680
198756,11,5,3,2
198756,19,84,45,39
198756,20,1066,425,641
198756,21,1323,544,779
198756,22,1323,544,779
198756,23,1319,541,778
198756,24,232,94,138
198756,25,1087,447,640
198756,31,4,3,1
198756,39,80,43,37
198756,40,1007,404,603
198756,41,64,23,41
198756,42,64,23,41
198756,43,63,23,40
198756,45,63,23,40
198756,51,1,0,1
198756,59,4,2,2
198756,60,59,21,38
198774,1,4235,1440,2795
198774,2,4235,1440,2795
198774,3,3719,1277,2442
198774,4,738,320,418
198774,5,2981,957,2024
198774,11,516,163,353
198774,19,808,187,621
198774,20,2173,770,1403
198774,21,2187,811,1376
198774,22,2187,811,1376
198774,23,2136,797,1339
198774,24,490,203,287
198774,25,1646,594,1052
198774,31,51,14,37
198774,39,405,114,291
198774,40,1241,480,761
198774,41,2048,629,1419
198774,42,2048,629,1419
198774,43,1583,480,1103
198774,44,248,117,131
198774,45,1335,363,972
198774,51,465,149,316
198774,59,403,73,330
198774,60,932,290,642
198808,1,890,353,537
198808,2,890,353,537
198808,3,888,353,535
198808,4,226,110,116
198808,5,662,243,419
198808,11,2,0,2
198808,19,167,41,126
198808,20,495,202,293
198808,21,883,347,536
198808,22,883,347,536
198808,23,881,347,534
198808,24,226,110,116
198808,25,655,237,418
198808,31,2,0,2
198808,39,167,41,126
198808,40,488,196,292
198808,41,7,6,1
198808,42,7,6,1
198808,43,7,6,1
198808,45,7,6,1
198808,60,7,6,1
198817,1,2813,1141,1672
198817,2,2813,1141,1672
198817,3,2056,851,1205
198817,4,540,276,264
198817,5,1516,575,941
198817,11,757,290,467
198817,19,561,198,363
198817,20,955,377,578
198817,21,1343,582,761
198817,22,1343,582,761
198817,23,1282,558,724
198817,24,411,205,206
198817,25,871,353,518
198817,31,61,24,37
198817,39,277,102,175
198817,40,594,251,343
198817,41,1470,559,911
198817,42,1470,559,911
198817,43,774,293,481
198817,44,129,71,58
198817,45,645,222,423
198817,51,696,266,430
198817,59,284,96,188
198817,60,361,126,235
198835,1,1898,727,1171
198835,2,1491,620,871
198835,3,1409,584,825
198835,4,311,144,167
198835,5,1098,440,658
198835,11,82,36,46
198835,12,407,107,300
198835,19,108,43,65
198835,20,990,397,593
198835,21,1519,609,910
198835,22,1306,556,750
198835,23,1296,554,742
198835,24,311,144,167
198835,25,985,410,575
198835,31,10,2,8
198835,32,213,53,160
198835,39,74,40,34
198835,40,911,370,541
198835,41,379,118,261
198835,42,185,64,121
198835,43,113,30,83
198835,45,113,30,83
198835,51,72,34,38
198835,52,194,54,140
198835,59,34,3,31
198835,60,79,27,52
198844,1,143,1,142
198844,2,143,1,142
198844,3,143,1,142
198844,4,41,0,41
198844,5,102,1,101
198844,20,102,1,101
198844,21,87,1,86
198844,22,87,1,86
198844,23,87,1,86
198844,24,23,0,23
198844,25,64,1,63
198844,40,64,1,63
198844,41,56,0,56
198844,42,56,0,56
198844,43,56,0,56
198844,44,18,0,18
198844,45,38,0,38
198844,60,38,0,38
198862,1,1175,653,522
198862,2,1175,653,522
198862,3,1172,651,521
198862,4,395,219,176
198862,5,777,432,345
198862,11,3,2,1
198862,19,62,40,22
198862,20,715,392,323
198862,21,1164,647,517
198862,22,1164,647,517
198862,23,1164,647,517
198862,24,395,219,176
198862,25,769,428,341
198862,39,62,40,22
198862,40,707,388,319
198862,41,11,6,5
198862,42,11,6,5
198862,43,8,4,4
198862,45,8,4,4
198862,51,3,2,1
198862,60,8,4,4
198871,1,678,449,229
198871,2,678,449,229
198871,3,676,449,227
198871,4,345,237,108
198871,5,331,212,119
198871,11,2,0,2
198871,19,60,45,15
198871,20,271,167,104
198871,21,674,447,227
198871,22,674,447,227
198871,23,674,447,227
198871,24,345,237,108
198871,25,329,210,119
198871,39,60,45,15
198871,40,269,165,104
198871,41,4,2,2
198871,42,4,2,2
198871,43,2,2,0
198871,45,2,2,0
198871,51,2,0,2
198871,60,2,2,0
198899,1,1440,717,723
198899,2,1426,716,710
198899,3,1393,702,691
198899,4,419,232,187
198899,5,974,470,504
198899,11,33,14,19
198899,12,14,1,13
198899,19,114,50,64
198899,20,860,420,440
198899,21,1333,688,645
198899,22,1319,687,632
198899,23,1311,683,628
198899,24,417,231,186
198899,25,894,452,442
198899,31,8,4,4
198899,32,14,1,13
198899,39,102,49,53
198899,40,792,403,389
198899,41,107,29,78
198899,42,107,29,78
198899,43,82,19,63
198899,44,2,1,1
198899,45,80,18,62
198899,51,25,10,15
198899,59,12,1,11
198899,60,68,17,51
198905,1,799,260,539
198905,2,799,260,539
198905,3,572,177,395
198905,4,95,34,61
198905,5,477,143,334
198905,11,227,83,144
198905,19,181,49,132
198905,20,296,94,202
198905,21,382,122,260
198905,22,382,122,260
198905,23,369,119,250
198905,24,64,22,42
198905,25,305,97,208
198905,31,13,3,10
198905,39,118,33,85
198905,40,187,64,123
198905,41,417,138,279
198905,42,417,138,279
198905,43,203,58,145
198905,44,31,12,19
198905,45,172,46,126
198905,51,214,80,134
198905,59,63,16,47
198905,60,109,30,79
198914,1,1254,541,713
198914,2,1254,541,713
198914,3,751,261,490
198914,4,146,55,91
198914,5,605,206,399
198914,11,503,280,223
198914,19,29,11,18
198914,20,576,195,381
198914,21,390,130,260
198914,22,390,130,260
198914,23,361,125,236
198914,24,80,28,52
198914,25,281,97,184
198914,31,29,5,24
198914,39,8,3,5
198914,40,273,94,179
198914,41,864,411,453
198914,42,864,411,453
198914,43,390,136,254
198914,44,66,27,39
198914,45,324,109,215
198914,51,474,275,199
198914,59,21,8,13
198914,60,303,101,202
198923,1,1152,450,702
198923,2,1152,450,702
198923,3,808,303,505
198923,4,142,68,74
198923,5,666,235,431
198923,11,344,147,197
198923,19,165,59,106
198923,20,501,176,325
198923,21,440,185,255
198923,22,440,185,255
198923,23,402,168,234
198923,24,97,44,53
198923,25,305,124,181
198923,31,38,17,21
198923,39,63,30,33
198923,40,242,94,148
198923,41,712,265,447
198923,42,712,265,447
198923,43,406,135,271
198923,44,45,24,21
198923,45,361,111,250
198923,51,306,130,176
198923,59,102,29,73
198923,60,259,82,177
198941,1,137,20,117
198941,2,137,20,117
198941,3,137,20,117
198941,5,137,20,117
198941,20,137,20,117
198941,21,11,1,10
198941,22,11,1,10
198941,23,11,1,10
198941,25,11,1,10
198941,40,11,1,10
198941,41,126,19,107
198941,42,126,19,107
198941,43,126,19,107
198941,45,126,19,107
198941,60,126,19,107
198950,1,1872,39,1833
198950,2,1571,2,1569
198950,3,1543,0,1543
198950,4,415,0,415
198950,5,1128,0,1128
198950,11,28,2,26
198950,12,301,37,264
198950,19,73,0,73
198950,20,1055,0,1055
198950,21,1602,12,1590
198950,22,1490,0,1490
198950,23,1487,0,1487
198950,24,415,0,415
198950,25,1072,0,1072
198950,31,3,0,3
198950,32,112,12,100
198950,39,69,0,69
198950,40,1003,0,1003
198950,41,270,27,243
198950,42,81,2,79
198950,43,56,0,56
198950,45,56,0,56
198950,51,25,2,23
198950,52,189,25,164
198950,59,4,0,4
198950,60,52,0,52
198969,1,2463,1285,1178
198969,2,2243,1206,1037
198969,3,2172,1170,1002
198969,4,558,373,185
198969,5,1614,797,817
198969,11,71,36,35
198969,12,220,79,141
198969,19,263,108,155
198969,20,1351,689,662
198969,21,2100,1102,998
198969,22,1962,1065,897
198969,23,1944,1059,885
198969,24,548,366,182
198969,25,1396,693,703
198969,31,18,6,12
198969,32,138,37,101
198969,39,205,79,126
198969,40,1191,614,577
198969,41,363,183,180
198969,42,281,141,140
198969,43,228,111,117
198969,44,10,7,3
198969,45,218,104,114
198969,51,53,30,23
198969,52,82,42,40
198969,59,58,29,29
198969,60,160,75,85
198978,1,2856,398,2458
198978,2,2856,398,2458
198978,3,2856,398,2458
198978,4,466,84,382
198978,5,2390,314,2076
198978,19,523,58,465
198978,20,1867,256,1611
198978,21,1562,222,1340
198978,22,1562,222,1340
198978,23,1562,222,1340
198978,24,275,50,225
198978,25,1287,172,1115
198978,39,272,37,235
198978,40,1015,135,880
198978,41,1294,176,1118
198978,42,1294,176,1118
198978,43,1294,176,1118
198978,44,191,34,157
198978,45,1103,142,961
198978,59,251,21,230
198978,60,852,121,731
198987,1,3514,1246,2268
198987,2,3514,1246,2268
198987,3,2672,967,1705
198987,4,582,245,337
198987,5,2090,722,1368
198987,11,842,279,563
198987,19,118,49,69
198987,20,1972,673,1299
198987,21,1532,598,934
198987,22,1532,598,934
198987,23,1417,550,867
198987,24,382,160,222
198987,25,1035,390,645
198987,31,115,48,67
198987,39,67,39,28
198987,40,968,351,617
198987,41,1982,648,1334
198987,42,1982,648,1334
198987,43,1255,417,838
198987,44,200,85,115
198987,45,1055,332,723
198987,51,727,231,496
198987,59,51,10,41
198987,60,1004,322,682
198996,1,42,5,37
198996,2,42,5,37
198996,3,42,5,37
198996,4,24,4,20
198996,5,18,1,17
198996,20,18,1,17
198996,21,42,5,37
198996,22,42,5,37
198996,23,42,5,37
198996,24,24,4,20
198996,25,18,1,17
198996,40,18,1,17
199005,1,39,1,38
199005,2,39,1,38
199005,3,39,1,38
199005,4,22,1,21
199005,5,17,0,17
199005,20,17,0,17
199005,21,39,1,38
199005,22,39,1,38
199005,23,39,1,38
199005,24,22,1,21
199005,25,17,0,17
199005,40,17,0,17
199014,1,43,10,33
199014,2,43,10,33
199014,3,43,10,33
199014,4,30,6,24
199014,5,13,4,9
199014,20,13,4,9
199014,21,28,5,23
199014,22,28,5,23
199014,23,28,5,23
199014,24,20,3,17
199014,25,8,2,6
199014,40,8,2,6
199014,41,15,5,10
199014,42,15,5,10
199014,43,15,5,10
199014,44,10,3,7
199014,45,5,2,3
199014,60,5,2,3
199023,1,884,321,563
199023,2,884,321,563
199023,3,800,283,517
199023,4,120,55,65
199023,5,680,228,452
199023,11,84,38,46
199023,19,244,96,148
199023,20,436,132,304
199023,21,304,128,176
199023,22,304,128,176
199023,23,302,128,174
199023,24,83,40,43
199023,25,219,88,131
199023,31,2,0,2
199023,39,108,46,62
199023,40,111,42,69
199023,41,580,193,387
199023,42,580,193,387
199023,43,498,155,343
199023,44,37,15,22
199023,45,461,140,321
199023,51,82,38,44
199023,59,136,50,86
199023,60,325,90,235
199032,1,926,375,551
199032,2,743,320,423
199032,3,661,290,371
199032,4,108,63,45
199032,5,553,227,326
199032,11,82,30,52
199032,12,183,55,128
199032,19,81,30,51
199032,20,472,197,275
199032,21,635,279,356
199032,22,462,227,235
199032,23,459,226,233
199032,24,103,59,44
199032,25,356,167,189
199032,31,3,1,2
199032,32,173,52,121
199032,39,60,27,33
199032,40,296,140,156
199032,41,291,96,195
199032,42,281,93,188
199032,43,202,64,138
199032,44,5,4,1
199032,45,197,60,137
199032,51,79,29,50
199032,52,10,3,7
199032,59,21,3,18
199032,60,176,57,119
199069,1,3414,1140,2274
199069,2,3414,1140,2274
199069,3,3336,1086,2250
199069,4,236,94,142
199069,5,3100,992,2108
199069,11,78,54,24
199069,19,656,208,448
199069,20,2444,784,1660
199069,21,1386,547,839
199069,22,1386,547,839
199069,23,1384,545,839
199069,24,200,86,114
199069,25,1184,459,725
199069,31,2,2,0
199069,39,180,77,103
199069,40,1004,382,622
199069,41,2028,593,1435
199069,42,2028,593,1435
199069,43,1952,541,1411
199069,44,36,8,28
199069,45,1916,533,1383
199069,51,76,52,24
199069,59,476,131,345
199069,60,1440,402,1038
199078,1,182,18,164
199078,2,182,18,164
199078,3,182,18,164
199078,4,66,13,53
199078,5,116,5,111
199078,20,116,5,111
199078,21,182,18,164
199078,22,182,18,164
199078,23,182,18,164
199078,24,66,13,53
199078,25,116,5,111
199078,40,116,5,111
199087,1,3279,1237,2042
199087,2,3279,1237,2042
199087,3,2641,937,1704
199087,4,517,221,296
199087,5,2124,716,1408
199087,11,638,300,338
199087,19,515,145,370
199087,20,1609,571,1038
199087,21,1536,607,929
199087,22,1536,607,929
199087,23,1466,576,890
199087,24,378,179,199
199087,25,1088,397,691
199087,31,70,31,39
199087,39,252,74,178
199087,40,836,323,513
199087,41,1743,630,1113
199087,42,1743,630,1113
199087,43,1175,361,814
199087,44,139,42,97
199087,45,1036,319,717
199087,51,568,269,299
199087,59,263,71,192
199087,60,773,248,525
199102,1,10561,4794,5767
199102,2,8872,4061,4811
199102,3,8577,3906,4671
199102,4,1777,790,987
199102,5,6800,3116,3684
199102,11,295,155,140
199102,12,1689,733,956
199102,19,430,210,220
199102,20,6370,2906,3464
199102,21,9086,4072,5014
199102,22,8098,3652,4446
199102,23,8015,3610,4405
199102,24,1768,786,982
199102,25,6247,2824,3423
199102,31,83,42,41
199102,32,988,420,568
199102,39,383,180,203
199102,40,5864,2644,3220
199102,41,1475,722,753
199102,42,774,409,365
199102,43,562,296,266
199102,44,9,4,5
199102,45,553,292,261
199102,51,212,113,99
199102,52,701,313,388
199102,59,47,30,17
199102,60,506,262,244
199111,1,3784,1614,2170
199111,2,3736,1593,2143
199111,3,3323,1443,1880
199111,4,596,237,359
199111,5,2727,1206,1521
199111,11,413,150,263
199111,12,48,21,27
199111,19,378,184,194
199111,20,2349,1022,1327
199111,21,3129,1359,1770
199111,22,3129,1359,1770
199111,23,3014,1307,1707
199111,24,594,237,357
199111,25,2420,1070,1350
199111,31,115,52,63
199111,39,345,171,174
199111,40,2075,899,1176
199111,41,655,255,400
199111,42,607,234,373
199111,43,309,136,173
199111,44,2,0,2
199111,45,307,136,171
199111,51,298,98,200
199111,52,48,21,27
199111,59,33,13,20
199111,60,274,123,151
199120,1,29127,12442,16685
199120,2,18370,7696,10674
199120,3,17882,7468,10414
199120,4,3946,1601,2345
199120,5,13936,5867,8069
199120,11,488,228,260
199120,12,10757,4746,6011
199120,19,876,395,481
199120,20,13060,5472,7588
199120,21,24390,10265,14125
199120,22,17570,7296,10274
199120,23,17519,7284,10235
199120,24,3943,1598,2345
199120,25,13576,5686,7890
199120,31,51,12,39
199120,32,6820,2969,3851
199120,39,867,390,477
199120,40,12709,5296,7413
199120,41,4737,2177,2560
199120,42,800,400,400
199120,43,363,184,179
199120,44,3,3,0
199120,45,360,181,179
199120,51,437,216,221
199120,52,3937,1777,2160
199120,59,9,5,4
199120,60,351,176,175
199139,1,26571,13153,13418
199139,2,21503,11084,10419
199139,3,21400,11032,10368
199139,4,3087,1580,1507
199139,5,18313,9452,8861
199139,11,103,52,51
199139,12,5068,2069,2999
199139,19,2646,1348,1298
199139,20,15667,8104,7563
199139,21,20436,10544,9892
199139,22,18309,9549,8760
199139,23,18303,9547,8756
199139,24,3057,1571,1486
199139,25,15246,7976,7270
199139,31,6,2,4
199139,32,2127,995,1132
199139,39,2138,1135,1003
199139,40,13108,6841,6267
199139,41,6135,2609,3526
199139,42,3194,1535,1659
199139,43,3097,1485,1612
199139,44,30,9,21
199139,45,3067,1476,1591
199139,51,97,50,47
199139,52,2941,1074,1867
199139,59,508,213,295
199139,60,2559,1263,1296
199148,1,18074,6149,11925
199148,2,14753,5103,9650
199148,3,14138,4881,9257
199148,4,2482,808,1674
199148,5,11656,4073,7583
199148,11,615,222,393
199148,12,3321,1046,2275
199148,19,1523,557,966
199148,20,10133,3516,6617
199148,21,13858,4698,9160
199148,22,12469,4302,8167
199148,23,12350,4262,8088
199148,24,2467,798,1669
199148,25,9883,3464,6419
199148,31,119,40,79
199148,32,1389,396,993
199148,39,1200,459,741
199148,40,8683,3005,5678
199148,41,4216,1451,2765
199148,42,2284,801,1483
199148,43,1788,619,1169
199148,44,15,10,5
199148,45,1773,609,1164
199148,51,496,182,314
199148,52,1932,650,1282
199148,59,323,98,225
199148,60,1450,511,939
199157,1,8093,2637,5456
199157,2,6220,2055,4165
199157,3,5876,1944,3932
199157,4,933,315,618
199157,5,4943,1629,3314
199157,11,344,111,233
199157,12,1873,582,1291
199157,19,495,159,336
199157,20,4448,1470,2978
199157,21,6550,2215,4335
199157,22,5297,1784,3513
199157,23,5200,1753,3447
199157,24,922,311,611
199157,25,4278,1442,2836
199157,31,97,31,66
199157,32,1253,431,822
199157,39,392,133,259
199157,40,3886,1309,2577
199157,41,1543,422,1121
199157,42,923,271,652
199157,43,676,191,485
199157,44,11,4,7
199157,45,665,187,478
199157,51,247,80,167
199157,52,620,151,469
199157,59,103,26,77
199157,60,562,161,401
199184,1,912,504,408
199184,2,797,442,355
199184,3,792,439,353
199184,4,212,102,110
199184,5,580,337,243
199184,11,5,3,2
199184,12,115,62,53
199184,19,49,28,21
199184,20,531,309,222
199184,21,895,496,399
199184,22,781,434,347
199184,23,781,434,347
199184,24,210,102,108
199184,25,571,332,239
199184,32,114,62,52
199184,39,49,28,21
199184,40,522,304,218
199184,41,17,8,9
199184,42,16,8,8
199184,43,11,5,6
199184,44,2,0,2
199184,45,9,5,4
199184,51,5,3,2
199184,52,1,0,1
199184,60,9,5,4
199193,1,34009,18913,15096
199193,2,24536,13761,10775
199193,3,22977,12939,10038
199193,4,4307,2348,1959
199193,5,18670,10591,8079
199193,11,1559,822,737
199193,12,9473,5152,4321
199193,19,1215,680,535
199193,20,17455,9911,7544
199193,21,26770,14775,11995
199193,22,21469,11953,9516
199193,23,21330,11883,9447
199193,24,4298,2342,1956
199193,25,17032,9541,7491
199193,31,139,70,69
199193,32,5301,2822,2479
199193,39,1102,611,491
199193,40,15930,8930,7000
199193,41,7239,4138,3101
199193,42,3067,1808,1259
199193,43,1647,1056,591
199193,44,9,6,3
199193,45,1638,1050,588
199193,51,1420,752,668
199193,52,4172,2330,1842
199193,59,113,69,44
199193,60,1525,981,544
199209,1,1602,655,947
199209,2,1602,655,947
199209,3,1602,655,947
199209,4,231,152,79
199209,5,1371,503,868
199209,19,39,16,23
199209,20,1332,487,845
199209,21,1232,535,697
199209,22,1232,535,697
199209,23,1232,535,697
199209,24,228,151,77
199209,25,1004,384,620
199209,39,30,14,16
199209,40,974,370,604
199209,41,370,120,250
199209,42,370,120,250
199209,43,370,120,250
199209,44,3,1,2
199209,45,367,119,248
199209,59,9,2,7
199209,60,358,117,241
199218,1,13937,5430,8507
199218,2,12447,4982,7465
199218,3,12178,4882,7296
199218,4,1939,704,1235
199218,5,10239,4178,6061
199218,11,269,100,169
199218,12,1490,448,1042
199218,19,1687,691,996
199218,20,8552,3487,5065
199218,21,12001,4736,7265
199218,22,11408,4566,6842
199218,23,11333,4547,6786
199218,24,1935,703,1232
199218,25,9398,3844,5554
199218,31,75,19,56
199218,32,593,170,423
199218,39,1503,637,866
199218,40,7895,3207,4688
199218,41,1936,694,1242
199218,42,1039,416,623
199218,43,845,335,510
199218,44,4,1,3
199218,45,841,334,507
199218,51,194,81,113
199218,52,897,278,619
199218,59,184,54,130
199218,60,657,280,377
199263,1,597,255,342
199263,2,597,255,342
199263,3,355,162,193
199263,4,101,71,30
199263,5,254,91,163
199263,11,242,93,149
199263,19,100,31,69
199263,20,154,60,94
199263,21,201,95,106
199263,22,201,95,106
199263,23,171,88,83
199263,24,55,39,16
199263,25,116,49,67
199263,31,30,7,23
199263,39,41,14,27
199263,40,75,35,40
199263,41,396,160,236
199263,42,396,160,236
199263,43,184,74,110
199263,44,46,32,14
199263,45,138,42,96
199263,51,212,86,126
199263,59,59,17,42
199263,60,79,25,54
199272,1,1007,290,717
199272,2,1007,290,717
199272,3,999,290,709
199272,4,317,125,192
199272,5,682,165,517
199272,11,8,0,8
199272,19,188,59,129
199272,20,494,106,388
199272,21,875,262,613
199272,22,875,262,613
199272,23,867,262,605
199272,24,311,123,188
199272,25,556,139,417
199272,31,8,0,8
199272,39,133,48,85
199272,40,423,91,332
199272,41,132,28,104
199272,42,132,28,104
199272,43,132,28,104
199272,44,6,2,4
199272,45,126,26,100
199272,59,55,11,44
199272,60,71,15,56
199281,1,6222,2296,3926
199281,2,5429,2066,3363
199281,3,5184,2021,3163
199281,4,1050,450,600
199281,5,4134,1571,2563
199281,11,245,45,200
199281,12,793,230,563
199281,19,496,172,324
199281,20,3638,1399,2239
199281,21,4485,1820,2665
199281,22,4230,1765,2465
199281,23,4204,1751,2453
199281,24,1033,444,589
199281,25,3171,1307,1864
199281,31,26,14,12
199281,32,255,55,200
199281,39,379,137,242
199281,40,2792,1170,1622
199281,41,1737,476,1261
199281,42,1199,301,898
199281,43,980,270,710
199281,44,17,6,11
199281,45,963,264,699
199281,51,219,31,188
199281,52,538,175,363
199281,59,117,35,82
199281,60,846,229,617
199306,1,1860,617,1243
199306,2,951,377,574
199306,3,947,376,571
199306,4,234,112,122
199306,5,713,264,449
199306,11,4,1,3
199306,12,909,240,669
199306,19,99,40,59
199306,20,614,224,390
199306,21,1041,386,655
199306,22,856,350,506
199306,23,856,350,506
199306,24,231,111,120
199306,25,625,239,386
199306,32,185,36,149
199306,39,78,30,48
199306,40,547,209,338
199306,41,819,231,588
199306,42,95,27,68
199306,43,91,26,65
199306,44,3,1,2
199306,45,88,25,63
199306,51,4,1,3
199306,52,724,204,520
199306,59,21,10,11
199306,60,67,15,52
199315,1,384,253,131
199315,2,197,114,83
199315,3,197,114,83
199315,4,33,17,16
199315,5,164,97,67
199315,12,187,139,48
199315,19,26,17,9
199315,20,138,80,58
199315,21,177,111,66
199315,22,149,86,63
199315,23,149,86,63
199315,24,31,16,15
199315,25,118,70,48
199315,32,28,25,3
199315,39,19,11,8
199315,40,99,59,40
199315,41,207,142,65
199315,42,48,28,20
199315,43,48,28,20
199315,44,2,1,1
199315,45,46,27,19
199315,52,159,114,45
199315,59,7,6,1
199315,60,39,21,18
199324,1,1591,598,993
199324,2,1591,598,993
199324,3,1338,490,848
199324,4,214,115,99
199324,5,1124,375,749
199324,11,253,108,145
199324,19,170,50,120
199324,20,954,325,629
199324,21,699,278,421
199324,22,699,278,421
199324,23,694,278,416
199324,24,144,83,61
199324,25,550,195,355
199324,31,5,0,5
199324,39,55,18,37
199324,40,495,177,318
199324,41,892,320,572
199324,42,892,320,572
199324,43,644,212,432
199324,44,70,32,38
199324,45,574,180,394
199324,51,248,108,140
199324,59,115,32,83
199324,60,459,148,311
199333,1,8902,3517,5385
199333,2,8902,3517,5385
199333,3,8055,3205,4850
199333,4,1481,703,778
199333,5,6574,2502,4072
199333,11,847,312,535
199333,19,2291,857,1434
199333,20,4283,1645,2638
199333,21,4670,1963,2707
199333,22,4670,1963,2707
199333,23,4642,1947,2695
199333,24,1038,509,529
199333,25,3604,1438,2166
199333,31,28,16,12
199333,39,1173,474,699
199333,40,2431,964,1467
199333,41,4232,1554,2678
199333,42,4232,1554,2678
199333,43,3413,1258,2155
199333,44,443,194,249
199333,45,2970,1064,1906
199333,51,819,296,523
199333,59,1118,383,735
199333,60,1852,681,1171
199412,1,2285,669,1616
199412,2,1734,486,1248
199412,3,1703,474,1229
199412,4,316,100,216
199412,5,1387,374,1013
199412,11,31,12,19
199412,12,551,183,368
199412,19,163,51,112
199412,20,1224,323,901
199412,21,1579,490,1089
199412,22,1410,411,999
199412,23,1405,408,997
199412,24,315,100,215
199412,25,1090,308,782
199412,31,5,3,2
199412,32,169,79,90
199412,39,107,37,70
199412,40,983,271,712
199412,41,706,179,527
199412,42,324,75,249
199412,43,298,66,232
199412,44,1,0,1
199412,45,297,66,231
199412,51,26,9,17
199412,52,382,104,278
199412,59,56,14,42
199412,60,241,52,189
199421,1,3024,1093,1931
199421,2,3024,1093,1931
199421,3,2783,1003,1780
199421,4,647,271,376
199421,5,2136,732,1404
199421,11,241,90,151
199421,19,114,35,79
199421,20,2022,697,1325
199421,21,1155,450,705
199421,22,1155,450,705
199421,23,1151,449,702
199421,24,291,128,163
199421,25,860,321,539
199421,31,4,1,3
199421,39,44,15,29
199421,40,816,306,510
199421,41,1869,643,1226
199421,42,1869,643,1226
199421,43,1632,554,1078
199421,44,356,143,213
199421,45,1276,411,865
199421,51,237,89,148
199421,59,70,20,50
199421,60,1206,391,815
199449,1,2664,873,1791
199449,2,2664,873,1791
199449,3,2048,670,1378
199449,4,474,218,256
199449,5,1574,452,1122
199449,11,616,203,413
199449,19,143,46,97
199449,20,1431,406,1025
199449,21,1112,386,726
199449,22,1112,386,726
199449,23,1053,367,686
199449,24,224,95,129
199449,25,829,272,557
199449,31,59,19,40
199449,39,76,32,44
199449,40,753,240,513
199449,41,1552,487,1065
199449,42,1552,487,1065
199449,43,995,303,692
199449,44,250,123,127
199449,45,745,180,565
199449,51,557,184,373
199449,59,67,14,53
199449,60,678,166,512
199458,1,162,77,85
199458,2,162,77,85
199458,3,161,76,85
199458,4,40,13,27
199458,5,121,63,58
199458,11,1,1,0
199458,19,25,12,13
199458,20,96,51,45
199458,21,129,58,71
199458,22,129,58,71
199458,23,129,58,71
199458,24,38,13,25
199458,25,91,45,46
199458,39,18,10,8
199458,40,73,35,38
199458,41,33,19,14
199458,42,33,19,14
199458,43,32,18,14
199458,44,2,0,2
199458,45,30,18,12
199458,51,1,1,0
199458,59,7,2,5
199458,60,23,16,7
199467,1,933,287,646
199467,2,933,287,646
199467,3,881,270,611
199467,4,145,54,91
199467,5,736,216,520
199467,11,52,17,35
199467,19,135,38,97
199467,20,601,178,423
199467,21,422,139,283
199467,22,422,139,283
199467,23,401,134,267
199467,24,76,25,51
199467,25,325,109,216
199467,31,21,5,16
199467,39,87,23,64
199467,40,238,86,152
199467,41,511,148,363
199467,42,511,148,363
199467,43,480,136,344
199467,44,69,29,40
199467,45,411,107,304
199467,51,31,12,19
199467,59,48,15,33
199467,60,363,92,271
199476,1,2260,703,1557
199476,2,2260,703,1557
199476,3,2062,637,1425
199476,4,418,176,242
199476,5,1644,461,1183
199476,11,198,66,132
199476,19,419,119,300
199476,20,1225,342,883
199476,21,876,348,528
199476,22,876,348,528
199476,23,843,333,510
199476,24,193,93,100
199476,25,650,240,410
199476,31,33,15,18
199476,39,181,65,116
199476,40,469,175,294
199476,41,1384,355,1029
199476,42,1384,355,1029
199476,43,1219,304,915
199476,44,225,83,142
199476,45,994,221,773
199476,51,165,51,114
199476,59,238,54,184
199476,60,756,167,589
199485,1,1854,743,1111
199485,2,1854,743,1111
199485,3,1810,728,1082
199485,4,443,212,231
199485,5,1367,516,851
199485,11,44,15,29
199485,19,117,64,53
199485,20,1250,452,798
199485,21,857,389,468
199485,22,857,389,468
199485,23,856,388,468
199485,24,258,134,124
199485,25,598,254,344
199485,31,1,1,0
199485,39,60,40,20
199485,40,538,214,324
199485,41,997,354,643
199485,42,997,354,643
199485,43,954,340,614
199485,44,185,78,107
199485,45,769,262,507
199485,51,43,14,29
199485,59,57,24,33
199485,60,712,238,474
199494,1,6731,2511,4220
199494,2,6731,2511,4220
199494,3,5842,2203,3639
199494,4,3520,1376,2144
199494,5,2322,827,1495
199494,11,889,308,581
199494,19,1026,388,638
199494,20,1296,439,857
199494,21,2610,1025,1585
199494,22,2610,1025,1585
199494,23,2400,942,1458
199494,24,1633,658,975
199494,25,767,284,483
199494,31,210,83,127
199494,39,337,136,201
199494,40,430,148,282
199494,41,4121,1486,2635
199494,42,4121,1486,2635
199494,43,3442,1261,2181
199494,44,1887,718,1169
199494,45,1555,543,1012
199494,51,679,225,454
199494,59,689,252,437
199494,60,866,291,575
199582,1,1299,655,644
199582,2,1299,655,644
199582,3,1299,655,644
199582,4,327,175,152
199582,5,972,480,492
199582,19,48,33,15
199582,20,924,447,477
199582,21,1265,639,626
199582,22,1265,639,626
199582,23,1265,639,626
199582,24,323,172,151
199582,25,942,467,475
199582,39,46,32,14
199582,40,896,435,461
199582,41,34,16,18
199582,42,34,16,18
199582,43,34,16,18
199582,44,4,3,1
199582,45,30,13,17
199582,59,2,1,1
199582,60,28,12,16
199607,1,1187,67,1120
199607,2,979,45,934
199607,3,950,38,912
199607,4,181,1,180
199607,5,769,37,732
199607,11,29,7,22
199607,12,208,22,186
199607,19,81,11,70
199607,20,688,26,662
199607,21,845,25,820
199607,22,827,25,802
199607,23,824,24,800
199607,24,180,0,180
199607,25,644,24,620
199607,31,3,1,2
199607,32,18,0,18
199607,39,46,6,40
199607,40,598,18,580
199607,41,342,42,300
199607,42,152,20,132
199607,43,126,14,112
199607,44,1,1,0
199607,45,125,13,112
199607,51,26,6,20
199607,52,190,22,168
199607,59,35,5,30
199607,60,90,8,82
199625,1,1538,472,1066
199625,2,1538,472,1066
199625,3,1342,402,940
199625,4,229,85,144
199625,5,1113,317,796
199625,11,196,70,126
199625,19,144,24,120
199625,20,969,293,676
199625,21,723,221,502
199625,22,723,221,502
199625,23,634,195,439
199625,24,165,58,107
199625,25,469,137,332
199625,31,89,26,63
199625,39,57,10,47
199625,40,412,127,285
199625,41,815,251,564
199625,42,815,251,564
199625,43,708,207,501
199625,44,64,27,37
199625,45,644,180,464
199625,51,107,44,63
199625,59,87,14,73
199625,60,557,166,391
199634,1,4158,1461,2697
199634,2,4158,1461,2697
199634,3,3378,1190,2188
199634,4,677,302,375
199634,5,2701,888,1813
199634,11,780,271,509
199634,19,1172,338,834
199634,20,1529,550,979
199634,21,1973,778,1195
199634,22,1973,778,1195
199634,23,1882,739,1143
199634,24,478,224,254
199634,25,1404,515,889
199634,31,91,39,52
199634,39,578,196,382
199634,40,826,319,507
199634,41,2185,683,1502
199634,42,2185,683,1502
199634,43,1496,451,1045
199634,44,199,78,121
199634,45,1297,373,924
199634,51,689,232,457
199634,59,594,142,452
199634,60,703,231,472
199643,1,2062,908,1154
199643,2,1923,851,1072
199643,3,1923,851,1072
199643,4,537,266,271
199643,5,1386,585,801
199643,12,139,57,82
199643,19,95,47,48
199643,20,1291,538,753
199643,21,1875,844,1031
199643,22,1784,799,985
199643,23,1784,799,985
199643,24,534,264,270
199643,25,1250,535,715
199643,32,91,45,46
199643,39,87,42,45
199643,40,1163,493,670
199643,41,187,64,123
199643,42,139,52,87
199643,43,139,52,87
199643,44,3,2,1
199643,45,136,50,86
199643,52,48,12,36
199643,59,8,5,3
199643,60,128,45,83
199689,1,189,5,184
199689,2,189,5,184
199689,3,189,5,184
199689,4,28,1,27
199689,5,161,4,157
199689,20,161,4,157
199689,21,140,4,136
199689,22,140,4,136
199689,23,140,4,136
199689,24,26,1,25
199689,25,114,3,111
199689,40,114,3,111
199689,41,49,1,48
199689,42,49,1,48
199689,43,49,1,48
199689,44,2,0,2
199689,45,47,1,46
199689,60,47,1,46
199698,1,635,295,340
199698,2,595,281,314
199698,3,573,271,302
199698,4,178,97,81
199698,5,395,174,221
199698,11,22,10,12
199698,12,40,14,26
199698,19,92,45,47
199698,20,303,129,174
199698,21,592,284,308
199698,22,558,272,286
199698,23,546,266,280
199698,24,178,97,81
199698,25,368,169,199
199698,31,12,6,6
199698,32,34,12,22
199698,39,84,43,41
199698,40,284,126,158
199698,41,43,11,32
199698,42,37,9,28
199698,43,27,5,22
199698,45,27,5,22
199698,51,10,4,6
199698,52,6,2,4
199698,59,8,2,6
199698,60,19,3,16
199713,1,97,9,88
199713,2,97,9,88
199713,3,97,9,88
199713,4,25,3,22
199713,5,72,6,66
199713,20,72,6,66
199713,21,96,9,87
199713,22,96,9,87
199713,23,96,9,87
199713,24,25,3,22
199713,25,71,6,65
199713,40,71,6,65
199713,41,1,0,1
199713,42,1,0,1
199713,43,1,0,1
199713,45,1,0,1
199713,60,1,0,1
199722,1,1402,474,928
199722,2,1402,474,928
199722,3,1146,384,762
199722,4,248,125,123
199722,5,898,259,639
199722,11,256,90,166
199722,19,40,13,27
199722,20,858,246,612
199722,21,766,283,483
199722,22,766,283,483
199722,23,709,257,452
199722,24,174,92,82
199722,25,535,165,370
199722,31,57,26,31
199722,39,28,11,17
199722,40,507,154,353
199722,41,636,191,445
199722,42,636,191,445
199722,43,437,127,310
199722,44,74,33,41
199722,45,363,94,269
199722,51,199,64,135
199722,59,12,2,10
199722,60,351,92,259
199731,1,2242,920,1322
199731,2,2242,920,1322
199731,3,1597,612,985
199731,4,239,118,121
199731,5,1358,494,864
199731,11,645,308,337
199731,19,479,203,276
199731,20,879,291,588
199731,21,937,386,551
199731,22,937,386,551
199731,23,805,326,479
199731,24,143,67,76
199731,25,662,259,403
199731,31,132,60,72
199731,39,220,99,121
199731,40,442,160,282
199731,41,1305,534,771
199731,42,1305,534,771
199731,43,792,286,506
199731,44,96,51,45
199731,45,696,235,461
199731,51,513,248,265
199731,59,259,104,155
199731,60,437,131,306
199740,1,2885,896,1989
199740,2,2885,896,1989
199740,3,2384,749,1635
199740,4,399,173,226
199740,5,1985,576,1409
199740,11,501,147,354
199740,19,652,177,475
199740,20,1333,399,934
199740,21,1072,403,669
199740,22,1072,403,669
199740,23,1040,388,652
199740,24,258,124,134
199740,25,782,264,518
199740,31,32,15,17
199740,39,242,78,164
199740,40,540,186,354
199740,41,1813,493,1320
199740,42,1813,493,1320
199740,43,1344,361,983
199740,44,141,49,92
199740,45,1203,312,891
199740,51,469,132,337
199740,59,410,99,311
199740,60,793,213,580
199759,1,2604,1926,678
199759,2,574,301,273
199759,3,543,289,254
199759,4,78,49,29
199759,5,465,240,225
199759,11,31,12,19
199759,12,2030,1625,405
199759,19,49,34,15
199759,20,416,206,210
199759,21,1454,1156,298
199759,22,238,150,88
199759,23,237,149,88
199759,24,54,29,25
199759,25,183,120,63
199759,31,1,1,0
199759,32,1216,1006,210
199759,39,37,27,10
199759,40,146,93,53
199759,41,1150,770,380
199759,42,336,151,185
199759,43,306,140,166
199759,44,24,20,4
199759,45,282,120,162
199759,51,30,11,19
199759,52,814,619,195
199759,59,12,7,5
199759,60,270,113,157
199768,1,3454,1354,2100
199768,2,3454,1354,2100
199768,3,2492,1011,1481
199768,4,500,250,250
199768,5,1992,761,1231
199768,11,962,343,619
199768,19,257,84,173
199768,20,1735,677,1058
199768,21,1640,677,963
199768,22,1640,677,963
199768,23,1494,621,873
199768,24,366,178,188
199768,25,1128,443,685
199768,31,146,56,90
199768,39,105,43,62
199768,40,1023,400,623
199768,41,1814,677,1137
199768,42,1814,677,1137
199768,43,998,390,608
199768,44,134,72,62
199768,45,864,318,546
199768,51,816,287,529
199768,59,152,41,111
199768,60,712,277,435
199786,1,4161,1478,2683
199786,2,4161,1478,2683
199786,3,3960,1408,2552
199786,4,587,258,329
199786,5,3373,1150,2223
199786,11,201,70,131
199786,19,742,238,504
199786,20,2631,912,1719
199786,21,1877,712,1165
199786,22,1877,712,1165
199786,23,1856,705,1151
199786,24,392,177,215
199786,25,1464,528,936
199786,31,21,7,14
199786,39,260,105,155
199786,40,1204,423,781
199786,41,2284,766,1518
199786,42,2284,766,1518
199786,43,2104,703,1401
199786,44,195,81,114
199786,45,1909,622,1287
199786,51,180,63,117
199786,59,482,133,349
199786,60,1427,489,938
199795,1,1412,517,895
199795,2,1412,517,895
199795,3,949,317,632
199795,4,147,77,70
199795,5,802,240,562
199795,11,463,200,263
199795,19,169,49,120
199795,20,633,191,442
199795,21,654,220,434
199795,22,654,220,434
199795,23,603,203,400
199795,24,118,59,59
199795,25,485,144,341
199795,31,51,17,34
199795,39,94,29,65
199795,40,391,115,276
199795,41,758,297,461
199795,42,758,297,461
199795,43,346,114,232
199795,44,29,18,11
199795,45,317,96,221
199795,51,412,183,229
199795,59,75,20,55
199795,60,242,76,166
199838,1,4008,1347,2661
199838,2,4008,1347,2661
199838,3,3863,1302,2561
199838,4,757,299,458
199838,5,3106,1003,2103
199838,11,145,45,100
199838,19,157,57,100
199838,20,2949,946,2003
199838,21,1087,388,699
199838,22,1087,388,699
199838,23,1081,384,697
199838,24,190,77,113
199838,25,891,307,584
199838,31,6,4,2
199838,39,43,16,27
199838,40,848,291,557
199838,41,2921,959,1962
199838,42,2921,959,1962
199838,43,2782,918,1864
199838,44,567,222,345
199838,45,2215,696,1519
199838,51,139,41,98
199838,59,114,41,73
199838,60,2101,655,1446
199847,1,7602,3787,3815
199847,2,4823,2307,2516
199847,3,4812,2304,2508
199847,4,1230,586,644
199847,5,3582,1718,1864
199847,11,11,3,8
199847,12,2779,1480,1299
199847,19,35,15,20
199847,20,3547,1703,1844
199847,21,7375,3689,3686
199847,22,4756,2265,2491
199847,23,4752,2264,2488
199847,24,1230,586,644
199847,25,3522,1678,1844
199847,31,4,1,3
199847,32,2619,1424,1195
199847,39,35,15,20
199847,40,3487,1663,1824
199847,41,227,98,129
199847,42,67,42,25
199847,43,60,40,20
199847,45,60,40,20
199847,51,7,2,5
199847,52,160,56,104
199847,60,60,40,20
199856,1,19160,8630,10530
199856,2,19160,8630,10530
199856,3,18020,8239,9781
199856,4,3723,1957,1766
199856,5,14297,6282,8015
199856,11,1140,391,749
199856,19,5389,2231,3158
199856,20,8908,4051,4857
199856,21,5986,2997,2989
199856,22,5986,2997,2989
199856,23,5893,2963,2930
199856,24,1629,890,739
199856,25,4264,2073,2191
199856,31,93,34,59
199856,39,1491,705,786
199856,40,2773,1368,1405
199856,41,13174,5633,7541
199856,42,13174,5633,7541
199856,43,12127,5276,6851
199856,44,2094,1067,1027
199856,45,10033,4209,5824
199856,51,1047,357,690
199856,59,3898,1526,2372
199856,60,6135,2683,3452
199865,1,893,334,559
199865,2,830,320,510
199865,3,821,315,506
199865,4,220,71,149
199865,5,601,244,357
199865,11,9,5,4
199865,12,63,14,49
199865,19,71,27,44
199865,20,530,217,313
199865,21,887,330,557
199865,22,824,316,508
199865,23,818,313,505
199865,24,220,71,149
199865,25,598,242,356
199865,31,6,3,3
199865,32,63,14,49
199865,39,71,27,44
199865,40,527,215,312
199865,41,6,4,2
199865,42,6,4,2
199865,43,3,2,1
199865,45,3,2,1
199865,51,3,2,1
199865,60,3,2,1
199883,1,138,13,125
199883,2,138,13,125
199883,3,138,13,125
199883,5,138,13,125
199883,20,138,13,125
199883,21,138,13,125
199883,22,138,13,125
199883,23,138,13,125
199883,25,138,13,125
199883,40,138,13,125
199892,1,3837,1533,2304
199892,2,3837,1533,2304
199892,3,3235,1281,1954
199892,4,655,296,359
199892,5,2580,985,1595
199892,11,602,252,350
199892,19,1002,332,670
199892,20,1578,653,925
199892,21,1813,783,1030
199892,22,1813,783,1030
199892,23,1742,744,998
199892,24,440,208,232
199892,25,1302,536,766
199892,31,71,39,32
199892,39,503,185,318
199892,40,799,351,448
199892,41,2024,750,1274
199892,42,2024,750,1274
199892,43,1493,537,956
199892,44,215,88,127
199892,45,1278,449,829
199892,51,531,213,318
199892,59,499,147,352
199892,60,779,302,477
199908,1,2352,907,1445
199908,2,2352,907,1445
199908,3,2047,797,1250
199908,4,460,208,252
199908,5,1587,589,998
199908,11,305,110,195
199908,19,421,145,276
199908,20,1166,444,722
199908,21,1242,501,741
199908,22,1242,501,741
199908,23,1176,471,705
199908,24,319,146,173
199908,25,857,325,532
199908,31,66,30,36
199908,39,231,84,147
199908,40,626,241,385
199908,41,1110,406,704
199908,42,1110,406,704
199908,43,871,326,545
199908,44,141,62,79
199908,45,730,264,466
199908,51,239,80,159
199908,59,190,61,129
199908,60,540,203,337
199926,1,2753,1226,1527
199926,2,2753,1226,1527
199926,3,2102,916,1186
199926,4,433,226,207
199926,5,1669,690,979
199926,11,651,310,341
199926,19,258,111,147
199926,20,1411,579,832
199926,21,1500,688,812
199926,22,1500,688,812
199926,23,1438,664,774
199926,24,354,194,160
199926,25,1084,470,614
199926,31,62,24,38
199926,39,124,68,56
199926,40,960,402,558
199926,41,1253,538,715
199926,42,1253,538,715
199926,43,664,252,412
199926,44,79,32,47
199926,45,585,220,365
199926,51,589,286,303
199926,59,134,43,91
199926,60,451,177,274
199953,1,2117,699,1418
199953,2,2117,699,1418
199953,3,1694,552,1142
199953,4,257,108,149
199953,5,1437,444,993
199953,11,423,147,276
199953,19,432,111,321
199953,20,1005,333,672
199953,21,1072,382,690
199953,22,1072,382,690
199953,23,1057,376,681
199953,24,201,89,112
199953,25,856,287,569
199953,31,15,6,9
199953,39,223,68,155
199953,40,633,219,414
199953,41,1045,317,728
199953,42,1045,317,728
199953,43,637,176,461
199953,44,56,19,37
199953,45,581,157,424
199953,51,408,141,267
199953,59,209,43,166
199953,60,372,114,258
199962,1,3002,1205,1797
199962,2,2009,824,1185
199962,3,2002,819,1183
199962,4,642,275,367
199962,5,1360,544,816
199962,11,7,5,2
199962,12,993,381,612
199962,19,109,44,65
199962,20,1251,500,751
199962,21,2457,985,1472
199962,22,1953,798,1155
199962,23,1952,798,1154
199962,24,642,275,367
199962,25,1310,523,787
199962,31,1,0,1
199962,32,504,187,317
199962,39,98,39,59
199962,40,1212,484,728
199962,41,545,220,325
199962,42,56,26,30
199962,43,50,21,29
199962,45,50,21,29
199962,51,6,5,1
199962,52,489,194,295
199962,59,11,5,6
199962,60,39,16,23
199971,1,53,26,27
199971,2,36,18,18
199971,3,36,18,18
199971,4,2,2,0
199971,5,34,16,18
199971,12,17,8,9
199971,19,2,0,2
199971,20,32,16,16
199971,21,53,26,27
199971,22,36,18,18
199971,23,36,18,18
199971,24,2,2,0
199971,25,34,16,18
199971,32,17,8,9
199971,39,2,0,2
199971,40,32,16,16
199980,1,60,56,4
199980,2,60,56,4
199980,3,60,56,4
199980,4,17,16,1
199980,5,43,40,3
199980,20,43,40,3
199980,21,60,56,4
199980,22,60,56,4
199980,23,60,56,4
199980,24,17,16,1
199980,25,43,40,3
199980,40,43,40,3
199999,1,5399,1555,3844
199999,2,4938,1432,3506
199999,3,4877,1405,3472
199999,4,728,219,509
199999,5,4149,1186,2963
199999,11,61,27,34
199999,12,461,123,338
199999,19,620,153,467
199999,20,3529,1033,2496
199999,21,4614,1338,3276
199999,22,4317,1260,3057
199999,23,4316,1259,3057
199999,24,724,218,506
199999,25,3592,1041,2551
199999,31,1,1,0
199999,32,297,78,219
199999,39,478,131,347
199999,40,3114,910,2204
199999,41,785,217,568
199999,42,621,172,449
199999,43,561,146,415
199999,44,4,1,3
199999,45,557,145,412
199999,51,60,26,34
199999,52,164,45,119
199999,59,142,22,120
199999,60,415,123,292
200004,1,10107,4365,5742
200004,2,8448,3806,4642
200004,3,8238,3752,4486
200004,4,1621,678,943
200004,5,6617,3074,3543
200004,11,210,54,156
200004,12,1659,559,1100
200004,19,851,391,460
200004,20,5766,2683,3083
200004,21,7750,3463,4287
200004,22,7081,3252,3829
200004,23,7045,3240,3805
200004,24,1614,676,938
200004,25,5431,2564,2867
200004,31,36,12,24
200004,32,669,211,458
200004,39,540,281,259
200004,40,4891,2283,2608
200004,41,2357,902,1455
200004,42,1367,554,813
200004,43,1193,512,681
200004,44,7,2,5
200004,45,1186,510,676
200004,51,174,42,132
200004,52,990,348,642
200004,59,311,110,201
200004,60,875,400,475
200013,1,964,271,693
200013,2,964,271,693
200013,3,923,248,675
200013,4,60,22,38
200013,5,863,226,637
200013,11,41,23,18
200013,19,162,38,124
200013,20,701,188,513
200013,21,526,128,398
200013,22,526,128,398
200013,23,526,128,398
200013,24,46,16,30
200013,25,480,112,368
200013,39,119,23,96
200013,40,361,89,272
200013,41,438,143,295
200013,42,438,143,295
200013,43,397,120,277
200013,44,14,6,8
200013,45,383,114,269
200013,51,41,23,18
200013,59,43,15,28
200013,60,340,99,241
200022,1,4062,2282,1780
200022,2,4062,2282,1780
200022,3,3233,1885,1348
200022,4,907,520,387
200022,5,2326,1365,961
200022,11,829,397,432
200022,19,281,181,100
200022,20,2045,1184,861
200022,21,2365,1388,977
200022,22,2365,1388,977
200022,23,2339,1367,972
200022,24,847,491,356
200022,25,1492,876,616
200022,31,26,21,5
200022,39,208,135,73
200022,40,1284,741,543
200022,41,1697,894,803
200022,42,1697,894,803
200022,43,894,518,376
200022,44,60,29,31
200022,45,834,489,345
200022,51,803,376,427
200022,59,73,46,27
200022,60,761,443,318
200059,1,1449,571,878
200059,2,1449,571,878
200059,3,1257,497,760
200059,4,165,89,76
200059,5,1092,408,684
200059,11,192,74,118
200059,19,127,44,83
200059,20,965,364,601
200059,21,1018,427,591
200059,22,1018,427,591
200059,23,1001,425,576
200059,24,163,89,74
200059,25,838,336,502
200059,31,17,2,15
200059,39,89,36,53
200059,40,749,300,449
200059,41,431,144,287
200059,42,431,144,287
200059,43,256,72,184
200059,44,2,0,2
200059,45,254,72,182
200059,51,175,72,103
200059,59,38,8,30
200059,60,216,64,152
200086,1,203,67,136
200086,2,203,67,136
200086,3,181,64,117
200086,4,41,16,25
200086,5,140,48,92
200086,11,22,3,19
200086,19,23,12,11
200086,20,117,36,81
200086,21,128,49,79
200086,22,128,49,79
200086,23,122,49,73
200086,24,31,13,18
200086,25,91,36,55
200086,31,6,0,6
200086,39,12,7,5
200086,40,79,29,50
200086,41,75,18,57
200086,42,75,18,57
200086,43,59,15,44
200086,44,10,3,7
200086,45,49,12,37
200086,51,16,3,13
200086,59,11,5,6
200086,60,38,7,31
200110,1,69,0,69
200110,2,69,0,69
200110,3,69,0,69
200110,4,39,0,39
200110,5,30,0,30
200110,20,30,0,30
200110,21,69,0,69
200110,22,69,0,69
200110,23,69,0,69
200110,24,39,0,39
200110,25,30,0,30
200110,40,30,0,30
200129,1,53,2,51
200129,2,53,2,51
200129,3,53,2,51
200129,4,31,2,29
200129,5,22,0,22
200129,20,22,0,22
200129,21,53,2,51
200129,22,53,2,51
200129,23,53,2,51
200129,24,31,2,29
200129,25,22,0,22
200129,40,22,0,22
200156,1,997,466,531
200156,2,955,449,506
200156,3,923,440,483
200156,4,262,126,136
200156,5,661,314,347
200156,11,32,9,23
200156,12,42,17,25
200156,19,64,39,25
200156,20,597,275,322
200156,21,923,432,491
200156,22,882,416,466
200156,23,878,416,462
200156,24,257,124,133
200156,25,621,292,329
200156,31,4,0,4
200156,32,41,16,25
200156,39,60,38,22
200156,40,561,254,307
200156,41,74,34,40
200156,42,73,33,40
200156,43,45,24,21
200156,44,5,2,3
200156,45,40,22,18
200156,51,28,9,19
200156,52,1,1,0
200156,59,4,1,3
200156,60,36,21,15
200165,1,63,2,61
200165,2,63,2,61
200165,3,63,2,61
200165,4,13,1,12
200165,5,50,1,49
200165,20,50,1,49
200165,21,63,2,61
200165,22,63,2,61
200165,23,63,2,61
200165,24,13,1,12
200165,25,50,1,49
200165,40,50,1,49
200192,1,1898,798,1100
200192,2,1898,798,1100
200192,3,661,265,396
200192,4,206,101,105
200192,5,455,164,291
200192,11,1237,533,704
200192,19,96,31,65
200192,20,359,133,226
200192,21,486,214,272
200192,22,486,214,272
200192,23,465,207,258
200192,24,190,94,96
200192,25,275,113,162
200192,31,21,7,14
200192,39,52,19,33
200192,40,223,94,129
200192,41,1412,584,828
200192,42,1412,584,828
200192,43,196,58,138
200192,44,16,7,9
200192,45,180,51,129
200192,51,1216,526,690
200192,59,44,12,32
200192,60,136,39,97
200208,1,254,102,152
200208,2,254,102,152
200208,3,229,95,134
200208,4,41,25,16
200208,5,188,70,118
200208,11,25,7,18
200208,19,2,0,2
200208,20,186,70,116
200208,21,159,71,88
200208,22,159,71,88
200208,23,159,71,88
200208,24,34,21,13
200208,25,125,50,75
200208,39,2,0,2
200208,40,123,50,73
200208,41,95,31,64
200208,42,95,31,64
200208,43,70,24,46
200208,44,7,4,3
200208,45,63,20,43
200208,51,25,7,18
200208,60,63,20,43
200217,1,2910,1005,1905
200217,2,2044,729,1315
200217,3,1865,679,1186
200217,4,423,153,270
200217,5,1442,526,916
200217,11,179,50,129
200217,12,866,276,590
200217,19,182,70,112
200217,20,1260,456,804
200217,21,1744,614,1130
200217,22,1637,582,1055
200217,23,1624,576,1048
200217,24,423,153,270
200217,25,1201,423,778
200217,31,13,6,7
200217,32,107,32,75
200217,39,162,68,94
200217,40,1039,355,684
200217,41,1166,391,775
200217,42,407,147,260
200217,43,241,103,138
200217,45,241,103,138
200217,51,166,44,122
200217,52,759,244,515
200217,59,20,2,18
200217,60,221,101,120
200226,1,1065,458,607
200226,2,1036,452,584
200226,3,763,345,418
200226,4,134,79,55
200226,5,629,266,363
200226,11,273,107,166
200226,12,29,6,23
200226,19,98,39,59
200226,20,531,227,304
200226,21,587,301,286
200226,22,587,301,286
200226,23,586,300,286
200226,24,132,79,53
200226,25,454,221,233
200226,31,1,1,0
200226,39,60,31,29
200226,40,394,190,204
200226,41,478,157,321
200226,42,449,151,298
200226,43,177,45,132
200226,44,2,0,2
200226,45,175,45,130
200226,51,272,106,166
200226,52,29,6,23
200226,59,38,8,30
200226,60,137,37,100
200244,1,136,15,121
200244,2,136,15,121
200244,3,136,15,121
200244,5,136,15,121
200244,19,38,5,33
200244,20,98,10,88
200244,21,94,9,85
200244,22,94,9,85
200244,23,94,9,85
200244,25,94,9,85
200244,40,94,9,85
200244,41,42,6,36
200244,42,42,6,36
200244,43,42,6,36
200244,45,42,6,36
200244,59,38,5,33
200244,60,4,1,3
200253,1,3533,1344,2189
200253,2,3254,1254,2000
200253,3,2693,982,1711
200253,4,397,154,243
200253,5,2296,828,1468
200253,11,561,272,289
200253,12,279,90,189
200253,19,320,115,205
200253,20,1976,713,1263
200253,21,2273,826,1447
200253,22,2151,788,1363
200253,23,2140,785,1355
200253,24,349,134,215
200253,25,1791,651,1140
200253,31,11,3,8
200253,32,122,38,84
200253,39,243,90,153
200253,40,1548,561,987
200253,41,1260,518,742
200253,42,1103,466,637
200253,43,553,197,356
200253,44,48,20,28
200253,45,505,177,328
200253,51,550,269,281
200253,52,157,52,105
200253,59,77,25,52
200253,60,428,152,276
200262,1,7,6,1
200262,2,7,6,1
200262,3,7,6,1
200262,4,2,2,0
200262,5,5,4,1
200262,20,5,4,1
200262,21,7,6,1
200262,22,7,6,1
200262,23,7,6,1
200262,24,2,2,0
200262,25,5,4,1
200262,40,5,4,1
200280,1,15143,8018,7125
200280,2,11724,6640,5084
200280,3,11182,6339,4843
200280,4,1908,1057,851
200280,5,9274,5282,3992
200280,11,542,301,241
200280,12,3419,1378,2041
200280,19,824,514,310
200280,20,8450,4768,3682
200280,21,11160,5925,5235
200280,22,9385,5126,4259
200280,23,9312,5082,4230
200280,24,1888,1045,843
200280,25,7424,4037,3387
200280,31,73,44,29
200280,32,1775,799,976
200280,39,540,322,218
200280,40,6884,3715,3169
200280,41,3983,2093,1890
200280,42,2339,1514,825
200280,43,1870,1257,613
200280,44,20,12,8
200280,45,1850,1245,605
200280,51,469,257,212
200280,52,1644,579,1065
200280,59,284,192,92
200280,60,1566,1053,513
200305,1,3168,1694,1474
200305,2,3168,1694,1474
200305,3,2119,1239,880
200305,4,796,538,258
200305,5,1323,701,622
200305,11,1049,455,594
200305,19,139,63,76
200305,20,1184,638,546
200305,21,1712,1094,618
200305,22,1712,1094,618
200305,23,1704,1090,614
200305,24,740,517,223
200305,25,964,573,391
200305,31,8,4,4
200305,39,110,55,55
200305,40,854,518,336
200305,41,1456,600,856
200305,42,1456,600,856
200305,43,415,149,266
200305,44,56,21,35
200305,45,359,128,231
200305,51,1041,451,590
200305,59,29,8,21
200305,60,330,120,210
200314,1,793,391,402
200314,2,793,391,402
200314,3,470,202,268
200314,4,231,117,114
200314,5,239,85,154
200314,11,323,189,134
200314,19,66,29,37
200314,20,173,56,117
200314,21,367,182,185
200314,22,367,182,185
200314,23,367,182,185
200314,24,195,109,86
200314,25,172,73,99
200314,39,50,27,23
200314,40,122,46,76
200314,41,426,209,217
200314,42,426,209,217
200314,43,103,20,83
200314,44,36,8,28
200314,45,67,12,55
200314,51,323,189,134
200314,59,16,2,14
200314,60,51,10,41
200332,1,14629,7956,6673
200332,2,11948,6676,5272
200332,3,11629,6512,5117
200332,4,2553,1407,1146
200332,5,9076,5105,3971
200332,11,319,164,155
200332,12,2681,1280,1401
200332,19,644,364,280
200332,20,8432,4741,3691
200332,21,11798,6617,5181
200332,22,10707,6076,4631
200332,23,10662,6046,4616
200332,24,2524,1394,1130
200332,25,8138,4652,3486
200332,31,45,30,15
200332,32,1091,541,550
200332,39,577,332,245
200332,40,7561,4320,3241
200332,41,2831,1339,1492
200332,42,1241,600,641
200332,43,967,466,501
200332,44,29,13,16
200332,45,938,453,485
200332,51,274,134,140
200332,52,1590,739,851
200332,59,67,32,35
200332,60,871,421,450
200341,1,909,339,570
200341,2,909,339,570
200341,3,558,204,354
200341,4,156,86,70
200341,5,402,118,284
200341,11,351,135,216
200341,19,90,29,61
200341,20,312,89,223
200341,21,430,180,250
200341,22,430,180,250
200341,23,405,175,230
200341,24,138,83,55
200341,25,267,92,175
200341,31,25,5,20
200341,39,56,23,33
200341,40,211,69,142
200341,41,479,159,320
200341,42,479,159,320
200341,43,153,29,124
200341,44,18,3,15
200341,45,135,26,109
200341,51,326,130,196
200341,59,34,6,28
200341,60,101,20,81
200387,1,56,1,55
200387,2,56,1,55
200387,3,56,1,55
200387,4,7,0,7
200387,5,49,1,48
200387,20,49,1,48
200387,21,56,1,55
200387,22,56,1,55
200387,23,56,1,55
200387,24,7,0,7
200387,25,49,1,48
200387,40,49,1,48
200466,1,279,114,165
200466,2,279,114,165
200466,3,264,110,154
200466,4,81,51,30
200466,5,183,59,124
200466,11,15,4,11
200466,19,16,6,10
200466,20,167,53,114
200466,21,194,76,118
200466,22,194,76,118
200466,23,194,76,118
200466,24,45,24,21
200466,25,149,52,97
200466,39,15,5,10
200466,40,134,47,87
200466,41,85,38,47
200466,42,85,38,47
200466,43,70,34,36
200466,44,36,27,9
200466,45,34,7,27
200466,51,15,4,11
200466,59,1,1,0
200466,60,33,6,27
200484,1,198,121,77
200484,2,198,121,77
200484,3,195,119,76
200484,4,53,33,20
200484,5,142,86,56
200484,11,3,2,1
200484,19,9,6,3
200484,20,133,80,53
200484,21,160,104,56
200484,22,160,104,56
200484,23,160,104,56
200484,24,43,29,14
200484,25,117,75,42
200484,39,8,5,3
200484,40,109,70,39
200484,41,38,17,21
200484,42,38,17,21
200484,43,35,15,20
200484,44,10,4,6
200484,45,25,11,14
200484,51,3,2,1
200484,59,1,1,0
200484,60,24,10,14
200527,1,602,227,375
200527,2,602,227,375
200527,3,537,205,332
200527,4,120,53,67
200527,5,417,152,265
200527,11,65,22,43
200527,19,9,3,6
200527,20,408,149,259
200527,21,483,187,296
200527,22,483,187,296
200527,23,482,187,295
200527,24,109,48,61
200527,25,373,139,234
200527,31,1,0,1
200527,39,9,3,6
200527,40,364,136,228
200527,41,119,40,79
200527,42,119,40,79
200527,43,55,18,37
200527,44,11,5,6
200527,45,44,13,31
200527,51,64,22,42
200527,60,44,13,31
200554,1,505,181,324
200554,2,505,181,324
200554,3,486,175,311
200554,4,114,58,56
200554,5,372,117,255
200554,11,19,6,13
200554,19,70,24,46
200554,20,302,93,209
200554,21,441,165,276
200554,22,441,165,276
200554,23,441,165,276
200554,24,112,57,55
200554,25,329,108,221
200554,39,67,24,43
200554,40,262,84,178
200554,41,64,16,48
200554,42,64,16,48
200554,43,45,10,35
200554,44,2,1,1
200554,45,43,9,34
200554,51,19,6,13
200554,59,3,0,3
200554,60,40,9,31
200572,1,1366,583,783
200572,2,1211,534,677
200572,3,924,452,472
200572,4,185,98,87
200572,5,739,354,385
200572,11,287,82,205
200572,12,155,49,106
200572,19,111,54,57
200572,20,628,300,328
200572,21,761,378,383
200572,22,759,378,381
200572,23,701,368,333
200572,24,159,87,72
200572,25,542,281,261
200572,31,58,10,48
200572,32,2,0,2
200572,39,71,40,31
200572,40,471,241,230
200572,41,605,205,400
200572,42,452,156,296
200572,43,223,84,139
200572,44,26,11,15
200572,45,197,73,124
200572,51,229,72,157
200572,52,153,49,104
200572,59,40,14,26
200572,60,157,59,98
200590,1,161,71,90
200590,2,161,71,90
200590,3,161,71,90
200590,4,25,20,5
200590,5,136,51,85
200590,19,16,9,7
200590,20,120,42,78
200590,21,105,19,86
200590,22,105,19,86
200590,23,105,19,86
200590,24,6,2,4
200590,25,99,17,82
200590,39,7,1,6
200590,40,92,16,76
200590,41,56,52,4
200590,42,56,52,4
200590,43,56,52,4
200590,44,19,18,1
200590,45,37,34,3
200590,59,9,8,1
200590,60,28,26,2
200624,1,38,19,19
200624,2,38,19,19
200624,3,38,19,19
200624,4,9,4,5
200624,5,29,15,14
200624,19,2,1,1
200624,20,27,14,13
200624,21,33,17,16
200624,22,33,17,16
200624,23,33,17,16
200624,24,9,4,5
200624,25,24,13,11
200624,39,2,1,1
200624,40,22,12,10
200624,41,5,2,3
200624,42,5,2,3
200624,43,5,2,3
200624,45,5,2,3
200624,60,5,2,3
200633,1,243,47,196
200633,2,243,47,196
200633,3,243,47,196
200633,4,80,15,65
200633,5,163,32,131
200633,19,6,1,5
200633,20,157,31,126
200633,21,144,30,114
200633,22,144,30,114
200633,23,144,30,114
200633,24,53,11,42
200633,25,91,19,72
200633,39,3,1,2
200633,40,88,18,70
200633,41,99,17,82
200633,42,99,17,82
200633,43,99,17,82
200633,44,27,4,23
200633,45,72,13,59
200633,59,3,0,3
200633,60,69,13,56
200697,1,853,749,104
200697,12,853,749,104
200697,21,638,562,76
200697,32,638,562,76
200697,41,215,187,28
200697,52,215,187,28
200785,1,302,51,251
200785,2,302,51,251
200785,3,298,49,249
200785,4,35,5,30
200785,5,263,44,219
200785,11,4,2,2
200785,19,20,1,19
200785,20,243,43,200
200785,21,191,34,157
200785,22,191,34,157
200785,23,191,34,157
200785,24,31,5,26
200785,25,160,29,131
200785,39,18,1,17
200785,40,142,28,114
200785,41,111,17,94
200785,42,111,17,94
200785,43,107,15,92
200785,44,4,0,4
200785,45,103,15,88
200785,51,4,2,2
200785,59,2,0,2
200785,60,101,15,86
200800,1,24932,12640,12292
200800,2,20477,10696,9781
200800,3,19022,10042,8980
200800,4,3802,2013,1789
200800,5,15220,8029,7191
200800,11,1455,654,801
200800,12,4455,1944,2511
200800,19,849,459,390
200800,20,14371,7570,6801
200800,21,18340,9662,8678
200800,22,15870,8414,7456
200800,23,15456,8204,7252
200800,24,3589,1916,1673
200800,25,11867,6288,5579
200800,31,414,210,204
200800,32,2470,1248,1222
200800,39,665,379,286
200800,40,11202,5909,5293
200800,41,6592,2978,3614
200800,42,4607,2282,2325
200800,43,3566,1838,1728
200800,44,213,97,116
200800,45,3353,1741,1612
200800,51,1041,444,597
200800,52,1985,696,1289
200800,59,184,80,104
200800,60,3169,1661,1508
200828,1,34,5,29
200828,2,34,5,29
200828,3,34,5,29
200828,4,30,4,26
200828,5,4,1,3
200828,20,4,1,3
200828,21,34,5,29
200828,22,34,5,29
200828,23,34,5,29
200828,24,30,4,26
200828,25,4,1,3
200828,40,4,1,3
200846,1,2020,818,1202
200846,2,2020,818,1202
200846,3,1409,578,831
200846,4,375,166,209
200846,5,1034,412,622
200846,11,611,240,371
200846,19,87,28,59
200846,20,947,384,563
200846,21,885,386,499
200846,22,885,386,499
200846,23,775,337,438
200846,24,283,128,155
200846,25,492,209,283
200846,31,110,49,61
200846,39,45,15,30
200846,40,447,194,253
200846,41,1135,432,703
200846,42,1135,432,703
200846,43,634,241,393
200846,44,92,38,54
200846,45,542,203,339
200846,51,501,191,310
200846,59,42,13,29
200846,60,500,190,310
200873,1,43,17,26
200873,2,43,17,26
200873,3,37,14,23
200873,4,15,4,11
200873,5,22,10,12
200873,11,6,3,3
200873,19,2,1,1
200873,20,20,9,11
200873,21,31,9,22
200873,22,31,9,22
200873,23,31,9,22
200873,24,15,4,11
200873,25,16,5,11
200873,39,2,1,1
200873,40,14,4,10
200873,41,12,8,4
200873,42,12,8,4
200873,43,6,5,1
200873,45,6,5,1
200873,51,6,3,3
200873,60,6,5,1
201016,1,180,62,118
201016,2,180,62,118
201016,3,180,62,118
201016,4,16,3,13
201016,5,164,59,105
201016,20,164,59,105
201016,21,162,55,107
201016,22,162,55,107
201016,23,162,55,107
201016,24,16,3,13
201016,25,146,52,94
201016,40,146,52,94
201016,41,18,7,11
201016,42,18,7,11
201016,43,18,7,11
201016,45,18,7,11
201016,60,18,7,11
201034,1,654,297,357
201034,2,654,297,357
201034,3,506,268,238
201034,4,438,222,216
201034,5,68,46,22
201034,11,148,29,119
201034,20,68,46,22
201034,21,229,112,117
201034,22,229,112,117
201034,23,229,112,117
201034,24,161,66,95
201034,25,68,46,22
201034,40,68,46,22
201034,41,425,185,240
201034,42,425,185,240
201034,43,277,156,121
201034,44,277,156,121
201034,51,148,29,119
201061,1,215,91,124
201061,2,207,88,119
201061,3,206,87,119
201061,4,55,22,33
201061,5,151,65,86
201061,11,1,1,0
201061,12,8,3,5
201061,19,10,4,6
201061,20,141,61,80
201061,21,201,84,117
201061,22,193,81,112
201061,23,193,81,112
201061,24,54,21,33
201061,25,139,60,79
201061,32,8,3,5
201061,39,7,2,5
201061,40,132,58,74
201061,41,14,7,7
201061,42,14,7,7
201061,43,13,6,7
201061,44,1,1,0
201061,45,12,5,7
201061,51,1,1,0
201061,59,3,2,1
201061,60,9,3,6
201098,1,74,24,50
201098,2,74,24,50
201098,3,74,24,50
201098,4,70,22,48
201098,5,4,2,2
201098,20,4,2,2
201098,21,58,22,36
201098,22,58,22,36
201098,23,58,22,36
201098,24,56,20,36
201098,25,2,2,0
201098,40,2,2,0
201098,41,16,2,14
201098,42,16,2,14
201098,43,16,2,14
201098,44,14,2,12
201098,45,2,0,2
201098,60,2,0,2
201104,1,5979,2598,3381
201104,2,3198,1555,1643
201104,3,3118,1529,1589
201104,4,623,243,380
201104,5,2495,1286,1209
201104,11,80,26,54
201104,12,2781,1043,1738
201104,19,153,40,113
201104,20,2342,1246,1096
201104,21,3444,1382,2062
201104,22,2389,920,1469
201104,23,2371,915,1456
201104,24,621,242,379
201104,25,1750,673,1077
201104,31,18,5,13
201104,32,1055,462,593
201104,39,118,36,82
201104,40,1632,637,995
201104,41,2535,1216,1319
201104,42,809,635,174
201104,43,747,614,133
201104,44,2,1,1
201104,45,745,613,132
201104,51,62,21,41
201104,52,1726,581,1145
201104,59,35,4,31
201104,60,710,609,101
201131,1,159,61,98
201131,2,159,61,98
201131,3,159,61,98
201131,4,137,53,84
201131,5,22,8,14
201131,20,22,8,14
201131,21,68,4,64
201131,22,68,4,64
201131,23,68,4,64
201131,24,57,2,55
201131,25,11,2,9
201131,40,11,2,9
201131,41,91,57,34
201131,42,91,57,34
201131,43,91,57,34
201131,44,80,51,29
201131,45,11,6,5
201131,60,11,6,5
201140,1,208,151,57
201140,2,96,66,30
201140,3,64,37,27
201140,4,27,16,11
201140,5,37,21,16
201140,11,32,29,3
201140,12,112,85,27
201140,20,37,21,16
201140,21,63,59,4
201140,32,63,59,4
201140,41,145,92,53
201140,42,96,66,30
201140,43,64,37,27
201140,44,27,16,11
201140,45,37,21,16
201140,51,32,29,3
201140,52,49,26,23
201140,60,37,21,16
201159,1,203,166,37
201159,2,203,166,37
201159,3,203,166,37
201159,4,161,142,19
201159,5,42,24,18
201159,20,42,24,18
201159,21,139,114,25
201159,22,139,114,25
201159,23,139,114,25
201159,24,111,102,9
201159,25,28,12,16
201159,40,28,12,16
201159,41,64,52,12
201159,42,64,52,12
201159,43,64,52,12
201159,44,50,40,10
201159,45,14,12,2
201159,60,14,12,2
201177,1,306,40,266
201177,2,306,40,266
201177,3,300,40,260
201177,4,5,1,4
201177,5,295,39,256
201177,11,6,0,6
201177,19,81,5,76
201177,20,214,34,180
201177,21,52,6,46
201177,22,52,6,46
201177,23,52,6,46
201177,24,2,1,1
201177,25,50,5,45
201177,39,28,2,26
201177,40,22,3,19
201177,41,254,34,220
201177,42,254,34,220
201177,43,248,34,214
201177,44,3,0,3
201177,45,245,34,211
201177,51,6,0,6
201177,59,53,3,50
201177,60,192,31,161
201195,1,4053,1794,2259
201195,2,3425,1536,1889
201195,3,3331,1499,1832
201195,4,765,367,398
201195,5,2566,1132,1434
201195,11,94,37,57
201195,12,628,258,370
201195,19,201,79,122
201195,20,2365,1053,1312
201195,21,3363,1543,1820
201195,22,3003,1395,1608
201195,23,2972,1381,1591
201195,24,762,367,395
201195,25,2210,1014,1196
201195,31,31,14,17
201195,32,360,148,212
201195,39,151,63,88
201195,40,2059,951,1108
201195,41,690,251,439
201195,42,422,141,281
201195,43,359,118,241
201195,44,3,0,3
201195,45,356,118,238
201195,51,63,23,40
201195,52,268,110,158
201195,59,50,16,34
201195,60,306,102,204
201283,1,1259,455,804
201283,2,1259,455,804
201283,3,1179,415,764
201283,4,226,97,129
201283,5,953,318,635
201283,11,80,40,40
201283,19,83,33,50
201283,20,870,285,585
201283,21,708,281,427
201283,22,708,281,427
201283,23,700,281,419
201283,24,175,78,97
201283,25,525,203,322
201283,31,8,0,8
201283,39,44,22,22
201283,40,481,181,300
201283,41,551,174,377
201283,42,551,174,377
201283,43,479,134,345
201283,44,51,19,32
201283,45,428,115,313
201283,51,72,40,32
201283,59,39,11,28
201283,60,389,104,285
201371,1,1146,571,575
201371,2,1053,531,522
201371,3,941,472,469
201371,4,250,151,99
201371,5,691,321,370
201371,11,112,59,53
201371,12,93,40,53
201371,19,44,22,22
201371,20,647,299,348
201371,21,920,485,435
201371,22,838,445,393
201371,23,837,445,392
201371,24,250,151,99
201371,25,587,294,293
201371,31,1,0,1
201371,32,82,40,42
201371,39,44,22,22
201371,40,543,272,271
201371,41,226,86,140
201371,42,215,86,129
201371,43,104,27,77
201371,45,104,27,77
201371,51,111,59,52
201371,52,11,0,11
201371,60,104,27,77
201399,1,356,154,202
201399,2,356,154,202
201399,3,356,154,202
201399,4,98,41,57
201399,5,258,113,145
201399,19,8,2,6
201399,20,250,111,139
201399,21,267,78,189
201399,22,267,78,189
201399,23,267,78,189
201399,24,78,23,55
201399,25,189,55,134
201399,39,7,1,6
201399,40,182,54,128
201399,41,89,76,13
201399,42,89,76,13
201399,43,89,76,13
201399,44,20,18,2
201399,45,69,58,11
201399,59,1,1,0
201399,60,68,57,11
201432,1,2441,843,1598
201432,2,2441,843,1598
201432,3,1721,581,1140
201432,4,408,169,239
201432,5,1313,412,901
201432,11,720,262,458
201432,19,133,32,101
201432,20,1180,380,800
201432,21,1236,447,789
201432,22,1236,447,789
201432,23,1112,405,707
201432,24,330,142,188
201432,25,782,263,519
201432,31,124,42,82
201432,39,75,18,57
201432,40,707,245,462
201432,41,1205,396,809
201432,42,1205,396,809
201432,43,609,176,433
201432,44,78,27,51
201432,45,531,149,382
201432,51,596,220,376
201432,59,58,14,44
201432,60,473,135,338
201441,1,16958,7298,9660
201441,2,14477,6333,8144
201441,3,14161,6214,7947
201441,4,3348,1381,1967
201441,5,10813,4833,5980
201441,11,316,119,197
201441,12,2481,965,1516
201441,19,674,326,348
201441,20,10139,4507,5632
201441,21,14764,6379,8385
201441,22,13387,5788,7599
201441,23,13329,5766,7563
201441,24,3330,1374,1956
201441,25,9999,4392,5607
201441,31,58,22,36
201441,32,1377,591,786
201441,39,571,267,304
201441,40,9428,4125,5303
201441,41,2194,919,1275
201441,42,1090,545,545
201441,43,832,448,384
201441,44,18,7,11
201441,45,814,441,373
201441,51,258,97,161
201441,52,1104,374,730
201441,59,103,59,44
201441,60,711,382,329
201469,1,662,81,581
201469,2,662,81,581
201469,3,662,81,581
201469,4,42,9,33
201469,5,620,72,548
201469,19,147,18,129
201469,20,473,54,419
201469,21,324,42,282
201469,22,324,42,282
201469,23,324,42,282
201469,24,33,6,27
201469,25,291,36,255
201469,39,95,10,85
201469,40,196,26,170
201469,41,338,39,299
201469,42,338,39,299
201469,43,338,39,299
201469,44,9,3,6
201469,45,329,36,293
201469,59,52,8,44
201469,60,277,28,249
201478,1,108,39,69
201478,2,108,39,69
201478,3,108,39,69
201478,4,108,39,69
201478,21,100,39,61
201478,22,100,39,61
201478,23,100,39,61
201478,24,100,39,61
201478,41,8,0,8
201478,42,8,0,8
201478,43,8,0,8
201478,44,8,0,8
201496,1,303,202,101
201496,2,303,202,101
201496,3,303,202,101
201496,4,207,144,63
201496,5,96,58,38
201496,20,96,58,38
201496,21,303,202,101
201496,22,303,202,101
201496,23,303,202,101
201496,24,207,144,63
201496,25,96,58,38
201496,40,96,58,38
201539,1,91,17,74
201539,2,91,17,74
201539,3,91,17,74
201539,4,45,9,36
201539,5,46,8,38
201539,20,46,8,38
201539,21,70,13,57
201539,22,70,13,57
201539,23,70,13,57
201539,24,38,7,31
201539,25,32,6,26
201539,40,32,6,26
201539,41,21,4,17
201539,42,21,4,17
201539,43,21,4,17
201539,44,7,2,5
201539,45,14,2,12
201539,60,14,2,12
201548,1,3628,1587,2041
201548,2,2788,1176,1612
201548,3,2647,1132,1515
201548,4,691,312,379
201548,5,1956,820,1136
201548,11,141,44,97
201548,12,840,411,429
201548,19,160,55,105
201548,20,1796,765,1031
201548,21,2980,1352,1628
201548,22,2481,1092,1389
201548,23,2417,1071,1346
201548,24,691,312,379
201548,25,1726,759,967
201548,31,64,21,43
201548,32,499,260,239
201548,39,116,47,69
201548,40,1610,712,898
201548,41,648,235,413
201548,42,307,84,223
201548,43,230,61,169
201548,45,230,61,169
201548,51,77,23,54
201548,52,341,151,190
201548,59,44,8,36
201548,60,186,53,133
201584,1,19,1,18
201584,2,19,1,18
201584,3,19,1,18
201584,4,4,1,3
201584,5,15,0,15
201584,20,15,0,15
201584,21,19,1,18
201584,22,19,1,18
201584,23,19,1,18
201584,24,4,1,3
201584,25,15,0,15
201584,40,15,0,15
201609,1,25,1,24
201609,2,25,1,24
201609,3,25,1,24
201609,4,18,1,17
201609,5,7,0,7
201609,20,7,0,7
201609,21,18,0,18
201609,22,18,0,18
201609,23,18,0,18
201609,24,13,0,13
201609,25,5,0,5
201609,40,5,0,5
201609,41,7,1,6
201609,42,7,1,6
201609,43,7,1,6
201609,44,5,1,4
201609,45,2,0,2
201609,60,2,0,2
201618,1,31,2,29
201618,2,31,2,29
201618,3,31,2,29
201618,4,11,1,10
201618,5,20,1,19
201618,20,20,1,19
201618,21,31,2,29
201618,22,31,2,29
201618,23,31,2,29
201618,24,11,1,10
201618,25,20,1,19
201618,40,20,1,19
201627,1,34,2,32
201627,2,34,2,32
201627,3,34,2,32
201627,4,9,0,9
201627,5,25,2,23
201627,20,25,2,23
201627,21,20,2,18
201627,22,20,2,18
201627,23,20,2,18
201627,24,5,0,5
201627,25,15,2,13
201627,40,15,2,13
201627,41,14,0,14
201627,42,14,0,14
201627,43,14,0,14
201627,44,4,0,4
201627,45,10,0,10
201627,60,10,0,10
201645,1,10325,5231,5094
201645,2,4661,2555,2106
201645,3,4551,2509,2042
201645,4,1252,664,588
201645,5,3299,1845,1454
201645,11,110,46,64
201645,12,5664,2676,2988
201645,19,60,28,32
201645,20,3239,1817,1422
201645,21,9270,4824,4446
201645,22,4528,2500,2028
201645,23,4501,2485,2016
201645,24,1252,664,588
201645,25,3249,1821,1428
201645,31,27,15,12
201645,32,4742,2324,2418
201645,39,57,28,29
201645,40,3192,1793,1399
201645,41,1055,407,648
201645,42,133,55,78
201645,43,50,24,26
201645,45,50,24,26
201645,51,83,31,52
201645,52,922,352,570
201645,59,3,0,3
201645,60,47,24,23
201654,1,3462,1608,1854
201654,2,3238,1531,1707
201654,3,3108,1471,1637
201654,4,781,368,413
201654,5,2327,1103,1224
201654,11,130,60,70
201654,12,224,77,147
201654,19,66,31,35
201654,20,2261,1072,1189
201654,21,3163,1484,1679
201654,22,3044,1439,1605
201654,23,3043,1438,1605
201654,24,779,367,412
201654,25,2264,1071,1193
201654,31,1,1,0
201654,32,119,45,74
201654,39,63,30,33
201654,40,2201,1041,1160
201654,41,299,124,175
201654,42,194,92,102
201654,43,65,33,32
201654,44,2,1,1
201654,45,63,32,31
201654,51,129,59,70
201654,52,105,32,73
201654,59,3,1,2
201654,60,60,31,29
201672,1,3648,1104,2544
201672,2,3648,1104,2544
201672,3,3370,1002,2368
201672,4,602,211,391
201672,5,2768,791,1977
201672,11,278,102,176
201672,19,418,135,283
201672,20,2350,656,1694
201672,21,995,368,627
201672,22,995,368,627
201672,23,977,364,613
201672,24,250,94,156
201672,25,727,270,457
201672,31,18,4,14
201672,39,143,60,83
201672,40,584,210,374
201672,41,2653,736,1917
201672,42,2653,736,1917
201672,43,2393,638,1755
201672,44,352,117,235
201672,45,2041,521,1520
201672,51,260,98,162
201672,59,275,75,200
201672,60,1766,446,1320
201681,1,123,10,113
201681,2,123,10,113
201681,3,123,10,113
201681,4,119,10,109
201681,5,4,0,4
201681,20,4,0,4
201681,21,123,10,113
201681,22,123,10,113
201681,23,123,10,113
201681,24,119,10,109
201681,25,4,0,4
201681,40,4,0,4
201690,1,2068,963,1105
201690,2,2036,949,1087
201690,3,2028,946,1082
201690,4,417,200,217
201690,5,1611,746,865
201690,11,8,3,5
201690,12,32,14,18
201690,19,161,68,93
201690,20,1450,678,772
201690,21,1840,875,965
201690,22,1840,875,965
201690,23,1839,875,964
201690,24,411,196,215
201690,25,1428,679,749
201690,31,1,0,1
201690,39,155,67,88
201690,40,1273,612,661
201690,41,228,88,140
201690,42,196,74,122
201690,43,189,71,118
201690,44,6,4,2
201690,45,183,67,116
201690,51,7,3,4
201690,52,32,14,18
201690,59,6,1,5
201690,60,177,66,111
201751,1,427,106,321
201751,2,427,106,321
201751,3,325,67,258
201751,4,71,19,52
201751,5,254,48,206
201751,11,102,39,63
201751,20,254,48,206
201751,21,213,54,159
201751,22,213,54,159
201751,23,178,41,137
201751,24,46,14,32
201751,25,132,27,105
201751,31,35,13,22
201751,40,132,27,105
201751,41,214,52,162
201751,42,214,52,162
201751,43,147,26,121
201751,44,25,5,20
201751,45,122,21,101
201751,51,67,26,41
201751,60,122,21,101
201803,1,154,12,142
201803,2,154,12,142
201803,3,154,12,142
201803,4,143,10,133
201803,5,11,2,9
201803,20,11,2,9
201803,21,105,10,95
201803,22,105,10,95
201803,23,105,10,95
201803,24,100,8,92
201803,25,5,2,3
201803,40,5,2,3
201803,41,49,2,47
201803,42,49,2,47
201803,43,49,2,47
201803,44,43,2,41
201803,45,6,0,6
201803,60,6,0,6
201821,1,535,65,470
201821,2,535,65,470
201821,3,535,65,470
201821,4,30,2,28
201821,5,505,63,442
201821,19,184,25,159
201821,20,321,38,283
201821,21,269,26,243
201821,22,269,26,243
201821,23,269,26,243
201821,24,28,2,26
201821,25,241,24,217
201821,39,95,12,83
201821,40,146,12,134
201821,41,266,39,227
201821,42,266,39,227
201821,43,266,39,227
201821,44,2,0,2
201821,45,264,39,225
201821,59,89,13,76
201821,60,175,26,149
201858,1,918,530,388
201858,2,676,363,313
201858,3,669,363,306
201858,4,111,60,51
201858,5,558,303,255
201858,11,7,0,7
201858,12,242,167,75
201858,19,69,28,41
201858,20,489,275,214
201858,21,716,409,307
201858,22,569,309,260
201858,23,567,309,258
201858,24,109,59,50
201858,25,458,250,208
201858,31,2,0,2
201858,32,147,100,47
201858,39,58,28,30
201858,40,400,222,178
201858,41,202,121,81
201858,42,107,54,53
201858,43,102,54,48
201858,44,2,1,1
201858,45,100,53,47
201858,51,5,0,5
201858,52,95,67,28
201858,59,11,0,11
201858,60,89,53,36
201867,1,81,27,54
201867,2,81,27,54
201867,3,81,27,54
201867,5,81,27,54
201867,19,46,20,26
201867,20,35,7,28
201867,21,81,27,54
201867,22,81,27,54
201867,23,81,27,54
201867,25,81,27,54
201867,39,46,20,26
201867,40,35,7,28
201885,1,34379,16079,18300
201885,2,23706,11812,11894
201885,3,23360,11642,11718
201885,4,4486,2409,2077
201885,5,18874,9233,9641
201885,11,346,170,176
201885,12,10673,4267,6406
201885,19,1168,453,715
201885,20,17706,8780,8926
201885,21,25873,13312,12561
201885,22,20332,10699,9633
201885,23,20278,10668,9610
201885,24,4431,2396,2035
201885,25,15847,8272,7575
201885,31,54,31,23
201885,32,5541,2613,2928
201885,39,807,367,440
201885,40,15040,7905,7135
201885,41,8506,2767,5739
201885,42,3374,1113,2261
201885,43,3082,974,2108
201885,44,55,13,42
201885,45,3027,961,2066
201885,51,292,139,153
201885,52,5132,1654,3478
201885,59,361,86,275
201885,60,2666,875,1791
201928,1,11167,5654,5513
201928,2,11167,5654,5513
201928,3,9787,4920,4867
201928,4,1825,1026,799
201928,5,7962,3894,4068
201928,11,1380,734,646
201928,19,784,424,360
201928,20,7178,3470,3708
201928,21,4157,2289,1868
201928,22,4157,2289,1868
201928,23,4085,2243,1842
201928,24,1143,660,483
201928,25,2942,1583,1359
201928,31,72,46,26
201928,39,397,242,155
201928,40,2545,1341,1204
201928,41,7010,3365,3645
201928,42,7010,3365,3645
201928,43,5702,2677,3025
201928,44,682,366,316
201928,45,5020,2311,2709
201928,51,1308,688,620
201928,59,387,182,205
201928,60,4633,2129,2504
201946,1,3461,1489,1972
201946,2,3446,1485,1961
201946,3,3015,1307,1708
201946,4,782,359,423
201946,5,2233,948,1285
201946,11,431,178,253
201946,12,15,4,11
201946,19,237,100,137
201946,20,1996,848,1148
201946,21,2091,946,1145
201946,22,2083,944,1139
201946,23,1942,879,1063
201946,24,668,307,361
201946,25,1274,572,702
201946,31,141,65,76
201946,32,8,2,6
201946,39,167,80,87
201946,40,1107,492,615
201946,41,1370,543,827
201946,42,1363,541,822
201946,43,1073,428,645
201946,44,114,52,62
201946,45,959,376,583
201946,51,290,113,177
201946,52,7,2,5
201946,59,70,20,50
201946,60,889,356,533
201955,1,4816,1980,2836
201955,2,4796,1974,2822
201955,3,4550,1864,2686
201955,4,1085,459,626
201955,5,3465,1405,2060
201955,11,246,110,136
201955,12,20,6,14
201955,19,362,170,192
201955,20,3103,1235,1868
201955,21,2967,1291,1676
201955,22,2966,1290,1676
201955,23,2903,1258,1645
201955,24,921,393,528
201955,25,1982,865,1117
201955,31,63,32,31
201955,32,1,1,0
201955,39,246,122,124
201955,40,1736,743,993
201955,41,1849,689,1160
201955,42,1830,684,1146
201955,43,1647,606,1041
201955,44,164,66,98
201955,45,1483,540,943
201955,51,183,78,105
201955,52,19,5,14
201955,59,116,48,68
201955,60,1367,492,875
201964,1,3711,1482,2229
201964,2,3528,1392,2136
201964,3,3155,1256,1899
201964,4,719,310,409
201964,5,2436,946,1490
201964,11,373,136,237
201964,12,183,90,93
201964,19,309,127,182
201964,20,2127,819,1308
201964,21,1859,742,1117
201964,22,1748,691,1057
201964,23,1727,685,1042
201964,24,362,163,199
201964,25,1365,522,843
201964,31,21,6,15
201964,32,111,51,60
201964,39,153,63,90
201964,40,1212,459,753
201964,41,1852,740,1112
201964,42,1780,701,1079
201964,43,1428,571,857
201964,44,357,147,210
201964,45,1071,424,647
201964,51,352,130,222
201964,52,72,39,33
201964,59,156,64,92
201964,60,915,360,555
201973,1,5653,1989,3664
201973,2,5653,1989,3664
201973,3,4824,1652,3172
201973,4,783,356,427
201973,5,4041,1296,2745
201973,11,829,337,492
201973,19,828,312,516
201973,20,3213,984,2229
201973,21,1693,657,1036
201973,22,1693,657,1036
201973,23,1609,623,986
201973,24,289,127,162
201973,25,1320,496,824
201973,31,84,34,50
201973,39,279,117,162
201973,40,1041,379,662
201973,41,3960,1332,2628
201973,42,3960,1332,2628
201973,43,3215,1029,2186
201973,44,494,229,265
201973,45,2721,800,1921
201973,51,745,303,442
201973,59,549,195,354
201973,60,2172,605,1567
201982,1,99,2,97
201982,2,99,2,97
201982,3,99,2,97
201982,4,47,1,46
201982,5,52,1,51
201982,20,52,1,51
201982,21,99,2,97
201982,22,99,2,97
201982,23,99,2,97
201982,24,47,1,46
201982,25,52,1,51
201982,40,52,1,51
202046,1,568,241,327
202046,2,568,241,327
202046,3,556,236,320
202046,4,155,60,95
202046,5,401,176,225
202046,11,12,5,7
202046,19,29,15,14
202046,20,372,161,211
202046,21,558,238,320
202046,22,558,238,320
202046,23,551,234,317
202046,24,155,60,95
202046,25,396,174,222
202046,31,7,4,3
202046,39,29,15,14
202046,40,367,159,208
202046,41,10,3,7
202046,42,10,3,7
202046,43,5,2,3
202046,45,5,2,3
202046,51,5,1,4
202046,60,5,2,3
202055,1,113,13,100
202055,2,113,13,100
202055,3,113,13,100
202055,4,56,9,47
202055,5,57,4,53
202055,20,57,4,53
202055,21,113,13,100
202055,22,113,13,100
202055,23,113,13,100
202055,24,56,9,47
202055,25,57,4,53
202055,40,57,4,53
202073,1,451,208,243
202073,2,237,119,118
202073,3,237,119,118
202073,4,64,27,37
202073,5,173,92,81
202073,12,214,89,125
202073,19,5,3,2
202073,20,168,89,79
202073,21,445,204,241
202073,22,236,119,117
202073,23,236,119,117
202073,24,64,27,37
202073,25,172,92,80
202073,32,209,85,124
202073,39,5,3,2
202073,40,167,89,78
202073,41,6,4,2
202073,42,1,0,1
202073,43,1,0,1
202073,45,1,0,1
202073,52,5,4,1
202073,60,1,0,1
202134,1,17497,7811,9686
202134,2,12133,5547,6586
202134,3,11484,5275,6209
202134,4,1773,787,986
202134,5,9711,4488,5223
202134,11,649,272,377
202134,12,5364,2264,3100
202134,19,1658,726,932
202134,20,8053,3762,4291
202134,21,10825,4898,5927
202134,22,8998,4174,4824
202134,23,8888,4127,4761
202134,24,1729,758,971
202134,25,7159,3369,3790
202134,31,110,47,63
202134,32,1827,724,1103
202134,39,1233,549,684
202134,40,5926,2820,3106
202134,41,6672,2913,3759
202134,42,3135,1373,1762
202134,43,2596,1148,1448
202134,44,44,29,15
202134,45,2552,1119,1433
202134,51,539,225,314
202134,52,3537,1540,1997
202134,59,425,177,248
202134,60,2127,942,1185
202152,1,190,71,119
202152,2,190,71,119
202152,3,190,71,119
202152,4,114,39,75
202152,5,76,32,44
202152,20,76,32,44
202152,21,154,54,100
202152,22,154,54,100
202152,23,154,54,100
202152,24,91,28,63
202152,25,63,26,37
202152,40,63,26,37
202152,41,36,17,19
202152,42,36,17,19
202152,43,36,17,19
202152,44,23,11,12
202152,45,13,6,7
202152,60,13,6,7
202161,1,449,124,325
202161,2,449,124,325
202161,3,449,124,325
202161,4,85,22,63
202161,5,364,102,262
202161,19,98,23,75
202161,20,266,79,187
202161,21,449,124,325
202161,22,449,124,325
202161,23,449,124,325
202161,24,85,22,63
202161,25,364,102,262
202161,39,98,23,75
202161,40,266,79,187
202170,1,1379,523,856
202170,2,1348,508,840
202170,3,1277,486,791
202170,4,235,82,153
202170,5,1042,404,638
202170,11,71,22,49
202170,12,31,15,16
202170,19,87,24,63
202170,20,955,380,575
202170,21,1258,474,784
202170,22,1227,459,768
202170,23,1227,459,768
202170,24,234,81,153
202170,25,993,378,615
202170,32,31,15,16
202170,39,87,24,63
202170,40,906,354,552
202170,41,121,49,72
202170,42,121,49,72
202170,43,50,27,23
202170,44,1,1,0
202170,45,49,26,23
202170,51,71,22,49
202170,60,49,26,23
202222,1,25249,11523,13726
202222,2,25249,11523,13726
202222,3,13260,5883,7377
202222,4,2796,1391,1405
202222,5,10464,4492,5972
202222,11,11989,5640,6349
202222,19,1079,455,624
202222,20,9385,4037,5348
202222,21,8817,4276,4541
202222,22,8817,4276,4541
202222,23,4909,2280,2629
202222,24,1515,727,788
202222,25,3394,1553,1841
202222,31,3908,1996,1912
202222,39,491,218,273
202222,40,2903,1335,1568
202222,41,16432,7247,9185
202222,42,16432,7247,9185
202222,43,8351,3603,4748
202222,44,1281,664,617
202222,45,7070,2939,4131
202222,51,8081,3644,4437
202222,59,588,237,351
202222,60,6482,2702,3780
202356,1,27910,10936,16974
202356,2,27910,10936,16974
202356,3,14357,5724,8633
202356,4,2519,1226,1293
202356,5,11838,4498,7340
202356,11,13553,5212,8341
202356,19,1149,484,665
202356,20,10689,4014,6675
202356,21,9526,4396,5130
202356,22,9526,4396,5130
202356,23,5564,2528,3036
202356,24,1493,717,776
202356,25,4071,1811,2260
202356,31,3962,1868,2094
202356,39,554,261,293
202356,40,3517,1550,1967
202356,41,18384,6540,11844
202356,42,18384,6540,11844
202356,43,8793,3196,5597
202356,44,1026,509,517
202356,45,7767,2687,5080
202356,51,9591,3344,6247
202356,59,595,223,372
202356,60,7172,2464,4708
202435,1,218,44,174
202435,2,218,44,174
202435,3,217,43,174
202435,4,25,6,19
202435,5,192,37,155
202435,11,1,1,0
202435,19,64,18,46
202435,20,128,19,109
202435,21,53,10,43
202435,22,53,10,43
202435,23,53,10,43
202435,24,7,2,5
202435,25,46,8,38
202435,39,20,5,15
202435,40,26,3,23
202435,41,165,34,131
202435,42,165,34,131
202435,43,164,33,131
202435,44,18,4,14
202435,45,146,29,117
202435,51,1,1,0
202435,59,44,13,31
202435,60,102,16,86
202453,1,57,53,4
202453,2,57,53,4
202453,3,57,53,4
202453,4,19,19,0
202453,5,38,34,4
202453,20,38,34,4
202453,21,47,44,3
202453,22,47,44,3
202453,23,47,44,3
202453,24,14,14,0
202453,25,33,30,3
202453,40,33,30,3
202453,41,10,9,1
202453,42,10,9,1
202453,43,10,9,1
202453,44,5,5,0
202453,45,5,4,1
202453,60,5,4,1
202480,1,10835,5524,5311
202480,2,7975,4122,3853
202480,3,7812,4041,3771
202480,4,1769,900,869
202480,5,6043,3141,2902
202480,11,163,81,82
202480,12,2860,1402,1458
202480,19,133,78,55
202480,20,5910,3063,2847
202480,21,9390,4847,4543
202480,22,7455,3822,3633
202480,23,7441,3816,3625
202480,24,1765,899,866
202480,25,5676,2917,2759
202480,31,14,6,8
202480,32,1935,1025,910
202480,39,122,72,50
202480,40,5554,2845,2709
202480,41,1445,677,768
202480,42,520,300,220
202480,43,371,225,146
202480,44,4,1,3
202480,45,367,224,143
202480,51,149,75,74
202480,52,925,377,548
202480,59,11,6,5
202480,60,356,218,138
202514,1,989,510,479
202514,2,892,462,430
202514,3,871,457,414
202514,4,241,154,87
202514,5,630,303,327
202514,11,21,5,16
202514,12,97,48,49
202514,19,57,27,30
202514,20,573,276,297
202514,21,766,426,340
202514,22,732,412,320
202514,23,732,412,320
202514,24,240,153,87
202514,25,492,259,233
202514,32,34,14,20
202514,39,34,21,13
202514,40,458,238,220
202514,41,223,84,139
202514,42,160,50,110
202514,43,139,45,94
202514,44,1,1,0
202514,45,138,44,94
202514,51,21,5,16
202514,52,63,34,29
202514,59,23,6,17
202514,60,115,38,77
202523,1,2274,958,1316
202523,2,2274,958,1316
202523,3,2255,950,1305
202523,4,582,259,323
202523,5,1673,691,982
202523,11,19,8,11
202523,19,17,10,7
202523,20,1656,681,975
202523,21,2253,949,1304
202523,22,2253,949,1304
202523,23,2253,949,1304
202523,24,582,259,323
202523,25,1671,690,981
202523,39,17,10,7
202523,40,1654,680,974
202523,41,21,9,12
202523,42,21,9,12
202523,43,2,1,1
202523,45,2,1,1
202523,51,19,8,11
202523,60,2,1,1
202639,1,71,1,70
202639,2,71,1,70
202639,3,71,1,70
202639,4,19,0,19
202639,5,52,1,51
202639,20,52,1,51
202639,21,37,1,36
202639,22,37,1,36
202639,23,37,1,36
202639,24,12,0,12
202639,25,25,1,24
202639,40,25,1,24
202639,41,34,0,34
202639,42,34,0,34
202639,43,34,0,34
202639,44,7,0,7
202639,45,27,0,27
202639,60,27,0,27
202648,1,2993,1087,1906
202648,2,2993,1087,1906
202648,3,2167,767,1400
202648,4,439,181,258
202648,5,1728,586,1142
202648,11,826,320,506
202648,19,159,62,97
202648,20,1569,524,1045
202648,21,877,400,477
202648,22,877,400,477
202648,23,676,306,370
202648,24,208,94,114
202648,25,468,212,256
202648,31,201,94,107
202648,39,42,23,19
202648,40,426,189,237
202648,41,2116,687,1429
202648,42,2116,687,1429
202648,43,1491,461,1030
202648,44,231,87,144
202648,45,1260,374,886
202648,51,625,226,399
202648,59,117,39,78
202648,60,1143,335,808
202657,1,302,98,204
202657,2,302,98,204
202657,3,302,98,204
202657,4,150,47,103
202657,5,152,51,101
202657,20,152,51,101
202657,21,242,66,176
202657,22,242,66,176
202657,23,242,66,176
202657,24,112,28,84
202657,25,130,38,92
202657,40,130,38,92
202657,41,60,32,28
202657,42,60,32,28
202657,43,60,32,28
202657,44,38,19,19
202657,45,22,13,9
202657,60,22,13,9
202684,1,538,119,419
202684,2,538,119,419
202684,3,538,119,419
202684,4,31,10,21
202684,5,507,109,398
202684,19,80,21,59
202684,20,427,88,339
202684,21,218,52,166
202684,22,218,52,166
202684,23,218,52,166
202684,24,18,5,13
202684,25,200,47,153
202684,39,60,14,46
202684,40,140,33,107
202684,41,320,67,253
202684,42,320,67,253
202684,43,320,67,253
202684,44,13,5,8
202684,45,307,62,245
202684,59,20,7,13
202684,60,287,55,232
202736,1,86,3,83
202736,2,86,3,83
202736,3,86,3,83
202736,4,33,1,32
202736,5,53,2,51
202736,20,53,2,51
202736,21,86,3,83
202736,22,86,3,83
202736,23,86,3,83
202736,24,33,1,32
202736,25,53,2,51
202736,40,53,2,51
202763,1,4880,1855,3025
202763,2,3872,1455,2417
202763,3,2663,958,1705
202763,4,581,184,397
202763,5,2082,774,1308
202763,11,1209,497,712
202763,12,1008,400,608
202763,19,128,47,81
202763,20,1954,727,1227
202763,21,3041,1116,1925
202763,22,2490,897,1593
202763,23,2473,890,1583
202763,24,581,184,397
202763,25,1892,706,1186
202763,31,17,7,10
202763,32,551,219,332
202763,39,119,45,74
202763,40,1773,661,1112
202763,41,1839,739,1100
202763,42,1382,558,824
202763,43,190,68,122
202763,45,190,68,122
202763,51,1192,490,702
202763,52,457,181,276
202763,59,9,2,7
202763,60,181,66,115
202806,1,6274,2684,3590
202806,2,5185,2262,2923
202806,3,5129,2226,2903
202806,4,86,35,51
202806,5,5043,2191,2852
202806,11,56,36,20
202806,12,1089,422,667
202806,19,937,393,544
202806,20,4106,1798,2308
202806,21,2570,1107,1463
202806,22,1789,793,996
202806,23,1780,785,995
202806,24,9,5,4
202806,25,1771,780,991
202806,31,9,8,1
202806,32,781,314,467
202806,39,258,117,141
202806,40,1513,663,850
202806,41,3704,1577,2127
202806,42,3396,1469,1927
202806,43,3349,1441,1908
202806,44,77,30,47
202806,45,3272,1411,1861
202806,51,47,28,19
202806,52,308,108,200
202806,59,679,276,403
202806,60,2593,1135,1458
202888,1,67,2,65
202888,2,67,2,65
202888,3,67,2,65
202888,4,28,1,27
202888,5,39,1,38
202888,20,39,1,38
202888,21,34,0,34
202888,22,34,0,34
202888,23,34,0,34
202888,24,14,0,14
202888,25,20,0,20
202888,40,20,0,20
202888,41,33,2,31
202888,42,33,2,31
202888,43,33,2,31
202888,44,14,1,13
202888,45,19,1,18
202888,60,19,1,18
202903,1,305,156,149
202903,2,305,156,149
202903,3,259,128,131
202903,4,67,35,32
202903,5,192,93,99
202903,11,46,28,18
202903,19,14,5,9
202903,20,178,88,90
202903,21,204,96,108
202903,22,204,96,108
202903,23,204,96,108
202903,24,59,30,29
202903,25,145,66,79
202903,39,8,3,5
202903,40,137,63,74
202903,41,101,60,41
202903,42,101,60,41
202903,43,55,32,23
202903,44,8,5,3
202903,45,47,27,20
202903,51,46,28,18
202903,59,6,2,4
202903,60,41,25,16
202912,1,355,35,320
202912,2,355,35,320
202912,3,355,35,320
202912,4,16,1,15
202912,5,339,34,305
202912,19,74,1,73
202912,20,265,33,232
202912,21,148,12,136
202912,22,148,12,136
202912,23,148,12,136
202912,24,16,1,15
202912,25,132,11,121
202912,39,38,1,37
202912,40,94,10,84
202912,41,207,23,184
202912,42,207,23,184
202912,43,207,23,184
202912,45,207,23,184
202912,59,36,0,36
202912,60,171,23,148
202949,1,289,236,53
202949,2,289,236,53
202949,3,289,236,53
202949,4,111,91,20
202949,5,178,145,33
202949,20,178,145,33
202949,21,289,236,53
202949,22,289,236,53
202949,23,289,236,53
202949,24,111,91,20
202949,25,178,145,33
202949,40,178,145,33
202985,1,77,8,69
202985,2,77,8,69
202985,3,77,8,69
202985,4,20,1,19
202985,5,57,7,50
202985,20,57,7,50
202985,21,77,8,69
202985,22,77,8,69
202985,23,77,8,69
202985,24,20,1,19
202985,25,57,7,50
202985,40,57,7,50
203030,1,140,27,113
203030,2,140,27,113
203030,3,140,27,113
203030,4,64,12,52
203030,5,76,15,61
203030,20,76,15,61
203030,21,126,22,104
203030,22,126,22,104
203030,23,126,22,104
203030,24,60,10,50
203030,25,66,12,54
203030,40,66,12,54
203030,41,14,5,9
203030,42,14,5,9
203030,43,14,5,9
203030,44,4,2,2
203030,45,10,3,7
203030,60,10,3,7
203067,1,359,145,214
203067,12,359,145,214
203067,21,256,110,146
203067,32,256,110,146
203067,41,103,35,68
203067,52,103,35,68
203085,1,1241,590,651
203085,2,1107,551,556
203085,3,1099,550,549
203085,4,351,176,175
203085,5,748,374,374
203085,11,8,1,7
203085,12,134,39,95
203085,19,32,19,13
203085,20,716,355,361
203085,21,1094,544,550
203085,22,1055,534,521
203085,23,1050,533,517
203085,24,351,176,175
203085,25,699,357,342
203085,31,5,1,4
203085,32,39,10,29
203085,39,30,19,11
203085,40,669,338,331
203085,41,147,46,101
203085,42,52,17,35
203085,43,49,17,32
203085,45,49,17,32
203085,51,3,0,3
203085,52,95,29,66
203085,59,2,0,2
203085,60,47,17,30
203128,1,1311,590,721
203128,2,1283,581,702
203128,3,1260,572,688
203128,4,290,159,131
203128,5,970,413,557
203128,11,23,9,14
203128,12,28,9,19
203128,19,81,45,36
203128,20,889,368,521
203128,21,1117,520,597
203128,22,1117,520,597
203128,23,1116,520,596
203128,24,287,156,131
203128,25,829,364,465
203128,31,1,0,1
203128,39,64,37,27
203128,40,765,327,438
203128,41,194,70,124
203128,42,166,61,105
203128,43,144,52,92
203128,44,3,3,0
203128,45,141,49,92
203128,51,22,9,13
203128,52,28,9,19
203128,59,17,8,9
203128,60,124,41,83
203146,1,285,276,9
203146,2,285,276,9
203146,3,285,276,9
203146,4,124,122,2
203146,5,161,154,7
203146,20,161,154,7
203146,21,285,276,9
203146,22,285,276,9
203146,23,285,276,9
203146,24,124,122,2
203146,25,161,154,7
203146,40,161,154,7
203155,1,4094,2008,2086
203155,2,4094,2008,2086
203155,3,3854,1931,1923
203155,4,924,551,373
203155,5,2930,1380,1550
203155,11,240,77,163
203155,19,303,171,132
203155,20,2627,1209,1418
203155,21,3012,1608,1404
203155,22,3012,1608,1404
203155,23,2994,1601,1393
203155,24,874,524,350
203155,25,2120,1077,1043
203155,31,18,7,11
203155,39,265,158,107
203155,40,1855,919,936
203155,41,1082,400,682
203155,42,1082,400,682
203155,43,860,330,530
203155,44,50,27,23
203155,45,810,303,507
203155,51,222,70,152
203155,59,38,13,25
203155,60,772,290,482
203225,1,250,174,76
203225,2,250,174,76
203225,3,250,174,76
203225,4,73,49,24
203225,5,177,125,52
203225,20,177,125,52
203225,21,250,174,76
203225,22,250,174,76
203225,23,250,174,76
203225,24,73,49,24
203225,25,177,125,52
203225,40,177,125,52
203234,1,126,7,119
203234,2,126,7,119
203234,3,126,7,119
203234,4,42,2,40
203234,5,84,5,79
203234,20,84,5,79
203234,21,126,7,119
203234,22,126,7,119
203234,23,126,7,119
203234,24,42,2,40
203234,25,84,5,79
203234,40,84,5,79
203289,1,74,59,15
203289,2,74,59,15
203289,3,74,59,15
203289,4,12,11,1
203289,5,62,48,14
203289,19,12,8,4
203289,20,50,40,10
203289,21,74,59,15
203289,22,74,59,15
203289,23,74,59,15
203289,24,12,11,1
203289,25,62,48,14
203289,39,12,8,4
203289,40,50,40,10
203313,1,304,195,109
203313,2,304,195,109
203313,3,304,195,109
203313,4,53,31,22
203313,5,251,164,87
203313,19,8,3,5
203313,20,243,161,82
203313,21,225,143,82
203313,22,225,143,82
203313,23,225,143,82
203313,24,46,27,19
203313,25,179,116,63
203313,39,5,2,3
203313,40,174,114,60
203313,41,79,52,27
203313,42,79,52,27
203313,43,79,52,27
203313,44,7,4,3
203313,45,72,48,24
203313,59,3,1,2
203313,60,69,47,22
203331,1,2929,1053,1876
203331,2,2929,1053,1876
203331,3,2365,810,1555
203331,4,629,236,393
203331,5,1736,574,1162
203331,11,564,243,321
203331,19,210,73,137
203331,20,1526,501,1025
203331,21,1414,532,882
203331,22,1414,532,882
203331,23,1386,517,869
203331,24,458,179,279
203331,25,928,338,590
203331,31,28,15,13
203331,39,131,43,88
203331,40,797,295,502
203331,41,1515,521,994
203331,42,1515,521,994
203331,43,979,293,686
203331,44,171,57,114
203331,45,808,236,572
203331,51,536,228,308
203331,59,79,30,49
203331,60,729,206,523
203368,1,3711,1786,1925
203368,2,3040,1585,1455
203368,3,3009,1564,1445
203368,4,793,411,382
203368,5,2216,1153,1063
203368,11,31,21,10
203368,12,671,201,470
203368,19,92,51,41
203368,20,2124,1102,1022
203368,21,3213,1606,1607
203368,22,2950,1526,1424
203368,23,2950,1526,1424
203368,24,792,411,381
203368,25,2158,1115,1043
203368,32,263,80,183
203368,39,85,48,37
203368,40,2073,1067,1006
203368,41,498,180,318
203368,42,90,59,31
203368,43,59,38,21
203368,44,1,0,1
203368,45,58,38,20
203368,51,31,21,10
203368,52,408,121,287
203368,59,7,3,4
203368,60,51,35,16
203386,1,1656,123,1533
203386,2,1656,123,1533
203386,3,1656,123,1533
203386,4,58,3,55
203386,5,1598,120,1478
203386,19,482,33,449
203386,20,1116,87,1029
203386,21,1278,97,1181
203386,22,1278,97,1181
203386,23,1278,97,1181
203386,24,58,3,55
203386,25,1220,94,1126
203386,39,343,25,318
203386,40,877,69,808
203386,41,378,26,352
203386,42,378,26,352
203386,43,378,26,352
203386,45,378,26,352
203386,59,139,8,131
203386,60,239,18,221
203438,1,156,3,153
203438,2,156,3,153
203438,3,156,3,153
203438,4,23,0,23
203438,5,133,3,130
203438,20,133,3,130
203438,21,97,3,94
203438,22,97,3,94
203438,23,97,3,94
203438,24,17,0,17
203438,25,80,3,77
203438,40,80,3,77
203438,41,59,0,59
203438,42,59,0,59
203438,43,59,0,59
203438,44,6,0,6
203438,45,53,0,53
203438,60,53,0,53
203447,1,2341,774,1567
203447,2,2339,772,1567
203447,3,2221,722,1499
203447,4,224,93,131
203447,5,1997,629,1368
203447,11,118,50,68
203447,12,2,2,0
203447,19,147,45,102
203447,20,1850,584,1266
203447,21,670,227,443
203447,22,670,227,443
203447,23,656,224,432
203447,24,151,61,90
203447,25,505,163,342
203447,31,14,3,11
203447,39,68,24,44
203447,40,437,139,298
203447,41,1671,547,1124
203447,42,1669,545,1124
203447,43,1565,498,1067
203447,44,73,32,41
203447,45,1492,466,1026
203447,51,104,47,57
203447,52,2,2,0
203447,59,79,21,58
203447,60,1413,445,968
203456,1,1672,503,1169
203456,2,1671,503,1168
203456,3,1529,445,1084
203456,4,122,42,80
203456,5,1407,403,1004
203456,11,142,58,84
203456,12,1,0,1
203456,19,74,20,54
203456,20,1333,383,950
203456,21,232,83,149
203456,22,232,83,149
203456,23,232,83,149
203456,24,101,35,66
203456,25,131,48,83
203456,39,23,10,13
203456,40,108,38,70
203456,41,1440,420,1020
203456,42,1439,420,1019
203456,43,1297,362,935
203456,44,21,7,14
203456,45,1276,355,921
203456,51,142,58,84
203456,52,1,0,1
203456,59,51,10,41
203456,60,1225,345,880
203465,1,4886,1964,2922
203465,2,4836,1941,2895
203465,3,4680,1895,2785
203465,4,729,299,430
203465,5,3951,1596,2355
203465,11,156,46,110
203465,12,50,23,27
203465,19,457,184,273
203465,20,3494,1412,2082
203465,21,2215,955,1260
203465,22,2214,955,1259
203465,23,2210,953,1257
203465,24,604,255,349
203465,25,1606,698,908
203465,31,4,2,2
203465,32,1,0,1
203465,39,218,95,123
203465,40,1388,603,785
203465,41,2671,1009,1662
203465,42,2622,986,1636
203465,43,2470,942,1528
203465,44,125,44,81
203465,45,2345,898,1447
203465,51,152,44,108
203465,52,49,23,26
203465,59,239,89,150
203465,60,2106,809,1297
203474,1,3087,1132,1955
203474,2,3061,1129,1932
203474,3,2944,1085,1859
203474,4,371,136,235
203474,5,2573,949,1624
203474,11,117,44,73
203474,12,26,3,23
203474,19,198,70,128
203474,20,2375,879,1496
203474,21,926,327,599
203474,22,926,327,599
203474,23,916,325,591
203474,24,279,102,177
203474,25,637,223,414
203474,31,10,2,8
203474,39,104,36,68
203474,40,533,187,346
203474,41,2161,805,1356
203474,42,2135,802,1333
203474,43,2028,760,1268
203474,44,92,34,58
203474,45,1936,726,1210
203474,51,107,42,65
203474,52,26,3,23
203474,59,94,34,60
203474,60,1842,692,1150
203483,1,2408,1015,1393
203483,2,2375,1010,1365
203483,3,2030,848,1182
203483,4,329,135,194
203483,5,1701,713,988
203483,11,345,162,183
203483,12,33,5,28
203483,19,94,41,53
203483,20,1607,672,935
203483,21,875,401,474
203483,22,875,401,474
203483,23,818,376,442
203483,24,258,111,147
203483,25,560,265,295
203483,31,57,25,32
203483,39,40,13,27
203483,40,520,252,268
203483,41,1533,614,919
203483,42,1500,609,891
203483,43,1212,472,740
203483,44,71,24,47
203483,45,1141,448,693
203483,51,288,137,151
203483,52,33,5,28
203483,59,54,28,26
203483,60,1087,420,667
203492,1,1846,538,1308
203492,2,1844,537,1307
203492,3,1713,482,1231
203492,4,205,61,144
203492,5,1508,421,1087
203492,11,131,55,76
203492,12,2,1,1
203492,19,116,34,82
203492,20,1392,387,1005
203492,21,703,190,513
203492,22,703,190,513
203492,23,668,176,492
203492,24,174,46,128
203492,25,494,130,364
203492,31,35,14,21
203492,39,61,21,40
203492,40,433,109,324
203492,41,1143,348,795
203492,42,1141,347,794
203492,43,1045,306,739
203492,44,31,15,16
203492,45,1014,291,723
203492,51,96,41,55
203492,52,2,1,1
203492,59,55,13,42
203492,60,959,278,681
203517,1,28998,11682,17316
203517,2,22968,9508,13460
203517,3,22071,9126,12945
203517,4,4350,1626,2724
203517,5,17721,7500,10221
203517,11,897,382,515
203517,12,6030,2174,3856
203517,19,1204,554,650
203517,20,16517,6946,9571
203517,21,21737,9057,12680
203517,22,18533,7706,10827
203517,23,18158,7526,10632
203517,24,4293,1593,2700
203517,25,13865,5933,7932
203517,31,375,180,195
203517,32,3204,1351,1853
203517,39,987,470,517
203517,40,12878,5463,7415
203517,41,7261,2625,4636
203517,42,4435,1802,2633
203517,43,3913,1600,2313
203517,44,57,33,24
203517,45,3856,1567,2289
203517,51,522,202,320
203517,52,2826,823,2003
203517,59,217,84,133
203517,60,3639,1483,2156
203526,1,2653,1009,1644
203526,2,2646,1008,1638
203526,3,2407,936,1471
203526,4,344,175,169
203526,5,2063,761,1302
203526,11,239,72,167
203526,12,7,1,6
203526,19,192,75,117
203526,20,1871,686,1185
203526,21,589,291,298
203526,22,589,291,298
203526,23,571,281,290
203526,24,274,147,127
203526,25,297,134,163
203526,31,18,10,8
203526,39,65,37,28
203526,40,232,97,135
203526,41,2064,718,1346
203526,42,2057,717,1340
203526,43,1836,655,1181
203526,44,70,28,42
203526,45,1766,627,1139
203526,51,221,62,159
203526,52,7,1,6
203526,59,127,38,89
203526,60,1639,589,1050
203535,1,1705,789,916
203535,2,1705,789,916
203535,3,1694,786,908
203535,4,480,220,260
203535,5,1214,566,648
203535,11,11,3,8
203535,19,13,4,9
203535,20,1201,562,639
203535,21,1695,786,909
203535,22,1695,786,909
203535,23,1694,786,908
203535,24,480,220,260
203535,25,1214,566,648
203535,31,1,0,1
203535,39,13,4,9
203535,40,1201,562,639
203535,41,10,3,7
203535,42,10,3,7
203535,51,10,3,7
203544,1,880,176,704
203544,2,800,148,652
203544,3,783,143,640
203544,4,67,5,62
203544,5,716,138,578
203544,11,17,5,12
203544,12,80,28,52
203544,19,109,24,85
203544,20,607,114,493
203544,21,497,107,390
203544,22,419,80,339
203544,23,416,79,337
203544,24,58,4,54
203544,25,358,75,283
203544,31,3,1,2
203544,32,78,27,51
203544,39,58,15,43
203544,40,300,60,240
203544,41,383,69,314
203544,42,381,68,313
203544,43,367,64,303
203544,44,9,1,8
203544,45,358,63,295
203544,51,14,4,10
203544,52,2,1,1
203544,59,51,9,42
203544,60,307,54,253
203580,1,1086,568,518
203580,2,922,474,448
203580,3,839,455,384
203580,4,206,119,87
203580,5,633,336,297
203580,11,83,19,64
203580,12,164,94,70
203580,19,45,28,17
203580,20,588,308,280
203580,21,875,467,408
203580,22,852,455,397
203580,23,818,446,372
203580,24,206,119,87
203580,25,612,327,285
203580,31,34,9,25
203580,32,23,12,11
203580,39,45,28,17
203580,40,567,299,268
203580,41,211,101,110
203580,42,70,19,51
203580,43,21,9,12
203580,45,21,9,12
203580,51,49,10,39
203580,52,141,82,59
203580,60,21,9,12
203599,1,8839,3601,5238
203599,2,8839,3601,5238
203599,3,6555,2718,3837
203599,4,1232,609,623
203599,5,5323,2109,3214
203599,11,2284,883,1401
203599,19,491,171,320
203599,20,4832,1938,2894
203599,21,3171,1468,1703
203599,22,3171,1468,1703
203599,23,2368,1149,1219
203599,24,720,381,339
203599,25,1648,768,880
203599,31,803,319,484
203599,39,212,93,119
203599,40,1436,675,761
203599,41,5668,2133,3535
203599,42,5668,2133,3535
203599,43,4187,1569,2618
203599,44,512,228,284
203599,45,3675,1341,2334
203599,51,1481,564,917
203599,59,279,78,201
203599,60,3396,1263,2133
203614,1,407,171,236
203614,2,407,171,236
203614,3,407,171,236
203614,4,207,115,92
203614,5,200,56,144
203614,20,200,56,144
203614,21,374,153,221
203614,22,374,153,221
203614,23,374,153,221
203614,24,185,102,83
203614,25,189,51,138
203614,40,189,51,138
203614,41,33,18,15
203614,42,33,18,15
203614,43,33,18,15
203614,44,22,13,9
203614,45,11,5,6
203614,60,11,5,6
203678,1,3599,1200,2399
203678,2,3599,1200,2399
203678,3,2754,838,1916
203678,4,549,202,347
203678,5,2205,636,1569
203678,11,845,362,483
203678,19,183,56,127
203678,20,2022,580,1442
203678,21,1409,481,928
203678,22,1409,481,928
203678,23,1369,468,901
203678,24,427,166,261
203678,25,942,302,640
203678,31,40,13,27
203678,39,110,34,76
203678,40,832,268,564
203678,41,2190,719,1471
203678,42,2190,719,1471
203678,43,1385,370,1015
203678,44,122,36,86
203678,45,1263,334,929
203678,51,805,349,456
203678,59,73,22,51
203678,60,1190,312,878
203720,1,415,67,348
203720,2,415,67,348
203720,3,415,67,348
203720,4,53,9,44
203720,5,362,58,304
203720,19,129,19,110
203720,20,233,39,194
203720,21,320,51,269
203720,22,320,51,269
203720,23,320,51,269
203720,24,48,8,40
203720,25,272,43,229
203720,39,109,14,95
203720,40,163,29,134
203720,41,95,16,79
203720,42,95,16,79
203720,43,95,16,79
203720,44,5,1,4
203720,45,90,15,75
203720,59,20,5,15
203720,60,70,10,60
203739,1,387,88,299
203739,2,387,88,299
203739,3,387,88,299
203739,4,27,7,20
203739,5,360,81,279
203739,19,79,19,60
203739,20,281,62,219
203739,21,200,46,154
203739,22,200,46,154
203739,23,200,46,154
203739,24,22,5,17
203739,25,178,41,137
203739,39,39,10,29
203739,40,139,31,108
203739,41,187,42,145
203739,42,187,42,145
203739,43,187,42,145
203739,44,5,2,3
203739,45,182,40,142
203739,59,40,9,31
203739,60,142,31,111
203748,1,12274,4478,7796
203748,2,12274,4478,7796
203748,3,10582,3843,6739
203748,4,1928,862,1066
203748,5,8654,2981,5673
203748,11,1692,635,1057
203748,19,699,244,455
203748,20,7955,2737,5218
203748,21,3391,1446,1945
203748,22,3391,1446,1945
203748,23,3180,1368,1812
203748,24,997,453,544
203748,25,2183,915,1268
203748,31,211,78,133
203748,39,211,79,132
203748,40,1972,836,1136
203748,41,8883,3032,5851
203748,42,8883,3032,5851
203748,43,7402,2475,4927
203748,44,931,409,522
203748,45,6471,2066,4405
203748,51,1481,557,924
203748,59,488,165,323
203748,60,5983,1901,4082
203757,1,2187,602,1585
203757,2,1806,535,1271
203757,3,1747,515,1232
203757,4,223,61,162
203757,5,1524,454,1070
203757,11,59,20,39
203757,12,381,67,314
203757,19,153,54,99
203757,20,1371,400,971
203757,21,1452,417,1035
203757,22,1137,357,780
203757,23,1132,354,778
203757,24,209,58,151
203757,25,923,296,627
203757,31,5,3,2
203757,32,315,60,255
203757,39,101,47,54
203757,40,822,249,573
203757,41,735,185,550
203757,42,669,178,491
203757,43,615,161,454
203757,44,14,3,11
203757,45,601,158,443
203757,51,54,17,37
203757,52,66,7,59
203757,59,52,7,45
203757,60,549,151,398
203775,1,2074,839,1235
203775,2,1656,705,951
203775,3,1571,682,889
203775,4,316,151,165
203775,5,1255,531,724
203775,11,85,23,62
203775,12,418,134,284
203775,19,126,46,80
203775,20,1129,485,644
203775,21,1525,686,839
203775,22,1453,654,799
203775,23,1436,646,790
203775,24,314,149,165
203775,25,1122,497,625
203775,31,17,8,9
203775,32,72,32,40
203775,39,112,46,66
203775,40,1010,451,559
203775,41,549,153,396
203775,42,203,51,152
203775,43,135,36,99
203775,44,2,2,0
203775,45,133,34,99
203775,51,68,15,53
203775,52,346,102,244
203775,59,14,0,14
203775,60,119,34,85
203845,1,1542,848,694
203845,2,1416,824,592
203845,3,1390,810,580
203845,4,385,243,142
203845,5,1005,567,438
203845,11,26,14,12
203845,12,126,24,102
203845,19,38,20,18
203845,20,967,547,420
203845,21,1429,814,615
203845,22,1352,795,557
203845,23,1352,795,557
203845,24,385,243,142
203845,25,967,552,415
203845,32,77,19,58
203845,39,38,20,18
203845,40,929,532,397
203845,41,113,34,79
203845,42,64,29,35
203845,43,38,15,23
203845,45,38,15,23
203845,51,26,14,12
203845,52,49,5,44
203845,60,38,15,23
203881,1,2698,1133,1565
203881,2,2698,1133,1565
203881,3,2047,865,1182
203881,4,362,190,172
203881,5,1685,675,1010
203881,11,651,268,383
203881,19,252,85,167
203881,20,1433,590,843
203881,21,902,336,566
203881,22,902,336,566
203881,23,880,326,554
203881,24,190,70,120
203881,25,690,256,434
203881,31,22,10,12
203881,39,111,36,75
203881,40,579,220,359
203881,41,1796,797,999
203881,42,1796,797,999
203881,43,1167,539,628
203881,44,172,120,52
203881,45,995,419,576
203881,51,629,258,371
203881,59,141,49,92
203881,60,854,370,484
203942,1,105,46,59
203942,2,105,46,59
203942,3,105,46,59
203942,4,76,34,42
203942,5,29,12,17
203942,20,29,12,17
203942,21,62,27,35
203942,22,62,27,35
203942,23,62,27,35
203942,24,41,20,21
203942,25,21,7,14
203942,40,21,7,14
203942,41,43,19,24
203942,42,43,19,24
203942,43,43,19,24
203942,44,35,14,21
203942,45,8,5,3
203942,60,8,5,3
203960,1,1195,170,1025
203960,2,1195,170,1025
203960,3,1192,168,1024
203960,4,34,6,28
203960,5,1158,162,996
203960,11,3,2,1
203960,19,356,54,302
203960,20,802,108,694
203960,21,501,80,421
203960,22,501,80,421
203960,23,501,80,421
203960,24,31,5,26
203960,25,470,75,395
203960,39,131,25,106
203960,40,339,50,289
203960,41,694,90,604
203960,42,694,90,604
203960,43,691,88,603
203960,44,3,1,2
203960,45,688,87,601
203960,51,3,2,1
203960,59,225,29,196
203960,60,463,58,405
203997,1,193,80,113
203997,12,193,80,113
203997,21,133,53,80
203997,32,133,53,80
203997,41,60,27,33
203997,52,60,27,33
204006,1,3621,1615,2006
204006,2,3621,1615,2006
204006,3,3421,1559,1862
204006,4,783,362,421
204006,5,2638,1197,1441
204006,11,200,56,144
204006,19,220,110,110
204006,20,2418,1087,1331
204006,21,2521,1106,1415
204006,22,2521,1106,1415
204006,23,2489,1094,1395
204006,24,645,292,353
204006,25,1844,802,1042
204006,31,32,12,20
204006,39,152,67,85
204006,40,1692,735,957
204006,41,1100,509,591
204006,42,1100,509,591
204006,43,932,465,467
204006,44,138,70,68
204006,45,794,395,399
204006,51,168,44,124
204006,59,68,43,25
204006,60,726,352,374
204015,1,2221,902,1319
204015,2,2221,902,1319
204015,3,1765,745,1020
204015,4,421,186,235
204015,5,1344,559,785
204015,11,456,157,299
204015,19,138,71,67
204015,20,1206,488,718
204015,21,1330,567,763
204015,22,1330,567,763
204015,23,1307,559,748
204015,24,359,166,193
204015,25,948,393,555
204015,31,23,8,15
204015,39,94,45,49
204015,40,854,348,506
204015,41,891,335,556
204015,42,891,335,556
204015,43,458,186,272
204015,44,62,20,42
204015,45,396,166,230
204015,51,433,149,284
204015,59,44,26,18
204015,60,352,140,212
204024,1,17901,8239,9662
204024,2,15462,7470,7992
204024,3,15378,7430,7948
204024,4,3644,1741,1903
204024,5,11734,5689,6045
204024,11,84,40,44
204024,12,2439,769,1670
204024,19,254,142,112
204024,20,11480,5547,5933
204024,21,16038,7666,8372
204024,22,15001,7215,7786
204024,23,14952,7192,7760
204024,24,3637,1738,1899
204024,25,11315,5454,5861
204024,31,49,23,26
204024,32,1037,451,586
204024,39,252,141,111
204024,40,11063,5313,5750
204024,41,1863,573,1290
204024,42,461,255,206
204024,43,426,238,188
204024,44,7,3,4
204024,45,419,235,184
204024,51,35,17,18
204024,52,1402,318,1084
204024,59,2,1,1
204024,60,417,234,183
204060,1,258,54,204
204060,2,258,54,204
204060,3,258,54,204
204060,4,56,12,44
204060,5,202,42,160
204060,19,23,7,16
204060,20,179,35,144
204060,21,161,36,125
204060,22,161,36,125
204060,23,161,36,125
204060,24,43,10,33
204060,25,118,26,92
204060,39,13,4,9
204060,40,105,22,83
204060,41,97,18,79
204060,42,97,18,79
204060,43,97,18,79
204060,44,13,2,11
204060,45,84,16,68
204060,59,10,3,7
204060,60,74,13,61
204121,1,80,1,79
204121,2,80,1,79
204121,3,80,1,79
204121,4,42,1,41
204121,5,38,0,38
204121,20,38,0,38
204121,21,41,1,40
204121,22,41,1,40
204121,23,41,1,40
204121,24,23,1,22
204121,25,18,0,18
204121,40,18,0,18
204121,41,39,0,39
204121,42,39,0,39
204121,43,39,0,39
204121,44,19,0,19
204121,45,20,0,20
204121,60,20,0,20
204158,1,407,168,239
204158,2,407,168,239
204158,3,407,168,239
204158,4,172,72,100
204158,5,235,96,139
204158,20,235,96,139
204158,21,407,168,239
204158,22,407,168,239
204158,23,407,168,239
204158,24,172,72,100
204158,25,235,96,139
204158,40,235,96,139
204176,1,1121,106,1015
204176,2,947,96,851
204176,3,947,96,851
204176,4,96,9,87
204176,5,851,87,764
204176,12,174,10,164
204176,19,146,13,133
204176,20,705,74,631
204176,21,752,76,676
204176,22,655,69,586
204176,23,655,69,586
204176,24,86,7,79
204176,25,569,62,507
204176,32,97,7,90
204176,39,76,9,67
204176,40,493,53,440
204176,41,369,30,339
204176,42,292,27,265
204176,43,292,27,265
204176,44,10,2,8
204176,45,282,25,257
204176,52,77,3,74
204176,59,70,4,66
204176,60,212,21,191
204185,1,2187,1079,1108
204185,2,2096,1053,1043
204185,3,2056,1030,1026
204185,4,552,283,269
204185,5,1504,747,757
204185,11,40,23,17
204185,12,91,26,65
204185,19,90,56,34
204185,20,1414,691,723
204185,21,2118,1052,1066
204185,22,2056,1033,1023
204185,23,2045,1028,1017
204185,24,552,283,269
204185,25,1493,745,748
204185,31,11,5,6
204185,32,62,19,43
204185,39,90,56,34
204185,40,1403,689,714
204185,41,69,27,42
204185,42,40,20,20
204185,43,11,2,9
204185,45,11,2,9
204185,51,29,18,11
204185,52,29,7,22
204185,60,11,2,9
204194,1,2229,789,1440
204194,2,1829,650,1179
204194,3,1774,632,1142
204194,4,302,116,186
204194,5,1472,516,956
204194,11,55,18,37
204194,12,400,139,261
204194,19,56,28,28
204194,20,1416,488,928
204194,21,1667,607,1060
204194,22,1450,540,910
204194,23,1437,538,899
204194,24,301,115,186
204194,25,1136,423,713
204194,31,13,2,11
204194,32,217,67,150
204194,39,55,27,28
204194,40,1081,396,685
204194,41,562,182,380
204194,42,379,110,269
204194,43,337,94,243
204194,44,1,1,0
204194,45,336,93,243
204194,51,42,16,26
204194,52,183,72,111
204194,59,1,1,0
204194,60,335,92,243
204200,1,2326,798,1528
204200,2,1795,662,1133
204200,3,1655,647,1008
204200,4,324,174,150
204200,5,1331,473,858
204200,11,140,15,125
204200,12,531,136,395
204200,19,165,51,114
204200,20,1166,422,744
204200,21,1432,606,826
204200,22,1223,548,675
204200,23,1222,548,674
204200,24,312,171,141
204200,25,910,377,533
204200,31,1,0,1
204200,32,209,58,151
204200,39,70,40,30
204200,40,840,337,503
204200,41,894,192,702
204200,42,572,114,458
204200,43,433,99,334
204200,44,12,3,9
204200,45,421,96,325
204200,51,139,15,124
204200,52,322,78,244
204200,59,95,11,84
204200,60,326,85,241
204255,1,3652,1764,1888
204255,2,3652,1764,1888
204255,3,2351,1178,1173
204255,4,888,593,295
204255,5,1463,585,878
204255,11,1301,586,715
204255,19,387,148,239
204255,20,1076,437,639
204255,21,1320,553,767
204255,22,1320,553,767
204255,23,1160,494,666
204255,24,358,154,204
204255,25,802,340,462
204255,31,160,59,101
204255,39,327,130,197
204255,40,475,210,265
204255,41,2332,1211,1121
204255,42,2332,1211,1121
204255,43,1191,684,507
204255,44,530,439,91
204255,45,661,245,416
204255,51,1141,527,614
204255,59,60,18,42
204255,60,601,227,374
204264,1,2154,874,1280
204264,2,1728,775,953
204264,3,1641,739,902
204264,4,404,200,204
204264,5,1237,539,698
204264,11,87,36,51
204264,12,426,99,327
204264,19,70,31,39
204264,20,1167,508,659
204264,21,1501,733,768
204264,22,1438,713,725
204264,23,1420,703,717
204264,24,403,200,203
204264,25,1017,503,514
204264,31,18,10,8
204264,32,63,20,43
204264,39,51,29,22
204264,40,966,474,492
204264,41,653,141,512
204264,42,290,62,228
204264,43,221,36,185
204264,44,1,0,1
204264,45,220,36,184
204264,51,69,26,43
204264,52,363,79,284
204264,59,19,2,17
204264,60,201,34,167
204307,1,471,55,416
204307,2,471,55,416
204307,3,471,55,416
204307,4,23,3,20
204307,5,448,52,396
204307,19,97,12,85
204307,20,351,40,311
204307,21,394,49,345
204307,22,394,49,345
204307,23,394,49,345
204307,24,22,3,19
204307,25,372,46,326
204307,39,83,11,72
204307,40,289,35,254
204307,41,77,6,71
204307,42,77,6,71
204307,43,77,6,71
204307,44,1,0,1
204307,45,76,6,70
204307,59,14,1,13
204307,60,62,5,57
204316,1,563,131,432
204316,2,563,131,432
204316,3,563,131,432
204316,4,148,36,112
204316,5,415,95,320
204316,19,10,3,7
204316,20,405,92,313
204316,21,563,131,432
204316,22,563,131,432
204316,23,563,131,432
204316,24,148,36,112
204316,25,415,95,320
204316,39,10,3,7
204316,40,405,92,313
204334,1,78,3,75
204334,2,78,3,75
204334,3,78,3,75
204334,4,28,3,25
204334,5,50,0,50
204334,20,50,0,50
204334,21,78,3,75
204334,22,78,3,75
204334,23,78,3,75
204334,24,28,3,25
204334,25,50,0,50
204334,40,50,0,50
204422,1,2958,1128,1830
204422,2,2958,1128,1830
204422,3,2479,927,1552
204422,4,491,217,274
204422,5,1988,710,1278
204422,11,479,201,278
204422,19,250,104,146
204422,20,1738,606,1132
204422,21,846,384,462
204422,22,846,384,462
204422,23,759,335,424
204422,24,218,91,127
204422,25,541,244,297
204422,31,87,49,38
204422,39,97,46,51
204422,40,444,198,246
204422,41,2112,744,1368
204422,42,2112,744,1368
204422,43,1720,592,1128
204422,44,273,126,147
204422,45,1447,466,981
204422,51,392,152,240
204422,59,153,58,95
204422,60,1294,408,886
204431,1,33,5,28
204431,2,33,5,28
204431,3,33,5,28
204431,4,13,3,10
204431,5,20,2,18
204431,20,20,2,18
204431,21,33,5,28
204431,22,33,5,28
204431,23,33,5,28
204431,24,13,3,10
204431,25,20,2,18
204431,40,20,2,18
204440,1,4603,2752,1851
204440,2,4603,2752,1851
204440,3,2030,730,1300
204440,4,312,111,201
204440,5,1718,619,1099
204440,11,2573,2022,551
204440,19,53,19,34
204440,20,1665,600,1065
204440,21,798,322,476
204440,22,798,322,476
204440,23,624,236,388
204440,24,160,56,104
204440,25,464,180,284
204440,31,174,86,88
204440,39,18,10,8
204440,40,446,170,276
204440,41,3805,2430,1375
204440,42,3805,2430,1375
204440,43,1406,494,912
204440,44,152,55,97
204440,45,1254,439,815
204440,51,2399,1936,463
204440,59,35,9,26
204440,60,1219,430,789
204459,1,145,49,96
204459,2,145,49,96
204459,3,145,49,96
204459,4,24,9,15
204459,5,121,40,81
204459,20,121,40,81
204459,21,145,49,96
204459,22,145,49,96
204459,23,145,49,96
204459,24,24,9,15
204459,25,121,40,81
204459,40,121,40,81
204468,1,2269,951,1318
204468,2,1989,890,1099
204468,3,1792,810,982
204468,4,334,198,136
204468,5,1458,612,846
204468,11,197,80,117
204468,12,280,61,219
204468,19,146,44,102
204468,20,1312,568,744
204468,21,1405,743,662
204468,22,1405,743,662
204468,23,1374,727,647
204468,24,330,196,134
204468,25,1044,531,513
204468,31,31,16,15
204468,39,69,30,39
204468,40,975,501,474
204468,41,864,208,656
204468,42,584,147,437
204468,43,418,83,335
204468,44,4,2,2
204468,45,414,81,333
204468,51,166,64,102
204468,52,280,61,219
204468,59,77,14,63
204468,60,337,67,270
204477,1,832,428,404
204477,12,832,428,404
204477,21,824,425,399
204477,32,824,425,399
204477,41,8,3,5
204477,52,8,3,5
204486,1,4167,3284,883
204486,2,4117,3261,856
204486,3,4104,3255,849
204486,4,1362,1139,223
204486,5,2742,2116,626
204486,11,13,6,7
204486,12,50,23,27
204486,19,201,104,97
204486,20,2541,2012,529
204486,21,3669,3038,631
204486,22,3633,3020,613
204486,23,3632,3020,612
204486,24,1298,1088,210
204486,25,2334,1932,402
204486,31,1,0,1
204486,32,36,18,18
204486,39,162,90,72
204486,40,2172,1842,330
204486,41,498,246,252
204486,42,484,241,243
204486,43,472,235,237
204486,44,64,51,13
204486,45,408,184,224
204486,51,12,6,6
204486,52,14,5,9
204486,59,39,14,25
204486,60,369,170,199
204501,1,2911,1326,1585
204501,2,2894,1316,1578
204501,3,2894,1316,1578
204501,4,780,337,443
204501,5,2114,979,1135
204501,12,17,10,7
204501,19,24,13,11
204501,20,2090,966,1124
204501,21,2872,1305,1567
204501,22,2855,1295,1560
204501,23,2855,1295,1560
204501,24,780,337,443
204501,25,2075,958,1117
204501,32,17,10,7
204501,39,24,13,11
204501,40,2051,945,1106
204501,41,39,21,18
204501,42,39,21,18
204501,43,39,21,18
204501,45,39,21,18
204501,60,39,21,18
204592,1,103,13,90
204592,2,103,13,90
204592,3,103,13,90
204592,4,48,5,43
204592,5,55,8,47
204592,19,10,2,8
204592,20,45,6,39
204592,21,73,7,66
204592,22,73,7,66
204592,23,73,7,66
204592,24,26,2,24
204592,25,47,5,42
204592,39,6,1,5
204592,40,41,4,37
204592,41,30,6,24
204592,42,30,6,24
204592,43,30,6,24
204592,44,22,3,19
204592,45,8,3,5
204592,59,4,1,3
204592,60,4,2,2
204608,1,1119,1063,56
204608,2,1119,1063,56
204608,3,1119,1063,56
204608,4,306,288,18
204608,5,813,775,38
204608,20,813,775,38
204608,21,1119,1063,56
204608,22,1119,1063,56
204608,23,1119,1063,56
204608,24,306,288,18
204608,25,813,775,38
204608,40,813,775,38
204617,1,2573,1028,1545
204617,2,2005,851,1154
204617,3,1483,639,844
204617,4,239,119,120
204617,5,1244,520,724
204617,11,522,212,310
204617,12,568,177,391
204617,19,114,47,67
204617,20,1130,473,657
204617,21,1845,756,1089
204617,22,1391,611,780
204617,23,1348,596,752
204617,24,237,119,118
204617,25,1111,477,634
204617,31,43,15,28
204617,32,454,145,309
204617,39,75,37,38
204617,40,1036,440,596
204617,41,728,272,456
204617,42,614,240,374
204617,43,135,43,92
204617,44,2,0,2
204617,45,133,43,90
204617,51,479,197,282
204617,52,114,32,82
204617,59,39,10,29
204617,60,94,33,61
204626,1,404,93,311
204626,2,404,93,311
204626,3,404,93,311
204626,4,47,7,40
204626,5,357,86,271
204626,19,61,10,51
204626,20,296,76,220
204626,21,404,93,311
204626,22,404,93,311
204626,23,404,93,311
204626,24,47,7,40
204626,25,357,86,271
204626,39,61,10,51
204626,40,296,76,220
204635,1,3619,1780,1839
204635,2,2702,1396,1306
204635,3,2205,1153,1052
204635,4,613,299,314
204635,5,1592,854,738
204635,11,497,243,254
204635,12,917,384,533
204635,19,73,39,34
204635,20,1519,815,704
204635,21,3098,1528,1570
204635,22,2194,1150,1044
204635,23,2148,1127,1021
204635,24,613,299,314
204635,25,1535,828,707
204635,31,46,23,23
204635,32,904,378,526
204635,39,58,38,20
204635,40,1477,790,687
204635,41,521,252,269
204635,42,508,246,262
204635,43,57,26,31
204635,45,57,26,31
204635,51,451,220,231
204635,52,13,6,7
204635,59,15,1,14
204635,60,42,25,17
204662,1,643,383,260
204662,2,643,383,260
204662,3,628,369,259
204662,4,285,165,120
204662,5,343,204,139
204662,11,15,14,1
204662,19,13,9,4
204662,20,330,195,135
204662,21,554,322,232
204662,22,554,322,232
204662,23,554,322,232
204662,24,280,162,118
204662,25,274,160,114
204662,39,11,8,3
204662,40,263,152,111
204662,41,89,61,28
204662,42,89,61,28
204662,43,74,47,27
204662,44,5,3,2
204662,45,69,44,25
204662,51,15,14,1
204662,59,2,1,1
204662,60,67,43,24
204671,1,1077,481,596
204671,2,1059,478,581
204671,3,1008,461,547
204671,4,394,208,186
204671,5,614,253,361
204671,11,51,17,34
204671,12,18,3,15
204671,19,65,18,47
204671,20,549,235,314
204671,21,880,405,475
204671,22,872,403,469
204671,23,865,400,465
204671,24,381,200,181
204671,25,484,200,284
204671,31,7,3,4
204671,32,8,2,6
204671,39,51,16,35
204671,40,433,184,249
204671,41,197,76,121
204671,42,187,75,112
204671,43,143,61,82
204671,44,13,8,5
204671,45,130,53,77
204671,51,44,14,30
204671,52,10,1,9
204671,59,14,2,12
204671,60,116,51,65
204680,1,1204,521,683
204680,2,1155,519,636
204680,3,1121,506,615
204680,4,503,254,249
204680,5,618,252,366
204680,11,34,13,21
204680,12,49,2,47
204680,19,51,23,28
204680,20,567,229,338
204680,21,985,441,544
204680,22,967,440,527
204680,23,965,440,525
204680,24,486,246,240
204680,25,479,194,285
204680,31,2,0,2
204680,32,18,1,17
204680,39,41,21,20
204680,40,438,173,265
204680,41,219,80,139
204680,42,188,79,109
204680,43,156,66,90
204680,44,17,8,9
204680,45,139,58,81
204680,51,32,13,19
204680,52,31,1,30
204680,59,10,2,8
204680,60,129,56,73
204699,1,1259,569,690
204699,2,1230,565,665
204699,3,1192,553,639
204699,4,447,231,216
204699,5,745,322,423
204699,11,38,12,26
204699,12,29,4,25
204699,19,69,27,42
204699,20,676,295,381
204699,21,973,458,515
204699,22,955,454,501
204699,23,947,452,495
204699,24,406,214,192
204699,25,541,238,303
204699,31,8,2,6
204699,32,18,4,14
204699,39,52,21,31
204699,40,489,217,272
204699,41,286,111,175
204699,42,275,111,164
204699,43,245,101,144
204699,44,41,17,24
204699,45,204,84,120
204699,51,30,10,20
204699,52,11,0,11
204699,59,17,6,11
204699,60,187,78,109
204705,1,2315,1097,1218
204705,2,2263,1093,1170
204705,3,2205,1060,1145
204705,4,1092,582,510
204705,5,1113,478,635
204705,11,58,33,25
204705,12,52,4,48
204705,19,131,57,74
204705,20,982,421,561
204705,21,1893,911,982
204705,22,1883,910,973
204705,23,1881,909,972
204705,24,1056,567,489
204705,25,825,342,483
204705,31,2,1,1
204705,32,10,1,9
204705,39,105,47,58
204705,40,720,295,425
204705,41,422,186,236
204705,42,380,183,197
204705,43,324,151,173
204705,44,36,15,21
204705,45,288,136,152
204705,51,56,32,24
204705,52,42,3,39
204705,59,26,10,16
204705,60,262,126,136
204714,1,171,5,166
204714,2,171,5,166
204714,3,171,5,166
204714,4,53,3,50
204714,5,118,2,116
204714,20,118,2,116
204714,21,171,5,166
204714,22,171,5,166
204714,23,171,5,166
204714,24,53,3,50
204714,25,118,2,116
204714,40,118,2,116
204723,1,142,127,15
204723,2,142,127,15
204723,3,142,127,15
204723,4,32,28,4
204723,5,110,99,11
204723,20,110,99,11
204723,21,142,127,15
204723,22,142,127,15
204723,23,142,127,15
204723,24,32,28,4
204723,25,110,99,11
204723,40,110,99,11
204769,1,61,3,58
204769,2,61,3,58
204769,3,61,3,58
204769,4,49,2,47
204769,5,12,1,11
204769,20,12,1,11
204769,21,61,3,58
204769,22,61,3,58
204769,23,61,3,58
204769,24,49,2,47
204769,25,12,1,11
204769,40,12,1,11
204778,1,89,21,68
204778,2,89,21,68
204778,3,89,21,68
204778,4,54,9,45
204778,5,35,12,23
204778,20,35,12,23
204778,21,89,21,68
204778,22,89,21,68
204778,23,89,21,68
204778,24,54,9,45
204778,25,35,12,23
204778,40,35,12,23
204796,1,57466,29421,28045
204796,2,44201,23282,20919
204796,3,43139,22795,20344
204796,4,7130,3594,3536
204796,5,36009,19201,16808
204796,11,1062,487,575
204796,12,13265,6139,7126
204796,19,2513,1339,1174
204796,20,33496,17862,15634
204796,21,50012,25653,24359
204796,22,40020,20989,19031
204796,23,39877,20920,18957
204796,24,7121,3586,3535
204796,25,32756,17334,15422
204796,31,143,69,74
204796,32,9992,4664,5328
204796,39,2316,1237,1079
204796,40,30440,16097,14343
204796,41,7454,3768,3686
204796,42,4181,2293,1888
204796,43,3262,1875,1387
204796,44,9,8,1
204796,45,3253,1867,1386
204796,51,919,418,501
204796,52,3273,1475,1798
204796,59,197,102,95
204796,60,3056,1765,1291
204802,1,1091,444,647
204802,2,1091,444,647
204802,3,1010,413,597
204802,4,121,54,67
204802,5,889,359,530
204802,11,81,31,50
204802,19,77,27,50
204802,20,812,332,480
204802,21,451,182,269
204802,22,451,182,269
204802,23,409,164,245
204802,24,119,53,66
204802,25,290,111,179
204802,31,42,18,24
204802,39,39,11,28
204802,40,251,100,151
204802,41,640,262,378
204802,42,640,262,378
204802,43,601,249,352
204802,44,2,1,1
204802,45,599,248,351
204802,51,39,13,26
204802,59,38,16,22
204802,60,561,232,329
204820,1,2330,877,1453
204820,2,2330,877,1453
204820,3,2219,836,1383
204820,4,383,174,209
204820,5,1836,662,1174
204820,11,111,41,70
204820,19,143,47,96
204820,20,1693,615,1078
204820,21,1135,416,719
204820,22,1135,416,719
204820,23,1098,397,701
204820,24,341,157,184
204820,25,757,240,517
204820,31,37,19,18
204820,39,71,20,51
204820,40,686,220,466
204820,41,1195,461,734
204820,42,1195,461,734
204820,43,1121,439,682
204820,44,42,17,25
204820,45,1079,422,657
204820,51,74,22,52
204820,59,72,27,45
204820,60,1007,395,612
204839,1,2012,734,1278
204839,2,2012,734,1278
204839,3,1841,673,1168
204839,4,275,99,176
204839,5,1566,574,992
204839,11,171,61,110
204839,19,131,47,84
204839,20,1435,527,908
204839,21,1066,357,709
204839,22,1066,357,709
204839,23,1007,338,669
204839,24,254,91,163
204839,25,753,247,506
204839,31,59,19,40
204839,39,54,17,37
204839,40,699,230,469
204839,41,946,377,569
204839,42,946,377,569
204839,43,834,335,499
204839,44,21,8,13
204839,45,813,327,486
204839,51,112,42,70
204839,59,77,30,47
204839,60,736,297,439
204848,1,2596,910,1686
204848,2,2596,910,1686
204848,3,2340,836,1504
204848,4,465,199,266
204848,5,1875,637,1238
204848,11,256,74,182
204848,19,107,31,76
204848,20,1768,606,1162
204848,21,1222,439,783
204848,22,1222,439,783
204848,23,1136,419,717
204848,24,410,173,237
204848,25,726,246,480
204848,31,86,20,66
204848,39,50,13,37
204848,40,676,233,443
204848,41,1374,471,903
204848,42,1374,471,903
204848,43,1204,417,787
204848,44,55,26,29
204848,45,1149,391,758
204848,51,170,54,116
204848,59,57,18,39
204848,60,1092,373,719
204857,1,28786,11887,16899
204857,2,23504,9464,14040
204857,3,23331,9382,13949
204857,4,4243,2030,2213
204857,5,19088,7352,11736
204857,11,173,82,91
204857,12,5282,2423,2859
204857,19,1519,459,1060
204857,20,17569,6893,10676
204857,21,19449,9395,10054
204857,22,16756,8127,8629
204857,23,16732,8111,8621
204857,24,4233,2025,2208
204857,25,12499,6086,6413
204857,31,24,16,8
204857,32,2693,1268,1425
204857,39,642,315,327
204857,40,11857,5771,6086
204857,41,9337,2492,6845
204857,42,6748,1337,5411
204857,43,6599,1271,5328
204857,44,10,5,5
204857,45,6589,1266,5323
204857,51,149,66,83
204857,52,2589,1155,1434
204857,59,877,144,733
204857,60,5712,1122,4590
204866,1,2042,629,1413
204866,2,2042,629,1413
204866,3,1899,584,1315
204866,4,301,108,193
204866,5,1598,476,1122
204866,11,143,45,98
204866,19,131,43,88
204866,20,1467,433,1034
204866,21,885,283,602
204866,22,885,283,602
204866,23,845,268,577
204866,24,288,104,184
204866,25,557,164,393
204866,31,40,15,25
204866,39,46,17,29
204866,40,511,147,364
204866,41,1157,346,811
204866,42,1157,346,811
204866,43,1054,316,738
204866,44,13,4,9
204866,45,1041,312,729
204866,51,103,30,73
204866,59,85,26,59
204866,60,956,286,670
204884,1,183,20,163
204884,2,183,20,163
204884,3,183,20,163
204884,4,35,2,33
204884,5,148,18,130
204884,19,56,7,49
204884,20,92,11,81
204884,21,153,17,136
204884,22,153,17,136
204884,23,153,17,136
204884,24,35,2,33
204884,25,118,15,103
204884,39,45,7,38
204884,40,73,8,65
204884,41,30,3,27
204884,42,30,3,27
204884,43,30,3,27
204884,45,30,3,27
204884,59,11,0,11
204884,60,19,3,16
204893,1,87,9,78
204893,2,87,9,78
204893,3,87,9,78
204893,4,4,0,4
204893,5,83,9,74
204893,20,83,9,74
204893,21,87,9,78
204893,22,87,9,78
204893,23,87,9,78
204893,24,4,0,4
204893,25,83,9,74
204893,40,83,9,74
204909,1,1830,833,997
204909,2,1830,833,997
204909,3,1817,830,987
204909,4,537,249,288
204909,5,1280,581,699
204909,11,13,3,10
204909,19,31,16,15
204909,20,1249,565,684
204909,21,1809,824,985
204909,22,1809,824,985
204909,23,1808,824,984
204909,24,536,248,288
204909,25,1272,576,696
204909,31,1,0,1
204909,39,30,15,15
204909,40,1242,561,681
204909,41,21,9,12
204909,42,21,9,12
204909,43,9,6,3
204909,44,1,1,0
204909,45,8,5,3
204909,51,12,3,9
204909,59,1,1,0
204909,60,7,4,3
204936,1,2919,1032,1887
204936,2,2479,934,1545
204936,3,2436,925,1511
204936,4,575,212,363
204936,5,1861,713,1148
204936,11,43,9,34
204936,12,440,98,342
204936,19,103,51,52
204936,20,1758,662,1096
204936,21,2411,899,1512
204936,22,2206,840,1366
204936,23,2203,838,1365
204936,24,568,210,358
204936,25,1635,628,1007
204936,31,3,2,1
204936,32,205,59,146
204936,39,88,44,44
204936,40,1547,584,963
204936,41,508,133,375
204936,42,273,94,179
204936,43,233,87,146
204936,44,7,2,5
204936,45,226,85,141
204936,51,40,7,33
204936,52,235,39,196
204936,59,15,7,8
204936,60,211,78,133
204945,1,14691,7270,7421
204945,2,14691,7270,7421
204945,3,13251,6280,6971
204945,4,2252,1117,1135
204945,5,10999,5163,5836
204945,11,1440,990,450
204945,19,945,390,555
204945,20,10054,4773,5281
204945,21,5072,2324,2748
204945,22,5072,2324,2748
204945,23,5048,2313,2735
204945,24,1414,706,708
204945,25,3634,1607,2027
204945,31,24,11,13
204945,39,494,232,262
204945,40,3140,1375,1765
204945,41,9619,4946,4673
204945,42,9619,4946,4673
204945,43,8203,3967,4236
204945,44,838,411,427
204945,45,7365,3556,3809
204945,51,1416,979,437
204945,59,451,158,293
204945,60,6914,3398,3516
204963,1,101,8,93
204963,2,101,8,93
204963,3,101,8,93
204963,4,91,8,83
204963,5,10,0,10
204963,20,10,0,10
204963,21,52,4,48
204963,22,52,4,48
204963,23,52,4,48
204963,24,48,4,44
204963,25,4,0,4
204963,40,4,0,4
204963,41,49,4,45
204963,42,49,4,45
204963,43,49,4,45
204963,44,43,4,39
204963,45,6,0,6
204963,60,6,0,6
204981,1,106,11,95
204981,2,106,11,95
204981,3,106,11,95
204981,4,19,4,15
204981,5,87,7,80
204981,20,87,7,80
204981,21,42,7,35
204981,22,42,7,35
204981,23,42,7,35
204981,24,11,3,8
204981,25,31,4,27
204981,40,31,4,27
204981,41,64,4,60
204981,42,64,4,60
204981,43,64,4,60
204981,44,8,1,7
204981,45,56,3,53
204981,60,56,3,53
204990,1,135,59,76
204990,12,135,59,76
204990,21,75,36,39
204990,32,75,36,39
204990,41,60,23,37
204990,52,60,23,37
205027,1,213,212,1
205027,2,135,135,0
205027,3,135,135,0
205027,4,14,14,0
205027,5,121,121,0
205027,12,78,77,1
205027,19,40,40,0
205027,20,81,81,0
205027,21,211,211,0
205027,22,135,135,0
205027,23,135,135,0
205027,24,14,14,0
205027,25,121,121,0
205027,32,76,76,0
205027,39,40,40,0
205027,40,81,81,0
205027,41,2,1,1
205027,52,2,1,1
205054,1,311,52,259
205054,2,311,52,259
205054,3,311,52,259
205054,4,21,2,19
205054,5,290,50,240
205054,19,109,15,94
205054,20,181,35,146
205054,21,311,52,259
205054,22,311,52,259
205054,23,311,52,259
205054,24,21,2,19
205054,25,290,50,240
205054,39,109,15,94
205054,40,181,35,146
205090,1,99,14,85
205090,2,99,14,85
205090,3,99,14,85
205090,5,99,14,85
205090,20,99,14,85
205090,21,67,12,55
205090,22,67,12,55
205090,23,67,12,55
205090,25,67,12,55
205090,40,67,12,55
205090,41,32,2,30
205090,42,32,2,30
205090,43,32,2,30
205090,45,32,2,30
205090,60,32,2,30
205124,1,96,96,0
205124,2,56,56,0
205124,3,56,56,0
205124,4,13,13,0
205124,5,43,43,0
205124,12,40,40,0
205124,19,2,2,0
205124,20,41,41,0
205124,21,96,96,0
205124,22,56,56,0
205124,23,56,56,0
205124,24,13,13,0
205124,25,43,43,0
205124,32,40,40,0
205124,39,2,2,0
205124,40,41,41,0
205142,1,145,39,106
205142,2,145,39,106
205142,3,145,39,106
205142,4,14,4,10
205142,5,131,35,96
205142,20,131,35,96
205142,21,88,38,50
205142,22,88,38,50
205142,23,88,38,50
205142,24,7,4,3
205142,25,81,34,47
205142,40,81,34,47
205142,41,57,1,56
205142,42,57,1,56
205142,43,57,1,56
205142,44,7,0,7
205142,45,50,1,49
205142,60,50,1,49
205179,1,2802,444,2358
205179,2,2802,444,2358
205179,3,2802,444,2358
205179,4,777,97,680
205179,5,2025,347,1678
205179,19,9,0,9
205179,20,2016,347,1669
205179,21,2802,444,2358
205179,22,2802,444,2358
205179,23,2802,444,2358
205179,24,777,97,680
205179,25,2025,347,1678
205179,39,9,0,9
205179,40,2016,347,1669
205203,1,2314,868,1446
205203,2,2206,829,1377
205203,3,1419,521,898
205203,4,425,172,253
205203,5,994,349,645
205203,11,787,308,479
205203,12,108,39,69
205203,19,80,34,46
205203,20,914,315,599
205203,21,1808,716,1092
205203,22,1801,714,1087
205203,23,1155,456,699
205203,24,386,159,227
205203,25,769,297,472
205203,31,646,258,388
205203,32,7,2,5
205203,39,54,31,23
205203,40,715,266,449
205203,41,506,152,354
205203,42,405,115,290
205203,43,264,65,199
205203,44,39,13,26
205203,45,225,52,173
205203,51,141,50,91
205203,52,101,37,64
205203,59,26,3,23
205203,60,199,49,150
205391,1,140,49,91
205391,2,140,49,91
205391,3,140,49,91
205391,4,74,21,53
205391,5,66,28,38
205391,19,8,1,7
205391,20,58,27,31
205391,21,138,49,89
205391,22,138,49,89
205391,23,138,49,89
205391,24,74,21,53
205391,25,64,28,36
205391,39,8,1,7
205391,40,56,27,29
205391,41,2,0,2
205391,42,2,0,2
205391,43,2,0,2
205391,45,2,0,2
205391,60,2,0,2
205443,1,4341,1797,2544
205443,2,4255,1779,2476
205443,3,4110,1726,2384
205443,4,1104,472,632
205443,5,3006,1254,1752
205443,11,145,53,92
205443,12,86,18,68
205443,19,229,103,126
205443,20,2777,1151,1626
205443,21,3710,1604,2106
205443,22,3635,1589,2046
205443,23,3582,1569,2013
205443,24,1065,457,608
205443,25,2517,1112,1405
205443,31,53,20,33
205443,32,75,15,60
205443,39,189,99,90
205443,40,2328,1013,1315
205443,41,631,193,438
205443,42,620,190,430
205443,43,528,157,371
205443,44,39,15,24
205443,45,489,142,347
205443,51,92,33,59
205443,52,11,3,8
205443,59,40,4,36
205443,60,449,138,311
205470,1,19176,8280,10896
205470,2,19176,8280,10896
205470,3,16554,6998,9556
205470,4,3243,1581,1662
205470,5,13311,5417,7894
205470,11,2622,1282,1340
205470,19,1590,667,923
205470,20,11721,4750,6971
205470,21,6774,3211,3563
205470,22,6774,3211,3563
205470,23,6307,2988,3319
205470,24,1639,843,796
205470,25,4668,2145,2523
205470,31,467,223,244
205470,39,763,354,409
205470,40,3905,1791,2114
205470,41,12402,5069,7333
205470,42,12402,5069,7333
205470,43,10247,4010,6237
205470,44,1604,738,866
205470,45,8643,3272,5371
205470,51,2155,1059,1096
205470,59,827,313,514
205470,60,7816,2959,4857
205513,1,105,21,84
205513,2,105,21,84
205513,3,105,21,84
205513,4,20,5,15
205513,5,85,16,69
205513,20,85,16,69
205513,21,58,13,45
205513,22,58,13,45
205513,23,58,13,45
205513,24,19,5,14
205513,25,39,8,31
205513,40,39,8,31
205513,41,47,8,39
205513,42,47,8,39
205513,43,47,8,39
205513,44,1,0,1
205513,45,46,8,38
205513,60,46,8,38
205522,1,87,15,72
205522,2,87,15,72
205522,3,87,15,72
205522,4,9,0,9
205522,5,78,15,63
205522,19,7,4,3
205522,20,71,11,60
205522,21,71,14,57
205522,22,71,14,57
205522,23,71,14,57
205522,24,9,0,9
205522,25,62,14,48
205522,39,6,4,2
205522,40,56,10,46
205522,41,16,1,15
205522,42,16,1,15
205522,43,16,1,15
205522,45,16,1,15
205522,59,1,0,1
205522,60,15,1,14
205531,1,77,14,63
205531,2,77,14,63
205531,3,77,14,63
205531,4,6,1,5
205531,5,71,13,58
205531,19,10,3,7
205531,20,61,10,51
205531,21,59,10,49
205531,22,59,10,49
205531,23,59,10,49
205531,24,6,1,5
205531,25,53,9,44
205531,39,10,3,7
205531,40,43,6,37
205531,41,18,4,14
205531,42,18,4,14
205531,43,18,4,14
205531,45,18,4,14
205531,60,18,4,14
205559,1,69,13,56
205559,2,69,13,56
205559,3,69,13,56
205559,4,11,1,10
205559,5,58,12,46
205559,19,6,1,5
205559,20,52,11,41
205559,21,63,13,50
205559,22,63,13,50
205559,23,63,13,50
205559,24,10,1,9
205559,25,53,12,41
205559,39,6,1,5
205559,40,47,11,36
205559,41,6,0,6
205559,42,6,0,6
205559,43,6,0,6
205559,44,1,0,1
205559,45,5,0,5
205559,60,5,0,5
205568,1,76,13,63
205568,2,76,13,63
205568,3,76,13,63
205568,4,5,1,4
205568,5,71,12,59
205568,19,13,3,10
205568,20,58,9,49
205568,21,63,11,52
205568,22,63,11,52
205568,23,63,11,52
205568,24,5,1,4
205568,25,58,10,48
205568,39,11,2,9
205568,40,47,8,39
205568,41,13,2,11
205568,42,13,2,11
205568,43,13,2,11
205568,45,13,2,11
205568,59,2,1,1
205568,60,11,1,10
205610,1,1045,288,757
205610,2,1045,288,757
205610,3,1045,288,757
205610,4,172,52,120
205610,5,873,236,637
205610,19,141,34,107
205610,20,732,202,530
205610,21,1045,288,757
205610,22,1045,288,757
205610,23,1045,288,757
205610,24,172,52,120
205610,25,873,236,637
205610,39,141,34,107
205610,40,732,202,530
205647,1,694,144,550
205647,2,694,144,550
205647,3,694,144,550
205647,4,87,19,68
205647,5,607,125,482
205647,19,81,12,69
205647,20,526,113,413
205647,21,694,144,550
205647,22,694,144,550
205647,23,694,144,550
205647,24,87,19,68
205647,25,607,125,482
205647,39,81,12,69
205647,40,526,113,413
205708,1,123,28,95
205708,2,123,28,95
205708,3,114,26,88
205708,5,114,26,88
205708,11,9,2,7
205708,19,1,0,1
205708,20,113,26,87
205708,21,123,28,95
205708,22,123,28,95
205708,23,114,26,88
205708,25,114,26,88
205708,31,9,2,7
205708,39,1,0,1
205708,40,113,26,87
205726,1,58,9,49
205726,2,58,9,49
205726,3,58,9,49
205726,5,58,9,49
205726,20,58,9,49
205726,21,58,9,49
205726,22,58,9,49
205726,23,58,9,49
205726,25,58,9,49
205726,40,58,9,49
205841,1,15450,6173,9277
205841,2,15450,6173,9277
205841,3,12995,5094,7901
205841,4,2839,1325,1514
205841,5,10156,3769,6387
205841,11,2455,1079,1376
205841,19,1048,422,626
205841,20,9108,3347,5761
205841,21,4469,2031,2438
205841,22,4469,2031,2438
205841,23,4315,1976,2339
205841,24,1398,681,717
205841,25,2917,1295,1622
205841,31,154,55,99
205841,39,477,207,270
205841,40,2440,1088,1352
205841,41,10981,4142,6839
205841,42,10981,4142,6839
205841,43,8680,3118,5562
205841,44,1441,644,797
205841,45,7239,2474,4765
205841,51,2301,1024,1277
205841,59,571,215,356
205841,60,6668,2259,4409
205887,1,790,81,709
205887,2,790,81,709
205887,3,790,81,709
205887,4,32,4,28
205887,5,758,77,681
205887,19,173,20,153
205887,20,585,57,528
205887,21,383,27,356
205887,22,383,27,356
205887,23,383,27,356
205887,24,19,2,17
205887,25,364,25,339
205887,39,110,8,102
205887,40,254,17,237
205887,41,407,54,353
205887,42,407,54,353
205887,43,407,54,353
205887,44,13,2,11
205887,45,394,52,342
205887,59,63,12,51
205887,60,331,40,291
205957,1,2733,1054,1679
205957,2,2112,805,1307
205957,3,2055,782,1273
205957,4,460,150,310
205957,5,1595,632,963
205957,11,57,23,34
205957,12,621,249,372
205957,19,147,64,83
205957,20,1448,568,880
205957,21,2148,823,1325
205957,22,1989,752,1237
205957,23,1988,751,1237
205957,24,458,150,308
205957,25,1530,601,929
205957,31,1,1,0
205957,32,159,71,88
205957,39,142,61,81
205957,40,1388,540,848
205957,41,585,231,354
205957,42,123,53,70
205957,43,67,31,36
205957,44,2,0,2
205957,45,65,31,34
205957,51,56,22,34
205957,52,462,178,284
205957,59,5,3,2
205957,60,60,28,32
205966,1,2431,802,1629
205966,2,2431,802,1629
205966,3,2019,661,1358
205966,4,405,160,245
205966,5,1614,501,1113
205966,11,412,141,271
205966,19,67,32,35
205966,20,1547,469,1078
205966,21,1175,441,734
205966,22,1175,441,734
205966,23,1039,395,644
205966,24,289,127,162
205966,25,750,268,482
205966,31,136,46,90
205966,39,45,26,19
205966,40,705,242,463
205966,41,1256,361,895
205966,42,1256,361,895
205966,43,980,266,714
205966,44,116,33,83
205966,45,864,233,631
205966,51,276,95,181
205966,59,22,6,16
205966,60,842,227,615
206002,1,140,113,27
206002,2,140,113,27
206002,3,139,113,26
206002,4,70,55,15
206002,5,69,58,11
206002,11,1,0,1
206002,20,69,58,11
206002,21,135,111,24
206002,22,135,111,24
206002,23,135,111,24
206002,24,67,54,13
206002,25,68,57,11
206002,40,68,57,11
206002,41,5,2,3
206002,42,5,2,3
206002,43,4,2,2
206002,44,3,1,2
206002,45,1,1,0
206002,51,1,0,1
206002,60,1,1,0
206011,1,2923,1285,1638
206011,2,2923,1285,1638
206011,3,2339,1044,1295
206011,4,357,176,181
206011,5,1982,868,1114
206011,11,584,241,343
206011,19,259,114,145
206011,20,1723,754,969
206011,21,1092,449,643
206011,22,1092,449,643
206011,23,1032,429,603
206011,24,212,97,115
206011,25,820,332,488
206011,31,60,20,40
206011,39,128,56,72
206011,40,692,276,416
206011,41,1831,836,995
206011,42,1831,836,995
206011,43,1307,615,692
206011,44,145,79,66
206011,45,1162,536,626
206011,51,524,221,303
206011,59,131,58,73
206011,60,1031,478,553
206039,1,42,1,41
206039,2,42,1,41
206039,3,42,1,41
206039,4,17,1,16
206039,5,25,0,25
206039,20,25,0,25
206039,21,42,1,41
206039,22,42,1,41
206039,23,42,1,41
206039,24,17,1,16
206039,25,25,0,25
206039,40,25,0,25
206048,1,4954,2007,2947
206048,2,3764,1544,2220
206048,3,3309,1351,1958
206048,4,487,269,218
206048,5,2822,1082,1740
206048,11,455,193,262
206048,12,1190,463,727
206048,19,318,122,196
206048,20,2504,960,1544
206048,21,2323,1075,1248
206048,22,2145,1012,1133
206048,23,2142,1012,1130
206048,24,464,262,202
206048,25,1678,750,928
206048,31,3,0,3
206048,32,178,63,115
206048,39,208,90,118
206048,40,1470,660,810
206048,41,2631,932,1699
206048,42,1619,532,1087
206048,43,1167,339,828
206048,44,23,7,16
206048,45,1144,332,812
206048,51,452,193,259
206048,52,1012,400,612
206048,59,110,32,78
206048,60,1034,300,734
206084,1,20743,10322,10421
206084,2,16153,8253,7900
206084,3,15440,7936,7504
206084,4,3362,1654,1708
206084,5,12078,6282,5796
206084,11,713,317,396
206084,12,4590,2069,2521
206084,19,994,502,492
206084,20,11084,5780,5304
206084,21,16179,8259,7920
206084,22,13040,6715,6325
206084,23,12947,6654,6293
206084,24,3277,1602,1675
206084,25,9670,5052,4618
206084,31,93,61,32
206084,32,3139,1544,1595
206084,39,773,405,368
206084,40,8897,4647,4250
206084,41,4564,2063,2501
206084,42,3113,1538,1575
206084,43,2493,1282,1211
206084,44,85,52,33
206084,45,2408,1230,1178
206084,51,620,256,364
206084,52,1451,525,926
206084,59,221,97,124
206084,60,2187,1133,1054
206093,1,302,195,107
206093,2,302,195,107
206093,3,281,179,102
206093,4,63,35,28
206093,5,218,144,74
206093,11,21,16,5
206093,19,13,6,7
206093,20,205,138,67
206093,21,302,195,107
206093,22,302,195,107
206093,23,281,179,102
206093,24,63,35,28
206093,25,218,144,74
206093,31,21,16,5
206093,39,13,6,7
206093,40,205,138,67
206154,1,59,35,24
206154,2,59,35,24
206154,3,59,35,24
206154,4,4,3,1
206154,5,55,32,23
206154,19,7,4,3
206154,20,48,28,20
206154,21,23,17,6
206154,22,23,17,6
206154,23,23,17,6
206154,24,2,2,0
206154,25,21,15,6
206154,39,4,3,1
206154,40,17,12,5
206154,41,36,18,18
206154,42,36,18,18
206154,43,36,18,18
206154,44,2,1,1
206154,45,34,17,17
206154,59,3,1,2
206154,60,31,16,15
206172,1,129,28,101
206172,2,129,28,101
206172,3,129,28,101
206172,4,57,8,49
206172,5,72,20,52
206172,20,72,20,52
206172,21,129,28,101
206172,22,129,28,101
206172,23,129,28,101
206172,24,57,8,49
206172,25,72,20,52
206172,40,72,20,52
206181,1,158,36,122
206181,2,158,36,122
206181,3,158,36,122
206181,4,10,8,2
206181,5,148,28,120
206181,20,148,28,120
206181,21,124,20,104
206181,22,124,20,104
206181,23,124,20,104
206181,24,10,8,2
206181,25,114,12,102
206181,40,114,12,102
206181,41,34,16,18
206181,42,34,16,18
206181,43,34,16,18
206181,45,34,16,18
206181,60,34,16,18
206215,1,116,70,46
206215,12,116,70,46
206215,21,63,40,23
206215,32,63,40,23
206215,41,53,30,23
206215,52,53,30,23
206224,1,240,55,185
206224,2,240,55,185
206224,3,236,55,181
206224,4,33,10,23
206224,5,203,45,158
206224,11,4,0,4
206224,19,38,16,22
206224,20,165,29,136
206224,21,166,37,129
206224,22,166,37,129
206224,23,164,37,127
206224,24,29,8,21
206224,25,135,29,106
206224,31,2,0,2
206224,39,32,14,18
206224,40,103,15,88
206224,41,74,18,56
206224,42,74,18,56
206224,43,72,18,54
206224,44,4,2,2
206224,45,68,16,52
206224,51,2,0,2
206224,59,6,2,4
206224,60,62,14,48
206279,1,1660,681,979
206279,2,1241,562,679
206279,3,1217,551,666
206279,4,18,8,10
206279,5,1199,543,656
206279,11,24,11,13
206279,12,419,119,300
206279,19,399,154,245
206279,20,800,389,411
206279,21,1041,458,583
206279,22,775,375,400
206279,23,771,374,397
206279,24,12,4,8
206279,25,759,370,389
206279,31,4,1,3
206279,32,266,83,183
206279,39,273,107,166
206279,40,486,263,223
206279,41,619,223,396
206279,42,466,187,279
206279,43,446,177,269
206279,44,6,4,2
206279,45,440,173,267
206279,51,20,10,10
206279,52,153,36,117
206279,59,126,47,79
206279,60,314,126,188
206288,1,640,364,276
206288,12,640,364,276
206288,21,519,292,227
206288,32,519,292,227
206288,41,121,72,49
206288,52,121,72,49
206321,1,405,275,130
206321,2,405,275,130
206321,3,73,29,44
206321,4,44,23,21
206321,5,29,6,23
206321,11,332,246,86
206321,20,29,6,23
206321,21,38,4,34
206321,22,38,4,34
206321,23,38,4,34
206321,24,16,2,14
206321,25,22,2,20
206321,40,22,2,20
206321,41,367,271,96
206321,42,367,271,96
206321,43,35,25,10
206321,44,28,21,7
206321,45,7,4,3
206321,51,332,246,86
206321,60,7,4,3
206330,1,1748,751,997
206330,2,1584,695,889
206330,3,1008,480,528
206330,4,288,149,139
206330,5,720,331,389
206330,11,576,215,361
206330,12,164,56,108
206330,19,247,108,139
206330,20,473,223,250
206330,21,786,410,376
206330,22,755,393,362
206330,23,739,383,356
206330,24,251,143,108
206330,25,488,240,248
206330,31,16,10,6
206330,32,31,17,14
206330,39,147,82,65
206330,40,341,158,183
206330,41,962,341,621
206330,42,829,302,527
206330,43,269,97,172
206330,44,37,6,31
206330,45,232,91,141
206330,51,560,205,355
206330,52,133,39,94
206330,59,100,26,74
206330,60,132,65,67
206349,1,1357,131,1226
206349,2,805,66,739
206349,3,798,66,732
206349,4,103,3,100
206349,5,695,63,632
206349,11,7,0,7
206349,12,552,65,487
206349,19,104,13,91
206349,20,591,50,541
206349,21,626,44,582
206349,22,547,35,512
206349,23,547,35,512
206349,24,102,3,99
206349,25,445,32,413
206349,32,79,9,70
206349,39,48,4,44
206349,40,397,28,369
206349,41,731,87,644
206349,42,258,31,227
206349,43,251,31,220
206349,44,1,0,1
206349,45,250,31,219
206349,51,7,0,7
206349,52,473,56,417
206349,59,56,9,47
206349,60,194,22,172
206358,1,29,2,27
206358,2,29,2,27
206358,3,29,2,27
206358,4,8,2,6
206358,5,21,0,21
206358,20,21,0,21
206358,21,29,2,27
206358,22,29,2,27
206358,23,29,2,27
206358,24,8,2,6
206358,25,21,0,21
206358,40,21,0,21
206394,1,173,24,149
206394,2,173,24,149
206394,3,168,23,145
206394,4,15,4,11
206394,5,153,19,134
206394,11,5,1,4
206394,19,28,3,25
206394,20,125,16,109
206394,21,94,14,80
206394,22,94,14,80
206394,23,94,14,80
206394,24,10,2,8
206394,25,84,12,72
206394,39,17,1,16
206394,40,67,11,56
206394,41,79,10,69
206394,42,79,10,69
206394,43,74,9,65
206394,44,5,2,3
206394,45,69,7,62
206394,51,5,1,4
206394,59,11,2,9
206394,60,58,5,53
206437,1,2963,1090,1873
206437,2,2385,924,1461
206437,3,2280,887,1393
206437,4,493,216,277
206437,5,1787,671,1116
206437,11,105,37,68
206437,12,578,166,412
206437,19,146,65,81
206437,20,1641,606,1035
206437,21,2118,848,1270
206437,22,1916,781,1135
206437,23,1913,779,1134
206437,24,492,216,276
206437,25,1421,563,858
206437,31,3,2,1
206437,32,202,67,135
206437,39,86,47,39
206437,40,1335,516,819
206437,41,845,242,603
206437,42,469,143,326
206437,43,367,108,259
206437,44,1,0,1
206437,45,366,108,258
206437,51,102,35,67
206437,52,376,99,277
206437,59,60,18,42
206437,60,306,90,216
206446,1,1759,643,1116
206446,2,1759,643,1116
206446,3,1157,454,703
206446,4,188,84,104
206446,5,969,370,599
206446,11,602,189,413
206446,19,113,35,78
206446,20,856,335,521
206446,21,721,298,423
206446,22,721,298,423
206446,23,622,268,354
206446,24,129,60,69
206446,25,493,208,285
206446,31,99,30,69
206446,39,58,24,34
206446,40,435,184,251
206446,41,1038,345,693
206446,42,1038,345,693
206446,43,535,186,349
206446,44,59,24,35
206446,45,476,162,314
206446,51,503,159,344
206446,59,55,11,44
206446,60,421,151,270
206482,1,259,7,252
206482,2,259,7,252
206482,3,259,7,252
206482,4,62,4,58
206482,5,197,3,194
206482,20,197,3,194
206482,21,152,5,147
206482,22,152,5,147
206482,23,152,5,147
206482,24,39,3,36
206482,25,113,2,111
206482,40,113,2,111
206482,41,107,2,105
206482,42,107,2,105
206482,43,107,2,105
206482,44,23,1,22
206482,45,84,1,83
206482,60,84,1,83
206491,1,479,183,296
206491,2,463,179,284
206491,3,463,179,284
206491,4,70,30,40
206491,5,393,149,244
206491,12,16,4,12
206491,19,16,9,7
206491,20,377,140,237
206491,21,466,173,293
206491,22,451,170,281
206491,23,451,170,281
206491,24,70,30,40
206491,25,381,140,241
206491,32,15,3,12
206491,39,16,9,7
206491,40,365,131,234
206491,41,13,10,3
206491,42,12,9,3
206491,43,12,9,3
206491,45,12,9,3
206491,52,1,1,0
206491,60,12,9,3
206507,1,1173,549,624
206507,2,1169,548,621
206507,3,1163,542,621
206507,4,272,131,141
206507,5,891,411,480
206507,11,6,6,0
206507,12,4,1,3
206507,19,48,26,22
206507,20,843,385,458
206507,21,1031,491,540
206507,22,1030,491,539
206507,23,1030,491,539
206507,24,256,125,131
206507,25,774,366,408
206507,32,1,0,1
206507,39,48,26,22
206507,40,726,340,386
206507,41,142,58,84
206507,42,139,57,82
206507,43,133,51,82
206507,44,16,6,10
206507,45,117,45,72
206507,51,6,6,0
206507,52,3,1,2
206507,60,117,45,72
206516,1,60,34,26
206516,12,60,34,26
206516,21,25,16,9
206516,32,25,16,9
206516,41,35,18,17
206516,52,35,18,17
206525,1,1979,851,1128
206525,2,1959,851,1108
206525,3,1891,835,1056
206525,4,549,224,325
206525,5,1342,611,731
206525,11,68,16,52
206525,12,20,0,20
206525,19,32,18,14
206525,20,1310,593,717
206525,21,1853,819,1034
206525,22,1853,819,1034
206525,23,1845,814,1031
206525,24,549,224,325
206525,25,1296,590,706
206525,31,8,5,3
206525,39,32,18,14
206525,40,1264,572,692
206525,41,126,32,94
206525,42,106,32,74
206525,43,46,21,25
206525,45,46,21,25
206525,51,60,11,49
206525,52,20,0,20
206525,60,46,21,25
206589,1,2116,937,1179
206589,2,2116,937,1179
206589,3,2070,920,1150
206589,4,560,236,324
206589,5,1510,684,826
206589,11,46,17,29
206589,20,1510,684,826
206589,21,2077,922,1155
206589,22,2077,922,1155
206589,23,2060,917,1143
206589,24,560,236,324
206589,25,1500,681,819
206589,31,17,5,12
206589,40,1500,681,819
206589,41,39,15,24
206589,42,39,15,24
206589,43,10,3,7
206589,45,10,3,7
206589,51,29,12,17
206589,60,10,3,7
206604,1,16656,8001,8655
206604,2,12796,6222,6574
206604,3,12161,5906,6255
206604,4,2184,1017,1167
206604,5,9977,4889,5088
206604,11,635,316,319
206604,12,3860,1779,2081
206604,19,1147,579,568
206604,20,8830,4310,4520
206604,21,12900,6227,6673
206604,22,9987,4858,5129
206604,23,9940,4833,5107
206604,24,2141,990,1151
206604,25,7799,3843,3956
206604,31,47,25,22
206604,32,2913,1369,1544
206604,39,828,439,389
206604,40,6971,3404,3567
206604,41,3756,1774,1982
206604,42,2809,1364,1445
206604,43,2221,1073,1148
206604,44,43,27,16
206604,45,2178,1046,1132
206604,51,588,291,297
206604,52,947,410,537
206604,59,319,140,179
206604,60,1859,906,953
206613,1,1133,509,624
206613,2,1096,495,601
206613,3,926,433,493
206613,4,220,119,101
206613,5,706,314,392
206613,11,170,62,108
206613,12,37,14,23
206613,19,70,36,34
206613,20,636,278,358
206613,21,763,357,406
206613,22,729,344,385
206613,23,728,343,385
206613,24,205,109,96
206613,25,523,234,289
206613,31,1,1,0
206613,32,34,13,21
206613,39,47,26,21
206613,40,476,208,268
206613,41,370,152,218
206613,42,367,151,216
206613,43,198,90,108
206613,44,15,10,5
206613,45,183,80,103
206613,51,169,61,108
206613,52,3,1,2
206613,59,23,10,13
206613,60,160,70,90
206622,1,6633,2908,3725
206622,2,4620,2125,2495
206622,3,4452,2036,2416
206622,4,1289,566,723
206622,5,3163,1470,1693
206622,11,168,89,79
206622,12,2013,783,1230
206622,19,120,54,66
206622,20,3043,1416,1627
206622,21,4811,2175,2636
206622,22,4150,1912,2238
206622,23,4147,1910,2237
206622,24,1284,566,718
206622,25,2863,1344,1519
206622,31,3,2,1
206622,32,661,263,398
206622,39,80,40,40
206622,40,2783,1304,1479
206622,41,1822,733,1089
206622,42,470,213,257
206622,43,305,126,179
206622,44,5,0,5
206622,45,300,126,174
206622,51,165,87,78
206622,52,1352,520,832
206622,59,40,14,26
206622,60,260,112,148
206631,1,472,243,229
206631,2,472,243,229
206631,3,472,243,229
206631,4,66,38,28
206631,5,406,205,201
206631,19,15,5,10
206631,20,391,200,191
206631,21,372,190,182
206631,22,372,190,182
206631,23,372,190,182
206631,24,59,35,24
206631,25,313,155,158
206631,39,15,5,10
206631,40,298,150,148
206631,41,100,53,47
206631,42,100,53,47
206631,43,100,53,47
206631,44,7,3,4
206631,45,93,50,43
206631,60,93,50,43
206695,1,13352,6166,7186
206695,2,12138,5709,6429
206695,3,11613,5482,6131
206695,4,2090,977,1113
206695,5,9523,4505,5018
206695,11,525,227,298
206695,12,1214,457,757
206695,19,574,268,306
206695,20,8949,4237,4712
206695,21,10038,4815,5223
206695,22,9437,4573,4864
206695,23,9361,4555,4806
206695,24,1985,935,1050
206695,25,7376,3620,3756
206695,31,76,18,58
206695,32,601,242,359
206695,39,419,221,198
206695,40,6957,3399,3558
206695,41,3314,1351,1963
206695,42,2701,1136,1565
206695,43,2252,927,1325
206695,44,105,42,63
206695,45,2147,885,1262
206695,51,449,209,240
206695,52,613,215,398
206695,59,155,47,108
206695,60,1992,838,1154
206783,1,24,19,5
206783,2,24,19,5
206783,3,24,19,5
206783,4,4,4,0
206783,5,20,15,5
206783,20,20,15,5
206783,21,24,19,5
206783,22,24,19,5
206783,23,24,19,5
206783,24,4,4,0
206783,25,20,15,5
206783,40,20,15,5
206817,1,965,606,359
206817,2,965,606,359
206817,3,891,554,337
206817,4,243,165,78
206817,5,648,389,259
206817,11,74,52,22
206817,19,111,73,38
206817,20,537,316,221
206817,21,851,569,282
206817,22,851,569,282
206817,23,789,522,267
206817,24,237,163,74
206817,25,552,359,193
206817,31,62,47,15
206817,39,92,64,28
206817,40,460,295,165
206817,41,114,37,77
206817,42,114,37,77
206817,43,102,32,70
206817,44,6,2,4
206817,45,96,30,66
206817,51,12,5,7
206817,59,19,9,10
206817,60,77,21,56
206835,1,1355,531,824
206835,2,1214,471,743
206835,3,1110,425,685
206835,4,189,102,87
206835,5,921,323,598
206835,11,104,46,58
206835,12,141,60,81
206835,19,182,38,144
206835,20,739,285,454
206835,21,578,274,304
206835,22,571,270,301
206835,23,571,270,301
206835,24,177,94,83
206835,25,394,176,218
206835,32,7,4,3
206835,39,43,19,24
206835,40,351,157,194
206835,41,777,257,520
206835,42,643,201,442
206835,43,539,155,384
206835,44,12,8,4
206835,45,527,147,380
206835,51,104,46,58
206835,52,134,56,78
206835,59,139,19,120
206835,60,388,128,260
206862,1,2249,1029,1220
206862,2,1743,831,912
206862,3,1694,791,903
206862,4,283,152,131
206862,5,1411,639,772
206862,11,49,40,9
206862,12,506,198,308
206862,19,89,47,42
206862,20,1322,592,730
206862,21,2136,960,1176
206862,22,1634,763,871
206862,23,1631,762,869
206862,24,283,152,131
206862,25,1348,610,738
206862,31,3,1,2
206862,32,502,197,305
206862,39,84,42,42
206862,40,1264,568,696
206862,41,113,69,44
206862,42,109,68,41
206862,43,63,29,34
206862,45,63,29,34
206862,51,46,39,7
206862,52,4,1,3
206862,59,5,5,0
206862,60,58,24,34
206880,1,90,5,85
206880,2,90,5,85
206880,3,90,5,85
206880,4,44,2,42
206880,5,46,3,43
206880,20,46,3,43
206880,21,89,5,84
206880,22,89,5,84
206880,23,89,5,84
206880,24,44,2,42
206880,25,45,3,42
206880,40,45,3,42
206880,41,1,0,1
206880,42,1,0,1
206880,43,1,0,1
206880,45,1,0,1
206880,60,1,0,1
206905,1,117,59,58
206905,2,117,59,58
206905,3,117,59,58
206905,4,38,32,6
206905,5,79,27,52
206905,20,79,27,52
206905,21,96,49,47
206905,22,96,49,47
206905,23,96,49,47
206905,24,28,25,3
206905,25,68,24,44
206905,40,68,24,44
206905,41,21,10,11
206905,42,21,10,11
206905,43,21,10,11
206905,44,10,7,3
206905,45,11,3,8
206905,60,11,3,8
206914,1,5898,2271,3627
206914,2,5358,2094,3264
206914,3,5043,1963,3080
206914,4,946,380,566
206914,5,4097,1583,2514
206914,11,315,131,184
206914,12,540,177,363
206914,19,441,180,261
206914,20,3656,1403,2253
206914,21,3772,1552,2220
206914,22,3590,1489,2101
206914,23,3583,1486,2097
206914,24,829,339,490
206914,25,2754,1147,1607
206914,31,7,3,4
206914,32,182,63,119
206914,39,285,120,165
206914,40,2469,1027,1442
206914,41,2126,719,1407
206914,42,1768,605,1163
206914,43,1460,477,983
206914,44,117,41,76
206914,45,1343,436,907
206914,51,308,128,180
206914,52,358,114,244
206914,59,156,60,96
206914,60,1187,376,811
206923,1,2458,851,1607
206923,2,2458,851,1607
206923,3,2225,754,1471
206923,4,740,280,460
206923,5,1485,474,1011
206923,11,233,97,136
206923,19,96,34,62
206923,20,1389,440,949
206923,21,1609,592,1017
206923,22,1609,592,1017
206923,23,1601,588,1013
206923,24,607,233,374
206923,25,994,355,639
206923,31,8,4,4
206923,39,69,26,43
206923,40,925,329,596
206923,41,849,259,590
206923,42,849,259,590
206923,43,624,166,458
206923,44,133,47,86
206923,45,491,119,372
206923,51,225,93,132
206923,59,27,8,19
206923,60,464,111,353
206932,1,104,5,99
206932,2,104,5,99
206932,3,104,5,99
206932,4,23,2,21
206932,5,81,3,78
206932,20,81,3,78
206932,21,67,3,64
206932,22,67,3,64
206932,23,67,3,64
206932,24,11,0,11
206932,25,56,3,53
206932,40,56,3,53
206932,41,37,2,35
206932,42,37,2,35
206932,43,37,2,35
206932,44,12,2,10
206932,45,25,0,25
206932,60,25,0,25
206941,1,17220,7171,10049
206941,2,15218,6588,8630
206941,3,15119,6564,8555
206941,4,2223,965,1258
206941,5,12896,5599,7297
206941,11,99,24,75
206941,12,2002,583,1419
206941,19,1677,721,956
206941,20,11219,4878,6341
206941,21,11644,4968,6676
206941,22,10962,4775,6187
206941,23,10864,4751,6113
206941,24,2082,892,1190
206941,25,8782,3859,4923
206941,31,98,24,74
206941,32,682,193,489
206941,39,1171,526,645
206941,40,7611,3333,4278
206941,41,5576,2203,3373
206941,42,4256,1813,2443
206941,43,4255,1813,2442
206941,44,141,73,68
206941,45,4114,1740,2374
206941,51,1,0,1
206941,52,1320,390,930
206941,59,506,195,311
206941,60,3608,1545,2063
206969,1,17,0,17
206969,2,17,0,17
206969,3,17,0,17
206969,4,6,0,6
206969,5,11,0,11
206969,20,11,0,11
206969,21,17,0,17
206969,22,17,0,17
206969,23,17,0,17
206969,24,6,0,6
206969,25,11,0,11
206969,40,11,0,11
206996,1,2397,774,1623
206996,2,2397,774,1623
206996,3,1880,613,1267
206996,4,603,222,381
206996,5,1277,391,886
206996,11,517,161,356
206996,19,116,34,82
206996,20,1161,357,804
206996,21,1474,544,930
206996,22,1474,544,930
206996,23,1318,496,822
206996,24,501,193,308
206996,25,817,303,514
206996,31,156,48,108
206996,39,64,25,39
206996,40,753,278,475
206996,41,923,230,693
206996,42,923,230,693
206996,43,562,117,445
206996,44,102,29,73
206996,45,460,88,372
206996,51,361,113,248
206996,59,52,9,43
206996,60,408,79,329
207041,1,4587,1729,2858
207041,2,3757,1488,2269
207041,3,3757,1488,2269
207041,4,612,269,343
207041,5,3145,1219,1926
207041,12,830,241,589
207041,19,392,157,235
207041,20,2753,1062,1691
207041,21,3327,1356,1971
207041,22,3061,1272,1789
207041,23,3061,1272,1789
207041,24,596,263,333
207041,25,2465,1009,1456
207041,32,266,84,182
207041,39,308,137,171
207041,40,2157,872,1285
207041,41,1260,373,887
207041,42,696,216,480
207041,43,696,216,480
207041,44,16,6,10
207041,45,680,210,470
207041,52,564,157,407
207041,59,84,20,64
207041,60,596,190,406
207050,1,1832,579,1253
207050,2,1832,579,1253
207050,3,1477,474,1003
207050,4,347,146,201
207050,5,1130,328,802
207050,11,355,105,250
207050,19,134,44,90
207050,20,996,284,712
207050,21,995,381,614
207050,22,995,381,614
207050,23,986,378,608
207050,24,280,124,156
207050,25,706,254,452
207050,31,9,3,6
207050,39,81,36,45
207050,40,625,218,407
207050,41,837,198,639
207050,42,837,198,639
207050,43,491,96,395
207050,44,67,22,45
207050,45,424,74,350
207050,51,346,102,244
207050,59,53,8,45
207050,60,371,66,305
207069,1,2971,1122,1849
207069,2,2971,1122,1849
207069,3,1521,527,994
207069,4,414,175,239
207069,5,1107,352,755
207069,11,1450,595,855
207069,19,527,172,355
207069,20,580,180,400
207069,21,780,328,452
207069,22,780,328,452
207069,23,770,324,446
207069,24,297,133,164
207069,25,473,191,282
207069,31,10,4,6
207069,39,185,71,114
207069,40,288,120,168
207069,41,2191,794,1397
207069,42,2191,794,1397
207069,43,751,203,548
207069,44,117,42,75
207069,45,634,161,473
207069,51,1440,591,849
207069,59,342,101,241
207069,60,292,60,232
207087,1,43,2,41
207087,2,43,2,41
207087,3,43,2,41
207087,4,15,0,15
207087,5,28,2,26
207087,20,28,2,26
207087,21,43,2,41
207087,22,43,2,41
207087,23,43,2,41
207087,24,15,0,15
207087,25,28,2,26
207087,40,28,2,26
207102,1,86,7,79
207102,2,86,7,79
207102,3,86,7,79
207102,4,51,4,47
207102,5,35,3,32
207102,20,35,3,32
207102,21,86,7,79
207102,22,86,7,79
207102,23,86,7,79
207102,24,51,4,47
207102,25,35,3,32
207102,40,35,3,32
207157,1,202,135,67
207157,2,197,130,67
207157,3,195,130,65
207157,4,41,24,17
207157,5,154,106,48
207157,11,2,0,2
207157,12,5,5,0
207157,20,154,106,48
207157,21,169,111,58
207157,22,168,110,58
207157,23,168,110,58
207157,24,40,24,16
207157,25,128,86,42
207157,32,1,1,0
207157,40,128,86,42
207157,41,33,24,9
207157,42,29,20,9
207157,43,27,20,7
207157,44,1,0,1
207157,45,26,20,6
207157,51,2,0,2
207157,52,4,4,0
207157,60,26,20,6
207166,1,17,2,15
207166,2,17,2,15
207166,3,17,2,15
207166,4,11,2,9
207166,5,6,0,6
207166,20,6,0,6
207166,21,17,2,15
207166,22,17,2,15
207166,23,17,2,15
207166,24,11,2,9
207166,25,6,0,6
207166,40,6,0,6
207209,1,2533,984,1549
207209,2,2075,836,1239
207209,3,2062,834,1228
207209,4,598,273,325
207209,5,1464,561,903
207209,11,13,2,11
207209,12,458,148,310
207209,19,610,209,401
207209,20,854,352,502
207209,21,2025,840,1185
207209,22,1841,776,1065
207209,23,1841,776,1065
207209,24,597,273,324
207209,25,1244,503,741
207209,32,184,64,120
207209,39,464,175,289
207209,40,780,328,452
207209,41,508,144,364
207209,42,234,60,174
207209,43,221,58,163
207209,44,1,0,1
207209,45,220,58,162
207209,51,13,2,11
207209,52,274,84,190
207209,59,146,34,112
207209,60,74,24,50
207236,1,2343,705,1638
207236,2,2343,705,1638
207236,3,1802,543,1259
207236,4,608,212,396
207236,5,1194,331,863
207236,11,541,162,379
207236,19,239,74,165
207236,20,955,257,698
207236,21,1070,394,676
207236,22,1070,394,676
207236,23,1016,375,641
207236,24,441,163,278
207236,25,575,212,363
207236,31,54,19,35
207236,39,95,44,51
207236,40,480,168,312
207236,41,1273,311,962
207236,42,1273,311,962
207236,43,786,168,618
207236,44,167,49,118
207236,45,619,119,500
207236,51,487,143,344
207236,59,144,30,114
207236,60,475,89,386
207254,1,817,739,78
207254,2,817,739,78
207254,3,817,739,78
207254,4,303,266,37
207254,5,514,473,41
207254,20,514,473,41
207254,21,817,739,78
207254,22,817,739,78
207254,23,817,739,78
207254,24,303,266,37
207254,25,514,473,41
207254,40,514,473,41
207263,1,8548,3332,5216
207263,2,7418,2969,4449
207263,3,7215,2892,4323
207263,4,872,399,473
207263,5,6343,2493,3850
207263,11,203,77,126
207263,12,1130,363,767
207263,19,1296,471,825
207263,20,5047,2022,3025
207263,21,5695,2384,3311
207263,22,5283,2225,3058
207263,23,5283,2225,3058
207263,24,852,393,459
207263,25,4431,1832,2599
207263,32,412,159,253
207263,39,774,315,459
207263,40,3657,1517,2140
207263,41,2853,948,1905
207263,42,2135,744,1391
207263,43,1932,667,1265
207263,44,20,6,14
207263,45,1912,661,1251
207263,51,203,77,126
207263,52,718,204,514
207263,59,522,156,366
207263,60,1390,505,885
207272,1,24,0,24
207272,2,24,0,24
207272,3,24,0,24
207272,4,16,0,16
207272,5,8,0,8
207272,20,8,0,8
207272,21,24,0,24
207272,22,24,0,24
207272,23,24,0,24
207272,24,16,0,16
207272,25,8,0,8
207272,40,8,0,8
207281,1,4909,1944,2965
207281,2,4909,1944,2965
207281,3,4205,1642,2563
207281,4,1004,447,557
207281,5,3201,1195,2006
207281,11,704,302,402
207281,19,886,384,502
207281,20,2315,811,1504
207281,21,2348,1024,1324
207281,22,2348,1024,1324
207281,23,2316,1012,1304
207281,24,815,383,432
207281,25,1501,629,872
207281,31,32,12,20
207281,39,230,113,117
207281,40,1271,516,755
207281,41,2561,920,1641
207281,42,2561,920,1641
207281,43,1889,630,1259
207281,44,189,64,125
207281,45,1700,566,1134
207281,51,672,290,382
207281,59,656,271,385
207281,60,1044,295,749
207290,1,2347,1053,1294
207290,2,2347,1053,1294
207290,3,2137,986,1151
207290,4,788,427,361
207290,5,1349,559,790
207290,11,210,67,143
207290,19,201,88,113
207290,20,1148,471,677
207290,21,1744,882,862
207290,22,1744,882,862
207290,23,1723,875,848
207290,24,728,409,319
207290,25,995,466,529
207290,31,21,7,14
207290,39,139,72,67
207290,40,856,394,462
207290,41,603,171,432
207290,42,603,171,432
207290,43,414,111,303
207290,44,60,18,42
207290,45,354,93,261
207290,51,189,60,129
207290,59,62,16,46
207290,60,292,77,215
207306,1,2307,993,1314
207306,2,2077,916,1161
207306,3,2005,892,1113
207306,4,431,224,207
207306,5,1574,668,906
207306,11,72,24,48
207306,12,230,77,153
207306,19,227,79,148
207306,20,1347,589,758
207306,21,1605,740,865
207306,22,1516,714,802
207306,23,1516,714,802
207306,24,386,200,186
207306,25,1130,514,616
207306,32,89,26,63
207306,39,129,56,73
207306,40,1001,458,543
207306,41,702,253,449
207306,42,561,202,359
207306,43,489,178,311
207306,44,45,24,21
207306,45,444,154,290
207306,51,72,24,48
207306,52,141,51,90
207306,59,98,23,75
207306,60,346,131,215
207315,1,475,250,225
207315,12,475,250,225
207315,21,434,232,202
207315,32,434,232,202
207315,41,41,18,23
207315,52,41,18,23
207324,1,2421,1282,1139
207324,2,1962,1009,953
207324,3,1949,1003,946
207324,4,530,268,262
207324,5,1419,735,684
207324,11,13,6,7
207324,12,459,273,186
207324,19,138,71,67
207324,20,1281,664,617
207324,21,2116,1101,1015
207324,22,1874,967,907
207324,23,1865,963,902
207324,24,526,264,262
207324,25,1339,699,640
207324,31,9,4,5
207324,32,242,134,108
207324,39,128,69,59
207324,40,1211,630,581
207324,41,305,181,124
207324,42,88,42,46
207324,43,84,40,44
207324,44,4,4,0
207324,45,80,36,44
207324,51,4,2,2
207324,52,217,139,78
207324,59,10,2,8
207324,60,70,34,36
207342,1,3515,1184,2331
207342,2,820,104,716
207342,3,818,103,715
207342,5,818,103,715
207342,11,2,1,1
207342,12,2695,1080,1615
207342,19,443,56,387
207342,20,375,47,328
207342,21,2963,1030,1933
207342,22,782,92,690
207342,23,782,92,690
207342,25,782,92,690
207342,32,2181,938,1243
207342,39,429,53,376
207342,40,353,39,314
207342,41,552,154,398
207342,42,38,12,26
207342,43,36,11,25
207342,45,36,11,25
207342,51,2,1,1
207342,52,514,142,372
207342,59,14,3,11
207342,60,22,8,14
207351,1,1375,640,735
207351,2,1375,640,735
207351,3,1238,589,649
207351,4,278,161,117
207351,5,960,428,532
207351,11,137,51,86
207351,19,21,11,10
207351,20,939,417,522
207351,21,1041,553,488
207351,22,1041,553,488
207351,23,1034,551,483
207351,24,271,160,111
207351,25,763,391,372
207351,31,7,2,5
207351,39,18,11,7
207351,40,745,380,365
207351,41,334,87,247
207351,42,334,87,247
207351,43,204,38,166
207351,44,7,1,6
207351,45,197,37,160
207351,51,130,49,81
207351,59,3,0,3
207351,60,194,37,157
207388,1,26073,13446,12627
207388,2,20660,10491,10169
207388,3,20314,10375,9939
207388,4,3851,1829,2022
207388,5,16463,8546,7917
207388,11,346,116,230
207388,12,5413,2955,2458
207388,19,1565,786,779
207388,20,14898,7760,7138
207388,21,19959,10099,9860
207388,22,17793,9048,8745
207388,23,17747,9025,8722
207388,24,3701,1749,1952
207388,25,14046,7276,6770
207388,31,46,23,23
207388,32,2166,1051,1115
207388,39,1258,653,605
207388,40,12788,6623,6165
207388,41,6114,3347,2767
207388,42,2867,1443,1424
207388,43,2567,1350,1217
207388,44,150,80,70
207388,45,2417,1270,1147
207388,51,300,93,207
207388,52,3247,1904,1343
207388,59,307,133,174
207388,60,2110,1137,973
207397,1,6996,2818,4178
207397,2,6996,2818,4178
207397,3,6529,2634,3895
207397,4,988,474,514
207397,5,5541,2160,3381
207397,11,467,184,283
207397,19,3261,1363,1898
207397,20,2280,797,1483
207397,21,2251,1030,1221
207397,22,2251,1030,1221
207397,23,2248,1029,1219
207397,24,524,254,270
207397,25,1724,775,949
207397,31,3,1,2
207397,39,1008,477,531
207397,40,716,298,418
207397,41,4745,1788,2957
207397,42,4745,1788,2957
207397,43,4281,1605,2676
207397,44,464,220,244
207397,45,3817,1385,2432
207397,51,464,183,281
207397,59,2253,886,1367
207397,60,1564,499,1065
207403,1,2097,853,1244
207403,2,2019,819,1200
207403,3,1882,742,1140
207403,4,580,216,364
207403,5,1302,526,776
207403,11,137,77,60
207403,12,78,34,44
207403,19,90,43,47
207403,20,1212,483,729
207403,21,1931,754,1177
207403,22,1868,731,1137
207403,23,1836,716,1120
207403,24,578,215,363
207403,25,1258,501,757
207403,31,32,15,17
207403,32,63,23,40
207403,39,90,43,47
207403,40,1168,458,710
207403,41,166,99,67
207403,42,151,88,63
207403,43,46,26,20
207403,44,2,1,1
207403,45,44,25,19
207403,51,105,62,43
207403,52,15,11,4
207403,60,44,25,19
207449,1,13491,5655,7836
207449,2,13491,5655,7836
207449,3,12594,5257,7337
207449,4,2417,1114,1303
207449,5,10177,4143,6034
207449,11,897,398,499
207449,19,1055,425,630
207449,20,9122,3718,5404
207449,21,4617,2067,2550
207449,22,4617,2067,2550
207449,23,4593,2055,2538
207449,24,1158,546,612
207449,25,3435,1509,1926
207449,31,24,12,12
207449,39,323,149,174
207449,40,3112,1360,1752
207449,41,8874,3588,5286
207449,42,8874,3588,5286
207449,43,8001,3202,4799
207449,44,1259,568,691
207449,45,6742,2634,4108
207449,51,873,386,487
207449,59,732,276,456
207449,60,6010,2358,3652
207458,1,3179,1323,1856
207458,2,1964,749,1215
207458,3,1954,745,1209
207458,4,355,133,222
207458,5,1599,612,987
207458,11,10,4,6
207458,12,1215,574,641
207458,19,235,88,147
207458,20,1364,524,840
207458,21,2573,1081,1492
207458,22,1754,674,1080
207458,23,1754,674,1080
207458,24,355,133,222
207458,25,1399,541,858
207458,32,819,407,412
207458,39,186,73,113
207458,40,1213,468,745
207458,41,606,242,364
207458,42,210,75,135
207458,43,200,71,129
207458,45,200,71,129
207458,51,10,4,6
207458,52,396,167,229
207458,59,49,15,34
207458,60,151,56,95
207500,1,27292,13814,13478
207500,2,20985,10645,10340
207500,3,20528,10434,10094
207500,4,4052,1964,2088
207500,5,16476,8470,8006
207500,11,457,211,246
207500,12,6307,3169,3138
207500,19,1173,634,539
207500,20,15303,7836,7467
207500,21,20627,10380,10247
207500,22,17559,8846,8713
207500,23,17399,8769,8630
207500,24,3727,1849,1878
207500,25,13672,6920,6752
207500,31,160,77,83
207500,32,3068,1534,1534
207500,39,873,481,392
207500,40,12799,6439,6360
207500,41,6665,3434,3231
207500,42,3426,1799,1627
207500,43,3129,1665,1464
207500,44,325,115,210
207500,45,2804,1550,1254
207500,51,297,134,163
207500,52,3239,1635,1604
207500,59,300,153,147
207500,60,2504,1397,1107
207537,1,44,5,39
207537,2,44,5,39
207537,3,44,5,39
207537,4,12,2,10
207537,5,32,3,29
207537,20,32,3,29
207537,21,44,5,39
207537,22,44,5,39
207537,23,44,5,39
207537,24,12,2,10
207537,25,32,3,29
207537,40,32,3,29
207564,1,3618,2334,1284
207564,2,3618,2334,1284
207564,3,2841,1848,993
207564,4,885,611,274
207564,5,1956,1237,719
207564,11,777,486,291
207564,19,12,6,6
207564,20,1944,1231,713
207564,21,2207,1460,747
207564,22,2207,1460,747
207564,23,2077,1387,690
207564,24,542,404,138
207564,25,1535,983,552
207564,31,130,73,57
207564,39,1,0,1
207564,40,1534,983,551
207564,41,1411,874,537
207564,42,1411,874,537
207564,43,764,461,303
207564,44,343,207,136
207564,45,421,254,167
207564,51,647,413,234
207564,59,11,6,5
207564,60,410,248,162
207582,1,3414,1503,1911
207582,2,2884,1255,1629
207582,3,2884,1255,1629
207582,4,397,194,203
207582,5,2487,1061,1426
207582,12,530,248,282
207582,19,220,98,122
207582,20,2267,963,1304
207582,21,2862,1265,1597
207582,22,2517,1100,1417
207582,23,2517,1100,1417
207582,24,393,192,201
207582,25,2124,908,1216
207582,32,345,165,180
207582,39,200,87,113
207582,40,1924,821,1103
207582,41,552,238,314
207582,42,367,155,212
207582,43,367,155,212
207582,44,4,2,2
207582,45,363,153,210
207582,52,185,83,102
207582,59,20,11,9
207582,60,343,142,201
207607,1,624,291,333
207607,2,624,291,333
207607,3,624,291,333
207607,4,82,50,32
207607,5,542,241,301
207607,20,542,241,301
207607,21,122,66,56
207607,22,122,66,56
207607,23,122,66,56
207607,24,34,16,18
207607,25,88,50,38
207607,40,88,50,38
207607,41,502,225,277
207607,42,502,225,277
207607,43,502,225,277
207607,44,48,34,14
207607,45,454,191,263
207607,60,454,191,263
207625,1,200,17,183
207625,2,200,17,183
207625,3,200,17,183
207625,4,26,2,24
207625,5,174,15,159
207625,19,35,4,31
207625,20,139,11,128
207625,21,200,17,183
207625,22,200,17,183
207625,23,200,17,183
207625,24,26,2,24
207625,25,174,15,159
207625,39,35,4,31
207625,40,139,11,128
207661,1,4473,1675,2798
207661,2,4473,1675,2798
207661,3,3957,1480,2477
207661,4,800,319,481
207661,5,3157,1161,1996
207661,11,516,195,321
207661,19,335,149,186
207661,20,2822,1012,1810
207661,21,2600,1016,1584
207661,22,2600,1016,1584
207661,23,2594,1013,1581
207661,24,645,258,387
207661,25,1949,755,1194
207661,31,6,3,3
207661,39,227,102,125
207661,40,1722,653,1069
207661,41,1873,659,1214
207661,42,1873,659,1214
207661,43,1363,467,896
207661,44,155,61,94
207661,45,1208,406,802
207661,51,510,192,318
207661,59,108,47,61
207661,60,1100,359,741
207670,1,7193,2885,4308
207670,2,7193,2885,4308
207670,3,6427,2509,3918
207670,4,1334,583,751
207670,5,5093,1926,3167
207670,11,766,376,390
207670,19,1008,437,571
207670,20,4085,1489,2596
207670,21,2688,1087,1601
207670,22,2688,1087,1601
207670,23,2645,1068,1577
207670,24,822,340,482
207670,25,1823,728,1095
207670,31,43,19,24
207670,39,307,130,177
207670,40,1516,598,918
207670,41,4505,1798,2707
207670,42,4505,1798,2707
207670,43,3782,1441,2341
207670,44,512,243,269
207670,45,3270,1198,2072
207670,51,723,357,366
207670,59,701,307,394
207670,60,2569,891,1678
207689,1,684,300,384
207689,2,633,271,362
207689,3,624,270,354
207689,4,123,53,70
207689,5,501,217,284
207689,11,9,1,8
207689,12,51,29,22
207689,19,36,23,13
207689,20,465,194,271
207689,21,382,174,208
207689,22,369,165,204
207689,23,369,165,204
207689,24,108,45,63
207689,25,261,120,141
207689,32,13,9,4
207689,39,24,14,10
207689,40,237,106,131
207689,41,302,126,176
207689,42,264,106,158
207689,43,255,105,150
207689,44,15,8,7
207689,45,240,97,143
207689,51,9,1,8
207689,52,38,20,18
207689,59,12,9,3
207689,60,228,88,140
207704,1,83,1,82
207704,2,83,1,82
207704,3,83,1,82
207704,4,13,0,13
207704,5,70,1,69
207704,20,70,1,69
207704,21,83,1,82
207704,22,83,1,82
207704,23,83,1,82
207704,24,13,0,13
207704,25,70,1,69
207704,40,70,1,69
207722,1,918,334,584
207722,2,918,334,584
207722,3,864,314,550
207722,4,173,52,121
207722,5,691,262,429
207722,11,54,20,34
207722,19,147,73,74
207722,20,544,189,355
207722,21,805,294,511
207722,22,805,294,511
207722,23,805,294,511
207722,24,173,52,121
207722,25,632,242,390
207722,39,140,69,71
207722,40,492,173,319
207722,41,113,40,73
207722,42,113,40,73
207722,43,59,20,39
207722,45,59,20,39
207722,51,54,20,34
207722,59,7,4,3
207722,60,52,16,36
207740,1,2020,698,1322
207740,2,2020,698,1322
207740,3,1618,562,1056
207740,4,578,240,338
207740,5,1040,322,718
207740,11,402,136,266
207740,19,213,73,140
207740,20,827,249,578
207740,21,928,335,593
207740,22,928,335,593
207740,23,917,330,587
207740,24,408,165,243
207740,25,509,165,344
207740,31,11,5,6
207740,39,115,38,77
207740,40,394,127,267
207740,41,1092,363,729
207740,42,1092,363,729
207740,43,701,232,469
207740,44,170,75,95
207740,45,531,157,374
207740,51,391,131,260
207740,59,98,35,63
207740,60,433,122,311
207786,1,30,1,29
207786,2,30,1,29
207786,3,30,1,29
207786,4,28,1,27
207786,5,2,0,2
207786,20,2,0,2
207786,21,30,1,29
207786,22,30,1,29
207786,23,30,1,29
207786,24,28,1,27
207786,25,2,0,2
207786,40,2,0,2
207847,1,3826,1773,2053
207847,2,3498,1600,1898
207847,3,3363,1536,1827
207847,4,533,256,277
207847,5,2830,1280,1550
207847,11,135,64,71
207847,12,328,173,155
207847,19,690,332,358
207847,20,2140,948,1192
207847,21,2777,1335,1442
207847,22,2668,1276,1392
207847,23,2666,1275,1391
207847,24,511,249,262
207847,25,2155,1026,1129
207847,31,2,1,1
207847,32,109,59,50
207847,39,475,247,228
207847,40,1680,779,901
207847,41,1049,438,611
207847,42,830,324,506
207847,43,697,261,436
207847,44,22,7,15
207847,45,675,254,421
207847,51,133,63,70
207847,52,219,114,105
207847,59,215,85,130
207847,60,460,169,291
207856,1,847,388,459
207856,2,804,365,439
207856,3,801,364,437
207856,4,209,122,87
207856,5,592,242,350
207856,11,3,1,2
207856,12,43,23,20
207856,19,143,52,91
207856,20,449,190,259
207856,21,600,289,311
207856,22,565,271,294
207856,23,565,271,294
207856,24,157,89,68
207856,25,408,182,226
207856,32,35,18,17
207856,39,63,29,34
207856,40,345,153,192
207856,41,247,99,148
207856,42,239,94,145
207856,43,236,93,143
207856,44,52,33,19
207856,45,184,60,124
207856,51,3,1,2
207856,52,8,5,3
207856,59,80,23,57
207856,60,104,37,67
207865,1,4942,2078,2864
207865,2,4162,1756,2406
207865,3,3985,1678,2307
207865,4,898,397,501
207865,5,3087,1281,1806
207865,11,177,78,99
207865,12,780,322,458
207865,19,348,136,212
207865,20,2739,1145,1594
207865,21,3871,1697,2174
207865,22,3368,1482,1886
207865,23,3367,1482,1885
207865,24,875,386,489
207865,25,2492,1096,1396
207865,31,1,0,1
207865,32,503,215,288
207865,39,270,121,149
207865,40,2222,975,1247
207865,41,1071,381,690
207865,42,794,274,520
207865,43,618,196,422
207865,44,23,11,12
207865,45,595,185,410
207865,51,176,78,98
207865,52,277,107,170
207865,59,78,15,63
207865,60,517,170,347
207935,1,18640,7370,11270
207935,2,18640,7370,11270
207935,3,14559,5734,8825
207935,4,3267,1462,1805
207935,5,11292,4272,7020
207935,11,4081,1636,2445
207935,19,985,409,576
207935,20,10307,3863,6444
207935,21,6367,2718,3649
207935,22,6367,2718,3649
207935,23,5444,2303,3141
207935,24,1720,791,929
207935,25,3724,1512,2212
207935,31,923,415,508
207935,39,316,138,178
207935,40,3408,1374,2034
207935,41,12273,4652,7621
207935,42,12273,4652,7621
207935,43,9115,3431,5684
207935,44,1547,671,876
207935,45,7568,2760,4808
207935,51,3158,1221,1937
207935,59,669,271,398
207935,60,6899,2489,4410
207962,1,1094,1022,72
207962,2,1094,1022,72
207962,3,1094,1022,72
207962,4,522,481,41
207962,5,572,541,31
207962,20,572,541,31
207962,21,1094,1022,72
207962,22,1094,1022,72
207962,23,1094,1022,72
207962,24,522,481,41
207962,25,572,541,31
207962,40,572,541,31
207971,1,4597,2638,1959
207971,2,3428,1981,1447
207971,3,3394,1969,1425
207971,4,856,490,366
207971,5,2538,1479,1059
207971,11,34,12,22
207971,12,1169,657,512
207971,19,152,80,72
207971,20,2386,1399,987
207971,21,4102,2340,1762
207971,22,3293,1905,1388
207971,23,3272,1897,1375
207971,24,851,488,363
207971,25,2421,1409,1012
207971,31,21,8,13
207971,32,809,435,374
207971,39,141,76,65
207971,40,2280,1333,947
207971,41,495,298,197
207971,42,135,76,59
207971,43,122,72,50
207971,44,5,2,3
207971,45,117,70,47
207971,51,13,4,9
207971,52,360,222,138
207971,59,11,4,7
207971,60,106,66,40
208017,1,32,5,27
208017,2,32,5,27
208017,3,32,5,27
208017,4,3,0,3
208017,5,29,5,24
208017,20,29,5,24
208017,21,32,5,27
208017,22,32,5,27
208017,23,32,5,27
208017,24,3,0,3
208017,25,29,5,24
208017,40,29,5,24
208026,1,229,144,85
208026,2,229,144,85
208026,3,229,144,85
208026,4,185,127,58
208026,5,44,17,27
208026,20,44,17,27
208026,21,104,62,42
208026,22,104,62,42
208026,23,104,62,42
208026,24,63,45,18
208026,25,41,17,24
208026,40,41,17,24
208026,41,125,82,43
208026,42,125,82,43
208026,43,125,82,43
208026,44,122,82,40
208026,45,3,0,3
208026,60,3,0,3
208035,1,1690,727,963
208035,2,1690,727,963
208035,3,1306,499,807
208035,4,344,162,182
208035,5,962,337,625
208035,11,384,228,156
208035,19,268,97,171
208035,20,694,240,454
208035,21,675,336,339
208035,22,675,336,339
208035,23,669,334,335
208035,24,273,141,132
208035,25,396,193,203
208035,31,6,2,4
208035,39,75,39,36
208035,40,321,154,167
208035,41,1015,391,624
208035,42,1015,391,624
208035,43,637,165,472
208035,44,71,21,50
208035,45,566,144,422
208035,51,378,226,152
208035,59,193,58,135
208035,60,373,86,287
208044,1,27,1,26
208044,2,27,1,26
208044,3,27,1,26
208044,4,17,0,17
208044,5,10,1,9
208044,20,10,1,9
208044,21,27,1,26
208044,22,27,1,26
208044,23,27,1,26
208044,24,17,0,17
208044,25,10,1,9
208044,40,10,1,9
208053,1,257,132,125
208053,2,257,132,125
208053,3,82,16,66
208053,4,66,14,52
208053,5,16,2,14
208053,11,175,116,59
208053,20,16,2,14
208053,21,43,4,39
208053,22,43,4,39
208053,23,43,4,39
208053,24,37,4,33
208053,25,6,0,6
208053,40,6,0,6
208053,41,214,128,86
208053,42,214,128,86
208053,43,39,12,27
208053,44,29,10,19
208053,45,10,2,8
208053,51,175,116,59
208053,60,10,2,8
208080,1,56,14,42
208080,2,56,14,42
208080,3,56,14,42
208080,4,17,3,14
208080,5,39,11,28
208080,20,39,11,28
208080,21,56,14,42
208080,22,56,14,42
208080,23,56,14,42
208080,24,17,3,14
208080,25,39,11,28
208080,40,39,11,28
208123,1,80,10,70
208123,2,80,10,70
208123,3,80,10,70
208123,4,32,7,25
208123,5,48,3,45
208123,20,48,3,45
208123,21,80,10,70
208123,22,80,10,70
208123,23,80,10,70
208123,24,32,7,25
208123,25,48,3,45
208123,40,48,3,45
208187,1,88,4,84
208187,2,88,4,84
208187,3,88,4,84
208187,4,17,1,16
208187,5,71,3,68
208187,20,71,3,68
208187,21,88,4,84
208187,22,88,4,84
208187,23,88,4,84
208187,24,17,1,16
208187,25,71,3,68
208187,40,71,3,68
208239,1,1348,729,619
208239,2,1348,729,619
208239,3,1348,729,619
208239,4,206,119,87
208239,5,1142,610,532
208239,19,210,115,95
208239,20,932,495,437
208239,21,920,507,413
208239,22,920,507,413
208239,23,920,507,413
208239,24,169,98,71
208239,25,751,409,342
208239,39,160,86,74
208239,40,591,323,268
208239,41,428,222,206
208239,42,428,222,206
208239,43,428,222,206
208239,44,37,21,16
208239,45,391,201,190
208239,59,50,29,21
208239,60,341,172,169
208248,1,126,18,108
208248,2,126,18,108
208248,3,126,18,108
208248,4,25,3,22
208248,5,101,15,86
208248,20,101,15,86
208248,21,126,18,108
208248,22,126,18,108
208248,23,126,18,108
208248,24,25,3,22
208248,25,101,15,86
208248,40,101,15,86
208275,1,1880,729,1151
208275,2,1880,729,1151
208275,3,1550,574,976
208275,4,466,204,262
208275,5,1084,370,714
208275,11,330,155,175
208275,19,268,89,179
208275,20,816,281,535
208275,21,996,397,599
208275,22,996,397,599
208275,23,967,383,584
208275,24,328,151,177
208275,25,639,232,407
208275,31,29,14,15
208275,39,166,61,105
208275,40,473,171,302
208275,41,884,332,552
208275,42,884,332,552
208275,43,583,191,392
208275,44,138,53,85
208275,45,445,138,307
208275,51,301,141,160
208275,59,102,28,74
208275,60,343,110,233
208318,1,6760,2963,3797
208318,2,6760,2963,3797
208318,3,6282,2731,3551
208318,4,857,419,438
208318,5,5425,2312,3113
208318,11,478,232,246
208318,19,542,241,301
208318,20,4883,2071,2812
208318,21,2977,1373,1604
208318,22,2977,1373,1604
208318,23,2971,1370,1601
208318,24,484,236,248
208318,25,2487,1134,1353
208318,31,6,3,3
208318,39,280,132,148
208318,40,2207,1002,1205
208318,41,3783,1590,2193
208318,42,3783,1590,2193
208318,43,3311,1361,1950
208318,44,373,183,190
208318,45,2938,1178,1760
208318,51,472,229,243
208318,59,262,109,153
208318,60,2676,1069,1607
208390,1,12111,5271,6840
208390,2,12111,5271,6840
208390,3,10393,4462,5931
208390,4,1511,724,787
208390,5,8882,3738,5144
208390,11,1718,809,909
208390,19,135,60,75
208390,20,8747,3678,5069
208390,21,6107,2817,3290
208390,22,6107,2817,3290
208390,23,5540,2513,3027
208390,24,876,428,448
208390,25,4664,2085,2579
208390,31,567,304,263
208390,39,77,39,38
208390,40,4587,2046,2541
208390,41,6004,2454,3550
208390,42,6004,2454,3550
208390,43,4853,1949,2904
208390,44,635,296,339
208390,45,4218,1653,2565
208390,51,1151,505,646
208390,59,58,21,37
208390,60,4160,1632,2528
208406,1,7368,3523,3845
208406,2,7368,3523,3845
208406,3,7355,3516,3839
208406,4,1785,858,927
208406,5,5570,2658,2912
208406,11,13,7,6
208406,19,1123,506,617
208406,20,4447,2152,2295
208406,21,2838,1399,1439
208406,22,2838,1399,1439
208406,23,2837,1398,1439
208406,24,678,347,331
208406,25,2159,1051,1108
208406,31,1,1,0
208406,39,411,201,210
208406,40,1748,850,898
208406,41,4530,2124,2406
208406,42,4530,2124,2406
208406,43,4518,2118,2400
208406,44,1107,511,596
208406,45,3411,1607,1804
208406,51,12,6,6
208406,59,712,305,407
208406,60,2699,1302,1397
208415,1,1069,462,607
208415,2,1069,462,607
208415,3,801,323,478
208415,4,122,58,64
208415,5,679,265,414
208415,11,268,139,129
208415,19,55,16,39
208415,20,624,249,375
208415,21,455,214,241
208415,22,455,214,241
208415,23,428,198,230
208415,24,81,42,39
208415,25,347,156,191
208415,31,27,16,11
208415,39,26,8,18
208415,40,321,148,173
208415,41,614,248,366
208415,42,614,248,366
208415,43,373,125,248
208415,44,41,16,25
208415,45,332,109,223
208415,51,241,123,118
208415,59,29,8,21
208415,60,303,101,202
208433,1,68,4,64
208433,2,68,4,64
208433,3,68,4,64
208433,4,16,1,15
208433,5,52,3,49
208433,20,52,3,49
208433,21,68,4,64
208433,22,68,4,64
208433,23,68,4,64
208433,24,16,1,15
208433,25,52,3,49
208433,40,52,3,49
208479,1,925,131,794
208479,2,925,131,794
208479,3,925,131,794
208479,4,251,35,216
208479,5,674,96,578
208479,20,674,96,578
208479,21,925,131,794
208479,22,925,131,794
208479,23,925,131,794
208479,24,251,35,216
208479,25,674,96,578
208479,40,674,96,578
208488,1,5428,1346,4082
208488,2,1388,445,943
208488,3,1378,439,939
208488,4,222,50,172
208488,5,1156,389,767
208488,11,10,6,4
208488,12,4040,901,3139
208488,19,280,91,189
208488,20,876,298,578
208488,21,4960,1220,3740
208488,22,1188,390,798
208488,23,1186,389,797
208488,24,220,50,170
208488,25,966,339,627
208488,31,2,1,1
208488,32,3772,830,2942
208488,39,216,77,139
208488,40,750,262,488
208488,41,468,126,342
208488,42,200,55,145
208488,43,192,50,142
208488,44,2,0,2
208488,45,190,50,140
208488,51,8,5,3
208488,52,268,71,197
208488,59,64,14,50
208488,60,126,36,90
208512,1,263,42,221
208512,2,263,42,221
208512,3,263,42,221
208512,4,28,7,21
208512,5,235,35,200
208512,20,235,35,200
208512,21,260,42,218
208512,22,260,42,218
208512,23,260,42,218
208512,24,28,7,21
208512,25,232,35,197
208512,40,232,35,197
208512,41,3,0,3
208512,42,3,0,3
208512,43,3,0,3
208512,45,3,0,3
208512,60,3,0,3
208637,1,246,72,174
208637,2,246,72,174
208637,3,246,72,174
208637,4,110,30,80
208637,5,136,42,94
208637,20,136,42,94
208637,41,246,72,174
208637,42,246,72,174
208637,43,246,72,174
208637,44,110,30,80
208637,45,136,42,94
208637,60,136,42,94
208646,1,4157,1591,2566
208646,2,3754,1468,2286
208646,3,3422,1343,2079
208646,4,371,167,204
208646,5,3051,1176,1875
208646,11,332,125,207
208646,12,403,123,280
208646,19,572,212,360
208646,20,2479,964,1515
208646,21,2198,908,1290
208646,22,2140,886,1254
208646,23,2132,883,1249
208646,24,341,154,187
208646,25,1791,729,1062
208646,31,8,3,5
208646,32,58,22,36
208646,39,314,123,191
208646,40,1477,606,871
208646,41,1959,683,1276
208646,42,1614,582,1032
208646,43,1290,460,830
208646,44,30,13,17
208646,45,1260,447,813
208646,51,324,122,202
208646,52,345,101,244
208646,59,258,89,169
208646,60,1002,358,644
208655,1,132,15,117
208655,2,132,15,117
208655,3,132,15,117
208655,4,15,3,12
208655,5,117,12,105
208655,20,117,12,105
208655,21,132,15,117
208655,22,132,15,117
208655,23,132,15,117
208655,24,15,3,12
208655,25,117,12,105
208655,40,117,12,105
208725,1,179,91,88
208725,2,179,91,88
208725,3,179,91,88
208725,4,34,18,16
208725,5,145,73,72
208725,19,36,18,18
208725,20,109,55,54
208725,21,154,77,77
208725,22,154,77,77
208725,23,154,77,77
208725,24,31,15,16
208725,25,123,62,61
208725,39,26,13,13
208725,40,97,49,48
208725,41,25,14,11
208725,42,25,14,11
208725,43,25,14,11
208725,44,3,3,0
208725,45,22,11,11
208725,59,10,5,5
208725,60,12,6,6
208822,1,3712,1612,2100
208822,2,2384,1018,1366
208822,3,2358,1006,1352
208822,4,619,278,341
208822,5,1739,728,1011
208822,11,26,12,14
208822,12,1328,594,734
208822,19,254,113,141
208822,20,1485,615,870
208822,21,2493,1058,1435
208822,22,2108,914,1194
208822,23,2108,914,1194
208822,24,619,278,341
208822,25,1489,636,853
208822,32,385,144,241
208822,39,158,83,75
208822,40,1331,553,778
208822,41,1219,554,665
208822,42,276,104,172
208822,43,250,92,158
208822,45,250,92,158
208822,51,26,12,14
208822,52,943,450,493
208822,59,96,30,66
208822,60,154,62,92
208859,1,39,0,39
208859,2,39,0,39
208859,3,39,0,39
208859,4,23,0,23
208859,5,16,0,16
208859,20,16,0,16
208859,21,39,0,39
208859,22,39,0,39
208859,23,39,0,39
208859,24,23,0,23
208859,25,16,0,16
208859,40,16,0,16
208965,1,605,374,231
208965,2,605,374,231
208965,3,605,374,231
208965,4,75,53,22
208965,5,530,321,209
208965,19,16,5,11
208965,20,514,316,198
208965,21,418,277,141
208965,22,418,277,141
208965,23,418,277,141
208965,24,62,44,18
208965,25,356,233,123
208965,39,14,5,9
208965,40,342,228,114
208965,41,187,97,90
208965,42,187,97,90
208965,43,187,97,90
208965,44,13,9,4
208965,45,174,88,86
208965,59,2,0,2
208965,60,172,88,84
209038,1,11002,5385,5617
209038,2,11002,5385,5617
209038,3,9805,4660,5145
209038,4,1239,665,574
209038,5,8566,3995,4571
209038,11,1197,725,472
209038,19,977,482,495
209038,20,7589,3513,4076
209038,21,4996,2624,2372
209038,22,4996,2624,2372
209038,23,4655,2393,2262
209038,24,716,396,320
209038,25,3939,1997,1942
209038,31,341,231,110
209038,39,458,241,217
209038,40,3481,1756,1725
209038,41,6006,2761,3245
209038,42,6006,2761,3245
209038,43,5150,2267,2883
209038,44,523,269,254
209038,45,4627,1998,2629
209038,51,856,494,362
209038,59,519,241,278
209038,60,4108,1757,2351
209056,1,3521,1376,2145
209056,2,2126,868,1258
209056,3,1985,774,1211
209056,4,473,177,296
209056,5,1512,597,915
209056,11,141,94,47
209056,12,1395,508,887
209056,19,46,20,26
209056,20,1466,577,889
209056,21,3110,1241,1869
209056,22,2086,846,1240
209056,23,1965,763,1202
209056,24,473,177,296
209056,25,1492,586,906
209056,31,121,83,38
209056,32,1024,395,629
209056,39,46,20,26
209056,40,1446,566,880
209056,41,411,135,276
209056,42,40,22,18
209056,43,20,11,9
209056,45,20,11,9
209056,51,20,11,9
209056,52,371,113,258
209056,60,20,11,9
209065,1,1671,669,1002
209065,2,1671,669,1002
209065,3,1641,653,988
209065,4,449,170,279
209065,5,1192,483,709
209065,11,30,16,14
209065,19,66,18,48
209065,20,1126,465,661
209065,21,1630,650,980
209065,22,1630,650,980
209065,23,1615,640,975
209065,24,447,168,279
209065,25,1168,472,696
209065,31,15,10,5
209065,39,64,17,47
209065,40,1104,455,649
209065,41,41,19,22
209065,42,41,19,22
209065,43,26,13,13
209065,44,2,2,0
209065,45,24,11,13
209065,51,15,6,9
209065,59,2,1,1
209065,60,22,10,12
209074,1,5617,2711,2906
209074,2,5617,2711,2906
209074,3,5480,2653,2827
209074,4,1398,716,682
209074,5,4082,1937,2145
209074,11,137,58,79
209074,19,784,398,386
209074,20,3298,1539,1759
209074,21,2604,1373,1231
209074,22,2604,1373,1231
209074,23,2557,1350,1207
209074,24,809,435,374
209074,25,1748,915,833
209074,31,47,23,24
209074,39,275,173,102
209074,40,1473,742,731
209074,41,3013,1338,1675
209074,42,3013,1338,1675
209074,43,2923,1303,1620
209074,44,589,281,308
209074,45,2334,1022,1312
209074,51,90,35,55
209074,59,509,225,284
209074,60,1825,797,1028
209083,1,100,9,91
209083,2,100,9,91
209083,3,100,9,91
209083,4,17,2,15
209083,5,83,7,76
209083,20,83,7,76
209083,21,100,9,91
209083,22,100,9,91
209083,23,100,9,91
209083,24,17,2,15
209083,25,83,7,76
209083,40,83,7,76
209108,1,1408,495,913
209108,2,741,228,513
209108,3,672,199,473
209108,4,8,4,4
209108,5,664,195,469
209108,11,69,29,40
209108,12,667,267,400
209108,19,155,38,117
209108,20,509,157,352
209108,21,255,73,182
209108,22,176,53,123
209108,23,175,52,123
209108,24,2,1,1
209108,25,173,51,122
209108,31,1,1,0
209108,32,79,20,59
209108,39,46,8,38
209108,40,127,43,84
209108,41,1153,422,731
209108,42,565,175,390
209108,43,497,147,350
209108,44,6,3,3
209108,45,491,144,347
209108,51,68,28,40
209108,52,588,247,341
209108,59,109,30,79
209108,60,382,114,268
209153,1,67,4,63
209153,2,67,4,63
209153,3,67,4,63
209153,4,47,3,44
209153,5,20,1,19
209153,20,20,1,19
209153,21,67,4,63
209153,22,67,4,63
209153,23,67,4,63
209153,24,47,3,44
209153,25,20,1,19
209153,40,20,1,19
209205,1,141,10,131
209205,2,141,10,131
209205,3,141,10,131
209205,4,10,1,9
209205,5,131,9,122
209205,20,131,9,122
209205,21,141,10,131
209205,22,141,10,131
209205,23,141,10,131
209205,24,10,1,9
209205,25,131,9,122
209205,40,131,9,122
209241,1,170,164,6
209241,2,70,70,0
209241,3,70,70,0
209241,4,15,15,0
209241,5,55,55,0
209241,12,100,94,6
209241,20,55,55,0
209241,21,157,156,1
209241,22,70,70,0
209241,23,70,70,0
209241,24,15,15,0
209241,25,55,55,0
209241,32,87,86,1
209241,40,55,55,0
209241,41,13,8,5
209241,52,13,8,5
209250,1,9393,4420,4973
209250,2,9393,4420,4973
209250,3,8530,4075,4455
209250,4,2182,1012,1170
209250,5,6348,3063,3285
209250,11,863,345,518
209250,19,2600,1219,1381
209250,20,3748,1844,1904
209250,21,4256,1897,2359
209250,22,4256,1897,2359
209250,23,4057,1823,2234
209250,24,1269,625,644
209250,25,2788,1198,1590
209250,31,199,74,125
209250,39,1033,420,613
209250,40,1755,778,977
209250,41,5137,2523,2614
209250,42,5137,2523,2614
209250,43,4473,2252,2221
209250,44,913,387,526
209250,45,3560,1865,1695
209250,51,664,271,393
209250,59,1567,799,768
209250,60,1993,1066,927
209287,1,777,470,307
209287,2,438,268,170
209287,3,438,268,170
209287,4,55,27,28
209287,5,383,241,142
209287,12,339,202,137
209287,19,72,45,27
209287,20,311,196,115
209287,21,611,359,252
209287,22,358,212,146
209287,23,358,212,146
209287,24,51,23,28
209287,25,307,189,118
209287,32,253,147,106
209287,39,59,37,22
209287,40,248,152,96
209287,41,166,111,55
209287,42,80,56,24
209287,43,80,56,24
209287,44,4,4,0
209287,45,76,52,24
209287,52,86,55,31
209287,59,13,8,5
209287,60,63,44,19
209296,1,558,140,418
209296,12,558,140,418
209296,21,521,128,393
209296,32,521,128,393
209296,41,37,12,25
209296,52,37,12,25
209348,1,21,0,21
209348,2,21,0,21
209348,3,21,0,21
209348,4,9,0,9
209348,5,12,0,12
209348,20,12,0,12
209348,21,21,0,21
209348,22,21,0,21
209348,23,21,0,21
209348,24,9,0,9
209348,25,12,0,12
209348,40,12,0,12
209409,1,660,228,432
209409,2,484,175,309
209409,3,478,173,305
209409,4,82,15,67
209409,5,396,158,238
209409,11,6,2,4
209409,12,176,53,123
209409,19,59,32,27
209409,20,337,126,211
209409,21,541,190,351
209409,22,382,144,238
209409,23,379,142,237
209409,24,82,15,67
209409,25,297,127,170
209409,31,3,2,1
209409,32,159,46,113
209409,39,54,29,25
209409,40,243,98,145
209409,41,119,38,81
209409,42,102,31,71
209409,43,99,31,68
209409,45,99,31,68
209409,51,3,0,3
209409,52,17,7,10
209409,59,5,3,2
209409,60,94,28,66
209490,1,2838,993,1845
209490,2,832,147,685
209490,3,832,147,685
209490,5,832,147,685
209490,12,2006,846,1160
209490,19,416,67,349
209490,20,416,80,336
209490,21,1557,640,917
209490,22,211,28,183
209490,23,211,28,183
209490,25,211,28,183
209490,32,1346,612,734
209490,39,155,18,137
209490,40,56,10,46
209490,41,1281,353,928
209490,42,621,119,502
209490,43,621,119,502
209490,45,621,119,502
209490,52,660,234,426
209490,59,261,49,212
209490,60,360,70,290
209506,1,4407,2304,2103
209506,2,4366,2270,2096
209506,3,3443,1877,1566
209506,4,365,207,158
209506,5,3078,1670,1408
209506,11,923,393,530
209506,12,41,34,7
209506,19,680,351,329
209506,20,2398,1319,1079
209506,21,2370,1304,1066
209506,22,2341,1282,1059
209506,23,2331,1275,1056
209506,24,342,200,142
209506,25,1989,1075,914
209506,31,10,7,3
209506,32,29,22,7
209506,39,391,209,182
209506,40,1598,866,732
209506,41,2037,1000,1037
209506,42,2025,988,1037
209506,43,1112,602,510
209506,44,23,7,16
209506,45,1089,595,494
209506,51,913,386,527
209506,52,12,12,0
209506,59,289,142,147
209506,60,800,453,347
209533,1,156,33,123
209533,2,139,27,112
209533,3,139,27,112
209533,4,21,1,20
209533,5,118,26,92
209533,12,17,6,11
209533,19,20,3,17
209533,20,98,23,75
209533,21,133,30,103
209533,22,117,24,93
209533,23,117,24,93
209533,24,20,1,19
209533,25,97,23,74
209533,32,16,6,10
209533,39,18,3,15
209533,40,79,20,59
209533,41,23,3,20
209533,42,22,3,19
209533,43,22,3,19
209533,44,1,0,1
209533,45,21,3,18
209533,52,1,0,1
209533,59,2,0,2
209533,60,19,3,16
209542,1,27902,14912,12990
209542,2,23157,12468,10689
209542,3,22349,12026,10323
209542,4,3825,1983,1842
209542,5,18524,10043,8481
209542,11,808,442,366
209542,12,4745,2444,2301
209542,19,2150,1131,1019
209542,20,16374,8912,7462
209542,21,21958,12003,9955
209542,22,18484,10143,8341
209542,23,18118,9902,8216
209542,24,3553,1847,1706
209542,25,14565,8055,6510
209542,31,366,241,125
209542,32,3474,1860,1614
209542,39,1438,804,634
209542,40,13127,7251,5876
209542,41,5944,2909,3035
209542,42,4673,2325,2348
209542,43,4231,2124,2107
209542,44,272,136,136
209542,45,3959,1988,1971
209542,51,442,201,241
209542,52,1271,584,687
209542,59,712,327,385
209542,60,3247,1661,1586
209551,1,24473,11657,12816
209551,2,20797,9926,10871
209551,3,20473,9763,10710
209551,4,3959,1738,2221
209551,5,16514,8025,8489
209551,11,324,163,161
209551,12,3676,1731,1945
209551,19,1498,783,715
209551,20,15016,7242,7774
209551,21,21920,10446,11474
209551,22,18892,8982,9910
209551,23,18872,8972,9900
209551,24,3913,1718,2195
209551,25,14959,7254,7705
209551,31,20,10,10
209551,32,3028,1464,1564
209551,39,1338,697,641
209551,40,13621,6557,7064
209551,41,2553,1211,1342
209551,42,1905,944,961
209551,43,1601,791,810
209551,44,46,20,26
209551,45,1555,771,784
209551,51,304,153,151
209551,52,648,267,381
209551,59,160,86,74
209551,60,1395,685,710
209603,1,517,169,348
209603,2,413,137,276
209603,3,413,137,276
209603,4,61,16,45
209603,5,352,121,231
209603,12,104,32,72
209603,19,63,25,38
209603,20,289,96,193
209603,21,460,153,307
209603,22,356,121,235
209603,23,356,121,235
209603,24,60,16,44
209603,25,296,105,191
209603,32,104,32,72
209603,39,62,24,38
209603,40,234,81,153
209603,41,57,16,41
209603,42,57,16,41
209603,43,57,16,41
209603,44,1,0,1
209603,45,56,16,40
209603,59,1,1,0
209603,60,55,15,40
209612,1,3583,1303,2280
209612,2,1785,746,1039
209612,3,1729,726,1003
209612,4,421,168,253
209612,5,1308,558,750
209612,11,56,20,36
209612,12,1798,557,1241
209612,19,157,53,104
209612,20,1151,505,646
209612,21,3316,1225,2091
209612,22,1729,728,1001
209612,23,1715,720,995
209612,24,421,168,253
209612,25,1294,552,742
209612,31,14,8,6
209612,32,1587,497,1090
209612,39,155,53,102
209612,40,1139,499,640
209612,41,267,78,189
209612,42,56,18,38
209612,43,14,6,8
209612,45,14,6,8
209612,51,42,12,30
209612,52,211,60,151
209612,59,2,0,2
209612,60,12,6,6
209667,1,53,1,52
209667,2,53,1,52
209667,3,53,1,52
209667,4,37,1,36
209667,5,16,0,16
209667,20,16,0,16
209667,21,53,1,52
209667,22,53,1,52
209667,23,53,1,52
209667,24,37,1,36
209667,25,16,0,16
209667,40,16,0,16
209676,1,133,6,127
209676,2,133,6,127
209676,3,133,6,127
209676,4,96,5,91
209676,5,37,1,36
209676,20,37,1,36
209676,21,133,6,127
209676,22,133,6,127
209676,23,133,6,127
209676,24,96,5,91
209676,25,37,1,36
209676,40,37,1,36
209694,1,49,8,41
209694,2,49,8,41
209694,3,49,8,41
209694,4,42,8,34
209694,5,7,0,7
209694,20,7,0,7
209694,21,49,8,41
209694,22,49,8,41
209694,23,49,8,41
209694,24,42,8,34
209694,25,7,0,7
209694,40,7,0,7
209700,1,176,9,167
209700,2,176,9,167
209700,3,176,9,167
209700,4,35,1,34
209700,5,141,8,133
209700,20,141,8,133
209700,21,176,9,167
209700,22,176,9,167
209700,23,176,9,167
209700,24,35,1,34
209700,25,141,8,133
209700,40,141,8,133
209719,1,27,3,24
209719,2,27,3,24
209719,3,27,3,24
209719,4,4,0,4
209719,5,23,3,20
209719,20,23,3,20
209719,21,27,3,24
209719,22,27,3,24
209719,23,27,3,24
209719,24,4,0,4
209719,25,23,3,20
209719,40,23,3,20
209746,1,32411,15117,17294
209746,2,32411,15117,17294
209746,3,29774,13879,15895
209746,4,2075,1070,1005
209746,5,27699,12809,14890
209746,11,2637,1238,1399
209746,19,2074,940,1134
209746,20,25625,11869,13756
209746,21,13580,6752,6828
209746,22,13580,6752,6828
209746,23,13156,6514,6642
209746,24,1176,630,546
209746,25,11980,5884,6096
209746,31,424,238,186
209746,39,799,394,405
209746,40,11181,5490,5691
209746,41,18831,8365,10466
209746,42,18831,8365,10466
209746,43,16618,7365,9253
209746,44,899,440,459
209746,45,15719,6925,8794
209746,51,2213,1000,1213
209746,59,1275,546,729
209746,60,14444,6379,8065
209807,1,28260,13191,15069
209807,2,22927,11015,11912
209807,3,20085,9623,10462
209807,4,1644,739,905
209807,5,18441,8884,9557
209807,11,2842,1392,1450
209807,12,5333,2176,3157
209807,19,3592,1716,1876
209807,20,14849,7168,7681
209807,21,17308,8195,9113
209807,22,14671,7118,7553
209807,23,14075,6745,7330
209807,24,1517,679,838
209807,25,12558,6066,6492
209807,31,596,373,223
209807,32,2637,1077,1560
209807,39,2493,1163,1330
209807,40,10065,4903,5162
209807,41,10952,4996,5956
209807,42,8256,3897,4359
209807,43,6010,2878,3132
209807,44,127,60,67
209807,45,5883,2818,3065
209807,51,2246,1019,1227
209807,52,2696,1099,1597
209807,59,1099,553,546
209807,60,4784,2265,2519
209825,1,4036,1657,2379
209825,2,3494,1453,2041
209825,3,3468,1438,2030
209825,4,835,369,466
209825,5,2633,1069,1564
209825,11,26,15,11
209825,12,542,204,338
209825,19,81,36,45
209825,20,2552,1033,1519
209825,21,3515,1462,2053
209825,22,3410,1407,2003
209825,23,3410,1407,2003
209825,24,835,369,466
209825,25,2575,1038,1537
209825,32,105,55,50
209825,39,77,35,42
209825,40,2498,1003,1495
209825,41,521,195,326
209825,42,84,46,38
209825,43,58,31,27
209825,45,58,31,27
209825,51,26,15,11
209825,52,437,149,288
209825,59,4,1,3
209825,60,54,30,24
209922,1,1411,671,740
209922,2,1395,664,731
209922,3,1351,642,709
209922,4,354,172,182
209922,5,997,470,527
209922,11,44,22,22
209922,12,16,7,9
209922,19,36,15,21
209922,20,961,455,506
209922,21,1356,646,710
209922,22,1356,646,710
209922,23,1344,639,705
209922,24,354,172,182
209922,25,990,467,523
209922,31,12,7,5
209922,39,36,15,21
209922,40,954,452,502
209922,41,55,25,30
209922,42,39,18,21
209922,43,7,3,4
209922,45,7,3,4
209922,51,32,15,17
209922,52,16,7,9
209922,60,7,3,4
209940,1,5530,2401,3129
209940,2,5530,2401,3129
209940,3,4596,1873,2723
209940,4,816,355,461
209940,5,3780,1518,2262
209940,11,934,528,406
209940,19,141,57,84
209940,20,3639,1461,2178
209940,21,2392,1094,1298
209940,22,2392,1094,1298
209940,23,2077,903,1174
209940,24,394,183,211
209940,25,1683,720,963
209940,31,315,191,124
209940,39,71,26,45
209940,40,1612,694,918
209940,41,3138,1307,1831
209940,42,3138,1307,1831
209940,43,2519,970,1549
209940,44,422,172,250
209940,45,2097,798,1299
209940,51,619,337,282
209940,59,70,31,39
209940,60,2027,767,1260
209986,1,40,1,39
209986,2,40,1,39
209986,3,40,1,39
209986,4,12,1,11
209986,5,28,0,28
209986,20,28,0,28
209986,21,40,1,39
209986,22,40,1,39
209986,23,40,1,39
209986,24,12,1,11
209986,25,28,0,28
209986,40,28,0,28
210076,1,1109,306,803
210076,2,1109,306,803
210076,3,1108,306,802
210076,4,142,43,99
210076,5,966,263,703
210076,11,1,0,1
210076,19,744,194,550
210076,20,222,69,153
210076,21,757,204,553
210076,22,757,204,553
210076,23,757,204,553
210076,24,110,30,80
210076,25,647,174,473
210076,39,508,130,378
210076,40,139,44,95
210076,41,352,102,250
210076,42,352,102,250
210076,43,351,102,249
210076,44,32,13,19
210076,45,319,89,230
210076,51,1,0,1
210076,59,236,64,172
210076,60,83,25,58
210100,1,69,2,67
210100,2,69,2,67
210100,3,69,2,67
210100,4,10,0,10
210100,5,59,2,57
210100,20,59,2,57
210100,21,69,2,67
210100,22,69,2,67
210100,23,69,2,67
210100,24,10,0,10
210100,25,59,2,57
210100,40,59,2,57
210146,1,5992,2579,3413
210146,2,5500,2397,3103
210146,3,4436,1961,2475
210146,4,628,271,357
210146,5,3808,1690,2118
210146,11,1064,436,628
210146,12,492,182,310
210146,19,601,245,356
210146,20,3207,1445,1762
210146,21,3833,1716,2117
210146,22,3631,1646,1985
210146,23,3529,1610,1919
210146,24,595,253,342
210146,25,2934,1357,1577
210146,31,102,36,66
210146,32,202,70,132
210146,39,465,201,264
210146,40,2469,1156,1313
210146,41,2159,863,1296
210146,42,1869,751,1118
210146,43,907,351,556
210146,44,33,18,15
210146,45,874,333,541
210146,51,962,400,562
210146,52,290,112,178
210146,59,136,44,92
210146,60,738,289,449
210155,1,2038,885,1153
210155,2,2038,885,1153
210155,3,1633,675,958
210155,4,438,194,244
210155,5,1195,481,714
210155,11,405,210,195
210155,19,96,46,50
210155,20,1099,435,664
210155,21,1077,496,581
210155,22,1077,496,581
210155,23,1047,479,568
210155,24,379,172,207
210155,25,668,307,361
210155,31,30,17,13
210155,39,80,39,41
210155,40,588,268,320
210155,41,961,389,572
210155,42,961,389,572
210155,43,586,196,390
210155,44,59,22,37
210155,45,527,174,353
210155,51,375,193,182
210155,59,16,7,9
210155,60,511,167,344
210234,1,2443,980,1463
210234,2,2443,980,1463
210234,3,2273,908,1365
210234,4,635,306,329
210234,5,1638,602,1036
210234,11,170,72,98
210234,19,119,54,65
210234,20,1519,548,971
210234,21,1212,559,653
210234,22,1212,559,653
210234,23,1189,546,643
210234,24,417,222,195
210234,25,772,324,448
210234,31,23,13,10
210234,39,65,38,27
210234,40,707,286,421
210234,41,1231,421,810
210234,42,1231,421,810
210234,43,1084,362,722
210234,44,218,84,134
210234,45,866,278,588
210234,51,147,59,88
210234,59,54,16,38
210234,60,812,262,550
210270,1,2183,919,1264
210270,2,2183,919,1264
210270,3,1409,597,812
210270,4,147,64,83
210270,5,1262,533,729
210270,11,774,322,452
210270,19,424,179,245
210270,20,838,354,484
210270,21,1081,440,641
210270,22,1081,440,641
210270,23,713,291,422
210270,24,99,40,59
210270,25,614,251,363
210270,31,368,149,219
210270,39,177,77,100
210270,40,437,174,263
210270,41,1102,479,623
210270,42,1102,479,623
210270,43,696,306,390
210270,44,48,24,24
210270,45,648,282,366
210270,51,406,173,233
210270,59,247,102,145
210270,60,401,180,221
210304,1,506,224,282
210304,2,503,223,280
210304,3,501,222,279
210304,4,85,37,48
210304,5,416,185,231
210304,11,2,1,1
210304,12,3,1,2
210304,19,96,43,53
210304,20,320,142,178
210304,21,470,207,263
210304,22,469,207,262
210304,23,469,207,262
210304,24,74,32,42
210304,25,395,175,220
210304,32,1,0,1
210304,39,91,42,49
210304,40,304,133,171
210304,41,36,17,19
210304,42,34,16,18
210304,43,32,15,17
210304,44,11,5,6
210304,45,21,10,11
210304,51,2,1,1
210304,52,2,1,1
210304,59,5,1,4
210304,60,16,9,7
210331,1,1143,462,681
210331,2,936,368,568
210331,3,902,351,551
210331,4,222,83,139
210331,5,680,268,412
210331,11,34,17,17
210331,12,207,94,113
210331,19,58,32,26
210331,20,622,236,386
210331,21,916,369,547
210331,22,846,337,509
210331,23,833,328,505
210331,24,222,83,139
210331,25,611,245,366
210331,31,13,9,4
210331,32,70,32,38
210331,39,58,32,26
210331,40,553,213,340
210331,41,227,93,134
210331,42,90,31,59
210331,43,69,23,46
210331,45,69,23,46
210331,51,21,8,13
210331,52,137,62,75
210331,60,69,23,46
210340,1,93,3,90
210340,2,93,3,90
210340,3,93,3,90
210340,4,10,0,10
210340,5,83,3,80
210340,20,83,3,80
210340,21,93,3,90
210340,22,93,3,90
210340,23,93,3,90
210340,24,10,0,10
210340,25,83,3,80
210340,40,83,3,80
210359,1,227,84,143
210359,2,227,84,143
210359,3,227,84,143
210359,4,8,5,3
210359,5,219,79,140
210359,19,33,10,23
210359,20,186,69,117
210359,21,122,52,70
210359,22,122,52,70
210359,23,122,52,70
210359,24,8,5,3
210359,25,114,47,67
210359,39,25,7,18
210359,40,89,40,49
210359,41,105,32,73
210359,42,105,32,73
210359,43,105,32,73
210359,45,105,32,73
210359,59,8,3,5
210359,60,97,29,68
210368,1,767,519,248
210368,12,767,519,248
210368,21,96,66,30
210368,32,96,66,30
210368,41,671,453,218
210368,52,671,453,218
210401,1,2855,1342,1513
210401,2,2119,927,1192
210401,3,1970,864,1106
210401,4,545,254,291
210401,5,1425,610,815
210401,11,149,63,86
210401,12,736,415,321
210401,19,41,17,24
210401,20,1384,593,791
210401,21,2660,1257,1403
210401,22,1981,860,1121
210401,23,1948,851,1097
210401,24,545,254,291
210401,25,1403,597,806
210401,31,33,9,24
210401,32,679,397,282
210401,39,41,17,24
210401,40,1362,580,782
210401,41,195,85,110
210401,42,138,67,71
210401,43,22,13,9
210401,45,22,13,9
210401,51,116,54,62
210401,52,57,18,39
210401,60,22,13,9
210429,1,6177,2471,3706
210429,2,5263,2213,3050
210429,3,5142,2158,2984
210429,4,862,344,518
210429,5,4280,1814,2466
210429,11,121,55,66
210429,12,914,258,656
210429,19,678,296,382
210429,20,3602,1518,2084
210429,21,4720,1969,2751
210429,22,4423,1861,2562
210429,23,4420,1860,2560
210429,24,826,330,496
210429,25,3594,1530,2064
210429,31,3,1,2
210429,32,297,108,189
210429,39,548,249,299
210429,40,3046,1281,1765
210429,41,1457,502,955
210429,42,840,352,488
210429,43,722,298,424
210429,44,36,14,22
210429,45,686,284,402
210429,51,118,54,64
210429,52,617,150,467
210429,59,130,47,83
210429,60,556,237,319
210438,1,682,383,299
210438,2,80,26,54
210438,3,43,11,32
210438,4,10,1,9
210438,5,33,10,23
210438,11,37,15,22
210438,12,602,357,245
210438,19,33,10,23
210438,21,488,308,180
210438,32,488,308,180
210438,41,194,75,119
210438,42,80,26,54
210438,43,43,11,32
210438,44,10,1,9
210438,45,33,10,23
210438,51,37,15,22
210438,52,114,49,65
210438,59,33,10,23
210456,1,224,40,184
210456,2,224,40,184
210456,3,224,40,184
210456,5,224,40,184
210456,20,224,40,184
210456,21,216,38,178
210456,22,216,38,178
210456,23,216,38,178
210456,25,216,38,178
210456,40,216,38,178
210456,41,8,2,6
210456,42,8,2,6
210456,43,8,2,6
210456,45,8,2,6
210456,60,8,2,6
210474,1,97,23,74
210474,2,97,23,74
210474,3,97,23,74
210474,4,69,19,50
210474,5,28,4,24
210474,20,28,4,24
210474,21,60,15,45
210474,22,60,15,45
210474,23,60,15,45
210474,24,42,12,30
210474,25,18,3,15
210474,40,18,3,15
210474,41,37,8,29
210474,42,37,8,29
210474,43,37,8,29
210474,44,27,7,20
210474,45,10,1,9
210474,60,10,1,9
210483,1,313,114,199
210483,2,313,114,199
210483,3,313,114,199
210483,4,53,17,36
210483,5,260,97,163
210483,20,260,97,163
210483,21,313,114,199
210483,22,313,114,199
210483,23,313,114,199
210483,24,53,17,36
210483,25,260,97,163
210483,40,260,97,163
210492,1,278,135,143
210492,2,270,130,140
210492,3,269,129,140
210492,4,81,42,39
210492,5,188,87,101
210492,11,1,1,0
210492,12,8,5,3
210492,19,13,7,6
210492,20,175,80,95
210492,21,265,130,135
210492,22,262,127,135
210492,23,261,126,135
210492,24,80,41,39
210492,25,181,85,96
210492,31,1,1,0
210492,32,3,3,0
210492,39,13,7,6
210492,40,168,78,90
210492,41,13,5,8
210492,42,8,3,5
210492,43,8,3,5
210492,44,1,1,0
210492,45,7,2,5
210492,52,5,2,3
210492,60,7,2,5
210508,1,29,17,12
210508,12,29,17,12
210508,21,29,17,12
210508,32,29,17,12
210571,1,2384,996,1388
210571,2,2349,986,1363
210571,3,2333,982,1351
210571,4,655,270,385
210571,5,1678,712,966
210571,11,16,4,12
210571,12,35,10,25
210571,19,107,41,66
210571,20,1571,671,900
210571,21,2315,970,1345
210571,22,2315,970,1345
210571,23,2315,970,1345
210571,24,655,270,385
210571,25,1660,700,960
210571,39,107,41,66
210571,40,1553,659,894
210571,41,69,26,43
210571,42,34,16,18
210571,43,18,12,6
210571,45,18,12,6
210571,51,16,4,12
210571,52,35,10,25
210571,60,18,12,6
210599,1,343,322,21
210599,2,343,322,21
210599,3,343,322,21
210599,4,65,64,1
210599,5,278,258,20
210599,20,278,258,20
210599,21,343,322,21
210599,22,343,322,21
210599,23,343,322,21
210599,24,65,64,1
210599,25,278,258,20
210599,40,278,258,20
210605,1,18229,7812,10417
210605,2,18229,7812,10417
210605,3,17098,7309,9789
210605,4,3942,1870,2072
210605,5,13156,5439,7717
210605,11,1131,503,628
210605,19,828,371,457
210605,20,12328,5068,7260
210605,21,6317,2951,3366
210605,22,6317,2951,3366
210605,23,6231,2902,3329
210605,24,2170,1041,1129
210605,25,4061,1861,2200
210605,31,86,49,37
210605,39,369,178,191
210605,40,3692,1683,2009
210605,41,11912,4861,7051
210605,42,11912,4861,7051
210605,43,10867,4407,6460
210605,44,1772,829,943
210605,45,9095,3578,5517
210605,51,1045,454,591
210605,59,459,193,266
210605,60,8636,3385,5251
210669,1,2161,986,1175
210669,2,2161,986,1175
210669,3,2126,978,1148
210669,4,604,293,311
210669,5,1522,685,837
210669,11,35,8,27
210669,19,22,13,9
210669,20,1500,672,828
210669,21,2125,979,1146
210669,22,2125,979,1146
210669,23,2117,977,1140
210669,24,601,293,308
210669,25,1516,684,832
210669,31,8,2,6
210669,39,22,13,9
210669,40,1494,671,823
210669,41,36,7,29
210669,42,36,7,29
210669,43,9,1,8
210669,44,3,0,3
210669,45,6,1,5
210669,51,27,6,21
210669,60,6,1,5
210711,1,59,8,51
210711,2,59,8,51
210711,3,59,8,51
210711,4,54,8,46
210711,5,5,0,5
210711,20,5,0,5
210711,21,59,8,51
210711,22,59,8,51
210711,23,59,8,51
210711,24,54,8,46
210711,25,5,0,5
210711,40,5,0,5
210739,1,3266,1268,1998
210739,2,2482,948,1534
210739,3,2482,948,1534
210739,4,413,186,227
210739,5,2069,762,1307
210739,12,784,320,464
210739,19,77,29,48
210739,20,1992,733,1259
210739,21,2063,825,1238
210739,22,1836,750,1086
210739,23,1836,750,1086
210739,24,413,186,227
210739,25,1423,564,859
210739,32,227,75,152
210739,39,77,29,48
210739,40,1346,535,811
210739,41,1203,443,760
210739,42,646,198,448
210739,43,646,198,448
210739,45,646,198,448
210739,52,557,245,312
210739,60,646,198,448
210748,1,68,2,66
210748,2,68,2,66
210748,3,68,2,66
210748,4,11,0,11
210748,5,57,2,55
210748,20,57,2,55
210748,21,33,2,31
210748,22,33,2,31
210748,23,33,2,31
210748,24,7,0,7
210748,25,26,2,24
210748,40,26,2,24
210748,41,35,0,35
210748,42,35,0,35
210748,43,35,0,35
210748,44,4,0,4
210748,45,31,0,31
210748,60,31,0,31
210775,1,2871,841,2030
210775,2,2371,657,1714
210775,3,2169,630,1539
210775,4,389,111,278
210775,5,1780,519,1261
210775,11,202,27,175
210775,12,500,184,316
210775,19,105,38,67
210775,20,1675,481,1194
210775,21,1824,580,1244
210775,22,1719,535,1184
210775,23,1717,535,1182
210775,24,389,111,278
210775,25,1328,424,904
210775,31,2,0,2
210775,32,105,45,60
210775,39,103,38,65
210775,40,1225,386,839
210775,41,1047,261,786
210775,42,652,122,530
210775,43,452,95,357
210775,45,452,95,357
210775,51,200,27,173
210775,52,395,139,256
210775,59,2,0,2
210775,60,450,95,355
210784,1,106,8,98
210784,2,106,8,98
210784,3,106,8,98
210784,4,69,8,61
210784,5,37,0,37
210784,20,37,0,37
210784,21,78,6,72
210784,22,78,6,72
210784,23,78,6,72
210784,24,53,6,47
210784,25,25,0,25
210784,40,25,0,25
210784,41,28,2,26
210784,42,28,2,26
210784,43,28,2,26
210784,44,16,2,14
210784,45,12,0,12
210784,60,12,0,12
210809,1,27749,19513,8236
210809,2,26837,18854,7983
210809,3,26837,18854,7983
210809,5,26837,18854,7983
210809,12,912,659,253
210809,20,26837,18854,7983
210809,41,27749,19513,8236
210809,42,26837,18854,7983
210809,43,26837,18854,7983
210809,45,26837,18854,7983
210809,52,912,659,253
210809,60,26837,18854,7983
210890,1,189,58,131
210890,2,189,58,131
210890,3,189,58,131
210890,4,98,26,72
210890,5,91,32,59
210890,19,14,8,6
210890,20,77,24,53
210890,21,189,58,131
210890,22,189,58,131
210890,23,189,58,131
210890,24,98,26,72
210890,25,91,32,59
210890,39,14,8,6
210890,40,77,24,53
210906,1,462,216,246
210906,2,462,216,246
210906,3,462,216,246
210906,4,115,56,59
210906,5,347,160,187
210906,19,25,13,12
210906,20,322,147,175
210906,21,323,147,176
210906,22,323,147,176
210906,23,323,147,176
210906,24,73,33,40
210906,25,250,114,136
210906,39,14,9,5
210906,40,236,105,131
210906,41,139,69,70
210906,42,139,69,70
210906,43,139,69,70
210906,44,42,23,19
210906,45,97,46,51
210906,59,11,4,7
210906,60,86,42,44
210942,1,2494,1206,1288
210942,2,2494,1206,1288
210942,3,2494,1206,1288
210942,4,642,329,313
210942,5,1852,877,975
210942,19,145,67,78
210942,20,1707,810,897
210942,21,1516,768,748
210942,22,1516,768,748
210942,23,1516,768,748
210942,24,466,255,211
210942,25,1050,513,537
210942,39,110,53,57
210942,40,940,460,480
210942,41,978,438,540
210942,42,978,438,540
210942,43,978,438,540
210942,44,176,74,102
210942,45,802,364,438
210942,59,35,14,21
210942,60,767,350,417
210951,1,163,8,155
210951,2,163,8,155
210951,3,163,8,155
210951,4,35,3,32
210951,5,128,5,123
210951,19,21,1,20
210951,20,107,4,103
210951,21,163,8,155
210951,22,163,8,155
210951,23,163,8,155
210951,24,35,3,32
210951,25,128,5,123
210951,39,21,1,20
210951,40,107,4,103
210960,1,1544,769,775
210960,2,1544,769,775
210960,3,1544,769,775
210960,4,373,194,179
210960,5,1171,575,596
210960,19,140,57,83
210960,20,1031,518,513
210960,21,1137,566,571
210960,22,1137,566,571
210960,23,1137,566,571
210960,24,318,165,153
210960,25,819,401,418
210960,39,108,45,63
210960,40,711,356,355
210960,41,407,203,204
210960,42,407,203,204
210960,43,407,203,204
210960,44,55,29,26
210960,45,352,174,178
210960,59,32,12,20
210960,60,320,162,158
211006,1,354,341,13
211006,2,354,341,13
211006,3,354,341,13
211006,4,49,48,1
211006,5,305,293,12
211006,20,305,293,12
211006,21,308,299,9
211006,22,308,299,9
211006,23,308,299,9
211006,24,45,44,1
211006,25,263,255,8
211006,40,263,255,8
211006,41,46,42,4
211006,42,46,42,4
211006,43,46,42,4
211006,44,4,4,0
211006,45,42,38,4
211006,60,42,38,4
211024,1,918,543,375
211024,2,624,323,301
211024,3,606,309,297
211024,4,106,46,60
211024,5,500,263,237
211024,11,18,14,4
211024,12,294,220,74
211024,19,50,29,21
211024,20,450,234,216
211024,21,549,308,241
211024,22,387,181,206
211024,23,383,177,206
211024,24,99,43,56
211024,25,284,134,150
211024,31,4,4,0
211024,32,162,127,35
211024,39,34,18,16
211024,40,250,116,134
211024,41,369,235,134
211024,42,237,142,95
211024,43,223,132,91
211024,44,7,3,4
211024,45,216,129,87
211024,51,14,10,4
211024,52,132,93,39
211024,59,16,11,5
211024,60,200,118,82
211079,1,2335,951,1384
211079,2,2335,951,1384
211079,3,2030,861,1169
211079,4,410,186,224
211079,5,1620,675,945
211079,11,305,90,215
211079,19,432,201,231
211079,20,1188,474,714
211079,21,1014,479,535
211079,22,1014,479,535
211079,23,989,477,512
211079,24,291,147,144
211079,25,698,330,368
211079,31,25,2,23
211079,39,174,91,83
211079,40,524,239,285
211079,41,1321,472,849
211079,42,1321,472,849
211079,43,1041,384,657
211079,44,119,39,80
211079,45,922,345,577
211079,51,280,88,192
211079,59,258,110,148
211079,60,664,235,429
211088,1,3905,1148,2757
211088,2,2453,792,1661
211088,3,2400,765,1635
211088,4,597,178,419
211088,5,1803,587,1216
211088,11,53,27,26
211088,12,1452,356,1096
211088,19,116,43,73
211088,20,1687,544,1143
211088,21,2844,825,2019
211088,22,2260,707,1553
211088,23,2259,706,1553
211088,24,597,178,419
211088,25,1662,528,1134
211088,31,1,1,0
211088,32,584,118,466
211088,39,113,40,73
211088,40,1549,488,1061
211088,41,1061,323,738
211088,42,193,85,108
211088,43,141,59,82
211088,45,141,59,82
211088,51,52,26,26
211088,52,868,238,630
211088,59,3,3,0
211088,60,138,56,82
211130,1,294,195,99
211130,12,294,195,99
211130,21,170,124,46
211130,32,170,124,46
211130,41,124,71,53
211130,52,124,71,53
211149,1,159,59,100
211149,2,159,59,100
211149,3,159,59,100
211149,4,19,13,6
211149,5,140,46,94
211149,19,43,17,26
211149,20,97,29,68
211149,21,159,59,100
211149,22,159,59,100
211149,23,159,59,100
211149,24,19,13,6
211149,25,140,46,94
211149,39,43,17,26
211149,40,97,29,68
211158,1,10127,4294,5833
211158,2,9416,4098,5318
211158,3,9245,4025,5220
211158,4,2218,923,1295
211158,5,7027,3102,3925
211158,11,171,73,98
211158,12,711,196,515
211158,19,469,233,236
211158,20,6558,2869,3689
211158,21,9155,3919,5236
211158,22,8813,3813,5000
211158,23,8775,3801,4974
211158,24,2208,915,1293
211158,25,6567,2886,3681
211158,31,38,12,26
211158,32,342,106,236
211158,39,435,214,221
211158,40,6132,2672,3460
211158,41,972,375,597
211158,42,603,285,318
211158,43,470,224,246
211158,44,10,8,2
211158,45,460,216,244
211158,51,133,61,72
211158,52,369,90,279
211158,59,34,19,15
211158,60,426,197,229
211200,1,439,108,331
211200,2,439,108,331
211200,3,439,108,331
211200,4,187,51,136
211200,5,252,57,195
211200,19,43,5,38
211200,20,209,52,157
211200,21,439,108,331
211200,22,439,108,331
211200,23,439,108,331
211200,24,187,51,136
211200,25,252,57,195
211200,39,43,5,38
211200,40,209,52,157
211273,1,1738,83,1655
211273,2,1328,0,1328
211273,3,1316,0,1316
211273,4,365,0,365
211273,5,951,0,951
211273,11,12,0,12
211273,12,410,83,327
211273,19,12,0,12
211273,20,939,0,939
211273,21,1663,75,1588
211273,22,1315,0,1315
211273,23,1311,0,1311
211273,24,365,0,365
211273,25,946,0,946
211273,31,4,0,4
211273,32,348,75,273
211273,39,12,0,12
211273,40,934,0,934
211273,41,75,8,67
211273,42,13,0,13
211273,43,5,0,5
211273,45,5,0,5
211273,51,8,0,8
211273,52,62,8,54
211273,60,5,0,5
211291,1,3608,1723,1885
211291,2,3532,1687,1845
211291,3,3498,1668,1830
211291,4,933,449,484
211291,5,2565,1219,1346
211291,11,34,19,15
211291,12,76,36,40
211291,19,28,12,16
211291,20,2537,1207,1330
211291,21,3555,1706,1849
211291,22,3504,1677,1827
211291,23,3488,1666,1822
211291,24,933,449,484
211291,25,2555,1217,1338
211291,31,16,11,5
211291,32,51,29,22
211291,39,28,12,16
211291,40,2527,1205,1322
211291,41,53,17,36
211291,42,28,10,18
211291,43,10,2,8
211291,45,10,2,8
211291,51,18,8,10
211291,52,25,7,18
211291,60,10,2,8
211307,1,9880,4446,5434
211307,2,9880,4446,5434
211307,3,9347,4217,5130
211307,4,2345,1176,1169
211307,5,7002,3041,3961
211307,11,533,229,304
211307,19,1152,489,663
211307,20,5850,2552,3298
211307,21,3260,1608,1652
211307,22,3260,1608,1652
211307,23,3239,1599,1640
211307,24,1218,618,600
211307,25,2021,981,1040
211307,31,21,9,12
211307,39,367,158,209
211307,40,1654,823,831
211307,41,6620,2838,3782
211307,42,6620,2838,3782
211307,43,6108,2618,3490
211307,44,1127,558,569
211307,45,4981,2060,2921
211307,51,512,220,292
211307,59,785,331,454
211307,60,4196,1729,2467
211316,1,89,8,81
211316,2,89,8,81
211316,3,89,8,81
211316,4,40,4,36
211316,5,49,4,45
211316,20,49,4,45
211316,21,78,7,71
211316,22,78,7,71
211316,23,78,7,71
211316,24,35,3,32
211316,25,43,4,39
211316,40,43,4,39
211316,41,11,1,10
211316,42,11,1,10
211316,43,11,1,10
211316,44,5,1,4
211316,45,6,0,6
211316,60,6,0,6
211334,1,52,3,49
211334,2,52,3,49
211334,3,52,3,49
211334,4,31,3,28
211334,5,21,0,21
211334,20,21,0,21
211334,21,52,3,49
211334,22,52,3,49
211334,23,52,3,49
211334,24,31,3,28
211334,25,21,0,21
211334,40,21,0,21
211343,1,3686,1509,2177
211343,2,3686,1509,2177
211343,3,3286,1328,1958
211343,4,970,438,532
211343,5,2316,890,1426
211343,11,400,181,219
211343,19,257,112,145
211343,20,2059,778,1281
211343,21,1608,707,901
211343,22,1608,707,901
211343,23,1606,706,900
211343,24,651,288,363
211343,25,955,418,537
211343,31,2,1,1
211343,39,124,56,68
211343,40,831,362,469
211343,41,2078,802,1276
211343,42,2078,802,1276
211343,43,1680,622,1058
211343,44,319,150,169
211343,45,1361,472,889
211343,51,398,180,218
211343,59,133,56,77
211343,60,1228,416,812
211352,1,2448,753,1695
211352,2,1337,487,850
211352,3,1286,466,820
211352,4,304,103,201
211352,5,982,363,619
211352,11,51,21,30
211352,12,1111,266,845
211352,19,72,35,37
211352,20,910,328,582
211352,21,1303,457,846
211352,22,1228,435,793
211352,23,1228,435,793
211352,24,304,103,201
211352,25,924,332,592
211352,32,75,22,53
211352,39,66,32,34
211352,40,858,300,558
211352,41,1145,296,849
211352,42,109,52,57
211352,43,58,31,27
211352,45,58,31,27
211352,51,51,21,30
211352,52,1036,244,792
211352,59,6,3,3
211352,60,52,28,24
211361,1,8243,3806,4437
211361,2,6450,3122,3328
211361,3,6393,3089,3304
211361,4,1173,562,611
211361,5,5220,2527,2693
211361,11,57,33,24
211361,12,1793,684,1109
211361,19,646,281,365
211361,20,4574,2246,2328
211361,21,6527,3090,3437
211361,22,5649,2759,2890
211361,23,5638,2749,2889
211361,24,1164,555,609
211361,25,4474,2194,2280
211361,31,11,10,1
211361,32,878,331,547
211361,39,515,237,278
211361,40,3959,1957,2002
211361,41,1716,716,1000
211361,42,801,363,438
211361,43,755,340,415
211361,44,9,7,2
211361,45,746,333,413
211361,51,46,23,23
211361,52,915,353,562
211361,59,131,44,87
211361,60,615,289,326
211370,1,62,60,2
211370,12,62,60,2
211370,21,24,24,0
211370,32,24,24,0
211370,41,38,36,2
211370,52,38,36,2
211398,1,142,22,120
211398,2,142,22,120
211398,3,142,22,120
211398,4,42,6,36
211398,5,100,16,84
211398,19,17,3,14
211398,20,83,13,70
211398,21,141,22,119
211398,22,141,22,119
211398,23,141,22,119
211398,24,42,6,36
211398,25,99,16,83
211398,39,17,3,14
211398,40,82,13,69
211398,41,1,0,1
211398,42,1,0,1
211398,43,1,0,1
211398,45,1,0,1
211398,60,1,0,1
211431,1,3012,501,2511
211431,2,2100,374,1726
211431,3,1496,142,1354
211431,4,205,14,191
211431,5,1291,128,1163
211431,11,604,232,372
211431,12,912,127,785
211431,19,197,23,174
211431,20,1094,105,989
211431,21,1732,181,1551
211431,22,1079,92,987
211431,23,1065,87,978
211431,24,203,14,189
211431,25,862,73,789
211431,31,14,5,9
211431,32,653,89,564
211431,39,135,15,120
211431,40,727,58,669
211431,41,1280,320,960
211431,42,1021,282,739
211431,43,431,55,376
211431,44,2,0,2
211431,45,429,55,374
211431,51,590,227,363
211431,52,259,38,221
211431,59,62,8,54
211431,60,367,47,320
211440,1,12367,7740,4627
211440,2,5917,3420,2497
211440,3,5834,3365,2469
211440,4,1442,800,642
211440,5,4392,2565,1827
211440,11,83,55,28
211440,12,6450,4320,2130
211440,19,66,43,23
211440,20,4326,2522,1804
211440,21,11279,6941,4338
211440,22,5723,3303,2420
211440,23,5723,3303,2420
211440,24,1442,800,642
211440,25,4281,2503,1778
211440,32,5556,3638,1918
211440,39,65,42,23
211440,40,4216,2461,1755
211440,41,1088,799,289
211440,42,194,117,77
211440,43,111,62,49
211440,45,111,62,49
211440,51,83,55,28
211440,52,894,682,212
211440,59,1,1,0
211440,60,110,61,49
211468,1,1486,109,1377
211468,2,1286,90,1196
211468,3,1252,84,1168
211468,4,141,1,140
211468,5,1111,83,1028
211468,11,34,6,28
211468,12,200,19,181
211468,19,220,29,191
211468,20,891,54,837
211468,21,681,40,641
211468,22,640,33,607
211468,23,640,33,607
211468,24,140,1,139
211468,25,500,32,468
211468,32,41,7,34
211468,39,99,20,79
211468,40,401,12,389
211468,41,805,69,736
211468,42,646,57,589
211468,43,612,51,561
211468,44,1,0,1
211468,45,611,51,560
211468,51,34,6,28
211468,52,159,12,147
211468,59,121,9,112
211468,60,490,42,448
211477,1,1297,456,841
211477,2,1277,452,825
211477,3,1277,452,825
211477,4,127,57,70
211477,5,1150,395,755
211477,12,20,4,16
211477,20,1150,395,755
211477,21,638,248,390
211477,22,638,248,390
211477,23,638,248,390
211477,24,95,44,51
211477,25,543,204,339
211477,40,543,204,339
211477,41,659,208,451
211477,42,639,204,435
211477,43,639,204,435
211477,44,32,13,19
211477,45,607,191,416
211477,52,20,4,16
211477,60,607,191,416
211556,1,2170,331,1839
211556,2,973,88,885
211556,3,616,11,605
211556,4,92,0,92
211556,5,524,11,513
211556,11,357,77,280
211556,12,1197,243,954
211556,19,64,0,64
211556,20,460,11,449
211556,21,1488,205,1283
211556,22,611,26,585
211556,23,533,1,532
211556,24,92,0,92
211556,25,441,1,440
211556,31,78,25,53
211556,32,877,179,698
211556,39,57,0,57
211556,40,384,1,383
211556,41,682,126,556
211556,42,362,62,300
211556,43,83,10,73
211556,45,83,10,73
211556,51,279,52,227
211556,52,320,64,256
211556,59,7,0,7
211556,60,76,10,66
211583,1,2189,635,1554
211583,2,1517,491,1026
211583,3,1510,489,1021
211583,4,190,78,112
211583,5,1320,411,909
211583,11,7,2,5
211583,12,672,144,528
211583,19,234,63,171
211583,20,1086,348,738
211583,21,1442,462,980
211583,22,1165,411,754
211583,23,1165,411,754
211583,24,190,78,112
211583,25,975,333,642
211583,32,277,51,226
211583,39,134,42,92
211583,40,841,291,550
211583,41,747,173,574
211583,42,352,80,272
211583,43,345,78,267
211583,45,345,78,267
211583,51,7,2,5
211583,52,395,93,302
211583,59,100,21,79
211583,60,245,57,188
211608,1,1212,584,628
211608,2,1179,570,609
211608,3,1178,569,609
211608,4,346,174,172
211608,5,832,395,437
211608,11,1,1,0
211608,12,33,14,19
211608,19,63,32,31
211608,20,769,363,406
211608,21,1123,547,576
211608,22,1114,544,570
211608,23,1114,544,570
211608,24,344,173,171
211608,25,770,371,399
211608,32,9,3,6
211608,39,58,32,26
211608,40,712,339,373
211608,41,89,37,52
211608,42,65,26,39
211608,43,64,25,39
211608,44,2,1,1
211608,45,62,24,38
211608,51,1,1,0
211608,52,24,11,13
211608,59,5,0,5
211608,60,57,24,33
211617,1,718,264,454
211617,2,718,264,454
211617,3,718,264,454
211617,4,133,38,95
211617,5,585,226,359
211617,19,36,8,28
211617,20,549,218,331
211617,21,718,264,454
211617,22,718,264,454
211617,23,718,264,454
211617,24,133,38,95
211617,25,585,226,359
211617,39,36,8,28
211617,40,549,218,331
211635,1,181,15,166
211635,2,181,15,166
211635,3,181,15,166
211635,5,181,15,166
211635,20,181,15,166
211635,21,181,15,166
211635,22,181,15,166
211635,23,181,15,166
211635,25,181,15,166
211635,40,181,15,166
211644,1,6080,2128,3952
211644,2,5199,1934,3265
211644,3,5046,1897,3149
211644,4,996,392,604
211644,5,4050,1505,2545
211644,11,153,37,116
211644,12,881,194,687
211644,19,475,187,288
211644,20,3575,1318,2257
211644,21,4580,1755,2825
211644,22,4373,1715,2658
211644,23,4372,1715,2657
211644,24,964,381,583
211644,25,3408,1334,2074
211644,31,1,0,1
211644,32,207,40,167
211644,39,317,127,190
211644,40,3091,1207,1884
211644,41,1500,373,1127
211644,42,826,219,607
211644,43,674,182,492
211644,44,32,11,21
211644,45,642,171,471
211644,51,152,37,115
211644,52,674,154,520
211644,59,158,60,98
211644,60,484,111,373
211750,1,109,38,71
211750,2,109,38,71
211750,3,109,38,71
211750,4,1,1,0
211750,5,108,37,71
211750,20,108,37,71
211750,21,109,38,71
211750,22,109,38,71
211750,23,109,38,71
211750,24,1,1,0
211750,25,108,37,71
211750,40,108,37,71
211802,1,231,66,165
211802,2,231,66,165
211802,3,231,66,165
211802,4,39,18,21
211802,5,192,48,144
211802,20,192,48,144
211802,21,214,56,158
211802,22,214,56,158
211802,23,214,56,158
211802,24,29,11,18
211802,25,185,45,140
211802,40,185,45,140
211802,41,17,10,7
211802,42,17,10,7
211802,43,17,10,7
211802,44,10,7,3
211802,45,7,3,4
211802,60,7,3,4
211820,1,107,15,92
211820,2,107,15,92
211820,3,107,15,92
211820,4,14,1,13
211820,5,93,14,79
211820,19,19,6,13
211820,20,74,8,66
211820,21,103,14,89
211820,22,103,14,89
211820,23,103,14,89
211820,24,14,1,13
211820,25,89,13,76
211820,39,18,6,12
211820,40,71,7,64
211820,41,4,1,3
211820,42,4,1,3
211820,43,4,1,3
211820,45,4,1,3
211820,59,1,0,1
211820,60,3,1,2
211893,1,168,93,75
211893,2,122,65,57
211893,3,122,65,57
211893,4,29,14,15
211893,5,93,51,42
211893,12,46,28,18
211893,19,5,2,3
211893,20,88,49,39
211893,21,168,93,75
211893,22,122,65,57
211893,23,122,65,57
211893,24,29,14,15
211893,25,93,51,42
211893,32,46,28,18
211893,39,5,2,3
211893,40,88,49,39
211909,1,163,161,2
211909,2,163,161,2
211909,3,163,161,2
211909,4,70,69,1
211909,5,93,92,1
211909,20,93,92,1
211909,21,116,115,1
211909,22,116,115,1
211909,23,116,115,1
211909,24,53,52,1
211909,25,63,63,0
211909,40,63,63,0
211909,41,47,46,1
211909,42,47,46,1
211909,43,47,46,1
211909,44,17,17,0
211909,45,30,29,1
211909,60,30,29,1
211927,1,13198,5824,7374
211927,2,13198,5824,7374
211927,3,13198,5824,7374
211927,4,2516,1236,1280
211927,5,10682,4588,6094
211927,19,1103,477,626
211927,20,9579,4111,5468
211927,21,4844,2481,2363
211927,22,4844,2481,2363
211927,23,4844,2481,2363
211927,24,1269,667,602
211927,25,3575,1814,1761
211927,39,397,211,186
211927,40,3178,1603,1575
211927,41,8354,3343,5011
211927,42,8354,3343,5011
211927,43,8354,3343,5011
211927,44,1247,569,678
211927,45,7107,2774,4333
211927,59,706,266,440
211927,60,6401,2508,3893
211981,1,2023,750,1273
211981,2,1807,661,1146
211981,3,1774,640,1134
211981,4,416,140,276
211981,5,1358,500,858
211981,11,33,21,12
211981,12,216,89,127
211981,19,96,46,50
211981,20,1262,454,808
211981,21,1681,603,1078
211981,22,1609,573,1036
211981,23,1607,572,1035
211981,24,416,140,276
211981,25,1191,432,759
211981,31,2,1,1
211981,32,72,30,42
211981,39,87,41,46
211981,40,1104,391,713
211981,41,342,147,195
211981,42,198,88,110
211981,43,167,68,99
211981,45,167,68,99
211981,51,31,20,11
211981,52,144,59,85
211981,59,9,5,4
211981,60,158,63,95
212009,1,2396,1054,1342
212009,2,2396,1054,1342
212009,3,2352,1037,1315
212009,4,626,270,356
212009,5,1726,767,959
212009,11,44,17,27
212009,19,16,5,11
212009,20,1710,762,948
212009,21,2356,1035,1321
212009,22,2356,1035,1321
212009,23,2339,1031,1308
212009,24,626,270,356
212009,25,1713,761,952
212009,31,17,4,13
212009,39,16,5,11
212009,40,1697,756,941
212009,41,40,19,21
212009,42,40,19,21
212009,43,13,6,7
212009,45,13,6,7
212009,51,27,13,14
212009,60,13,6,7
212018,1,142,75,67
212018,12,142,75,67
212018,21,142,75,67
212018,32,142,75,67
212045,1,274,94,180
212045,2,274,94,180
212045,3,271,94,177
212045,4,79,26,53
212045,5,192,68,124
212045,11,3,0,3
212045,19,61,16,45
212045,20,131,52,79
212045,21,266,93,173
212045,22,266,93,173
212045,23,263,93,170
212045,24,74,26,48
212045,25,189,67,122
212045,31,3,0,3
212045,39,61,16,45
212045,40,128,51,77
212045,41,8,1,7
212045,42,8,1,7
212045,43,8,1,7
212045,44,5,0,5
212045,45,3,1,2
212045,60,3,1,2
212054,1,26132,12625,13507
212054,2,16616,8863,7753
212054,3,16257,8697,7560
212054,4,3039,1760,1279
212054,5,13218,6937,6281
212054,11,359,166,193
212054,12,9516,3762,5754
212054,19,1498,599,899
212054,20,11720,6338,5382
212054,21,18909,10086,8823
212054,22,13977,7920,6057
212054,23,13906,7885,6021
212054,24,3022,1753,1269
212054,25,10884,6132,4752
212054,31,71,35,36
212054,32,4932,2166,2766
212054,39,1009,489,520
212054,40,9875,5643,4232
212054,41,7223,2539,4684
212054,42,2639,943,1696
212054,43,2351,812,1539
212054,44,17,7,10
212054,45,2334,805,1529
212054,51,288,131,157
212054,52,4584,1596,2988
212054,59,489,110,379
212054,60,1845,695,1150
212072,1,122,23,99
212072,2,122,23,99
212072,3,122,23,99
212072,4,24,4,20
212072,5,98,19,79
212072,19,18,2,16
212072,20,80,17,63
212072,21,110,20,90
212072,22,110,20,90
212072,23,110,20,90
212072,24,24,4,20
212072,25,86,16,70
212072,39,18,2,16
212072,40,68,14,54
212072,41,12,3,9
212072,42,12,3,9
212072,43,12,3,9
212072,45,12,3,9
212072,60,12,3,9
212090,1,600,162,438
212090,2,600,162,438
212090,3,600,162,438
212090,4,46,6,40
212090,5,554,156,398
212090,19,90,26,64
212090,20,464,130,334
212090,21,460,92,368
212090,22,460,92,368
212090,23,460,92,368
212090,24,46,6,40
212090,25,414,86,328
212090,39,61,8,53
212090,40,353,78,275
212090,41,140,70,70
212090,42,140,70,70
212090,43,140,70,70
212090,45,140,70,70
212090,59,29,18,11
212090,60,111,52,59
212106,1,9904,4058,5846
212106,2,5970,2466,3504
212106,3,5944,2450,3494
212106,4,1547,573,974
212106,5,4397,1877,2520
212106,11,26,16,10
212106,12,3934,1592,2342
212106,19,148,79,69
212106,20,4249,1798,2451
212106,21,9008,3655,5353
212106,22,5740,2337,3403
212106,23,5736,2333,3403
212106,24,1537,568,969
212106,25,4199,1765,2434
212106,31,4,4,0
212106,32,3268,1318,1950
212106,39,142,77,65
212106,40,4057,1688,2369
212106,41,896,403,493
212106,42,230,129,101
212106,43,208,117,91
212106,44,10,5,5
212106,45,198,112,86
212106,51,22,12,10
212106,52,666,274,392
212106,59,6,2,4
212106,60,192,110,82
212115,1,6778,2986,3792
212115,2,6186,2762,3424
212115,3,6109,2732,3377
212115,4,1212,554,658
212115,5,4897,2178,2719
212115,11,77,30,47
212115,12,592,224,368
212115,19,646,287,359
212115,20,4251,1891,2360
212115,21,5794,2551,3243
212115,22,5495,2423,3072
212115,23,5460,2410,3050
212115,24,1143,512,631
212115,25,4317,1898,2419
212115,31,35,13,22
212115,32,299,128,171
212115,39,577,256,321
212115,40,3740,1642,2098
212115,41,984,435,549
212115,42,691,339,352
212115,43,649,322,327
212115,44,69,42,27
212115,45,580,280,300
212115,51,42,17,25
212115,52,293,96,197
212115,59,69,31,38
212115,60,511,249,262
212133,1,4004,1273,2731
212133,2,2541,758,1783
212133,3,2458,729,1729
212133,4,450,136,314
212133,5,2008,593,1415
212133,11,83,29,54
212133,12,1463,515,948
212133,19,271,62,209
212133,20,1737,531,1206
212133,21,2808,935,1873
212133,22,2076,659,1417
212133,23,2075,659,1416
212133,24,433,133,300
212133,25,1642,526,1116
212133,31,1,0,1
212133,32,732,276,456
212133,39,141,42,99
212133,40,1501,484,1017
212133,41,1196,338,858
212133,42,465,99,366
212133,43,383,70,313
212133,44,17,3,14
212133,45,366,67,299
212133,51,82,29,53
212133,52,731,239,492
212133,59,130,20,110
212133,60,236,47,189
212160,1,7098,2738,4360
212160,2,5864,2445,3419
212160,3,5756,2415,3341
212160,4,1086,454,632
212160,5,4670,1961,2709
212160,11,108,30,78
212160,12,1234,293,941
212160,19,461,204,257
212160,20,4209,1757,2452
212160,21,5770,2359,3411
212160,22,5320,2241,3079
212160,23,5316,2240,3076
212160,24,1073,450,623
212160,25,4243,1790,2453
212160,31,4,1,3
212160,32,450,118,332
212160,39,428,186,242
212160,40,3815,1604,2211
212160,41,1328,379,949
212160,42,544,204,340
212160,43,440,175,265
212160,44,13,4,9
212160,45,427,171,256
212160,51,104,29,75
212160,52,784,175,609
212160,59,33,18,15
212160,60,394,153,241
212197,1,1892,671,1221
212197,2,1844,669,1175
212197,3,1808,656,1152
212197,4,530,224,306
212197,5,1278,432,846
212197,11,36,13,23
212197,12,48,2,46
212197,19,25,8,17
212197,20,1253,424,829
212197,21,1856,655,1201
212197,22,1808,653,1155
212197,23,1796,648,1148
212197,24,530,224,306
212197,25,1266,424,842
212197,31,12,5,7
212197,32,48,2,46
212197,39,24,7,17
212197,40,1242,417,825
212197,41,36,16,20
212197,42,36,16,20
212197,43,12,8,4
212197,45,12,8,4
212197,51,24,8,16
212197,59,1,1,0
212197,60,11,7,4
212212,1,39,2,37
212212,2,39,2,37
212212,3,39,2,37
212212,4,21,2,19
212212,5,18,0,18
212212,20,18,0,18
212212,21,39,2,37
212212,22,39,2,37
212212,23,39,2,37
212212,24,21,2,19
212212,25,18,0,18
212212,40,18,0,18
212230,1,31,0,31
212230,2,31,0,31
212230,3,31,0,31
212230,4,17,0,17
212230,5,14,0,14
212230,20,14,0,14
212230,21,31,0,31
212230,22,31,0,31
212230,23,31,0,31
212230,24,17,0,17
212230,25,14,0,14
212230,40,14,0,14
212267,1,135,7,128
212267,2,135,7,128
212267,3,135,7,128
212267,4,60,2,58
212267,5,75,5,70
212267,20,75,5,70
212267,21,94,4,90
212267,22,94,4,90
212267,23,94,4,90
212267,24,42,1,41
212267,25,52,3,49
212267,40,52,3,49
212267,41,41,3,38
212267,42,41,3,38
212267,43,41,3,38
212267,44,18,1,17
212267,45,23,2,21
212267,60,23,2,21
212276,1,112,8,104
212276,2,112,8,104
212276,3,112,8,104
212276,4,54,5,49
212276,5,58,3,55
212276,20,58,3,55
212276,21,83,7,76
212276,22,83,7,76
212276,23,83,7,76
212276,24,47,4,43
212276,25,36,3,33
212276,40,36,3,33
212276,41,29,1,28
212276,42,29,1,28
212276,43,29,1,28
212276,44,7,1,6
212276,45,22,0,22
212276,60,22,0,22
212285,1,46,2,44
212285,2,46,2,44
212285,3,46,2,44
212285,4,27,2,25
212285,5,19,0,19
212285,20,19,0,19
212285,21,43,2,41
212285,22,43,2,41
212285,23,43,2,41
212285,24,26,2,24
212285,25,17,0,17
212285,40,17,0,17
212285,41,3,0,3
212285,42,3,0,3
212285,43,3,0,3
212285,44,1,0,1
212285,45,2,0,2
212285,60,2,0,2
212294,1,50,0,50
212294,2,50,0,50
212294,3,50,0,50
212294,4,27,0,27
212294,5,23,0,23
212294,20,23,0,23
212294,21,50,0,50
212294,22,50,0,50
212294,23,50,0,50
212294,24,27,0,27
212294,25,23,0,23
212294,40,23,0,23
212300,1,57,1,56
212300,2,57,1,56
212300,3,57,1,56
212300,4,22,1,21
212300,5,35,0,35
212300,20,35,0,35
212300,21,57,1,56
212300,22,57,1,56
212300,23,57,1,56
212300,24,22,1,21
212300,25,35,0,35
212300,40,35,0,35
212328,1,142,12,130
212328,2,142,12,130
212328,3,142,12,130
212328,4,55,1,54
212328,5,87,11,76
212328,20,87,11,76
212328,21,103,8,95
212328,22,103,8,95
212328,23,103,8,95
212328,24,42,1,41
212328,25,61,7,54
212328,40,61,7,54
212328,41,39,4,35
212328,42,39,4,35
212328,43,39,4,35
212328,44,13,0,13
212328,45,26,4,22
212328,60,26,4,22
212337,1,169,8,161
212337,2,169,8,161
212337,3,169,8,161
212337,4,52,2,50
212337,5,117,6,111
212337,20,117,6,111
212337,21,133,5,128
212337,22,133,5,128
212337,23,133,5,128
212337,24,43,2,41
212337,25,90,3,87
212337,40,90,3,87
212337,41,36,3,33
212337,42,36,3,33
212337,43,36,3,33
212337,44,9,0,9
212337,45,27,3,24
212337,60,27,3,24
212355,1,182,8,174
212355,2,182,8,174
212355,3,182,8,174
212355,4,94,4,90
212355,5,88,4,84
212355,20,88,4,84
212355,21,140,6,134
212355,22,140,6,134
212355,23,140,6,134
212355,24,75,3,72
212355,25,65,3,62
212355,40,65,3,62
212355,41,42,2,40
212355,42,42,2,40
212355,43,42,2,40
212355,44,19,1,18
212355,45,23,1,22
212355,60,23,1,22
212373,1,74,6,68
212373,2,74,6,68
212373,3,74,6,68
212373,4,28,3,25
212373,5,46,3,43
212373,20,46,3,43
212373,21,53,6,47
212373,22,53,6,47
212373,23,53,6,47
212373,24,20,3,17
212373,25,33,3,30
212373,40,33,3,30
212373,41,21,0,21
212373,42,21,0,21
212373,43,21,0,21
212373,44,8,0,8
212373,45,13,0,13
212373,60,13,0,13
212382,1,164,12,152
212382,2,164,12,152
212382,3,164,12,152
212382,4,49,3,46
212382,5,115,9,106
212382,20,115,9,106
212382,21,123,9,114
212382,22,123,9,114
212382,23,123,9,114
212382,24,37,2,35
212382,25,86,7,79
212382,40,86,7,79
212382,41,41,3,38
212382,42,41,3,38
212382,43,41,3,38
212382,44,12,1,11
212382,45,29,2,27
212382,60,29,2,27
212391,1,104,9,95
212391,2,104,9,95
212391,3,104,9,95
212391,4,59,5,54
212391,5,45,4,41
212391,20,45,4,41
212391,21,67,8,59
212391,22,67,8,59
212391,23,67,8,59
212391,24,41,5,36
212391,25,26,3,23
212391,40,26,3,23
212391,41,37,1,36
212391,42,37,1,36
212391,43,37,1,36
212391,44,18,0,18
212391,45,19,1,18
212391,60,19,1,18
212425,1,209,54,155
212425,2,209,54,155
212425,3,208,53,155
212425,4,62,18,44
212425,5,146,35,111
212425,11,1,1,0
212425,19,8,2,6
212425,20,138,33,105
212425,21,122,33,89
212425,22,122,33,89
212425,23,122,33,89
212425,24,54,13,41
212425,25,68,20,48
212425,39,6,2,4
212425,40,62,18,44
212425,41,87,21,66
212425,42,87,21,66
212425,43,86,20,66
212425,44,8,5,3
212425,45,78,15,63
212425,51,1,1,0
212425,59,2,0,2
212425,60,76,15,61
212434,1,216,196,20
212434,2,216,196,20
212434,3,216,196,20
212434,4,77,70,7
212434,5,139,126,13
212434,20,139,126,13
212434,21,216,196,20
212434,22,216,196,20
212434,23,216,196,20
212434,24,77,70,7
212434,25,139,126,13
212434,40,139,126,13
212443,1,113,67,46
212443,12,113,67,46
212443,21,31,13,18
212443,32,31,13,18
212443,41,82,54,28
212443,52,82,54,28
212452,1,380,190,190
212452,2,269,113,156
212452,3,236,106,130
212452,4,27,14,13
212452,5,209,92,117
212452,11,33,7,26
212452,12,111,77,34
212452,20,209,92,117
212452,21,331,171,160
212452,22,229,103,126
212452,23,228,102,126
212452,24,21,12,9
212452,25,207,90,117
212452,31,1,1,0
212452,32,102,68,34
212452,40,207,90,117
212452,41,49,19,30
212452,42,40,10,30
212452,43,8,4,4
212452,44,6,2,4
212452,45,2,2,0
212452,51,32,6,26
212452,52,9,9,0
212452,60,2,2,0
212568,1,208,41,167
212568,2,208,41,167
212568,3,208,41,167
212568,4,20,3,17
212568,5,188,38,150
212568,20,188,38,150
212568,21,208,41,167
212568,22,208,41,167
212568,23,208,41,167
212568,24,20,3,17
212568,25,188,38,150
212568,40,188,38,150
212577,1,2297,1111,1186
212577,2,2297,1111,1186
212577,3,2262,1102,1160
212577,4,605,302,303
212577,5,1657,800,857
212577,11,35,9,26
212577,19,11,6,5
212577,20,1646,794,852
212577,21,2258,1099,1159
212577,22,2258,1099,1159
212577,23,2256,1098,1158
212577,24,604,302,302
212577,25,1652,796,856
212577,31,2,1,1
212577,39,11,6,5
212577,40,1641,790,851
212577,41,39,12,27
212577,42,39,12,27
212577,43,6,4,2
212577,44,1,0,1
212577,45,5,4,1
212577,51,33,8,25
212577,60,5,4,1
212601,1,4211,1805,2406
212601,2,3111,1328,1783
212601,3,2697,1135,1562
212601,4,622,272,350
212601,5,2075,863,1212
212601,11,414,193,221
212601,12,1100,477,623
212601,19,148,69,79
212601,20,1927,794,1133
212601,21,3111,1357,1754
212601,22,2556,1082,1474
212601,23,2551,1080,1471
212601,24,611,265,346
212601,25,1940,815,1125
212601,31,5,2,3
212601,32,555,275,280
212601,39,115,65,50
212601,40,1825,750,1075
212601,41,1100,448,652
212601,42,555,246,309
212601,43,146,55,91
212601,44,11,7,4
212601,45,135,48,87
212601,51,409,191,218
212601,52,545,202,343
212601,59,33,4,29
212601,60,102,44,58
212656,1,1852,845,1007
212656,2,1541,738,803
212656,3,1532,732,800
212656,4,338,174,164
212656,5,1194,558,636
212656,11,9,6,3
212656,12,311,107,204
212656,19,49,25,24
212656,20,1145,533,612
212656,21,1669,766,903
212656,22,1475,704,771
212656,23,1474,704,770
212656,24,334,173,161
212656,25,1140,531,609
212656,31,1,0,1
212656,32,194,62,132
212656,39,47,24,23
212656,40,1093,507,586
212656,41,183,79,104
212656,42,66,34,32
212656,43,58,28,30
212656,44,4,1,3
212656,45,54,27,27
212656,51,8,6,2
212656,52,117,45,72
212656,59,2,1,1
212656,60,52,26,26
212674,1,2524,1204,1320
212674,2,2524,1204,1320
212674,3,2520,1201,1319
212674,4,703,337,366
212674,5,1817,864,953
212674,11,4,3,1
212674,19,14,5,9
212674,20,1803,859,944
212674,21,2517,1200,1317
212674,22,2517,1200,1317
212674,23,2513,1197,1316
212674,24,703,337,366
212674,25,1810,860,950
212674,31,4,3,1
212674,39,14,5,9
212674,40,1796,855,941
212674,41,7,4,3
212674,42,7,4,3
212674,43,7,4,3
212674,45,7,4,3
212674,60,7,4,3
212683,1,90,4,86
212683,2,90,4,86
212683,3,90,4,86
212683,4,45,1,44
212683,5,45,3,42
212683,20,45,3,42
212683,21,72,4,68
212683,22,72,4,68
212683,23,72,4,68
212683,24,38,1,37
212683,25,34,3,31
212683,40,34,3,31
212683,41,18,0,18
212683,42,18,0,18
212683,43,18,0,18
212683,44,7,0,7
212683,45,11,0,11
212683,60,11,0,11
212708,1,141,24,117
212708,2,141,24,117
212708,3,141,24,117
212708,4,43,8,35
212708,5,98,16,82
212708,20,98,16,82
212708,21,106,20,86
212708,22,106,20,86
212708,23,106,20,86
212708,24,37,7,30
212708,25,69,13,56
212708,40,69,13,56
212708,41,35,4,31
212708,42,35,4,31
212708,43,35,4,31
212708,44,6,1,5
212708,45,29,3,26
212708,60,29,3,26
212753,1,211,7,204
212753,2,211,7,204
212753,3,211,7,204
212753,4,105,2,103
212753,5,106,5,101
212753,20,106,5,101
212753,21,161,4,157
212753,22,161,4,157
212753,23,161,4,157
212753,24,85,1,84
212753,25,76,3,73
212753,40,76,3,73
212753,41,50,3,47
212753,42,50,3,47
212753,43,50,3,47
212753,44,20,1,19
212753,45,30,2,28
212753,60,30,2,28
212771,1,673,175,498
212771,2,11,3,8
212771,3,9,2,7
212771,5,9,2,7
212771,11,2,1,1
212771,12,662,172,490
212771,20,9,2,7
212771,21,51,14,37
212771,32,51,14,37
212771,41,622,161,461
212771,42,11,3,8
212771,43,9,2,7
212771,45,9,2,7
212771,51,2,1,1
212771,52,611,158,453
212771,60,9,2,7
212805,1,2491,1226,1265
212805,2,2491,1226,1265
212805,3,2455,1210,1245
212805,4,648,316,332
212805,5,1807,894,913
212805,11,36,16,20
212805,19,32,19,13
212805,20,1775,875,900
212805,21,2438,1194,1244
212805,22,2438,1194,1244
212805,23,2434,1192,1242
212805,24,648,316,332
212805,25,1786,876,910
212805,31,4,2,2
212805,39,32,19,13
212805,40,1754,857,897
212805,41,53,32,21
212805,42,53,32,21
212805,43,21,18,3
212805,45,21,18,3
212805,51,32,14,18
212805,60,21,18,3
212832,1,2371,580,1791
212832,2,2062,515,1547
212832,3,2031,508,1523
212832,4,211,70,141
212832,5,1820,438,1382
212832,11,31,7,24
212832,12,309,65,244
212832,19,279,42,237
212832,20,1541,396,1145
212832,21,1998,500,1498
212832,22,1851,465,1386
212832,23,1851,465,1386
212832,24,211,70,141
212832,25,1640,395,1245
212832,32,147,35,112
212832,39,241,35,206
212832,40,1399,360,1039
212832,41,373,80,293
212832,42,211,50,161
212832,43,180,43,137
212832,45,180,43,137
212832,51,31,7,24
212832,52,162,30,132
212832,59,38,7,31
212832,60,142,36,106
212869,1,1627,281,1346
212869,2,1627,281,1346
212869,3,1603,276,1327
212869,4,261,71,190
212869,5,1342,205,1137
212869,11,24,5,19
212869,19,413,63,350
212869,20,929,142,787
212869,21,1039,197,842
212869,22,1039,197,842
212869,23,1038,196,842
212869,24,249,70,179
212869,25,789,126,663
212869,31,1,1,0
212869,39,186,26,160
212869,40,603,100,503
212869,41,588,84,504
212869,42,588,84,504
212869,43,565,80,485
212869,44,12,1,11
212869,45,553,79,474
212869,51,23,4,19
212869,59,227,37,190
212869,60,326,42,284
212878,1,20780,7745,13035
212878,2,20780,7745,13035
212878,3,13321,4470,8851
212878,4,2051,812,1239
212878,5,11270,3658,7612
212878,11,7459,3275,4184
212878,19,455,154,301
212878,20,10815,3504,7311
212878,21,6506,2934,3572
212878,22,6506,2934,3572
212878,23,3898,1642,2256
212878,24,1030,429,601
212878,25,2868,1213,1655
212878,31,2608,1292,1316
212878,39,197,86,111
212878,40,2671,1127,1544
212878,41,14274,4811,9463
212878,42,14274,4811,9463
212878,43,9423,2828,6595
212878,44,1021,383,638
212878,45,8402,2445,5957
212878,51,4851,1983,2868
212878,59,258,68,190
212878,60,8144,2377,5767
212911,1,1187,568,619
212911,2,1187,568,619
212911,3,1187,568,619
212911,4,330,157,173
212911,5,857,411,446
212911,19,2,1,1
212911,20,855,410,445
212911,21,1187,568,619
212911,22,1187,568,619
212911,23,1187,568,619
212911,24,330,157,173
212911,25,857,411,446
212911,39,2,1,1
212911,40,855,410,445
212975,1,206,147,59
212975,2,206,147,59
212975,3,206,147,59
212975,4,85,60,25
212975,5,121,87,34
212975,20,121,87,34
212975,21,203,144,59
212975,22,203,144,59
212975,23,203,144,59
212975,24,84,59,25
212975,25,119,85,34
212975,40,119,85,34
212975,41,3,3,0
212975,42,3,3,0
212975,43,3,3,0
212975,44,1,1,0
212975,45,2,2,0
212975,60,2,2,0
212984,1,2956,766,2190
212984,2,2182,571,1611
212984,3,2018,520,1498
212984,4,291,77,214
212984,5,1727,443,1284
212984,11,164,51,113
212984,12,774,195,579
212984,19,215,54,161
212984,20,1512,389,1123
212984,21,1553,392,1161
212984,22,1499,379,1120
212984,23,1495,378,1117
212984,24,288,75,213
212984,25,1207,303,904
212984,31,4,1,3
212984,32,54,13,41
212984,39,185,43,142
212984,40,1022,260,762
212984,41,1403,374,1029
212984,42,683,192,491
212984,43,523,142,381
212984,44,3,2,1
212984,45,520,140,380
212984,51,160,50,110
212984,52,720,182,538
212984,59,30,11,19
212984,60,490,129,361
212993,1,86,43,43
212993,2,86,43,43
212993,3,86,43,43
212993,4,17,9,8
212993,5,69,34,35
212993,20,69,34,35
212993,21,86,43,43
212993,22,86,43,43
212993,23,86,43,43
212993,24,17,9,8
212993,25,69,34,35
212993,40,69,34,35
213002,1,557,223,334
213002,2,557,223,334
213002,3,557,223,334
213002,4,44,23,21
213002,5,513,200,313
213002,19,95,30,65
213002,20,418,170,248
213002,21,557,223,334
213002,22,557,223,334
213002,23,557,223,334
213002,24,44,23,21
213002,25,513,200,313
213002,39,95,30,65
213002,40,418,170,248
213011,1,3675,906,2769
213011,2,2560,624,1936
213011,3,2452,600,1852
213011,4,289,106,183
213011,5,2163,494,1669
213011,11,108,24,84
213011,12,1115,282,833
213011,19,230,60,170
213011,20,1933,434,1499
213011,21,1349,410,939
213011,22,1184,370,814
213011,23,1183,369,814
213011,24,287,106,181
213011,25,896,263,633
213011,31,1,1,0
213011,32,165,40,125
213011,39,82,31,51
213011,40,814,232,582
213011,41,2326,496,1830
213011,42,1376,254,1122
213011,43,1269,231,1038
213011,44,2,0,2
213011,45,1267,231,1036
213011,51,107,23,84
213011,52,950,242,708
213011,59,148,29,119
213011,60,1119,202,917
213020,1,14925,6646,8279
213020,2,12668,5721,6947
213020,3,12405,5587,6818
213020,4,2766,1165,1601
213020,5,9639,4422,5217
213020,11,263,134,129
213020,12,2257,925,1332
213020,19,626,342,284
213020,20,9013,4080,4933
213020,21,12965,5811,7154
213020,22,11944,5355,6589
213020,23,11886,5342,6544
213020,24,2756,1160,1596
213020,25,9130,4182,4948
213020,31,58,13,45
213020,32,1021,456,565
213020,39,601,332,269
213020,40,8529,3850,4679
213020,41,1960,835,1125
213020,42,724,366,358
213020,43,519,245,274
213020,44,10,5,5
213020,45,509,240,269
213020,51,205,121,84
213020,52,1236,469,767
213020,59,25,10,15
213020,60,484,230,254
213163,1,71,15,56
213163,2,71,15,56
213163,3,71,15,56
213163,5,71,15,56
213163,20,71,15,56
213163,21,71,15,56
213163,22,71,15,56
213163,23,71,15,56
213163,25,71,15,56
213163,40,71,15,56
213181,1,453,38,415
213181,2,453,38,415
213181,3,453,38,415
213181,4,116,11,105
213181,5,337,27,310
213181,19,62,7,55
213181,20,275,20,255
213181,21,453,38,415
213181,22,453,38,415
213181,23,453,38,415
213181,24,116,11,105
213181,25,337,27,310
213181,39,62,7,55
213181,40,275,20,255
213215,1,193,20,173
213215,2,193,20,173
213215,3,193,20,173
213215,4,141,16,125
213215,5,52,4,48
213215,20,52,4,48
213215,21,147,15,132
213215,22,147,15,132
213215,23,147,15,132
213215,24,109,12,97
213215,25,38,3,35
213215,40,38,3,35
213215,41,46,5,41
213215,42,46,5,41
213215,43,46,5,41
213215,44,32,4,28
213215,45,14,1,13
213215,60,14,1,13
213233,1,427,312,115
213233,2,427,312,115
213233,3,427,312,115
213233,4,156,125,31
213233,5,271,187,84
213233,19,63,33,30
213233,20,208,154,54
213233,21,405,303,102
213233,22,405,303,102
213233,23,405,303,102
213233,24,156,125,31
213233,25,249,178,71
213233,39,54,29,25
213233,40,195,149,46
213233,41,22,9,13
213233,42,22,9,13
213233,43,22,9,13
213233,45,22,9,13
213233,59,9,4,5
213233,60,13,5,8
213251,1,1635,734,901
213251,2,1625,730,895
213251,3,1503,683,820
213251,4,391,175,216
213251,5,1112,508,604
213251,11,122,47,75
213251,12,10,4,6
213251,19,25,11,14
213251,20,1087,497,590
213251,21,1565,699,866
213251,22,1555,695,860
213251,23,1500,682,818
213251,24,391,175,216
213251,25,1109,507,602
213251,31,55,13,42
213251,32,10,4,6
213251,39,24,11,13
213251,40,1085,496,589
213251,41,70,35,35
213251,42,70,35,35
213251,43,3,1,2
213251,45,3,1,2
213251,51,67,34,33
213251,59,1,0,1
213251,60,2,1,1
213303,1,1595,650,945
213303,2,1574,644,930
213303,3,1550,630,920
213303,4,323,125,198
213303,5,1227,505,722
213303,11,24,14,10
213303,12,21,6,15
213303,19,123,63,60
213303,20,1104,442,662
213303,21,1317,553,764
213303,22,1304,549,755
213303,23,1303,549,754
213303,24,311,122,189
213303,25,992,427,565
213303,31,1,0,1
213303,32,13,4,9
213303,39,105,56,49
213303,40,887,371,516
213303,41,278,97,181
213303,42,270,95,175
213303,43,247,81,166
213303,44,12,3,9
213303,45,235,78,157
213303,51,23,14,9
213303,52,8,2,6
213303,59,18,7,11
213303,60,217,71,146
213312,1,223,61,162
213312,2,223,61,162
213312,3,223,61,162
213312,4,99,24,75
213312,5,124,37,87
213312,20,124,37,87
213312,21,223,61,162
213312,22,223,61,162
213312,23,223,61,162
213312,24,99,24,75
213312,25,124,37,87
213312,40,124,37,87
213321,1,2391,1165,1226
213321,2,2144,1102,1042
213321,3,1987,1037,950
213321,4,500,273,227
213321,5,1487,764,723
213321,11,157,65,92
213321,12,247,63,184
213321,19,71,32,39
213321,20,1416,732,684
213321,21,1991,1023,968
213321,22,1925,1009,916
213321,23,1921,1006,915
213321,24,500,273,227
213321,25,1421,733,688
213321,31,4,3,1
213321,32,66,14,52
213321,39,71,32,39
213321,40,1350,701,649
213321,41,400,142,258
213321,42,219,93,126
213321,43,66,31,35
213321,45,66,31,35
213321,51,153,62,91
213321,52,181,49,132
213321,60,66,31,35
213330,1,19,1,18
213330,2,19,1,18
213330,3,19,1,18
213330,4,15,1,14
213330,5,4,0,4
213330,20,4,0,4
213330,21,19,1,18
213330,22,19,1,18
213330,23,19,1,18
213330,24,15,1,14
213330,25,4,0,4
213330,40,4,0,4
213349,1,9513,4009,5504
213349,2,8815,3829,4986
213349,3,8538,3755,4783
213349,4,1814,734,1080
213349,5,6724,3021,3703
213349,11,277,74,203
213349,12,698,180,518
213349,19,696,372,324
213349,20,6028,2649,3379
213349,21,8548,3643,4905
213349,22,8279,3567,4712
213349,23,8065,3522,4543
213349,24,1812,733,1079
213349,25,6253,2789,3464
213349,31,214,45,169
213349,32,269,76,193
213349,39,649,352,297
213349,40,5604,2437,3167
213349,41,965,366,599
213349,42,536,262,274
213349,43,473,233,240
213349,44,2,1,1
213349,45,471,232,239
213349,51,63,29,34
213349,52,429,104,325
213349,59,47,20,27
213349,60,424,212,212
213358,1,1481,616,865
213358,2,1363,585,778
213358,3,1344,580,764
213358,4,229,99,130
213358,5,1115,481,634
213358,11,19,5,14
213358,12,118,31,87
213358,19,167,59,108
213358,20,948,422,526
213358,21,1183,522,661
213358,22,1130,507,623
213358,23,1130,507,623
213358,24,229,99,130
213358,25,901,408,493
213358,32,53,15,38
213358,39,125,44,81
213358,40,776,364,412
213358,41,298,94,204
213358,42,233,78,155
213358,43,214,73,141
213358,45,214,73,141
213358,51,19,5,14
213358,52,65,16,49
213358,59,42,15,27
213358,60,172,58,114
213367,1,6436,2175,4261
213367,2,4409,1558,2851
213367,3,4228,1531,2697
213367,4,939,340,599
213367,5,3289,1191,2098
213367,11,181,27,154
213367,12,2027,617,1410
213367,19,232,83,149
213367,20,3057,1108,1949
213367,21,3948,1471,2477
213367,22,3542,1363,2179
213367,23,3538,1361,2177
213367,24,936,339,597
213367,25,2602,1022,1580
213367,31,4,2,2
213367,32,406,108,298
213367,39,169,71,98
213367,40,2433,951,1482
213367,41,2488,704,1784
213367,42,867,195,672
213367,43,690,170,520
213367,44,3,1,2
213367,45,687,169,518
213367,51,177,25,152
213367,52,1621,509,1112
213367,59,63,12,51
213367,60,624,157,467
213376,1,1454,776,678
213376,2,1454,776,678
213376,3,1313,716,597
213376,4,380,240,140
213376,5,933,476,457
213376,11,141,60,81
213376,19,141,72,69
213376,20,792,404,388
213376,21,1048,598,450
213376,22,1048,598,450
213376,23,1045,596,449
213376,24,337,222,115
213376,25,708,374,334
213376,31,3,2,1
213376,39,101,50,51
213376,40,607,324,283
213376,41,406,178,228
213376,42,406,178,228
213376,43,268,120,148
213376,44,43,18,25
213376,45,225,102,123
213376,51,138,58,80
213376,59,40,22,18
213376,60,185,80,105
213385,1,2486,1326,1160
213385,2,2486,1326,1160
213385,3,2452,1307,1145
213385,4,635,329,306
213385,5,1817,978,839
213385,11,34,19,15
213385,19,12,8,4
213385,20,1805,970,835
213385,21,2435,1297,1138
213385,22,2435,1297,1138
213385,23,2435,1297,1138
213385,24,635,329,306
213385,25,1800,968,832
213385,39,12,8,4
213385,40,1788,960,828
213385,41,51,29,22
213385,42,51,29,22
213385,43,17,10,7
213385,45,17,10,7
213385,51,34,19,15
213385,60,17,10,7
213400,1,1763,928,835
213400,2,1313,670,643
213400,3,1212,628,584
213400,4,152,62,90
213400,5,1060,566,494
213400,11,101,42,59
213400,12,450,258,192
213400,19,174,91,83
213400,20,886,475,411
213400,21,895,463,432
213400,22,814,411,403
213400,23,814,411,403
213400,24,134,53,81
213400,25,680,358,322
213400,32,81,52,29
213400,39,85,51,34
213400,40,595,307,288
213400,41,868,465,403
213400,42,499,259,240
213400,43,398,217,181
213400,44,18,9,9
213400,45,380,208,172
213400,51,101,42,59
213400,52,369,206,163
213400,59,89,40,49
213400,60,291,168,123
213446,1,128,62,66
213446,12,128,62,66
213446,21,82,41,41
213446,32,82,41,41
213446,41,46,21,25
213446,52,46,21,25
213455,1,195,1,194
213455,2,195,1,194
213455,3,195,1,194
213455,4,89,1,88
213455,5,106,0,106
213455,20,106,0,106
213455,21,26,0,26
213455,22,26,0,26
213455,23,26,0,26
213455,24,12,0,12
213455,25,14,0,14
213455,40,14,0,14
213455,41,169,1,168
213455,42,169,1,168
213455,43,169,1,168
213455,44,77,1,76
213455,45,92,0,92
213455,60,92,0,92
213473,1,382,87,295
213473,2,382,87,295
213473,3,382,87,295
213473,4,81,11,70
213473,5,301,76,225
213473,20,301,76,225
213473,21,186,49,137
213473,22,186,49,137
213473,23,186,49,137
213473,24,35,7,28
213473,25,151,42,109
213473,40,151,42,109
213473,41,196,38,158
213473,42,196,38,158
213473,43,196,38,158
213473,44,46,4,42
213473,45,150,34,116
213473,60,150,34,116
213491,1,68,3,65
213491,2,68,3,65
213491,3,68,3,65
213491,4,49,2,47
213491,5,19,1,18
213491,20,19,1,18
213491,21,30,2,28
213491,22,30,2,28
213491,23,30,2,28
213491,24,24,2,22
213491,25,6,0,6
213491,40,6,0,6
213491,41,38,1,37
213491,42,38,1,37
213491,43,38,1,37
213491,44,25,0,25
213491,45,13,1,12
213491,60,13,1,12
213507,1,2022,931,1091
213507,2,1766,827,939
213507,3,1698,793,905
213507,4,415,191,224
213507,5,1283,602,681
213507,11,68,34,34
213507,12,256,104,152
213507,19,61,29,32
213507,20,1222,573,649
213507,21,1725,789,936
213507,22,1648,769,879
213507,23,1644,766,878
213507,24,415,191,224
213507,25,1229,575,654
213507,31,4,3,1
213507,32,77,20,57
213507,39,61,29,32
213507,40,1168,546,622
213507,41,297,142,155
213507,42,118,58,60
213507,43,54,27,27
213507,45,54,27,27
213507,51,64,31,33
213507,52,179,84,95
213507,60,54,27,27
213525,1,7128,2820,4308
213525,2,7128,2820,4308
213525,3,5986,2320,3666
213525,4,1422,678,744
213525,5,4564,1642,2922
213525,11,1142,500,642
213525,19,643,228,415
213525,20,3921,1414,2507
213525,21,2544,1186,1358
213525,22,2544,1186,1358
213525,23,2536,1183,1353
213525,24,947,483,464
213525,25,1589,700,889
213525,31,8,3,5
213525,39,249,107,142
213525,40,1340,593,747
213525,41,4584,1634,2950
213525,42,4584,1634,2950
213525,43,3450,1137,2313
213525,44,475,195,280
213525,45,2975,942,2033
213525,51,1134,497,637
213525,59,394,121,273
213525,60,2581,821,1760
213534,1,976,303,673
213534,2,976,303,673
213534,3,976,303,673
213534,4,269,85,184
213534,5,707,218,489
213534,19,36,6,30
213534,20,671,212,459
213534,21,726,225,501
213534,22,726,225,501
213534,23,726,225,501
213534,24,219,72,147
213534,25,507,153,354
213534,39,29,5,24
213534,40,478,148,330
213534,41,250,78,172
213534,42,250,78,172
213534,43,250,78,172
213534,44,50,13,37
213534,45,200,65,135
213534,59,7,1,6
213534,60,193,64,129
213543,1,7096,3938,3158
213543,2,4931,2773,2158
213543,3,4904,2753,2151
213543,4,1198,680,518
213543,5,3706,2073,1633
213543,11,27,20,7
213543,12,2165,1165,1000
213543,19,41,23,18
213543,20,3665,2050,1615
213543,21,6148,3421,2727
213543,22,4862,2724,2138
213543,23,4842,2707,2135
213543,24,1198,680,518
213543,25,3644,2027,1617
213543,31,20,17,3
213543,32,1286,697,589
213543,39,41,23,18
213543,40,3603,2004,1599
213543,41,948,517,431
213543,42,69,49,20
213543,43,62,46,16
213543,45,62,46,16
213543,51,7,3,4
213543,52,879,468,411
213543,60,62,46,16
213552,1,84,9,75
213552,2,84,9,75
213552,3,84,9,75
213552,4,45,8,37
213552,5,39,1,38
213552,20,39,1,38
213552,21,49,8,41
213552,22,49,8,41
213552,23,49,8,41
213552,24,30,7,23
213552,25,19,1,18
213552,40,19,1,18
213552,41,35,1,34
213552,42,35,1,34
213552,43,35,1,34
213552,44,15,1,14
213552,45,20,0,20
213552,60,20,0,20
213570,1,568,163,405
213570,2,568,163,405
213570,3,568,163,405
213570,4,149,52,97
213570,5,419,111,308
213570,20,419,111,308
213570,21,568,163,405
213570,22,568,163,405
213570,23,568,163,405
213570,24,149,52,97
213570,25,419,111,308
213570,40,419,111,308
213589,1,273,256,17
213589,2,273,256,17
213589,3,273,256,17
213589,4,106,101,5
213589,5,167,155,12
213589,19,29,29,0
213589,20,138,126,12
213589,21,219,208,11
213589,22,219,208,11
213589,23,219,208,11
213589,24,82,79,3
213589,25,137,129,8
213589,39,19,19,0
213589,40,118,110,8
213589,41,54,48,6
213589,42,54,48,6
213589,43,54,48,6
213589,44,24,22,2
213589,45,30,26,4
213589,59,10,10,0
213589,60,20,16,4
213598,1,1963,791,1172
213598,2,1624,671,953
213598,3,1614,666,948
213598,4,333,136,197
213598,5,1281,530,751
213598,11,10,5,5
213598,12,339,120,219
213598,19,105,50,55
213598,20,1176,480,696
213598,21,1712,701,1011
213598,22,1488,622,866
213598,23,1485,620,865
213598,24,331,135,196
213598,25,1154,485,669
213598,31,3,2,1
213598,32,224,79,145
213598,39,63,35,28
213598,40,1091,450,641
213598,41,251,90,161
213598,42,136,49,87
213598,43,129,46,83
213598,44,2,1,1
213598,45,127,45,82
213598,51,7,3,4
213598,52,115,41,74
213598,59,42,15,27
213598,60,85,30,55
213613,1,5260,2206,3054
213613,2,4855,2096,2759
213613,3,4783,2059,2724
213613,4,1086,486,600
213613,5,3697,1573,2124
213613,11,72,37,35
213613,12,405,110,295
213613,19,211,90,121
213613,20,3486,1483,2003
213613,21,4723,2043,2680
213613,22,4519,1994,2525
213613,23,4496,1983,2513
213613,24,1081,485,596
213613,25,3415,1498,1917
213613,31,23,11,12
213613,32,204,49,155
213613,39,189,85,104
213613,40,3226,1413,1813
213613,41,537,163,374
213613,42,336,102,234
213613,43,287,76,211
213613,44,5,1,4
213613,45,282,75,207
213613,51,49,26,23
213613,52,201,61,140
213613,59,22,5,17
213613,60,260,70,190
213622,1,184,32,152
213622,2,184,32,152
213622,3,184,32,152
213622,4,9,2,7
213622,5,175,30,145
213622,20,175,30,145
213622,21,115,20,95
213622,22,115,20,95
213622,23,115,20,95
213622,24,9,2,7
213622,25,106,18,88
213622,40,106,18,88
213622,41,69,12,57
213622,42,69,12,57
213622,43,69,12,57
213622,45,69,12,57
213622,60,69,12,57
213631,1,122,54,68
213631,12,122,54,68
213631,21,85,35,50
213631,32,85,35,50
213631,41,37,19,18
213631,52,37,19,18
213640,1,230,113,117
213640,12,230,113,117
213640,21,81,48,33
213640,32,81,48,33
213640,41,149,65,84
213640,52,149,65,84
213659,1,6411,2564,3847
213659,2,6411,2564,3847
213659,3,6070,2431,3639
213659,4,1497,651,846
213659,5,4573,1780,2793
213659,11,341,133,208
213659,19,392,161,231
213659,20,4181,1619,2562
213659,21,3172,1414,1758
213659,22,3172,1414,1758
213659,23,3169,1412,1757
213659,24,1055,472,583
213659,25,2114,940,1174
213659,31,3,2,1
213659,39,226,103,123
213659,40,1888,837,1051
213659,41,3239,1150,2089
213659,42,3239,1150,2089
213659,43,2901,1019,1882
213659,44,442,179,263
213659,45,2459,840,1619
213659,51,338,131,207
213659,59,166,58,108
213659,60,2293,782,1511
213668,1,1307,572,735
213668,2,1307,572,735
213668,3,1288,561,727
213668,4,345,149,196
213668,5,943,412,531
213668,11,19,11,8
213668,19,24,15,9
213668,20,919,397,522
213668,21,1290,566,724
213668,22,1290,566,724
213668,23,1283,561,722
213668,24,345,149,196
213668,25,938,412,526
213668,31,7,5,2
213668,39,24,15,9
213668,40,914,397,517
213668,41,17,6,11
213668,42,17,6,11
213668,43,5,0,5
213668,45,5,0,5
213668,51,12,6,6
213668,60,5,0,5
213686,1,79,18,61
213686,2,79,18,61
213686,3,78,18,60
213686,4,16,7,9
213686,5,62,11,51
213686,11,1,0,1
213686,19,5,1,4
213686,20,57,10,47
213686,21,59,12,47
213686,22,59,12,47
213686,23,59,12,47
213686,24,12,5,7
213686,25,47,7,40
213686,39,2,0,2
213686,40,45,7,38
213686,41,20,6,14
213686,42,20,6,14
213686,43,19,6,13
213686,44,4,2,2
213686,45,15,4,11
213686,51,1,0,1
213686,59,3,1,2
213686,60,12,3,9
213774,1,858,187,671
213774,2,858,187,671
213774,3,816,178,638
213774,4,219,76,143
213774,5,597,102,495
213774,11,42,9,33
213774,19,117,19,98
213774,20,480,83,397
213774,21,467,117,350
213774,22,467,117,350
213774,23,467,117,350
213774,24,159,60,99
213774,25,308,57,251
213774,39,63,14,49
213774,40,245,43,202
213774,41,391,70,321
213774,42,391,70,321
213774,43,349,61,288
213774,44,60,16,44
213774,45,289,45,244
213774,51,42,9,33
213774,59,54,5,49
213774,60,235,40,195
213783,1,2970,1156,1814
213783,2,2717,1109,1608
213783,3,2640,1085,1555
213783,4,628,265,363
213783,5,2012,820,1192
213783,11,77,24,53
213783,12,253,47,206
213783,19,160,70,90
213783,20,1852,750,1102
213783,21,2477,1042,1435
213783,22,2453,1036,1417
213783,23,2445,1035,1410
213783,24,622,261,361
213783,25,1823,774,1049
213783,31,8,1,7
213783,32,24,6,18
213783,39,142,66,76
213783,40,1681,708,973
213783,41,493,114,379
213783,42,264,73,191
213783,43,195,50,145
213783,44,6,4,2
213783,45,189,46,143
213783,51,69,23,46
213783,52,229,41,188
213783,59,18,4,14
213783,60,171,42,129
213826,1,3175,967,2208
213826,2,2148,714,1434
213826,3,2034,673,1361
213826,4,405,135,270
213826,5,1629,538,1091
213826,11,114,41,73
213826,12,1027,253,774
213826,19,133,53,80
213826,20,1496,485,1011
213826,21,2580,784,1796
213826,22,2004,664,1340
213826,23,1956,642,1314
213826,24,405,135,270
213826,25,1551,507,1044
213826,31,48,22,26
213826,32,576,120,456
213826,39,126,50,76
213826,40,1425,457,968
213826,41,595,183,412
213826,42,144,50,94
213826,43,78,31,47
213826,45,78,31,47
213826,51,66,19,47
213826,52,451,133,318
213826,59,7,3,4
213826,60,71,28,43
213914,1,385,19,366
213914,2,385,19,366
213914,3,385,19,366
213914,4,100,3,97
213914,5,285,16,269
213914,19,95,7,88
213914,20,190,9,181
213914,21,385,19,366
213914,22,385,19,366
213914,23,385,19,366
213914,24,100,3,97
213914,25,285,16,269
213914,39,95,7,88
213914,40,190,9,181
213932,1,124,15,109
213932,2,124,15,109
213932,3,124,15,109
213932,5,124,15,109
213932,20,124,15,109
213932,21,124,15,109
213932,22,124,15,109
213932,23,124,15,109
213932,25,124,15,109
213932,40,124,15,109
213987,1,3011,1324,1687
213987,2,2680,1178,1502
213987,3,2679,1178,1501
213987,4,602,267,335
213987,5,2077,911,1166
213987,11,1,0,1
213987,12,331,146,185
213987,19,65,33,32
213987,20,2012,878,1134
213987,21,2706,1192,1514
213987,22,2552,1130,1422
213987,23,2552,1130,1422
213987,24,596,266,330
213987,25,1956,864,1092
213987,32,154,62,92
213987,39,62,32,30
213987,40,1894,832,1062
213987,41,305,132,173
213987,42,128,48,80
213987,43,127,48,79
213987,44,6,1,5
213987,45,121,47,74
213987,51,1,0,1
213987,52,177,84,93
213987,59,3,1,2
213987,60,118,46,72
213996,1,3084,1159,1925
213996,2,2772,1088,1684
213996,3,2739,1077,1662
213996,4,648,260,388
213996,5,2091,817,1274
213996,11,33,11,22
213996,12,312,71,241
213996,19,100,33,67
213996,20,1991,784,1207
213996,21,2760,1068,1692
213996,22,2701,1060,1641
213996,23,2700,1060,1640
213996,24,648,260,388
213996,25,2052,800,1252
213996,31,1,0,1
213996,32,59,8,51
213996,39,100,33,67
213996,40,1952,767,1185
213996,41,324,91,233
213996,42,71,28,43
213996,43,39,17,22
213996,45,39,17,22
213996,51,32,11,21
213996,52,253,63,190
213996,60,39,17,22
214023,1,96,61,35
214023,2,96,61,35
214023,3,96,61,35
214023,4,51,34,17
214023,5,45,27,18
214023,19,33,17,16
214023,20,12,10,2
214023,21,57,34,23
214023,22,57,34,23
214023,23,57,34,23
214023,24,29,19,10
214023,25,28,15,13
214023,39,24,12,12
214023,40,4,3,1
214023,41,39,27,12
214023,42,39,27,12
214023,43,39,27,12
214023,44,22,15,7
214023,45,17,12,5
214023,59,9,5,4
214023,60,8,7,1
214041,1,8279,3551,4728
214041,2,7388,3312,4076
214041,3,7313,3273,4040
214041,4,1299,559,740
214041,5,6014,2714,3300
214041,11,75,39,36
214041,12,891,239,652
214041,19,689,310,379
214041,20,5325,2404,2921
214041,21,6832,3029,3803
214041,22,6584,2952,3632
214041,23,6566,2942,3624
214041,24,1284,550,734
214041,25,5282,2392,2890
214041,31,18,10,8
214041,32,248,77,171
214041,39,563,265,298
214041,40,4719,2127,2592
214041,41,1447,522,925
214041,42,804,360,444
214041,43,747,331,416
214041,44,15,9,6
214041,45,732,322,410
214041,51,57,29,28
214041,52,643,162,481
214041,59,126,45,81
214041,60,606,277,329
214069,1,3026,941,2085
214069,2,2417,764,1653
214069,3,2362,745,1617
214069,4,438,172,266
214069,5,1924,573,1351
214069,11,55,19,36
214069,12,609,177,432
214069,19,194,63,131
214069,20,1730,510,1220
214069,21,2057,701,1356
214069,22,1790,620,1170
214069,23,1790,620,1170
214069,24,428,171,257
214069,25,1362,449,913
214069,32,267,81,186
214069,39,97,39,58
214069,40,1265,410,855
214069,41,969,240,729
214069,42,627,144,483
214069,43,572,125,447
214069,44,10,1,9
214069,45,562,124,438
214069,51,55,19,36
214069,52,342,96,246
214069,59,97,24,73
214069,60,465,100,365
214111,1,13122,5778,7344
214111,2,13122,5778,7344
214111,3,11680,5223,6457
214111,4,2566,1265,1301
214111,5,9114,3958,5156
214111,11,1442,555,887
214111,19,936,400,536
214111,20,8178,3558,4620
214111,21,4567,2371,2196
214111,22,4567,2371,2196
214111,23,4533,2354,2179
214111,24,1550,831,719
214111,25,2983,1523,1460
214111,31,34,17,17
214111,39,419,216,203
214111,40,2564,1307,1257
214111,41,8555,3407,5148
214111,42,8555,3407,5148
214111,43,7147,2869,4278
214111,44,1016,434,582
214111,45,6131,2435,3696
214111,51,1408,538,870
214111,59,517,184,333
214111,60,5614,2251,3363
214148,1,484,5,479
214148,2,437,0,437
214148,3,437,0,437
214148,4,75,0,75
214148,5,362,0,362
214148,12,47,5,42
214148,19,41,0,41
214148,20,321,0,321
214148,21,440,4,436
214148,22,411,0,411
214148,23,411,0,411
214148,24,74,0,74
214148,25,337,0,337
214148,32,29,4,25
214148,39,36,0,36
214148,40,301,0,301
214148,41,44,1,43
214148,42,26,0,26
214148,43,26,0,26
214148,44,1,0,1
214148,45,25,0,25
214148,52,18,1,17
214148,59,5,0,5
214148,60,20,0,20
214157,1,1837,712,1125
214157,2,1553,635,918
214157,3,1508,616,892
214157,4,355,149,206
214157,5,1153,467,686
214157,11,45,19,26
214157,12,284,77,207
214157,19,81,39,42
214157,20,1072,428,644
214157,21,1447,608,839
214157,22,1418,602,816
214157,23,1413,601,812
214157,24,355,149,206
214157,25,1058,452,606
214157,31,5,1,4
214157,32,29,6,23
214157,39,80,38,42
214157,40,978,414,564
214157,41,390,104,286
214157,42,135,33,102
214157,43,95,15,80
214157,45,95,15,80
214157,51,40,18,22
214157,52,255,71,184
214157,59,1,1,0
214157,60,94,14,80
214166,1,1835,517,1318
214166,2,1781,503,1278
214166,3,1571,423,1148
214166,4,394,116,278
214166,5,1177,307,870
214166,11,210,80,130
214166,12,54,14,40
214166,19,139,34,105
214166,20,1038,273,765
214166,21,1277,367,910
214166,22,1248,356,892
214166,23,1248,356,892
214166,24,387,114,273
214166,25,861,242,619
214166,32,29,11,18
214166,39,93,26,67
214166,40,768,216,552
214166,41,558,150,408
214166,42,533,147,386
214166,43,323,67,256
214166,44,7,2,5
214166,45,316,65,251
214166,51,210,80,130
214166,52,25,3,22
214166,59,46,8,38
214166,60,270,57,213
214175,1,2448,1009,1439
214175,2,2448,1009,1439
214175,3,2357,962,1395
214175,4,579,215,364
214175,5,1778,747,1031
214175,11,91,47,44
214175,19,22,9,13
214175,20,1756,738,1018
214175,21,2323,948,1375
214175,22,2323,948,1375
214175,23,2287,929,1358
214175,24,579,215,364
214175,25,1708,714,994
214175,31,36,19,17
214175,39,12,5,7
214175,40,1696,709,987
214175,41,125,61,64
214175,42,125,61,64
214175,43,70,33,37
214175,45,70,33,37
214175,51,55,28,27
214175,59,10,4,6
214175,60,60,29,31
214254,1,749,261,488
214254,2,749,261,488
214254,3,749,261,488
214254,4,190,62,128
214254,5,559,199,360
214254,19,25,5,20
214254,20,534,194,340
214254,21,749,261,488
214254,22,749,261,488
214254,23,749,261,488
214254,24,190,62,128
214254,25,559,199,360
214254,39,25,5,20
214254,40,534,194,340
214272,1,2956,1032,1924
214272,2,2573,917,1656
214272,3,2462,876,1586
214272,4,503,182,321
214272,5,1959,694,1265
214272,11,111,41,70
214272,12,383,115,268
214272,19,101,43,58
214272,20,1858,651,1207
214272,21,2173,800,1373
214272,22,2080,768,1312
214272,23,2060,762,1298
214272,24,501,181,320
214272,25,1559,581,978
214272,31,20,6,14
214272,32,93,32,61
214272,39,96,43,53
214272,40,1463,538,925
214272,41,783,232,551
214272,42,493,149,344
214272,43,402,114,288
214272,44,2,1,1
214272,45,400,113,287
214272,51,91,35,56
214272,52,290,83,207
214272,59,5,0,5
214272,60,395,113,282
214290,1,856,827,29
214290,2,856,827,29
214290,3,856,827,29
214290,4,281,272,9
214290,5,575,555,20
214290,20,575,555,20
214290,21,856,827,29
214290,22,856,827,29
214290,23,856,827,29
214290,24,281,272,9
214290,25,575,555,20
214290,40,575,555,20
214379,1,10666,4364,6302
214379,2,10666,4364,6302
214379,3,10114,4177,5937
214379,4,2162,1079,1083
214379,5,7952,3098,4854
214379,11,552,187,365
214379,19,851,318,533
214379,20,7101,2780,4321
214379,21,4679,2214,2465
214379,22,4679,2214,2465
214379,23,4652,2200,2452
214379,24,1498,782,716
214379,25,3154,1418,1736
214379,31,27,14,13
214379,39,406,177,229
214379,40,2748,1241,1507
214379,41,5987,2150,3837
214379,42,5987,2150,3837
214379,43,5462,1977,3485
214379,44,664,297,367
214379,45,4798,1680,3118
214379,51,525,173,352
214379,59,445,141,304
214379,60,4353,1539,2814
214476,1,75,15,60
214476,2,75,15,60
214476,3,75,15,60
214476,4,21,3,18
214476,5,54,12,42
214476,20,54,12,42
214476,21,44,12,32
214476,22,44,12,32
214476,23,44,12,32
214476,24,8,3,5
214476,25,36,9,27
214476,40,36,9,27
214476,41,31,3,28
214476,42,31,3,28
214476,43,31,3,28
214476,44,13,0,13
214476,45,18,3,15
214476,60,18,3,15
214528,1,548,427,121
214528,2,548,427,121
214528,3,548,427,121
214528,4,142,118,24
214528,5,406,309,97
214528,19,50,40,10
214528,20,356,269,87
214528,21,396,317,79
214528,22,396,317,79
214528,23,396,317,79
214528,24,116,93,23
214528,25,280,224,56
214528,39,36,27,9
214528,40,244,197,47
214528,41,152,110,42
214528,42,152,110,42
214528,43,152,110,42
214528,44,26,25,1
214528,45,126,85,41
214528,59,14,13,1
214528,60,112,72,40
214546,1,53,2,51
214546,2,53,2,51
214546,3,53,2,51
214546,4,19,1,18
214546,5,34,1,33
214546,20,34,1,33
214546,21,44,2,42
214546,22,44,2,42
214546,23,44,2,42
214546,24,15,1,14
214546,25,29,1,28
214546,40,29,1,28
214546,41,9,0,9
214546,42,9,0,9
214546,43,9,0,9
214546,44,4,0,4
214546,45,5,0,5
214546,60,5,0,5
214564,1,1011,291,720
214564,12,1011,291,720
214564,21,903,259,644
214564,32,903,259,644
214564,41,108,32,76
214564,52,108,32,76
214582,1,743,181,562
214582,2,743,181,562
214582,3,743,181,562
214582,4,589,134,455
214582,5,154,47,107
214582,20,154,47,107
214582,21,474,114,360
214582,22,474,114,360
214582,23,474,114,360
214582,24,396,93,303
214582,25,78,21,57
214582,40,78,21,57
214582,41,269,67,202
214582,42,269,67,202
214582,43,269,67,202
214582,44,193,41,152
214582,45,76,26,50
214582,60,76,26,50
214591,1,4057,2651,1406
214591,2,3943,2570,1373
214591,3,3797,2479,1318
214591,4,1113,699,414
214591,5,2684,1780,904
214591,11,146,91,55
214591,12,114,81,33
214591,19,138,79,59
214591,20,2546,1701,845
214591,21,3714,2436,1278
214591,22,3683,2415,1268
214591,23,3628,2378,1250
214591,24,1103,692,411
214591,25,2525,1686,839
214591,31,55,37,18
214591,32,31,21,10
214591,39,122,68,54
214591,40,2403,1618,785
214591,41,343,215,128
214591,42,260,155,105
214591,43,169,101,68
214591,44,10,7,3
214591,45,159,94,65
214591,51,91,54,37
214591,52,83,60,23
214591,59,16,11,5
214591,60,143,83,60
214607,1,473,322,151
214607,12,473,322,151
214607,21,60,39,21
214607,32,60,39,21
214607,41,413,283,130
214607,52,413,283,130
214616,1,797,389,408
214616,12,797,389,408
214616,21,759,376,383
214616,32,759,376,383
214616,41,38,13,25
214616,52,38,13,25
214625,1,680,395,285
214625,2,680,395,285
214625,3,615,365,250
214625,4,168,101,67
214625,5,447,264,183
214625,11,65,30,35
214625,19,58,26,32
214625,20,389,238,151
214625,21,524,324,200
214625,22,524,324,200
214625,23,508,315,193
214625,24,161,99,62
214625,25,347,216,131
214625,31,16,9,7
214625,39,45,21,24
214625,40,302,195,107
214625,41,156,71,85
214625,42,156,71,85
214625,43,107,50,57
214625,44,7,2,5
214625,45,100,48,52
214625,51,49,21,28
214625,59,13,5,8
214625,60,87,43,44
214634,1,568,185,383
214634,2,568,185,383
214634,3,490,155,335
214634,4,97,32,65
214634,5,393,123,270
214634,11,78,30,48
214634,19,58,14,44
214634,20,335,109,226
214634,21,315,108,207
214634,22,315,108,207
214634,23,304,104,200
214634,24,84,30,54
214634,25,220,74,146
214634,31,11,4,7
214634,39,13,4,9
214634,40,207,70,137
214634,41,253,77,176
214634,42,253,77,176
214634,43,186,51,135
214634,44,13,2,11
214634,45,173,49,124
214634,51,67,26,41
214634,59,45,10,35
214634,60,128,39,89
214643,1,613,443,170
214643,2,606,442,164
214643,3,534,406,128
214643,4,168,122,46
214643,5,366,284,82
214643,11,72,36,36
214643,12,7,1,6
214643,19,31,23,8
214643,20,335,261,74
214643,21,519,398,121
214643,22,519,398,121
214643,23,503,385,118
214643,24,167,121,46
214643,25,336,264,72
214643,31,16,13,3
214643,39,30,22,8
214643,40,306,242,64
214643,41,94,45,49
214643,42,87,44,43
214643,43,31,21,10
214643,44,1,1,0
214643,45,30,20,10
214643,51,56,23,33
214643,52,7,1,6
214643,59,1,1,0
214643,60,29,19,10
214652,1,1178,528,650
214652,2,1178,528,650
214652,3,1089,483,606
214652,4,257,138,119
214652,5,832,345,487
214652,11,89,45,44
214652,19,73,23,50
214652,20,759,322,437
214652,21,943,460,483
214652,22,943,460,483
214652,23,901,437,464
214652,24,250,136,114
214652,25,651,301,350
214652,31,42,23,19
214652,39,48,20,28
214652,40,603,281,322
214652,41,235,68,167
214652,42,235,68,167
214652,43,188,46,142
214652,44,7,2,5
214652,45,181,44,137
214652,51,47,22,25
214652,59,25,3,22
214652,60,156,41,115
214670,1,925,509,416
214670,2,889,505,384
214670,3,788,453,335
214670,4,233,147,86
214670,5,555,306,249
214670,11,101,52,49
214670,12,36,4,32
214670,19,81,33,48
214670,20,474,273,201
214670,21,719,414,305
214670,22,719,414,305
214670,23,702,403,299
214670,24,231,146,85
214670,25,471,257,214
214670,31,17,11,6
214670,39,66,25,41
214670,40,405,232,173
214670,41,206,95,111
214670,42,170,91,79
214670,43,86,50,36
214670,44,2,1,1
214670,45,84,49,35
214670,51,84,41,43
214670,52,36,4,32
214670,59,15,8,7
214670,60,69,41,28
214689,1,3861,2054,1807
214689,2,3861,2054,1807
214689,3,3779,2008,1771
214689,4,1423,769,654
214689,5,2356,1239,1117
214689,11,82,46,36
214689,19,113,53,60
214689,20,2243,1186,1057
214689,21,3645,1976,1669
214689,22,3645,1976,1669
214689,23,3603,1953,1650
214689,24,1415,763,652
214689,25,2188,1190,998
214689,31,42,23,19
214689,39,105,51,54
214689,40,2083,1139,944
214689,41,216,78,138
214689,42,216,78,138
214689,43,176,55,121
214689,44,8,6,2
214689,45,168,49,119
214689,51,40,23,17
214689,59,8,2,6
214689,60,160,47,113
214698,1,703,430,273
214698,2,703,430,273
214698,3,636,395,241
214698,4,241,159,82
214698,5,395,236,159
214698,11,67,35,32
214698,19,39,21,18
214698,20,356,215,141
214698,21,626,392,234
214698,22,626,392,234
214698,23,613,384,229
214698,24,241,159,82
214698,25,372,225,147
214698,31,13,8,5
214698,39,35,19,16
214698,40,337,206,131
214698,41,77,38,39
214698,42,77,38,39
214698,43,23,11,12
214698,45,23,11,12
214698,51,54,27,27
214698,59,4,2,2
214698,60,19,9,10
214704,1,2732,1528,1204
214704,2,2712,1525,1187
214704,3,2573,1444,1129
214704,4,807,443,364
214704,5,1766,1001,765
214704,11,139,81,58
214704,12,20,3,17
214704,19,149,84,65
214704,20,1617,917,700
214704,21,2402,1343,1059
214704,22,2402,1343,1059
214704,23,2360,1311,1049
214704,24,792,433,359
214704,25,1568,878,690
214704,31,42,32,10
214704,39,127,73,54
214704,40,1441,805,636
214704,41,330,185,145
214704,42,310,182,128
214704,43,213,133,80
214704,44,15,10,5
214704,45,198,123,75
214704,51,97,49,48
214704,52,20,3,17
214704,59,22,11,11
214704,60,176,112,64
214713,1,4441,2417,2024
214713,2,3577,2056,1521
214713,3,3461,1988,1473
214713,4,744,443,301
214713,5,2717,1545,1172
214713,11,116,68,48
214713,12,864,361,503
214713,19,303,147,156
214713,20,2414,1398,1016
214713,21,3329,1937,1392
214713,22,3121,1843,1278
214713,23,3085,1820,1265
214713,24,740,441,299
214713,25,2345,1379,966
214713,31,36,23,13
214713,32,208,94,114
214713,39,253,131,122
214713,40,2092,1248,844
214713,41,1112,480,632
214713,42,456,213,243
214713,43,376,168,208
214713,44,4,2,2
214713,45,372,166,206
214713,51,80,45,35
214713,52,656,267,389
214713,59,50,16,34
214713,60,322,150,172
214731,1,1492,847,645
214731,2,1492,847,645
214731,3,1327,747,580
214731,4,333,199,134
214731,5,994,548,446
214731,11,165,100,65
214731,19,63,35,28
214731,20,931,513,418
214731,21,1253,701,552
214731,22,1253,701,552
214731,23,1176,652,524
214731,24,326,195,131
214731,25,850,457,393
214731,31,77,49,28
214731,39,44,26,18
214731,40,806,431,375
214731,41,239,146,93
214731,42,239,146,93
214731,43,151,95,56
214731,44,7,4,3
214731,45,144,91,53
214731,51,88,51,37
214731,59,19,9,10
214731,60,125,82,43
214740,1,704,366,338
214740,2,704,366,338
214740,3,591,305,286
214740,4,191,111,80
214740,5,400,194,206
214740,11,113,61,52
214740,19,29,13,16
214740,20,371,181,190
214740,21,557,304,253
214740,22,557,304,253
214740,23,529,283,246
214740,24,184,109,75
214740,25,345,174,171
214740,31,28,21,7
214740,39,25,11,14
214740,40,320,163,157
214740,41,147,62,85
214740,42,147,62,85
214740,43,62,22,40
214740,44,7,2,5
214740,45,55,20,35
214740,51,85,40,45
214740,59,4,2,2
214740,60,51,18,33
214759,1,846,369,477
214759,2,846,369,477
214759,3,762,335,427
214759,4,202,90,112
214759,5,560,245,315
214759,11,84,34,50
214759,19,50,16,34
214759,20,510,229,281
214759,21,653,305,348
214759,22,653,305,348
214759,23,640,299,341
214759,24,198,90,108
214759,25,442,209,233
214759,31,13,6,7
214759,39,25,10,15
214759,40,417,199,218
214759,41,193,64,129
214759,42,193,64,129
214759,43,122,36,86
214759,44,4,0,4
214759,45,118,36,82
214759,51,71,28,43
214759,59,25,6,19
214759,60,93,30,63
214768,1,951,494,457
214768,2,951,494,457
214768,3,918,471,447
214768,4,363,182,181
214768,5,555,289,266
214768,11,33,23,10
214768,19,42,17,25
214768,20,513,272,241
214768,21,881,460,421
214768,22,881,460,421
214768,23,875,457,418
214768,24,360,180,180
214768,25,515,277,238
214768,31,6,3,3
214768,39,31,14,17
214768,40,484,263,221
214768,41,70,34,36
214768,42,70,34,36
214768,43,43,14,29
214768,44,3,2,1
214768,45,40,12,28
214768,51,27,20,7
214768,59,11,3,8
214768,60,29,9,20
214777,1,46615,25090,21525
214777,2,40085,21527,18558
214777,3,39460,21162,18298
214777,4,8043,4220,3823
214777,5,31417,16942,14475
214777,11,625,365,260
214777,12,6530,3563,2967
214777,19,498,268,230
214777,20,30919,16674,14245
214777,21,44639,24017,20622
214777,22,38826,20795,18031
214777,23,38543,20614,17929
214777,24,8005,4204,3801
214777,25,30538,16410,14128
214777,31,283,181,102
214777,32,5813,3222,2591
214777,39,477,255,222
214777,40,30061,16155,13906
214777,41,1976,1073,903
214777,42,1259,732,527
214777,43,917,548,369
214777,44,38,16,22
214777,45,879,532,347
214777,51,342,184,158
214777,52,717,341,376
214777,59,21,13,8
214777,60,858,519,339
214786,1,623,338,285
214786,2,623,338,285
214786,3,588,319,269
214786,4,193,96,97
214786,5,395,223,172
214786,11,35,19,16
214786,19,39,25,14
214786,20,356,198,158
214786,21,562,310,252
214786,22,562,310,252
214786,23,553,302,251
214786,24,191,96,95
214786,25,362,206,156
214786,31,9,8,1
214786,39,36,24,12
214786,40,326,182,144
214786,41,61,28,33
214786,42,61,28,33
214786,43,35,17,18
214786,44,2,0,2
214786,45,33,17,16
214786,51,26,11,15
214786,59,3,1,2
214786,60,30,16,14
214795,1,1023,409,614
214795,2,1022,409,613
214795,3,911,355,556
214795,4,321,129,192
214795,5,590,226,364
214795,11,111,54,57
214795,12,1,0,1
214795,19,44,14,30
214795,20,546,212,334
214795,21,737,320,417
214795,22,737,320,417
214795,23,719,310,409
214795,24,307,125,182
214795,25,412,185,227
214795,31,18,10,8
214795,39,20,11,9
214795,40,392,174,218
214795,41,286,89,197
214795,42,285,89,196
214795,43,192,45,147
214795,44,14,4,10
214795,45,178,41,137
214795,51,93,44,49
214795,52,1,0,1
214795,59,24,3,21
214795,60,154,38,116
214801,1,3694,1752,1942
214801,2,3690,1752,1938
214801,3,3231,1605,1626
214801,4,923,520,403
214801,5,2308,1085,1223
214801,11,459,147,312
214801,12,4,0,4
214801,19,210,95,115
214801,20,2098,990,1108
214801,21,2888,1484,1404
214801,22,2888,1484,1404
214801,23,2823,1451,1372
214801,24,917,516,401
214801,25,1906,935,971
214801,31,65,33,32
214801,39,167,87,80
214801,40,1739,848,891
214801,41,806,268,538
214801,42,802,268,534
214801,43,408,154,254
214801,44,6,4,2
214801,45,402,150,252
214801,51,394,114,280
214801,52,4,0,4
214801,59,43,8,35
214801,60,359,142,217
214810,1,837,328,509
214810,2,837,328,509
214810,3,796,308,488
214810,4,260,99,161
214810,5,536,209,327
214810,11,41,20,21
214810,19,49,16,33
214810,20,487,193,294
214810,21,658,284,374
214810,22,658,284,374
214810,23,640,273,367
214810,24,256,98,158
214810,25,384,175,209
214810,31,18,11,7
214810,39,36,14,22
214810,40,348,161,187
214810,41,179,44,135
214810,42,179,44,135
214810,43,156,35,121
214810,44,4,1,3
214810,45,152,34,118
214810,51,23,9,14
214810,59,13,2,11
214810,60,139,32,107
214829,1,1177,644,533
214829,2,1141,641,500
214829,3,943,547,396
214829,4,292,167,125
214829,5,651,380,271
214829,11,198,94,104
214829,12,36,3,33
214829,19,47,21,26
214829,20,604,359,245
214829,21,822,482,340
214829,22,822,482,340
214829,23,783,455,328
214829,24,284,163,121
214829,25,499,292,207
214829,31,39,27,12
214829,39,38,18,20
214829,40,461,274,187
214829,41,355,162,193
214829,42,319,159,160
214829,43,160,92,68
214829,44,8,4,4
214829,45,152,88,64
214829,51,159,67,92
214829,52,36,3,33
214829,59,9,3,6
214829,60,143,85,58
214838,1,65,14,51
214838,2,65,14,51
214838,3,65,14,51
214838,4,6,3,3
214838,5,59,11,48
214838,19,10,2,8
214838,20,49,9,40
214838,21,65,14,51
214838,22,65,14,51
214838,23,65,14,51
214838,24,6,3,3
214838,25,59,11,48
214838,39,10,2,8
214838,40,49,9,40
214883,1,1796,495,1301
214883,2,1759,485,1274
214883,3,1754,484,1270
214883,4,51,16,35
214883,5,1703,468,1235
214883,11,5,1,4
214883,12,37,10,27
214883,19,200,71,129
214883,20,1503,397,1106
214883,21,358,126,232
214883,22,358,126,232
214883,23,358,126,232
214883,24,12,4,8
214883,25,346,122,224
214883,39,60,25,35
214883,40,286,97,189
214883,41,1438,369,1069
214883,42,1401,359,1042
214883,43,1396,358,1038
214883,44,39,12,27
214883,45,1357,346,1011
214883,51,5,1,4
214883,52,37,10,27
214883,59,140,46,94
214883,60,1217,300,917
214892,1,346,108,238
214892,2,346,108,238
214892,3,346,108,238
214892,4,115,33,82
214892,5,231,75,156
214892,20,231,75,156
214892,21,346,108,238
214892,22,346,108,238
214892,23,346,108,238
214892,24,115,33,82
214892,25,231,75,156
214892,40,231,75,156
214944,1,551,504,47
214944,2,551,504,47
214944,3,551,504,47
214944,4,183,161,22
214944,5,368,343,25
214944,19,65,61,4
214944,20,303,282,21
214944,21,384,344,40
214944,22,384,344,40
214944,23,384,344,40
214944,24,148,126,22
214944,25,236,218,18
214944,39,48,44,4
214944,40,188,174,14
214944,41,167,160,7
214944,42,167,160,7
214944,43,167,160,7
214944,44,35,35,0
214944,45,132,125,7
214944,59,17,17,0
214944,60,115,108,7
214962,1,56,3,53
214962,2,56,3,53
214962,3,56,3,53
214962,4,20,0,20
214962,5,36,3,33
214962,20,36,3,33
214962,21,49,2,47
214962,22,49,2,47
214962,23,49,2,47
214962,24,17,0,17
214962,25,32,2,30
214962,40,32,2,30
214962,41,7,1,6
214962,42,7,1,6
214962,43,7,1,6
214962,44,3,0,3
214962,45,4,1,3
214962,60,4,1,3
214971,1,299,121,178
214971,2,198,81,117
214971,3,198,81,117
214971,4,39,16,23
214971,5,159,65,94
214971,12,101,40,61
214971,19,20,7,13
214971,20,139,58,81
214971,21,291,116,175
214971,22,190,76,114
214971,23,190,76,114
214971,24,39,16,23
214971,25,151,60,91
214971,32,101,40,61
214971,39,19,7,12
214971,40,132,53,79
214971,41,8,5,3
214971,42,8,5,3
214971,43,8,5,3
214971,45,8,5,3
214971,59,1,0,1
214971,60,7,5,2
215008,1,75,75,0
215008,2,75,75,0
215008,3,75,75,0
215008,4,13,13,0
215008,5,62,62,0
215008,20,62,62,0
215008,21,75,75,0
215008,22,75,75,0
215008,23,75,75,0
215008,24,13,13,0
215008,25,62,62,0
215008,40,62,62,0
215026,1,6,5,1
215026,2,6,5,1
215026,3,6,5,1
215026,5,6,5,1
215026,20,6,5,1
215026,21,6,5,1
215026,22,6,5,1
215026,23,6,5,1
215026,25,6,5,1
215026,40,6,5,1
215044,1,112,27,85
215044,2,112,27,85
215044,3,112,27,85
215044,4,53,11,42
215044,5,59,16,43
215044,20,59,16,43
215044,21,66,17,49
215044,22,66,17,49
215044,23,66,17,49
215044,24,27,7,20
215044,25,39,10,29
215044,40,39,10,29
215044,41,46,10,36
215044,42,46,10,36
215044,43,46,10,36
215044,44,26,4,22
215044,45,20,6,14
215044,60,20,6,14
215053,1,223,69,154
215053,2,223,69,154
215053,3,222,69,153
215053,4,52,17,35
215053,5,170,52,118
215053,11,1,0,1
215053,19,12,3,9
215053,20,158,49,109
215053,21,208,65,143
215053,22,208,65,143
215053,23,208,65,143
215053,24,51,17,34
215053,25,157,48,109
215053,39,9,2,7
215053,40,148,46,102
215053,41,15,4,11
215053,42,15,4,11
215053,43,14,4,10
215053,44,1,0,1
215053,45,13,4,9
215053,51,1,0,1
215053,59,3,1,2
215053,60,10,3,7
215062,1,24630,11698,12932
215062,2,11525,5578,5947
215062,3,10606,5190,5416
215062,4,2410,1181,1229
215062,5,8196,4009,4187
215062,11,919,388,531
215062,12,13105,6120,6985
215062,19,248,86,162
215062,20,7948,3923,4025
215062,21,21344,10405,10939
215062,22,10319,5063,5256
215062,23,10142,4963,5179
215062,24,2353,1152,1201
215062,25,7789,3811,3978
215062,31,177,100,77
215062,32,11025,5342,5683
215062,39,243,82,161
215062,40,7546,3729,3817
215062,41,3286,1293,1993
215062,42,1206,515,691
215062,43,464,227,237
215062,44,57,29,28
215062,45,407,198,209
215062,51,742,288,454
215062,52,2080,778,1302
215062,59,5,4,1
215062,60,402,194,208
215099,1,3523,1209,2314
215099,2,2811,975,1836
215099,3,2791,970,1821
215099,4,550,175,375
215099,5,2241,795,1446
215099,11,20,5,15
215099,12,712,234,478
215099,19,257,72,185
215099,20,1984,723,1261
215099,21,2916,1006,1910
215099,22,2531,895,1636
215099,23,2524,894,1630
215099,24,540,173,367
215099,25,1984,721,1263
215099,31,7,1,6
215099,32,385,111,274
215099,39,179,59,120
215099,40,1805,662,1143
215099,41,607,203,404
215099,42,280,80,200
215099,43,267,76,191
215099,44,10,2,8
215099,45,257,74,183
215099,51,13,4,9
215099,52,327,123,204
215099,59,78,13,65
215099,60,179,61,118
215105,1,2063,852,1211
215105,2,1890,800,1090
215105,3,1865,787,1078
215105,4,457,181,276
215105,5,1408,606,802
215105,11,25,13,12
215105,12,173,52,121
215105,19,106,53,53
215105,20,1302,553,749
215105,21,1983,818,1165
215105,22,1860,786,1074
215105,23,1843,774,1069
215105,24,457,181,276
215105,25,1386,593,793
215105,31,17,12,5
215105,32,123,32,91
215105,39,106,53,53
215105,40,1280,540,740
215105,41,80,34,46
215105,42,30,14,16
215105,43,22,13,9
215105,45,22,13,9
215105,51,8,1,7
215105,52,50,20,30
215105,60,22,13,9
215114,1,1093,492,601
215114,2,844,392,452
215114,3,840,392,448
215114,4,139,59,80
215114,5,701,333,368
215114,11,4,0,4
215114,12,249,100,149
215114,19,66,39,27
215114,20,635,294,341
215114,21,826,384,442
215114,22,779,360,419
215114,23,779,360,419
215114,24,137,58,79
215114,25,642,302,340
215114,32,47,24,23
215114,39,60,34,26
215114,40,582,268,314
215114,41,267,108,159
215114,42,65,32,33
215114,43,61,32,29
215114,44,2,1,1
215114,45,59,31,28
215114,51,4,0,4
215114,52,202,76,126
215114,59,6,5,1
215114,60,53,26,27
215123,1,2736,1204,1532
215123,12,2736,1204,1532
215123,21,2617,1180,1437
215123,32,2617,1180,1437
215123,41,119,24,95
215123,52,119,24,95
215132,1,2773,1081,1692
215132,2,1837,705,1132
215132,3,1830,703,1127
215132,4,440,176,264
215132,5,1390,527,863
215132,11,7,2,5
215132,12,936,376,560
215132,19,117,29,88
215132,20,1273,498,775
215132,21,2532,991,1541
215132,22,1814,698,1116
215132,23,1814,698,1116
215132,24,440,176,264
215132,25,1374,522,852
215132,32,718,293,425
215132,39,112,27,85
215132,40,1262,495,767
215132,41,241,90,151
215132,42,23,7,16
215132,43,16,5,11
215132,45,16,5,11
215132,51,7,2,5
215132,52,218,83,135
215132,59,5,2,3
215132,60,11,3,8
215239,1,19063,7222,11841
215239,2,19063,7222,11841
215239,3,18204,6911,11293
215239,4,4230,1856,2374
215239,5,13974,5055,8919
215239,11,859,311,548
215239,19,495,197,298
215239,20,13479,4858,8621
215239,21,5075,2257,2818
215239,22,5075,2257,2818
215239,23,5037,2240,2797
215239,24,1355,676,679
215239,25,3682,1564,2118
215239,31,38,17,21
215239,39,223,89,134
215239,40,3459,1475,1984
215239,41,13988,4965,9023
215239,42,13988,4965,9023
215239,43,13167,4671,8496
215239,44,2875,1180,1695
215239,45,10292,3491,6801
215239,51,821,294,527
215239,59,272,108,164
215239,60,10020,3383,6637
215266,1,1481,671,810
215266,2,1481,671,810
215266,3,1456,664,792
215266,4,391,188,203
215266,5,1065,476,589
215266,11,25,7,18
215266,19,123,50,73
215266,20,942,426,516
215266,21,1361,631,730
215266,22,1361,631,730
215266,23,1356,629,727
215266,24,389,188,201
215266,25,967,441,526
215266,31,5,2,3
215266,39,118,50,68
215266,40,849,391,458
215266,41,120,40,80
215266,42,120,40,80
215266,43,100,35,65
215266,44,2,0,2
215266,45,98,35,63
215266,51,20,5,15
215266,59,5,0,5
215266,60,93,35,58
215275,1,1677,848,829
215275,2,1677,848,829
215275,3,1677,848,829
215275,4,386,183,203
215275,5,1291,665,626
215275,19,154,88,66
215275,20,1137,577,560
215275,21,1564,781,783
215275,22,1564,781,783
215275,23,1564,781,783
215275,24,386,183,203
215275,25,1178,598,580
215275,39,128,73,55
215275,40,1050,525,525
215275,41,113,67,46
215275,42,113,67,46
215275,43,113,67,46
215275,45,113,67,46
215275,59,26,15,11
215275,60,87,52,35
215284,1,2840,1550,1290
215284,2,2840,1550,1290
215284,3,2837,1549,1288
215284,4,688,375,313
215284,5,2149,1174,975
215284,11,3,1,2
215284,19,145,79,66
215284,20,2004,1095,909
215284,21,2753,1498,1255
215284,22,2753,1498,1255
215284,23,2751,1497,1254
215284,24,688,375,313
215284,25,2063,1122,941
215284,31,2,1,1
215284,39,137,73,64
215284,40,1926,1049,877
215284,41,87,52,35
215284,42,87,52,35
215284,43,86,52,34
215284,45,86,52,34
215284,51,1,0,1
215284,59,8,6,2
215284,60,78,46,32
215293,1,28649,13873,14776
215293,2,18615,9262,9353
215293,3,18304,9146,9158
215293,4,3854,1825,2029
215293,5,14450,7321,7129
215293,11,311,116,195
215293,12,10034,4611,5423
215293,19,887,468,419
215293,20,13563,6853,6710
215293,21,25069,12259,12810
215293,22,17483,8691,8792
215293,23,17435,8677,8758
215293,24,3851,1824,2027
215293,25,13584,6853,6731
215293,31,48,14,34
215293,32,7586,3568,4018
215293,39,795,420,375
215293,40,12789,6433,6356
215293,41,3580,1614,1966
215293,42,1132,571,561
215293,43,869,469,400
215293,44,3,1,2
215293,45,866,468,398
215293,51,263,102,161
215293,52,2448,1043,1405
215293,59,92,48,44
215293,60,774,420,354
215309,1,367,129,238
215309,2,367,129,238
215309,3,363,128,235
215309,4,143,58,85
215309,5,220,70,150
215309,11,4,1,3
215309,19,29,8,21
215309,20,191,62,129
215309,21,297,118,179
215309,22,297,118,179
215309,23,294,117,177
215309,24,133,56,77
215309,25,161,61,100
215309,31,3,1,2
215309,39,26,8,18
215309,40,135,53,82
215309,41,70,11,59
215309,42,70,11,59
215309,43,69,11,58
215309,44,10,2,8
215309,45,59,9,50
215309,51,1,0,1
215309,59,3,0,3
215309,60,56,9,47
215336,1,49,1,48
215336,2,49,1,48
215336,3,49,1,48
215336,4,22,0,22
215336,5,27,1,26
215336,20,27,1,26
215336,21,49,1,48
215336,22,49,1,48
215336,23,49,1,48
215336,24,22,0,22
215336,25,27,1,26
215336,40,27,1,26
215381,1,354,337,17
215381,2,354,337,17
215381,3,354,337,17
215381,4,107,101,6
215381,5,247,236,11
215381,19,44,43,1
215381,20,203,193,10
215381,21,354,337,17
215381,22,354,337,17
215381,23,354,337,17
215381,24,107,101,6
215381,25,247,236,11
215381,39,44,43,1
215381,40,203,193,10
215390,1,232,109,123
215390,2,232,109,123
215390,3,232,109,123
215390,4,89,42,47
215390,5,143,67,76
215390,20,143,67,76
215390,21,119,51,68
215390,22,119,51,68
215390,23,119,51,68
215390,24,75,32,43
215390,25,44,19,25
215390,40,44,19,25
215390,41,113,58,55
215390,42,113,58,55
215390,43,113,58,55
215390,44,14,10,4
215390,45,99,48,51
215390,60,99,48,51
215415,1,1841,1055,786
215415,2,1841,1055,786
215415,3,1841,1055,786
215415,4,719,451,268
215415,5,1122,604,518
215415,19,261,113,148
215415,20,861,491,370
215415,21,1841,1055,786
215415,22,1841,1055,786
215415,23,1841,1055,786
215415,24,719,451,268
215415,25,1122,604,518
215415,39,261,113,148
215415,40,861,491,370
215424,1,246,156,90
215424,12,246,156,90
215424,21,199,138,61
215424,32,199,138,61
215424,41,47,18,29
215424,52,47,18,29
215433,1,315,55,260
215433,2,315,55,260
215433,3,315,55,260
215433,4,143,27,116
215433,5,172,28,144
215433,20,172,28,144
215433,21,262,51,211
215433,22,262,51,211
215433,23,262,51,211
215433,24,116,26,90
215433,25,146,25,121
215433,40,146,25,121
215433,41,53,4,49
215433,42,53,4,49
215433,43,53,4,49
215433,44,27,1,26
215433,45,26,3,23
215433,60,26,3,23
215442,1,3841,1656,2185
215442,2,3226,1383,1843
215442,3,3164,1379,1785
215442,4,548,197,351
215442,5,2616,1182,1434
215442,11,62,4,58
215442,12,615,273,342
215442,19,469,229,240
215442,20,2147,953,1194
215442,21,2801,1169,1632
215442,22,2551,1070,1481
215442,23,2551,1070,1481
215442,24,539,192,347
215442,25,2012,878,1134
215442,32,250,99,151
215442,39,338,172,166
215442,40,1674,706,968
215442,41,1040,487,553
215442,42,675,313,362
215442,43,613,309,304
215442,44,9,5,4
215442,45,604,304,300
215442,51,62,4,58
215442,52,365,174,191
215442,59,131,57,74
215442,60,473,247,226
215479,1,64,10,54
215479,2,64,10,54
215479,3,64,10,54
215479,5,64,10,54
215479,20,64,10,54
215479,21,64,10,54
215479,22,64,10,54
215479,23,64,10,54
215479,25,64,10,54
215479,40,64,10,54
215530,1,29,1,28
215530,2,29,1,28
215530,3,29,1,28
215530,4,18,1,17
215530,5,11,0,11
215530,20,11,0,11
215530,21,26,1,25
215530,22,26,1,25
215530,23,26,1,25
215530,24,17,1,16
215530,25,9,0,9
215530,40,9,0,9
215530,41,3,0,3
215530,42,3,0,3
215530,43,3,0,3
215530,44,1,0,1
215530,45,2,0,2
215530,60,2,0,2
215585,1,4538,1666,2872
215585,2,4538,1666,2872
215585,3,4028,1460,2568
215585,4,963,441,522
215585,5,3065,1019,2046
215585,11,510,206,304
215585,19,382,140,242
215585,20,2683,879,1804
215585,21,976,426,550
215585,22,976,426,550
215585,23,947,411,536
215585,24,251,125,126
215585,25,696,286,410
215585,31,29,15,14
215585,39,114,49,65
215585,40,582,237,345
215585,41,3562,1240,2322
215585,42,3562,1240,2322
215585,43,3081,1049,2032
215585,44,712,316,396
215585,45,2369,733,1636
215585,51,481,191,290
215585,59,268,91,177
215585,60,2101,642,1459
215594,1,367,56,311
215594,2,367,56,311
215594,3,367,56,311
215594,4,29,1,28
215594,5,338,55,283
215594,20,338,55,283
215594,21,169,28,141
215594,22,169,28,141
215594,23,169,28,141
215594,24,26,1,25
215594,25,143,27,116
215594,40,143,27,116
215594,41,198,28,170
215594,42,198,28,170
215594,43,198,28,170
215594,44,3,0,3
215594,45,195,28,167
215594,60,195,28,167
215619,1,48,18,30
215619,12,48,18,30
215619,21,43,15,28
215619,32,43,15,28
215619,41,5,3,2
215619,52,5,3,2
215628,1,81,73,8
215628,12,81,73,8
215628,21,37,35,2
215628,32,37,35,2
215628,41,44,38,6
215628,52,44,38,6
215637,1,427,197,230
215637,2,427,197,230
215637,3,427,197,230
215637,4,333,147,186
215637,5,94,50,44
215637,19,16,9,7
215637,20,78,41,37
215637,21,427,197,230
215637,22,427,197,230
215637,23,427,197,230
215637,24,333,147,186
215637,25,94,50,44
215637,39,16,9,7
215637,40,78,41,37
215646,1,519,251,268
215646,2,519,251,268
215646,3,510,251,259
215646,4,108,50,58
215646,5,402,201,201
215646,11,9,0,9
215646,19,29,9,20
215646,20,373,192,181
215646,21,519,251,268
215646,22,519,251,268
215646,23,510,251,259
215646,24,108,50,58
215646,25,402,201,201
215646,31,9,0,9
215646,39,29,9,20
215646,40,373,192,181
215655,1,5481,2926,2555
215655,2,4496,2435,2061
215655,3,4459,2425,2034
215655,4,994,579,415
215655,5,3465,1846,1619
215655,11,37,10,27
215655,12,985,491,494
215655,19,330,167,163
215655,20,3135,1679,1456
215655,21,3935,2225,1710
215655,22,3935,2225,1710
215655,23,3935,2225,1710
215655,24,988,576,412
215655,25,2947,1649,1298
215655,39,247,146,101
215655,40,2700,1503,1197
215655,41,1546,701,845
215655,42,561,210,351
215655,43,524,200,324
215655,44,6,3,3
215655,45,518,197,321
215655,51,37,10,27
215655,52,985,491,494
215655,59,83,21,62
215655,60,435,176,259
215682,1,684,636,48
215682,2,684,636,48
215682,3,684,636,48
215682,4,111,87,24
215682,5,573,549,24
215682,20,573,549,24
215682,21,684,636,48
215682,22,684,636,48
215682,23,684,636,48
215682,24,111,87,24
215682,25,573,549,24
215682,40,573,549,24
215691,1,957,270,687
215691,2,531,177,354
215691,3,511,175,336
215691,4,112,41,71
215691,5,399,134,265
215691,11,20,2,18
215691,12,426,93,333
215691,19,29,14,15
215691,20,370,120,250
215691,21,526,171,355
215691,22,411,148,263
215691,23,409,148,261
215691,24,112,41,71
215691,25,297,107,190
215691,31,2,0,2
215691,32,115,23,92
215691,39,29,14,15
215691,40,268,93,175
215691,41,431,99,332
215691,42,120,29,91
215691,43,102,27,75
215691,45,102,27,75
215691,51,18,2,16
215691,52,311,70,241
215691,60,102,27,75
215743,1,2344,842,1502
215743,2,1694,645,1049
215743,3,1665,631,1034
215743,4,403,157,246
215743,5,1262,474,788
215743,11,29,14,15
215743,12,650,197,453
215743,19,1,1,0
215743,20,1261,473,788
215743,21,1781,661,1120
215743,22,1547,593,954
215743,23,1541,591,950
215743,24,400,157,243
215743,25,1141,434,707
215743,31,6,2,4
215743,32,234,68,166
215743,40,1141,434,707
215743,41,563,181,382
215743,42,147,52,95
215743,43,124,40,84
215743,44,3,0,3
215743,45,121,40,81
215743,51,23,12,11
215743,52,416,129,287
215743,59,1,1,0
215743,60,120,39,81
215770,1,8954,3889,5065
215770,2,5374,2498,2876
215770,3,5265,2430,2835
215770,4,1275,588,687
215770,5,3990,1842,2148
215770,11,109,68,41
215770,12,3580,1391,2189
215770,19,211,88,123
215770,20,3779,1754,2025
215770,21,5124,2393,2731
215770,22,4489,2132,2357
215770,23,4485,2130,2355
215770,24,1272,586,686
215770,25,3213,1544,1669
215770,31,4,2,2
215770,32,635,261,374
215770,39,89,47,42
215770,40,3124,1497,1627
215770,41,3830,1496,2334
215770,42,885,366,519
215770,43,780,300,480
215770,44,3,2,1
215770,45,777,298,479
215770,51,105,66,39
215770,52,2945,1130,1815
215770,59,122,41,81
215770,60,655,257,398
215798,1,1813,909,904
215798,2,1596,822,774
215798,3,1532,798,734
215798,4,472,234,238
215798,5,1060,564,496
215798,11,64,24,40
215798,12,217,87,130
215798,19,43,28,15
215798,20,1017,536,481
215798,21,1654,852,802
215798,22,1532,790,742
215798,23,1515,787,728
215798,24,472,234,238
215798,25,1043,553,490
215798,31,17,3,14
215798,32,122,62,60
215798,39,43,28,15
215798,40,1000,525,475
215798,41,159,57,102
215798,42,64,32,32
215798,43,17,11,6
215798,45,17,11,6
215798,51,47,21,26
215798,52,95,25,70
215798,60,17,11,6
215813,1,56,55,1
215813,12,56,55,1
215813,21,47,47,0
215813,32,47,47,0
215813,41,9,8,1
215813,52,9,8,1
215886,1,86,35,51
215886,2,86,35,51
215886,3,86,35,51
215886,4,64,34,30
215886,5,22,1,21
215886,20,22,1,21
215886,21,84,33,51
215886,22,84,33,51
215886,23,84,33,51
215886,24,63,33,30
215886,25,21,0,21
215886,40,21,0,21
215886,41,2,2,0
215886,42,2,2,0
215886,43,2,2,0
215886,44,1,1,0
215886,45,1,1,0
215886,60,1,1,0
215929,1,5633,2444,3189
215929,2,3942,1760,2182
215929,3,3834,1705,2129
215929,4,881,348,533
215929,5,2953,1357,1596
215929,11,108,55,53
215929,12,1691,684,1007
215929,19,102,46,56
215929,20,2851,1311,1540
215929,21,4826,2075,2751
215929,22,3756,1663,2093
215929,23,3728,1654,2074
215929,24,878,347,531
215929,25,2850,1307,1543
215929,31,28,9,19
215929,32,1070,412,658
215929,39,96,44,52
215929,40,2754,1263,1491
215929,41,807,369,438
215929,42,186,97,89
215929,43,106,51,55
215929,44,3,1,2
215929,45,103,50,53
215929,51,80,46,34
215929,52,621,272,349
215929,59,6,2,4
215929,60,97,48,49
215947,1,2357,869,1488
215947,2,1958,731,1227
215947,3,1550,558,992
215947,4,386,137,249
215947,5,1164,421,743
215947,11,408,173,235
215947,12,399,138,261
215947,19,121,51,70
215947,20,1043,370,673
215947,21,1685,599,1086
215947,22,1415,508,907
215947,23,1379,490,889
215947,24,380,135,245
215947,25,999,355,644
215947,31,36,18,18
215947,32,270,91,179
215947,39,90,41,49
215947,40,909,314,595
215947,41,672,270,402
215947,42,543,223,320
215947,43,171,68,103
215947,44,6,2,4
215947,45,165,66,99
215947,51,372,155,217
215947,52,129,47,82
215947,59,31,10,21
215947,60,134,56,78
215974,1,346,59,287
215974,2,346,59,287
215974,3,346,59,287
215974,4,17,2,15
215974,5,329,57,272
215974,20,329,57,272
215974,21,269,49,220
215974,22,269,49,220
215974,23,269,49,220
215974,24,16,2,14
215974,25,253,47,206
215974,40,253,47,206
215974,41,77,10,67
215974,42,77,10,67
215974,43,77,10,67
215974,44,1,0,1
215974,45,76,10,66
215974,60,76,10,66
215983,1,35,16,19
215983,2,35,16,19
215983,3,35,16,19
215983,4,19,9,10
215983,5,16,7,9
215983,20,16,7,9
215983,21,35,16,19
215983,22,35,16,19
215983,23,35,16,19
215983,24,19,9,10
215983,25,16,7,9
215983,40,16,7,9
215992,1,285,62,223
215992,2,285,62,223
215992,3,285,62,223
215992,4,88,18,70
215992,5,197,44,153
215992,19,59,13,46
215992,20,138,31,107
215992,21,263,61,202
215992,22,263,61,202
215992,23,263,61,202
215992,24,83,18,65
215992,25,180,43,137
215992,39,54,13,41
215992,40,126,30,96
215992,41,22,1,21
215992,42,22,1,21
215992,43,22,1,21
215992,44,5,0,5
215992,45,17,1,16
215992,59,5,0,5
215992,60,12,1,11
216010,1,7548,3700,3848
216010,2,6550,3299,3251
216010,3,6493,3269,3224
216010,4,1522,775,747
216010,5,4971,2494,2477
216010,11,57,30,27
216010,12,998,401,597
216010,19,387,197,190
216010,20,4584,2297,2287
216010,21,6535,3265,3270
216010,22,6219,3144,3075
216010,23,6199,3135,3064
216010,24,1516,773,743
216010,25,4683,2362,2321
216010,31,20,9,11
216010,32,316,121,195
216010,39,346,189,157
216010,40,4337,2173,2164
216010,41,1013,435,578
216010,42,331,155,176
216010,43,294,134,160
216010,44,6,2,4
216010,45,288,132,156
216010,51,37,21,16
216010,52,682,280,402
216010,59,41,8,33
216010,60,247,124,123
216038,1,8347,3529,4818
216038,2,7595,3320,4275
216038,3,7544,3295,4249
216038,4,1408,563,845
216038,5,6136,2732,3404
216038,11,51,25,26
216038,12,752,209,543
216038,19,622,314,308
216038,20,5514,2418,3096
216038,21,7411,3259,4152
216038,22,7057,3147,3910
216038,23,7042,3137,3905
216038,24,1408,563,845
216038,25,5634,2574,3060
216038,31,15,10,5
216038,32,354,112,242
216038,39,545,303,242
216038,40,5089,2271,2818
216038,41,936,270,666
216038,42,538,173,365
216038,43,502,158,344
216038,45,502,158,344
216038,51,36,15,21
216038,52,398,97,301
216038,59,77,11,66
216038,60,425,147,278
216047,1,238,206,32
216047,2,84,78,6
216047,3,53,53,0
216047,4,10,10,0
216047,5,43,43,0
216047,11,31,25,6
216047,12,154,128,26
216047,19,8,8,0
216047,20,35,35,0
216047,21,150,138,12
216047,22,74,74,0
216047,23,53,53,0
216047,24,10,10,0
216047,25,43,43,0
216047,31,21,21,0
216047,32,76,64,12
216047,39,8,8,0
216047,40,35,35,0
216047,41,88,68,20
216047,42,10,4,6
216047,51,10,4,6
216047,52,78,64,14
216074,1,92,4,88
216074,2,92,4,88
216074,3,92,4,88
216074,4,81,4,77
216074,5,11,0,11
216074,20,11,0,11
216074,21,31,2,29
216074,22,31,2,29
216074,23,31,2,29
216074,24,26,2,24
216074,25,5,0,5
216074,40,5,0,5
216074,41,61,2,59
216074,42,61,2,59
216074,43,61,2,59
216074,44,55,2,53
216074,45,6,0,6
216074,60,6,0,6
216083,1,665,229,436
216083,2,665,229,436
216083,3,662,227,435
216083,4,308,117,191
216083,5,354,110,244
216083,11,3,2,1
216083,19,43,14,29
216083,20,311,96,215
216083,21,607,206,401
216083,22,607,206,401
216083,23,605,205,400
216083,24,292,112,180
216083,25,313,93,220
216083,31,2,1,1
216083,39,32,11,21
216083,40,281,82,199
216083,41,58,23,35
216083,42,58,23,35
216083,43,57,22,35
216083,44,16,5,11
216083,45,41,17,24
216083,51,1,1,0
216083,59,11,3,8
216083,60,30,14,16
216162,1,139,26,113
216162,2,139,26,113
216162,3,139,26,113
216162,5,139,26,113
216162,20,139,26,113
216162,21,139,26,113
216162,22,139,26,113
216162,23,139,26,113
216162,25,139,26,113
216162,40,139,26,113
216223,1,44,3,41
216223,2,44,3,41
216223,3,44,3,41
216223,4,29,3,26
216223,5,15,0,15
216223,20,15,0,15
216223,21,35,2,33
216223,22,35,2,33
216223,23,35,2,33
216223,24,23,2,21
216223,25,12,0,12
216223,40,12,0,12
216223,41,9,1,8
216223,42,9,1,8
216223,43,9,1,8
216223,44,6,1,5
216223,45,3,0,3
216223,60,3,0,3
216278,1,2187,971,1216
216278,2,2187,971,1216
216278,3,2138,958,1180
216278,4,589,260,329
216278,5,1549,698,851
216278,11,49,13,36
216278,19,30,17,13
216278,20,1519,681,838
216278,21,2129,953,1176
216278,22,2129,953,1176
216278,23,2122,949,1173
216278,24,589,260,329
216278,25,1533,689,844
216278,31,7,4,3
216278,39,30,17,13
216278,40,1503,672,831
216278,41,58,18,40
216278,42,58,18,40
216278,43,16,9,7
216278,45,16,9,7
216278,51,42,9,33
216278,60,16,9,7
216287,1,1534,753,781
216287,2,1534,753,781
216287,3,1524,750,774
216287,4,388,194,194
216287,5,1136,556,580
216287,11,10,3,7
216287,19,11,6,5
216287,20,1125,550,575
216287,21,1526,751,775
216287,22,1526,751,775
216287,23,1524,750,774
216287,24,388,194,194
216287,25,1136,556,580
216287,31,2,1,1
216287,39,11,6,5
216287,40,1125,550,575
216287,41,8,2,6
216287,42,8,2,6
216287,51,8,2,6
216296,1,883,822,61
216296,2,883,822,61
216296,3,883,822,61
216296,4,403,376,27
216296,5,480,446,34
216296,19,44,39,5
216296,20,436,407,29
216296,21,875,815,60
216296,22,875,815,60
216296,23,875,815,60
216296,24,402,375,27
216296,25,473,440,33
216296,39,44,39,5
216296,40,429,401,28
216296,41,8,7,1
216296,42,8,7,1
216296,43,8,7,1
216296,44,1,1,0
216296,45,7,6,1
216296,60,7,6,1
216311,1,124,124,0
216311,2,124,124,0
216311,3,124,124,0
216311,4,38,38,0
216311,5,86,86,0
216311,20,86,86,0
216311,21,124,124,0
216311,22,124,124,0
216311,23,124,124,0
216311,24,38,38,0
216311,25,86,86,0
216311,40,86,86,0
216339,1,37270,17917,19353
216339,2,28068,13811,14257
216339,3,27511,13534,13977
216339,4,4390,2028,2362
216339,5,23121,11506,11615
216339,11,557,277,280
216339,12,9202,4106,5096
216339,19,2716,1378,1338
216339,20,20405,10128,10277
216339,21,31436,15217,16219
216339,22,24743,12062,12681
216339,23,24601,12014,12587
216339,24,4380,2023,2357
216339,25,20221,9991,10230
216339,31,142,48,94
216339,32,6693,3155,3538
216339,39,2391,1234,1157
216339,40,17830,8757,9073
216339,41,5834,2700,3134
216339,42,3325,1749,1576
216339,43,2910,1520,1390
216339,44,10,5,5
216339,45,2900,1515,1385
216339,51,415,229,186
216339,52,2509,951,1558
216339,59,325,144,181
216339,60,2575,1371,1204
216348,1,27,20,7
216348,12,27,20,7
216348,21,16,14,2
216348,32,16,14,2
216348,41,11,6,5
216348,52,11,6,5
216357,1,1100,549,551
216357,2,1100,549,551
216357,3,1045,541,504
216357,4,303,155,148
216357,5,742,386,356
216357,11,55,8,47
216357,19,30,13,17
216357,20,712,373,339
216357,21,1061,532,529
216357,22,1061,532,529
216357,23,1030,531,499
216357,24,303,155,148
216357,25,727,376,351
216357,31,31,1,30
216357,39,26,10,16
216357,40,701,366,335
216357,41,39,17,22
216357,42,39,17,22
216357,43,15,10,5
216357,45,15,10,5
216357,51,24,7,17
216357,59,4,3,1
216357,60,11,7,4
216366,1,3635,1170,2465
216366,2,888,165,723
216366,3,664,116,548
216366,5,664,116,548
216366,11,224,49,175
216366,12,2747,1005,1742
216366,19,392,74,318
216366,20,272,42,230
216366,21,2496,917,1579
216366,22,596,103,493
216366,23,596,103,493
216366,25,596,103,493
216366,32,1900,814,1086
216366,39,379,70,309
216366,40,217,33,184
216366,41,1139,253,886
216366,42,292,62,230
216366,43,68,13,55
216366,45,68,13,55
216366,51,224,49,175
216366,52,847,191,656
216366,59,13,4,9
216366,60,55,9,46
216418,1,851,378,473
216418,2,851,378,473
216418,3,851,378,473
216418,4,101,43,58
216418,5,750,335,415
216418,19,69,22,47
216418,20,681,313,368
216418,21,465,191,274
216418,22,465,191,274
216418,23,465,191,274
216418,24,54,20,34
216418,25,411,171,240
216418,39,42,8,34
216418,40,369,163,206
216418,41,386,187,199
216418,42,386,187,199
216418,43,386,187,199
216418,44,47,23,24
216418,45,339,164,175
216418,59,27,14,13
216418,60,312,150,162
216427,1,74,71,3
216427,2,74,71,3
216427,3,74,71,3
216427,4,42,40,2
216427,5,32,31,1
216427,20,32,31,1
216427,21,74,71,3
216427,22,74,71,3
216427,23,74,71,3
216427,24,42,40,2
216427,25,32,31,1
216427,40,32,31,1
216436,1,251,242,9
216436,2,251,242,9
216436,3,251,242,9
216436,4,107,105,2
216436,5,144,137,7
216436,19,1,1,0
216436,20,143,136,7
216436,21,251,242,9
216436,22,251,242,9
216436,23,251,242,9
216436,24,107,105,2
216436,25,144,137,7
216436,39,1,1,0
216436,40,143,136,7
216445,1,171,168,3
216445,2,171,168,3
216445,3,171,168,3
216445,4,46,46,0
216445,5,125,122,3
216445,19,12,12,0
216445,20,113,110,3
216445,21,171,168,3
216445,22,171,168,3
216445,23,171,168,3
216445,24,46,46,0
216445,25,125,122,3
216445,39,12,12,0
216445,40,113,110,3
216454,1,184,172,12
216454,2,184,172,12
216454,3,184,172,12
216454,4,82,79,3
216454,5,102,93,9
216454,19,17,13,4
216454,20,85,80,5
216454,21,184,172,12
216454,22,184,172,12
216454,23,184,172,12
216454,24,82,79,3
216454,25,102,93,9
216454,39,17,13,4
216454,40,85,80,5
216463,1,154,102,52
216463,12,154,102,52
216463,21,76,62,14
216463,32,76,62,14
216463,41,78,40,38
216463,52,78,40,38
216524,1,1596,783,813
216524,2,1596,783,813
216524,3,1578,776,802
216524,4,425,208,217
216524,5,1153,568,585
216524,11,18,7,11
216524,19,8,7,1
216524,20,1145,561,584
216524,21,1582,781,801
216524,22,1582,781,801
216524,23,1574,776,798
216524,24,425,208,217
216524,25,1149,568,581
216524,31,8,5,3
216524,39,8,7,1
216524,40,1141,561,580
216524,41,14,2,12
216524,42,14,2,12
216524,43,4,0,4
216524,45,4,0,4
216524,51,10,2,8
216524,60,4,0,4
216542,1,1004,513,491
216542,2,964,484,480
216542,3,767,399,368
216542,4,134,65,69
216542,5,633,334,299
216542,11,197,85,112
216542,12,40,29,11
216542,19,10,4,6
216542,20,623,330,293
216542,21,694,368,326
216542,22,684,359,325
216542,23,671,353,318
216542,24,134,65,69
216542,25,537,288,249
216542,31,13,6,7
216542,32,10,9,1
216542,39,6,4,2
216542,40,531,284,247
216542,41,310,145,165
216542,42,280,125,155
216542,43,96,46,50
216542,45,96,46,50
216542,51,184,79,105
216542,52,30,20,10
216542,59,4,0,4
216542,60,92,46,46
216551,1,268,240,28
216551,2,268,240,28
216551,3,268,240,28
216551,4,166,145,21
216551,5,102,95,7
216551,19,18,16,2
216551,20,84,79,5
216551,21,268,240,28
216551,22,268,240,28
216551,23,268,240,28
216551,24,166,145,21
216551,25,102,95,7
216551,39,18,16,2
216551,40,84,79,5
216579,1,112,3,109
216579,2,112,3,109
216579,3,112,3,109
216579,4,55,1,54
216579,5,57,2,55
216579,20,57,2,55
216579,21,112,3,109
216579,22,112,3,109
216579,23,112,3,109
216579,24,55,1,54
216579,25,57,2,55
216579,40,57,2,55
216597,1,10696,5236,5460
216597,2,7042,3415,3627
216597,3,6856,3319,3537
216597,4,1660,794,866
216597,5,5196,2525,2671
216597,11,186,96,90
216597,12,3654,1821,1833
216597,19,115,34,81
216597,20,5081,2491,2590
216597,21,7876,3848,4028
216597,22,6547,3163,3384
216597,23,6539,3158,3381
216597,24,1659,793,866
216597,25,4880,2365,2515
216597,31,8,5,3
216597,32,1329,685,644
216597,39,74,27,47
216597,40,4806,2338,2468
216597,41,2820,1388,1432
216597,42,495,252,243
216597,43,317,161,156
216597,44,1,1,0
216597,45,316,160,156
216597,51,178,91,87
216597,52,2325,1136,1189
216597,59,41,7,34
216597,60,275,153,122
216630,1,76,7,69
216630,2,76,7,69
216630,3,76,7,69
216630,5,76,7,69
216630,20,76,7,69
216630,21,76,7,69
216630,22,76,7,69
216630,23,76,7,69
216630,25,76,7,69
216630,40,76,7,69
216649,1,25,9,16
216649,2,25,9,16
216649,3,25,9,16
216649,5,25,9,16
216649,20,25,9,16
216649,21,25,9,16
216649,22,25,9,16
216649,23,25,9,16
216649,25,25,9,16
216649,40,25,9,16
216667,1,1328,654,674
216667,2,1328,654,674
216667,3,1300,641,659
216667,4,326,168,158
216667,5,974,473,501
216667,11,28,13,15
216667,19,11,6,5
216667,20,963,467,496
216667,21,1318,649,669
216667,22,1318,649,669
216667,23,1294,639,655
216667,24,326,168,158
216667,25,968,471,497
216667,31,24,10,14
216667,39,11,6,5
216667,40,957,465,492
216667,41,10,5,5
216667,42,10,5,5
216667,43,6,2,4
216667,45,6,2,4
216667,51,4,3,1
216667,60,6,2,4
216694,1,2190,799,1391
216694,2,1598,618,980
216694,3,1559,613,946
216694,4,407,170,237
216694,5,1152,443,709
216694,11,39,5,34
216694,12,592,181,411
216694,19,41,15,26
216694,20,1111,428,683
216694,21,1563,615,948
216694,22,1481,595,886
216694,23,1478,594,884
216694,24,407,170,237
216694,25,1071,424,647
216694,31,3,1,2
216694,32,82,20,62
216694,39,41,15,26
216694,40,1030,409,621
216694,41,627,184,443
216694,42,117,23,94
216694,43,81,19,62
216694,45,81,19,62
216694,51,36,4,32
216694,52,510,161,349
216694,60,81,19,62
216746,1,88,85,3
216746,2,88,85,3
216746,3,88,85,3
216746,4,42,40,2
216746,5,46,45,1
216746,20,46,45,1
216746,21,70,69,1
216746,22,70,69,1
216746,23,70,69,1
216746,24,32,32,0
216746,25,38,37,1
216746,40,38,37,1
216746,41,18,16,2
216746,42,18,16,2
216746,43,18,16,2
216746,44,10,8,2
216746,45,8,8,0
216746,60,8,8,0
216764,1,15845,6209,9636
216764,2,13711,5542,8169
216764,3,13456,5432,8024
216764,4,2298,812,1486
216764,5,11158,4620,6538
216764,11,255,110,145
216764,12,2134,667,1467
216764,19,1304,586,718
216764,20,9854,4034,5820
216764,21,13250,5194,8056
216764,22,12463,4963,7500
216764,23,12432,4954,7478
216764,24,2292,810,1482
216764,25,10140,4144,5996
216764,31,31,9,22
216764,32,787,231,556
216764,39,1144,528,616
216764,40,8996,3616,5380
216764,41,2595,1015,1580
216764,42,1248,579,669
216764,43,1024,478,546
216764,44,6,2,4
216764,45,1018,476,542
216764,51,224,101,123
216764,52,1347,436,911
216764,59,160,58,102
216764,60,858,418,440
216773,1,95,20,75
216773,2,95,20,75
216773,3,95,20,75
216773,4,6,1,5
216773,5,89,19,70
216773,20,89,19,70
216773,21,95,20,75
216773,22,95,20,75
216773,23,95,20,75
216773,24,6,1,5
216773,25,89,19,70
216773,40,89,19,70
216782,1,438,52,386
216782,2,438,52,386
216782,3,438,52,386
216782,4,29,2,27
216782,5,409,50,359
216782,19,24,1,23
216782,20,385,49,336
216782,21,243,27,216
216782,22,243,27,216
216782,23,243,27,216
216782,24,26,2,24
216782,25,217,25,192
216782,39,20,1,19
216782,40,197,24,173
216782,41,195,25,170
216782,42,195,25,170
216782,43,195,25,170
216782,44,3,0,3
216782,45,192,25,167
216782,59,4,0,4
216782,60,188,25,163
216807,1,1366,560,806
216807,2,1313,536,777
216807,3,1313,536,777
216807,4,309,123,186
216807,5,1004,413,591
216807,12,53,24,29
216807,20,1004,413,591
216807,21,1264,514,750
216807,22,1254,511,743
216807,23,1254,511,743
216807,24,302,119,183
216807,25,952,392,560
216807,32,10,3,7
216807,40,952,392,560
216807,41,102,46,56
216807,42,59,25,34
216807,43,59,25,34
216807,44,7,4,3
216807,45,52,21,31
216807,52,43,21,22
216807,60,52,21,31
216816,1,588,454,134
216816,12,588,454,134
216816,21,274,224,50
216816,32,274,224,50
216816,41,314,230,84
216816,52,314,230,84
216825,1,6104,2194,3910
216825,2,6104,2194,3910
216825,3,5471,1971,3500
216825,4,1512,629,883
216825,5,3959,1342,2617
216825,11,633,223,410
216825,19,208,88,120
216825,20,3751,1254,2497
216825,21,2967,1209,1758
216825,22,2967,1209,1758
216825,23,2876,1161,1715
216825,24,1072,458,614
216825,25,1804,703,1101
216825,31,91,48,43
216825,39,117,53,64
216825,40,1687,650,1037
216825,41,3137,985,2152
216825,42,3137,985,2152
216825,43,2595,810,1785
216825,44,440,171,269
216825,45,2155,639,1516
216825,51,542,175,367
216825,59,91,35,56
216825,60,2064,604,1460
216852,1,5025,1948,3077
216852,2,3424,1541,1883
216852,3,3188,1431,1757
216852,4,828,415,413
216852,5,2360,1016,1344
216852,11,236,110,126
216852,12,1601,407,1194
216852,19,152,61,91
216852,20,2208,955,1253
216852,21,3573,1505,2068
216852,22,2875,1340,1535
216852,23,2845,1321,1524
216852,24,827,414,413
216852,25,2018,907,1111
216852,31,30,19,11
216852,32,698,165,533
216852,39,138,58,80
216852,40,1880,849,1031
216852,41,1452,443,1009
216852,42,549,201,348
216852,43,343,110,233
216852,44,1,1,0
216852,45,342,109,233
216852,51,206,91,115
216852,52,903,242,661
216852,59,14,3,11
216852,60,328,106,222
216931,1,4665,1970,2695
216931,2,2388,1262,1126
216931,3,2281,1206,1075
216931,4,586,306,280
216931,5,1695,900,795
216931,11,107,56,51
216931,12,2277,708,1569
216931,19,166,90,76
216931,20,1529,810,719
216931,21,2670,1353,1317
216931,22,2181,1157,1024
216931,23,2178,1155,1023
216931,24,584,305,279
216931,25,1594,850,744
216931,31,3,2,1
216931,32,489,196,293
216931,39,158,86,72
216931,40,1436,764,672
216931,41,1995,617,1378
216931,42,207,105,102
216931,43,103,51,52
216931,44,2,1,1
216931,45,101,50,51
216931,51,104,54,50
216931,52,1788,512,1276
216931,59,8,4,4
216931,60,93,46,47
217013,1,662,80,582
217013,2,571,66,505
217013,3,468,34,434
217013,4,71,2,69
217013,5,397,32,365
217013,11,103,32,71
217013,12,91,14,77
217013,19,20,1,19
217013,20,377,31,346
217013,21,332,20,312
217013,22,330,19,311
217013,23,317,12,305
217013,24,70,2,68
217013,25,247,10,237
217013,31,13,7,6
217013,32,2,1,1
217013,39,18,1,17
217013,40,229,9,220
217013,41,330,60,270
217013,42,241,47,194
217013,43,151,22,129
217013,44,1,0,1
217013,45,150,22,128
217013,51,90,25,65
217013,52,89,13,76
217013,59,2,0,2
217013,60,148,22,126
217040,1,52,52,0
217040,2,52,52,0
217040,3,52,52,0
217040,4,17,17,0
217040,5,35,35,0
217040,19,1,1,0
217040,20,34,34,0
217040,21,52,52,0
217040,22,52,52,0
217040,23,52,52,0
217040,24,17,17,0
217040,25,35,35,0
217040,39,1,1,0
217040,40,34,34,0
217059,1,5250,2356,2894
217059,2,5010,2265,2745
217059,3,4847,2191,2656
217059,4,1071,496,575
217059,5,3776,1695,2081
217059,11,163,74,89
217059,12,240,91,149
217059,19,236,101,135
217059,20,3540,1594,1946
217059,21,4492,2059,2433
217059,22,4453,2052,2401
217059,23,4453,2052,2401
217059,24,1070,496,574
217059,25,3383,1556,1827
217059,32,39,7,32
217059,39,208,94,114
217059,40,3175,1462,1713
217059,41,758,297,461
217059,42,557,213,344
217059,43,394,139,255
217059,44,1,0,1
217059,45,393,139,254
217059,51,163,74,89
217059,52,201,84,117
217059,59,28,7,21
217059,60,365,132,233
217077,1,2027,941,1086
217077,2,2027,941,1086
217077,3,2027,941,1086
217077,4,609,288,321
217077,5,1418,653,765
217077,19,190,69,121
217077,20,1228,584,644
217077,21,2027,941,1086
217077,22,2027,941,1086
217077,23,2027,941,1086
217077,24,609,288,321
217077,25,1418,653,765
217077,39,190,69,121
217077,40,1228,584,644
217086,1,122,30,92
217086,2,122,30,92
217086,3,122,30,92
217086,4,35,9,26
217086,5,87,21,66
217086,20,87,21,66
217086,21,115,30,85
217086,22,115,30,85
217086,23,115,30,85
217086,24,35,9,26
217086,25,80,21,59
217086,40,80,21,59
217086,41,7,0,7
217086,42,7,0,7
217086,43,7,0,7
217086,45,7,0,7
217086,60,7,0,7
217095,1,135,11,124
217095,2,135,11,124
217095,3,135,11,124
217095,4,40,2,38
217095,5,95,9,86
217095,20,95,9,86
217095,21,100,10,90
217095,22,100,10,90
217095,23,100,10,90
217095,24,35,2,33
217095,25,65,8,57
217095,40,65,8,57
217095,41,35,1,34
217095,42,35,1,34
217095,43,35,1,34
217095,44,5,0,5
217095,45,30,1,29
217095,60,30,1,29
217156,1,8943,4347,4596
217156,2,6455,3101,3354
217156,3,6182,3002,3180
217156,4,1542,754,788
217156,5,4640,2248,2392
217156,11,273,99,174
217156,12,2488,1246,1242
217156,19,77,49,28
217156,20,4563,2199,2364
217156,21,8527,4198,4329
217156,22,6168,2998,3170
217156,23,6147,2982,3165
217156,24,1542,754,788
217156,25,4605,2228,2377
217156,31,21,16,5
217156,32,2359,1200,1159
217156,39,77,49,28
217156,40,4528,2179,2349
217156,41,416,149,267
217156,42,287,103,184
217156,43,35,20,15
217156,45,35,20,15
217156,51,252,83,169
217156,52,129,46,83
217156,60,35,20,15
217165,1,3454,2014,1440
217165,2,3287,1922,1365
217165,3,3263,1910,1353
217165,4,890,510,380
217165,5,2373,1400,973
217165,11,24,12,12
217165,12,167,92,75
217165,19,91,56,35
217165,20,2282,1344,938
217165,21,3276,1915,1361
217165,22,3200,1876,1324
217165,23,3200,1876,1324
217165,24,890,510,380
217165,25,2310,1366,944
217165,32,76,39,37
217165,39,83,53,30
217165,40,2227,1313,914
217165,41,178,99,79
217165,42,87,46,41
217165,43,63,34,29
217165,45,63,34,29
217165,51,24,12,12
217165,52,91,53,38
217165,59,8,3,5
217165,60,55,31,24
217235,1,10369,4321,6048
217235,2,9401,3943,5458
217235,3,9067,3763,5304
217235,4,1995,743,1252
217235,5,7072,3020,4052
217235,11,334,180,154
217235,12,968,378,590
217235,19,543,230,313
217235,20,6529,2790,3739
217235,21,9594,3999,5595
217235,22,8754,3678,5076
217235,23,8451,3505,4946
217235,24,1957,721,1236
217235,25,6494,2784,3710
217235,31,303,173,130
217235,32,840,321,519
217235,39,474,208,266
217235,40,6020,2576,3444
217235,41,775,322,453
217235,42,647,265,382
217235,43,616,258,358
217235,44,38,22,16
217235,45,578,236,342
217235,51,31,7,24
217235,52,128,57,71
217235,59,69,22,47
217235,60,509,214,295
217244,1,125,7,118
217244,2,125,7,118
217244,3,125,7,118
217244,5,125,7,118
217244,20,125,7,118
217244,21,125,7,118
217244,22,125,7,118
217244,23,125,7,118
217244,25,125,7,118
217244,40,125,7,118
217305,1,2933,2010,923
217305,2,2860,1982,878
217305,3,2860,1982,878
217305,4,498,393,105
217305,5,2362,1589,773
217305,12,73,28,45
217305,19,147,84,63
217305,20,2215,1505,710
217305,21,2436,1701,735
217305,22,2396,1695,701
217305,23,2396,1695,701
217305,24,498,393,105
217305,25,1898,1302,596
217305,32,40,6,34
217305,39,147,84,63
217305,40,1751,1218,533
217305,41,497,309,188
217305,42,464,287,177
217305,43,464,287,177
217305,45,464,287,177
217305,52,33,22,11
217305,60,464,287,177
217323,1,157,150,7
217323,2,157,150,7
217323,3,157,150,7
217323,4,133,126,7
217323,5,24,24,0
217323,20,24,24,0
217323,21,157,150,7
217323,22,157,150,7
217323,23,157,150,7
217323,24,133,126,7
217323,25,24,24,0
217323,40,24,24,0
217350,1,36,1,35
217350,2,36,1,35
217350,3,36,1,35
217350,4,4,0,4
217350,5,32,1,31
217350,20,32,1,31
217350,41,36,1,35
217350,42,36,1,35
217350,43,36,1,35
217350,44,4,0,4
217350,45,32,1,31
217350,60,32,1,31
217402,1,4665,2026,2639
217402,2,4135,1808,2327
217402,3,3969,1743,2226
217402,4,1027,452,575
217402,5,2942,1291,1651
217402,11,166,65,101
217402,12,530,218,312
217402,19,95,51,44
217402,20,2847,1240,1607
217402,21,3982,1754,2228
217402,22,3798,1668,2130
217402,23,3791,1663,2128
217402,24,1027,452,575
217402,25,2764,1211,1553
217402,31,7,5,2
217402,32,184,86,98
217402,39,54,34,20
217402,40,2710,1177,1533
217402,41,683,272,411
217402,42,337,140,197
217402,43,178,80,98
217402,45,178,80,98
217402,51,159,60,99
217402,52,346,132,214
217402,59,41,17,24
217402,60,137,63,74
217420,1,8700,2744,5956
217420,2,7505,2501,5004
217420,3,7253,2389,4864
217420,4,1141,334,807
217420,5,6112,2055,4057
217420,11,252,112,140
217420,12,1195,243,952
217420,19,646,213,433
217420,20,5466,1842,3624
217420,21,5802,1904,3898
217420,22,5600,1863,3737
217420,23,5535,1830,3705
217420,24,1128,328,800
217420,25,4407,1502,2905
217420,31,65,33,32
217420,32,202,41,161
217420,39,478,169,309
217420,40,3929,1333,2596
217420,41,2898,840,2058
217420,42,1905,638,1267
217420,43,1718,559,1159
217420,44,13,6,7
217420,45,1705,553,1152
217420,51,187,79,108
217420,52,993,202,791
217420,59,168,44,124
217420,60,1537,509,1028
217475,1,17699,7223,10476
217475,2,17699,7223,10476
217475,3,16856,6866,9990
217475,4,3376,1667,1709
217475,5,13480,5199,8281
217475,11,843,357,486
217475,19,4451,1544,2907
217475,20,9029,3655,5374
217475,21,5459,2683,2776
217475,22,5459,2683,2776
217475,23,5368,2656,2712
217475,24,1657,887,770
217475,25,3711,1769,1942
217475,31,91,27,64
217475,39,1148,527,621
217475,40,2563,1242,1321
217475,41,12240,4540,7700
217475,42,12240,4540,7700
217475,43,11488,4210,7278
217475,44,1719,780,939
217475,45,9769,3430,6339
217475,51,752,330,422
217475,59,3303,1017,2286
217475,60,6466,2413,4053
217484,1,16387,7455,8932
217484,2,13354,6170,7184
217484,3,13008,6008,7000
217484,4,2991,1320,1671
217484,5,10017,4688,5329
217484,11,346,162,184
217484,12,3033,1285,1748
217484,19,604,319,285
217484,20,9413,4369,5044
217484,21,13662,6229,7433
217484,22,11829,5478,6351
217484,23,11728,5431,6297
217484,24,2970,1309,1661
217484,25,8758,4122,4636
217484,31,101,47,54
217484,32,1833,751,1082
217484,39,521,281,240
217484,40,8237,3841,4396
217484,41,2725,1226,1499
217484,42,1525,692,833
217484,43,1280,577,703
217484,44,21,11,10
217484,45,1259,566,693
217484,51,245,115,130
217484,52,1200,534,666
217484,59,83,38,45
217484,60,1176,528,648
217493,1,2420,837,1583
217493,2,2005,687,1318
217493,3,2005,687,1318
217493,4,455,144,311
217493,5,1550,543,1007
217493,12,415,150,265
217493,19,64,26,38
217493,20,1486,517,969
217493,21,2420,837,1583
217493,22,2005,687,1318
217493,23,2005,687,1318
217493,24,455,144,311
217493,25,1550,543,1007
217493,32,415,150,265
217493,39,64,26,38
217493,40,1486,517,969
217518,1,4732,2369,2363
217518,2,4411,2225,2186
217518,3,4403,2222,2181
217518,4,1116,496,620
217518,5,3287,1726,1561
217518,11,8,3,5
217518,12,321,144,177
217518,19,182,91,91
217518,20,3105,1635,1470
217518,21,4041,2005,2036
217518,22,3875,1937,1938
217518,23,3870,1935,1935
217518,24,1102,494,608
217518,25,2768,1441,1327
217518,31,5,2,3
217518,32,166,68,98
217518,39,118,64,54
217518,40,2650,1377,1273
217518,41,691,364,327
217518,42,536,288,248
217518,43,533,287,246
217518,44,14,2,12
217518,45,519,285,234
217518,51,3,1,2
217518,52,155,76,79
217518,59,64,27,37
217518,60,455,258,197
217536,1,2603,824,1779
217536,2,2026,600,1426
217536,3,1989,583,1406
217536,4,463,132,331
217536,5,1526,451,1075
217536,11,37,17,20
217536,12,577,224,353
217536,19,41,18,23
217536,20,1485,433,1052
217536,21,1981,601,1380
217536,22,1876,562,1314
217536,23,1876,562,1314
217536,24,463,132,331
217536,25,1413,430,983
217536,32,105,39,66
217536,39,41,18,23
217536,40,1372,412,960
217536,41,622,223,399
217536,42,150,38,112
217536,43,113,21,92
217536,45,113,21,92
217536,51,37,17,20
217536,52,472,185,287
217536,60,113,21,92
217572,1,122,20,102
217572,2,122,20,102
217572,3,122,20,102
217572,4,1,1,0
217572,5,121,19,102
217572,20,121,19,102
217572,21,122,20,102
217572,22,122,20,102
217572,23,122,20,102
217572,24,1,1,0
217572,25,121,19,102
217572,40,121,19,102
217581,1,88,1,87
217581,2,88,1,87
217581,3,88,1,87
217581,4,28,1,27
217581,5,60,0,60
217581,20,60,0,60
217581,21,62,1,61
217581,22,62,1,61
217581,23,62,1,61
217581,24,21,1,20
217581,25,41,0,41
217581,40,41,0,41
217581,41,26,0,26
217581,42,26,0,26
217581,43,26,0,26
217581,44,7,0,7
217581,45,19,0,19
217581,60,19,0,19
217606,1,409,229,180
217606,2,396,223,173
217606,3,358,212,146
217606,4,45,25,20
217606,5,313,187,126
217606,11,38,11,27
217606,12,13,6,7
217606,19,63,39,24
217606,20,250,148,102
217606,21,320,191,129
217606,22,315,187,128
217606,23,315,187,128
217606,24,42,24,18
217606,25,273,163,110
217606,32,5,4,1
217606,39,59,38,21
217606,40,214,125,89
217606,41,89,38,51
217606,42,81,36,45
217606,43,43,25,18
217606,44,3,1,2
217606,45,40,24,16
217606,51,38,11,27
217606,52,8,2,6
217606,59,4,1,3
217606,60,36,23,13
217615,1,2583,931,1652
217615,2,2583,931,1652
217615,3,2490,894,1596
217615,4,514,226,288
217615,5,1976,668,1308
217615,11,93,37,56
217615,19,252,88,164
217615,20,1724,580,1144
217615,21,955,398,557
217615,22,955,398,557
217615,23,953,396,557
217615,24,254,118,136
217615,25,699,278,421
217615,31,2,2,0
217615,39,93,43,50
217615,40,606,235,371
217615,41,1628,533,1095
217615,42,1628,533,1095
217615,43,1537,498,1039
217615,44,260,108,152
217615,45,1277,390,887
217615,51,91,35,56
217615,59,159,45,114
217615,60,1118,345,773
217624,1,651,250,401
217624,2,651,250,401
217624,3,651,250,401
217624,4,180,68,112
217624,5,471,182,289
217624,19,53,20,33
217624,20,418,162,256
217624,21,635,243,392
217624,22,635,243,392
217624,23,635,243,392
217624,24,179,68,111
217624,25,456,175,281
217624,39,53,20,33
217624,40,403,155,248
217624,41,16,7,9
217624,42,16,7,9
217624,43,16,7,9
217624,44,1,0,1
217624,45,15,7,8
217624,60,15,7,8
217633,1,2966,1035,1931
217633,2,2652,882,1770
217633,3,2381,819,1562
217633,4,505,174,331
217633,5,1876,645,1231
217633,11,271,63,208
217633,12,314,153,161
217633,19,162,62,100
217633,20,1714,583,1131
217633,21,2156,737,1419
217633,22,2131,732,1399
217633,23,2131,732,1399
217633,24,502,172,330
217633,25,1629,560,1069
217633,32,25,5,20
217633,39,126,49,77
217633,40,1503,511,992
217633,41,810,298,512
217633,42,521,150,371
217633,43,250,87,163
217633,44,3,2,1
217633,45,247,85,162
217633,51,271,63,208
217633,52,289,148,141
217633,59,36,13,23
217633,60,211,72,139
217688,1,3269,1166,2103
217688,2,2912,1034,1878
217688,3,2904,1032,1872
217688,4,656,230,426
217688,5,2248,802,1446
217688,11,8,2,6
217688,12,357,132,225
217688,19,347,125,222
217688,20,1901,677,1224
217688,21,2661,947,1714
217688,22,2601,934,1667
217688,23,2601,934,1667
217688,24,656,230,426
217688,25,1945,704,1241
217688,32,60,13,47
217688,39,291,110,181
217688,40,1654,594,1060
217688,41,608,219,389
217688,42,311,100,211
217688,43,303,98,205
217688,45,303,98,205
217688,51,8,2,6
217688,52,297,119,178
217688,59,56,15,41
217688,60,247,83,164
217712,1,2427,693,1734
217712,2,2427,693,1734
217712,3,2262,631,1631
217712,4,435,172,263
217712,5,1827,459,1368
217712,11,165,62,103
217712,19,315,80,235
217712,20,1512,379,1133
217712,21,732,263,469
217712,22,732,263,469
217712,23,708,253,455
217712,24,174,85,89
217712,25,534,168,366
217712,31,24,10,14
217712,39,104,28,76
217712,40,430,140,290
217712,41,1695,430,1265
217712,42,1695,430,1265
217712,43,1554,378,1176
217712,44,261,87,174
217712,45,1293,291,1002
217712,51,141,52,89
217712,59,211,52,159
217712,60,1082,239,843
217721,1,2512,1256,1256
217721,2,2512,1256,1256
217721,3,2512,1256,1256
217721,4,555,307,248
217721,5,1957,949,1008
217721,19,109,75,34
217721,20,1848,874,974
217721,21,2470,1238,1232
217721,22,2470,1238,1232
217721,23,2470,1238,1232
217721,24,554,307,247
217721,25,1916,931,985
217721,39,106,73,33
217721,40,1810,858,952
217721,41,42,18,24
217721,42,42,18,24
217721,43,42,18,24
217721,44,1,0,1
217721,45,41,18,23
217721,59,3,2,1
217721,60,38,16,22
217749,1,3364,1483,1881
217749,2,2913,1232,1681
217749,3,2755,1175,1580
217749,4,678,293,385
217749,5,2077,882,1195
217749,11,158,57,101
217749,12,451,251,200
217749,19,86,38,48
217749,20,1991,844,1147
217749,21,2830,1213,1617
217749,22,2691,1149,1542
217749,23,2691,1149,1542
217749,24,667,289,378
217749,25,2024,860,1164
217749,32,139,64,75
217749,39,86,38,48
217749,40,1938,822,1116
217749,41,534,270,264
217749,42,222,83,139
217749,43,64,26,38
217749,44,11,4,7
217749,45,53,22,31
217749,51,158,57,101
217749,52,312,187,125
217749,60,53,22,31
217776,1,1701,623,1078
217776,2,1333,521,812
217776,3,1314,512,802
217776,4,162,74,88
217776,5,1152,438,714
217776,11,19,9,10
217776,12,368,102,266
217776,19,134,70,64
217776,20,1018,368,650
217776,21,1672,611,1061
217776,22,1304,509,795
217776,23,1304,509,795
217776,24,162,74,88
217776,25,1142,435,707
217776,32,368,102,266
217776,39,133,69,64
217776,40,1009,366,643
217776,41,29,12,17
217776,42,29,12,17
217776,43,10,3,7
217776,45,10,3,7
217776,51,19,9,10
217776,59,1,1,0
217776,60,9,2,7
217794,1,106,8,98
217794,2,106,8,98
217794,3,106,8,98
217794,4,20,2,18
217794,5,86,6,80
217794,20,86,6,80
217794,21,87,7,80
217794,22,87,7,80
217794,23,87,7,80
217794,24,16,2,14
217794,25,71,5,66
217794,40,71,5,66
217794,41,19,1,18
217794,42,19,1,18
217794,43,19,1,18
217794,44,4,0,4
217794,45,15,1,14
217794,60,15,1,14
217819,1,11619,4224,7395
217819,2,10488,3957,6531
217819,3,10150,3795,6355
217819,4,2116,690,1426
217819,5,8034,3105,4929
217819,11,338,162,176
217819,12,1131,267,864
217819,19,747,333,414
217819,20,7287,2772,4515
217819,21,10022,3690,6332
217819,22,9708,3573,6135
217819,23,9621,3526,6095
217819,24,2110,687,1423
217819,25,7511,2839,4672
217819,31,87,47,40
217819,32,314,117,197
217819,39,688,298,390
217819,40,6823,2541,4282
217819,41,1597,534,1063
217819,42,780,384,396
217819,43,529,269,260
217819,44,6,3,3
217819,45,523,266,257
217819,51,251,115,136
217819,52,817,150,667
217819,59,59,35,24
217819,60,464,231,233
217828,1,59,2,57
217828,2,59,2,57
217828,3,59,2,57
217828,4,46,2,44
217828,5,13,0,13
217828,20,13,0,13
217828,21,42,2,40
217828,22,42,2,40
217828,23,42,2,40
217828,24,36,2,34
217828,25,6,0,6
217828,40,6,0,6
217828,41,17,0,17
217828,42,17,0,17
217828,43,17,0,17
217828,44,10,0,10
217828,45,7,0,7
217828,60,7,0,7
217837,1,1153,413,740
217837,2,1153,413,740
217837,3,1022,351,671
217837,4,272,127,145
217837,5,750,224,526
217837,11,131,62,69
217837,19,79,26,53
217837,20,671,198,473
217837,21,612,262,350
217837,22,612,262,350
217837,23,604,258,346
217837,24,211,97,114
217837,25,393,161,232
217837,31,8,4,4
217837,39,49,23,26
217837,40,344,138,206
217837,41,541,151,390
217837,42,541,151,390
217837,43,418,93,325
217837,44,61,30,31
217837,45,357,63,294
217837,51,123,58,65
217837,59,30,3,27
217837,60,327,60,267
217864,1,3598,2852,746
217864,2,2735,2482,253
217864,3,2660,2454,206
217864,4,645,610,35
217864,5,2015,1844,171
217864,11,75,28,47
217864,12,863,370,493
217864,19,117,93,24
217864,20,1898,1751,147
217864,21,2668,2409,259
217864,22,2517,2353,164
217864,23,2517,2353,164
217864,24,645,610,35
217864,25,1872,1743,129
217864,32,151,56,95
217864,39,84,74,10
217864,40,1788,1669,119
217864,41,930,443,487
217864,42,218,129,89
217864,43,143,101,42
217864,45,143,101,42
217864,51,75,28,47
217864,52,712,314,398
217864,59,33,19,14
217864,60,110,82,28
217873,1,1884,690,1194
217873,2,1834,670,1164
217873,3,1803,659,1144
217873,4,385,137,248
217873,5,1418,522,896
217873,11,31,11,20
217873,12,50,20,30
217873,19,99,48,51
217873,20,1319,474,845
217873,21,1807,662,1145
217873,22,1767,645,1122
217873,23,1765,644,1121
217873,24,385,137,248
217873,25,1380,507,873
217873,31,2,1,1
217873,32,40,17,23
217873,39,98,47,51
217873,40,1282,460,822
217873,41,77,28,49
217873,42,67,25,42
217873,43,38,15,23
217873,45,38,15,23
217873,51,29,10,19
217873,52,10,3,7
217873,59,1,1,0
217873,60,37,14,23
217882,1,21303,11574,9729
217882,2,16931,9156,7775
217882,3,16801,9084,7717
217882,4,3289,1691,1598
217882,5,13512,7393,6119
217882,11,130,72,58
217882,12,4372,2418,1954
217882,19,1144,679,465
217882,20,12368,6714,5654
217882,21,18963,10340,8623
217882,22,16050,8590,7460
217882,23,15993,8557,7436
217882,24,3286,1689,1597
217882,25,12707,6868,5839
217882,31,57,33,24
217882,32,2913,1750,1163
217882,39,1106,663,443
217882,40,11601,6205,5396
217882,41,2340,1234,1106
217882,42,881,566,315
217882,43,808,527,281
217882,44,3,2,1
217882,45,805,525,280
217882,51,73,39,34
217882,52,1459,668,791
217882,59,38,16,22
217882,60,767,509,258
217891,1,185,116,69
217891,2,185,116,69
217891,3,185,116,69
217891,4,78,42,36
217891,5,107,74,33
217891,19,12,8,4
217891,20,95,66,29
217891,21,182,113,69
217891,22,182,113,69
217891,23,182,113,69
217891,24,78,42,36
217891,25,104,71,33
217891,39,12,8,4
217891,40,92,63,29
217891,41,3,3,0
217891,42,3,3,0
217891,43,3,3,0
217891,45,3,3,0
217891,60,3,3,0
217907,1,1172,443,729
217907,2,1144,426,718
217907,3,1131,424,707
217907,4,251,123,128
217907,5,880,301,579
217907,11,13,2,11
217907,12,28,17,11
217907,19,121,52,69
217907,20,759,249,510
217907,21,1010,391,619
217907,22,1007,390,617
217907,23,1007,390,617
217907,24,245,120,125
217907,25,762,270,492
217907,32,3,1,2
217907,39,112,50,62
217907,40,650,220,430
217907,41,162,52,110
217907,42,137,36,101
217907,43,124,34,90
217907,44,6,3,3
217907,45,118,31,87
217907,51,13,2,11
217907,52,25,16,9
217907,59,9,2,7
217907,60,109,29,80
217925,1,1154,633,521
217925,2,584,314,270
217925,3,574,311,263
217925,4,103,58,45
217925,5,471,253,218
217925,11,10,3,7
217925,12,570,319,251
217925,19,61,36,25
217925,20,410,217,193
217925,21,754,381,373
217925,22,511,261,250
217925,23,511,261,250
217925,24,102,58,44
217925,25,409,203,206
217925,32,243,120,123
217925,39,57,32,25
217925,40,352,171,181
217925,41,400,252,148
217925,42,73,53,20
217925,43,63,50,13
217925,44,1,0,1
217925,45,62,50,12
217925,51,10,3,7
217925,52,327,199,128
217925,59,4,4,0
217925,60,58,46,12
217934,1,1169,66,1103
217934,2,1010,46,964
217934,3,995,44,951
217934,4,128,0,128
217934,5,867,44,823
217934,11,15,2,13
217934,12,159,20,139
217934,19,143,15,128
217934,20,724,29,695
217934,21,867,33,834
217934,22,723,15,708
217934,23,721,15,706
217934,24,127,0,127
217934,25,594,15,579
217934,31,2,0,2
217934,32,144,18,126
217934,39,55,2,53
217934,40,539,13,526
217934,41,302,33,269
217934,42,287,31,256
217934,43,274,29,245
217934,44,1,0,1
217934,45,273,29,244
217934,51,13,2,11
217934,52,15,2,13
217934,59,88,13,75
217934,60,185,16,169
217961,1,1333,139,1194
217961,2,746,0,746
217961,3,744,0,744
217961,4,232,0,232
217961,5,512,0,512
217961,11,2,0,2
217961,12,587,139,448
217961,19,39,0,39
217961,20,473,0,473
217961,21,775,15,760
217961,22,671,0,671
217961,23,669,0,669
217961,24,231,0,231
217961,25,438,0,438
217961,31,2,0,2
217961,32,104,15,89
217961,39,30,0,30
217961,40,408,0,408
217961,41,558,124,434
217961,42,75,0,75
217961,43,75,0,75
217961,44,1,0,1
217961,45,74,0,74
217961,52,483,124,359
217961,59,9,0,9
217961,60,65,0,65
217989,1,1838,739,1099
217989,2,1838,739,1099
217989,3,1804,720,1084
217989,4,449,213,236
217989,5,1355,507,848
217989,11,34,19,15
217989,19,28,7,21
217989,20,1327,500,827
217989,21,1415,575,840
217989,22,1415,575,840
217989,23,1406,572,834
217989,24,350,168,182
217989,25,1056,404,652
217989,31,9,3,6
217989,39,21,6,15
217989,40,1035,398,637
217989,41,423,164,259
217989,42,423,164,259
217989,43,398,148,250
217989,44,99,45,54
217989,45,299,103,196
217989,51,25,16,9
217989,59,7,1,6
217989,60,292,102,190
217998,1,815,475,340
217998,2,605,314,291
217998,3,574,295,279
217998,4,212,106,106
217998,5,362,189,173
217998,11,31,19,12
217998,12,210,161,49
217998,19,8,4,4
217998,20,354,185,169
217998,21,744,432,312
217998,22,565,290,275
217998,23,565,290,275
217998,24,207,104,103
217998,25,358,186,172
217998,32,179,142,37
217998,39,8,4,4
217998,40,350,182,168
217998,41,71,43,28
217998,42,40,24,16
217998,43,9,5,4
217998,44,5,2,3
217998,45,4,3,1
217998,51,31,19,12
217998,52,31,19,12
217998,60,4,3,1
218025,1,5991,2069,3922
218025,2,5991,2069,3922
218025,3,5913,2039,3874
218025,4,1447,655,792
218025,5,4466,1384,3082
218025,11,78,30,48
218025,19,500,155,345
218025,20,3966,1229,2737
218025,21,2848,1158,1690
218025,22,2848,1158,1690
218025,23,2842,1154,1688
218025,24,827,383,444
218025,25,2015,771,1244
218025,31,6,4,2
218025,39,265,106,159
218025,40,1750,665,1085
218025,41,3143,911,2232
218025,42,3143,911,2232
218025,43,3071,885,2186
218025,44,620,272,348
218025,45,2451,613,1838
218025,51,72,26,46
218025,59,235,49,186
218025,60,2216,564,1652
218043,1,135,11,124
218043,2,135,11,124
218043,3,135,11,124
218043,4,36,3,33
218043,5,99,8,91
218043,19,25,2,23
218043,20,74,6,68
218043,21,97,7,90
218043,22,97,7,90
218043,23,97,7,90
218043,24,28,1,27
218043,25,69,6,63
218043,39,17,2,15
218043,40,52,4,48
218043,41,38,4,34
218043,42,38,4,34
218043,43,38,4,34
218043,44,8,2,6
218043,45,30,2,28
218043,59,8,0,8
218043,60,22,2,20
218061,1,4058,1228,2830
218061,2,3714,1164,2550
218061,3,3380,1084,2296
218061,4,744,231,513
218061,5,2636,853,1783
218061,11,334,80,254
218061,12,344,64,280
218061,19,240,80,160
218061,20,2396,773,1623
218061,21,3388,1054,2334
218061,22,3316,1044,2272
218061,23,3241,1026,2215
218061,24,743,230,513
218061,25,2498,796,1702
218061,31,75,18,57
218061,32,72,10,62
218061,39,222,75,147
218061,40,2276,721,1555
218061,41,670,174,496
218061,42,398,120,278
218061,43,139,58,81
218061,44,1,1,0
218061,45,138,57,81
218061,51,259,62,197
218061,52,272,54,218
218061,59,18,5,13
218061,60,120,52,68
218070,1,2953,1226,1727
218070,2,2797,1189,1608
218070,3,2777,1178,1599
218070,4,756,334,422
218070,5,2021,844,1177
218070,11,20,11,9
218070,12,156,37,119
218070,19,46,23,23
218070,20,1975,821,1154
218070,21,2722,1154,1568
218070,22,2677,1141,1536
218070,23,2671,1139,1532
218070,24,755,333,422
218070,25,1916,806,1110
218070,31,6,2,4
218070,32,45,13,32
218070,39,28,15,13
218070,40,1888,791,1097
218070,41,231,72,159
218070,42,120,48,72
218070,43,106,39,67
218070,44,1,1,0
218070,45,105,38,67
218070,51,14,9,5
218070,52,111,24,87
218070,59,18,8,10
218070,60,87,30,57
218089,1,156,70,86
218089,2,124,57,67
218089,3,122,56,66
218089,4,11,6,5
218089,5,111,50,61
218089,11,2,1,1
218089,12,32,13,19
218089,19,26,10,16
218089,20,85,40,45
218089,21,128,54,74
218089,22,101,44,57
218089,23,99,43,56
218089,24,5,2,3
218089,25,94,41,53
218089,31,2,1,1
218089,32,27,10,17
218089,39,25,9,16
218089,40,69,32,37
218089,41,28,16,12
218089,42,23,13,10
218089,43,23,13,10
218089,44,6,4,2
218089,45,17,9,8
218089,52,5,3,2
218089,59,1,1,0
218089,60,16,8,8
218113,1,13448,5588,7860
218113,2,13448,5588,7860
218113,3,12087,4948,7139
218113,4,2275,1100,1175
218113,5,9812,3848,5964
218113,11,1361,640,721
218113,19,557,231,326
218113,20,9255,3617,5638
218113,21,5452,2530,2922
218113,22,5452,2530,2922
218113,23,5403,2512,2891
218113,24,1570,775,795
218113,25,3833,1737,2096
218113,31,49,18,31
218113,39,315,146,169
218113,40,3518,1591,1927
218113,41,7996,3058,4938
218113,42,7996,3058,4938
218113,43,6684,2436,4248
218113,44,705,325,380
218113,45,5979,2111,3868
218113,51,1312,622,690
218113,59,242,85,157
218113,60,5737,2026,3711
218140,1,7660,2723,4937
218140,2,7660,2723,4937
218140,3,7002,2438,4564
218140,4,1105,544,561
218140,5,5897,1894,4003
218140,11,658,285,373
218140,19,548,201,347
218140,20,5349,1693,3656
218140,21,2911,1259,1652
218140,22,2911,1259,1652
218140,23,2894,1253,1641
218140,24,617,333,284
218140,25,2277,920,1357
218140,31,17,6,11
218140,39,273,119,154
218140,40,2004,801,1203
218140,41,4749,1464,3285
218140,42,4749,1464,3285
218140,43,4108,1185,2923
218140,44,488,211,277
218140,45,3620,974,2646
218140,51,641,279,362
218140,59,275,82,193
218140,60,3345,892,2453
218159,1,85,8,77
218159,2,85,8,77
218159,3,85,8,77
218159,4,8,1,7
218159,5,77,7,70
218159,20,77,7,70
218159,21,59,7,52
218159,22,59,7,52
218159,23,59,7,52
218159,24,6,1,5
218159,25,53,6,47
218159,40,53,6,47
218159,41,26,1,25
218159,42,26,1,25
218159,43,26,1,25
218159,44,2,0,2
218159,45,24,1,23
218159,60,24,1,23
218195,1,83,2,81
218195,2,83,2,81
218195,3,83,2,81
218195,4,8,0,8
218195,5,75,2,73
218195,20,75,2,73
218195,21,47,2,45
218195,22,47,2,45
218195,23,47,2,45
218195,24,5,0,5
218195,25,42,2,40
218195,40,42,2,40
218195,41,36,0,36
218195,42,36,0,36
218195,43,36,0,36
218195,44,3,0,3
218195,45,33,0,33
218195,60,33,0,33
218229,1,2877,871,2006
218229,2,2792,859,1933
218229,3,2750,850,1900
218229,4,517,157,360
218229,5,2233,693,1540
218229,11,42,9,33
218229,12,85,12,73
218229,19,194,88,106
218229,20,2039,605,1434
218229,21,2592,797,1795
218229,22,2586,797,1789
218229,23,2584,797,1787
218229,24,516,156,360
218229,25,2068,641,1427
218229,31,2,0,2
218229,32,6,0,6
218229,39,175,83,92
218229,40,1893,558,1335
218229,41,285,74,211
218229,42,206,62,144
218229,43,166,53,113
218229,44,1,1,0
218229,45,165,52,113
218229,51,40,9,31
218229,52,79,12,67
218229,59,19,5,14
218229,60,146,47,99
218238,1,3307,1426,1881
218238,2,3241,1398,1843
218238,3,3150,1358,1792
218238,4,470,324,146
218238,5,2680,1034,1646
218238,11,91,40,51
218238,12,66,28,38
218238,19,406,154,252
218238,20,2274,880,1394
218238,21,2390,1091,1299
218238,22,2386,1088,1298
218238,23,2383,1086,1297
218238,24,448,316,132
218238,25,1935,770,1165
218238,31,3,2,1
218238,32,4,3,1
218238,39,302,123,179
218238,40,1633,647,986
218238,41,917,335,582
218238,42,855,310,545
218238,43,767,272,495
218238,44,22,8,14
218238,45,745,264,481
218238,51,88,38,50
218238,52,62,25,37
218238,59,104,31,73
218238,60,641,233,408
218265,1,107,62,45
218265,12,107,62,45
218265,21,70,40,30
218265,32,70,40,30
218265,41,37,22,15
218265,52,37,22,15
218335,1,2775,1037,1738
218335,2,205,49,156
218335,3,205,49,156
218335,5,205,49,156
218335,12,2570,988,1582
218335,19,72,17,55
218335,20,133,32,101
218335,21,2593,1000,1593
218335,22,203,47,156
218335,23,203,47,156
218335,25,203,47,156
218335,32,2390,953,1437
218335,39,72,17,55
218335,40,131,30,101
218335,41,182,37,145
218335,42,2,2,0
218335,43,2,2,0
218335,45,2,2,0
218335,52,180,35,145
218335,60,2,2,0
218353,1,11634,4720,6914
218353,2,11634,4720,6914
218353,3,11214,4542,6672
218353,4,2361,1150,1211
218353,5,8853,3392,5461
218353,11,420,178,242
218353,19,1224,505,719
218353,20,7629,2887,4742
218353,21,5248,2525,2723
218353,22,5248,2525,2723
218353,23,5219,2502,2717
218353,24,1568,786,782
218353,25,3651,1716,1935
218353,31,29,23,6
218353,39,688,316,372
218353,40,2963,1400,1563
218353,41,6386,2195,4191
218353,42,6386,2195,4191
218353,43,5995,2040,3955
218353,44,793,364,429
218353,45,5202,1676,3526
218353,51,391,155,236
218353,59,536,189,347
218353,60,4666,1487,3179
218399,1,824,367,457
218399,2,824,367,457
218399,3,822,366,456
218399,4,250,102,148
218399,5,572,264,308
218399,11,2,1,1
218399,19,48,26,22
218399,20,524,238,286
218399,21,817,363,454
218399,22,817,363,454
218399,23,817,363,454
218399,24,250,102,148
218399,25,567,261,306
218399,39,48,26,22
218399,40,519,235,284
218399,41,7,4,3
218399,42,7,4,3
218399,43,5,3,2
218399,45,5,3,2
218399,51,2,1,1
218399,60,5,3,2
218414,1,1039,558,481
218414,2,1039,558,481
218414,3,1032,555,477
218414,4,237,127,110
218414,5,795,428,367
218414,11,7,3,4
218414,19,73,27,46
218414,20,722,401,321
218414,21,1007,544,463
218414,22,1007,544,463
218414,23,1007,544,463
218414,24,237,127,110
218414,25,770,417,353
218414,39,72,26,46
218414,40,698,391,307
218414,41,32,14,18
218414,42,32,14,18
218414,43,25,11,14
218414,45,25,11,14
218414,51,7,3,4
218414,59,1,1,0
218414,60,24,10,14
218441,1,2466,1262,1204
218441,2,2257,1132,1125
218441,3,2068,1074,994
218441,4,504,258,246
218441,5,1564,816,748
218441,11,189,58,131
218441,12,209,130,79
218441,19,125,71,54
218441,20,1439,745,694
218441,21,2102,1103,999
218441,22,1993,1032,961
218441,23,1993,1032,961
218441,24,503,257,246
218441,25,1490,775,715
218441,32,109,71,38
218441,39,117,66,51
218441,40,1373,709,664
218441,41,364,159,205
218441,42,264,100,164
218441,43,75,42,33
218441,44,1,1,0
218441,45,74,41,33
218441,51,189,58,131
218441,52,100,59,41
218441,59,8,5,3
218441,60,66,36,30
218487,1,2718,988,1730
218487,2,2718,988,1730
218487,3,2399,837,1562
218487,4,609,321,288
218487,5,1790,516,1274
218487,11,319,151,168
218487,19,268,63,205
218487,20,1522,453,1069
218487,21,1244,533,711
218487,22,1244,533,711
218487,23,1236,528,708
218487,24,437,238,199
218487,25,799,290,509
218487,31,8,5,3
218487,39,144,38,106
218487,40,655,252,403
218487,41,1474,455,1019
218487,42,1474,455,1019
218487,43,1163,309,854
218487,44,172,83,89
218487,45,991,226,765
218487,51,311,146,165
218487,59,124,25,99
218487,60,867,201,666
218520,1,6171,2026,4145
218520,2,6171,2026,4145
218520,3,5399,1707,3692
218520,4,1170,491,679
218520,5,4229,1216,3013
218520,11,772,319,453
218520,19,303,97,206
218520,20,3926,1119,2807
218520,21,2596,1022,1574
218520,22,2596,1022,1574
218520,23,2481,965,1516
218520,24,741,319,422
218520,25,1740,646,1094
218520,31,115,57,58
218520,39,159,59,100
218520,40,1581,587,994
218520,41,3575,1004,2571
218520,42,3575,1004,2571
218520,43,2918,742,2176
218520,44,429,172,257
218520,45,2489,570,1919
218520,51,657,262,395
218520,59,144,38,106
218520,60,2345,532,1813
218539,1,1433,600,833
218539,2,1123,508,615
218539,3,1069,493,576
218539,4,296,141,155
218539,5,773,352,421
218539,11,54,15,39
218539,12,310,92,218
218539,19,12,6,6
218539,20,761,346,415
218539,21,1395,583,812
218539,22,1087,492,595
218539,23,1061,486,575
218539,24,296,141,155
218539,25,765,345,420
218539,31,26,6,20
218539,32,308,91,217
218539,39,12,6,6
218539,40,753,339,414
218539,41,38,17,21
218539,42,36,16,20
218539,43,8,7,1
218539,45,8,7,1
218539,51,28,9,19
218539,52,2,1,1
218539,60,8,7,1
218645,1,3299,1189,2110
218645,2,3175,1161,2014
218645,3,2956,1091,1865
218645,4,643,232,411
218645,5,2313,859,1454
218645,11,219,70,149
218645,12,124,28,96
218645,19,223,92,131
218645,20,2090,767,1323
218645,21,2430,882,1548
218645,22,2406,876,1530
218645,23,2406,876,1530
218645,24,594,210,384
218645,25,1812,666,1146
218645,32,24,6,18
218645,39,152,66,86
218645,40,1660,600,1060
218645,41,869,307,562
218645,42,769,285,484
218645,43,550,215,335
218645,44,49,22,27
218645,45,501,193,308
218645,51,219,70,149
218645,52,100,22,78
218645,59,71,26,45
218645,60,430,167,263
218654,1,1724,671,1053
218654,2,1724,671,1053
218654,3,1716,668,1048
218654,4,400,165,235
218654,5,1316,503,813
218654,11,8,3,5
218654,19,150,61,89
218654,20,1166,442,724
218654,21,1376,540,836
218654,22,1376,540,836
218654,23,1376,540,836
218654,24,371,154,217
218654,25,1005,386,619
218654,39,102,45,57
218654,40,903,341,562
218654,41,348,131,217
218654,42,348,131,217
218654,43,340,128,212
218654,44,29,11,18
218654,45,311,117,194
218654,51,8,3,5
218654,59,48,16,32
218654,60,263,101,162
218663,1,31964,14338,17626
218663,2,24180,11050,13130
218663,3,23987,10947,13040
218663,4,5046,2251,2795
218663,5,18941,8696,10245
218663,11,193,103,90
218663,12,7784,3288,4496
218663,19,1353,629,724
218663,20,17588,8067,9521
218663,21,28022,12617,15405
218663,22,22533,10171,12362
218663,23,22408,10103,12305
218663,24,5003,2224,2779
218663,25,17405,7879,9526
218663,31,125,68,57
218663,32,5489,2446,3043
218663,39,1195,559,636
218663,40,16210,7320,8890
218663,41,3942,1721,2221
218663,42,1647,879,768
218663,43,1579,844,735
218663,44,43,27,16
218663,45,1536,817,719
218663,51,68,35,33
218663,52,2295,842,1453
218663,59,158,70,88
218663,60,1378,747,631
218672,1,1811,798,1013
218672,2,1811,798,1013
218672,3,1053,436,617
218672,4,374,191,183
218672,5,679,245,434
218672,11,758,362,396
218672,19,77,34,43
218672,20,602,211,391
218672,21,787,375,412
218672,22,787,375,412
218672,23,782,370,412
218672,24,341,180,161
218672,25,441,190,251
218672,31,5,5,0
218672,39,54,22,32
218672,40,387,168,219
218672,41,1024,423,601
218672,42,1024,423,601
218672,43,271,66,205
218672,44,33,11,22
218672,45,238,55,183
218672,51,753,357,396
218672,59,23,12,11
218672,60,215,43,172
218681,1,1021,370,651
218681,2,1021,370,651
218681,3,773,296,477
218681,4,306,136,170
218681,5,467,160,307
218681,11,248,74,174
218681,19,56,21,35
218681,20,411,139,272
218681,21,600,251,349
218681,22,600,251,349
218681,23,597,249,348
218681,24,275,126,149
218681,25,322,123,199
218681,31,3,2,1
218681,39,41,17,24
218681,40,281,106,175
218681,41,421,119,302
218681,42,421,119,302
218681,43,176,47,129
218681,44,31,10,21
218681,45,145,37,108
218681,51,245,72,173
218681,59,15,4,11
218681,60,130,33,97
218690,1,924,420,504
218690,2,924,420,504
218690,3,672,300,372
218690,4,227,99,128
218690,5,445,201,244
218690,11,252,120,132
218690,19,77,27,50
218690,20,368,174,194
218690,21,526,245,281
218690,22,526,245,281
218690,23,526,245,281
218690,24,215,97,118
218690,25,311,148,163
218690,39,53,20,33
218690,40,258,128,130
218690,41,398,175,223
218690,42,398,175,223
218690,43,146,55,91
218690,44,12,2,10
218690,45,134,53,81
218690,51,252,120,132
218690,59,24,7,17
218690,60,110,46,64
218706,1,484,210,274
218706,2,484,210,274
218706,3,285,119,166
218706,4,116,59,57
218706,5,169,60,109
218706,11,199,91,108
218706,19,28,8,20
218706,20,141,52,89
218706,21,236,106,130
218706,22,236,106,130
218706,23,218,91,127
218706,24,99,49,50
218706,25,119,42,77
218706,31,18,15,3
218706,39,21,6,15
218706,40,98,36,62
218706,41,248,104,144
218706,42,248,104,144
218706,43,67,28,39
218706,44,17,10,7
218706,45,50,18,32
218706,51,181,76,105
218706,59,7,2,5
218706,60,43,16,27
218724,1,9478,4275,5203
218724,2,8867,4097,4770
218724,3,8570,3999,4571
218724,4,2095,951,1144
218724,5,6475,3048,3427
218724,11,297,98,199
218724,12,611,178,433
218724,19,779,382,397
218724,20,5696,2666,3030
218724,21,8199,3831,4368
218724,22,8032,3762,4270
218724,23,8004,3747,4257
218724,24,2084,945,1139
218724,25,5920,2802,3118
218724,31,28,15,13
218724,32,167,69,98
218724,39,697,355,342
218724,40,5223,2447,2776
218724,41,1279,444,835
218724,42,835,335,500
218724,43,566,252,314
218724,44,11,6,5
218724,45,555,246,309
218724,51,269,83,186
218724,52,444,109,335
218724,59,82,27,55
218724,60,473,219,254
218733,1,3463,1533,1930
218733,2,2937,1416,1521
218733,3,2876,1384,1492
218733,4,566,283,283
218733,5,2310,1101,1209
218733,11,61,32,29
218733,12,526,117,409
218733,19,143,74,69
218733,20,2167,1027,1140
218733,21,2945,1367,1578
218733,22,2714,1314,1400
218733,23,2710,1312,1398
218733,24,559,282,277
218733,25,2151,1030,1121
218733,31,4,2,2
218733,32,231,53,178
218733,39,132,67,65
218733,40,2019,963,1056
218733,41,518,166,352
218733,42,223,102,121
218733,43,166,72,94
218733,44,7,1,6
218733,45,159,71,88
218733,51,57,30,27
218733,52,295,64,231
218733,59,11,7,4
218733,60,148,64,84
218742,1,5445,1894,3551
218742,2,5308,1875,3433
218742,3,4952,1755,3197
218742,4,782,284,498
218742,5,4170,1471,2699
218742,11,356,120,236
218742,12,137,19,118
218742,19,690,269,421
218742,20,3480,1202,2278
218742,21,4236,1464,2772
218742,22,4226,1458,2768
218742,23,4167,1443,2724
218742,24,755,278,477
218742,25,3412,1165,2247
218742,31,59,15,44
218742,32,10,6,4
218742,39,531,203,328
218742,40,2881,962,1919
218742,41,1209,430,779
218742,42,1082,417,665
218742,43,785,312,473
218742,44,27,6,21
218742,45,758,306,452
218742,51,297,105,192
218742,52,127,13,114
218742,59,159,66,93
218742,60,599,240,359
218751,1,286,162,124
218751,12,286,162,124
218751,21,286,162,124
218751,32,286,162,124
218821,1,818,426,392
218821,2,818,426,392
218821,3,813,423,390
218821,4,469,250,219
218821,5,344,173,171
218821,11,5,3,2
218821,19,45,28,17
218821,20,299,145,154
218821,21,798,417,381
218821,22,798,417,381
218821,23,798,417,381
218821,24,469,250,219
218821,25,329,167,162
218821,39,42,26,16
218821,40,287,141,146
218821,41,20,9,11
218821,42,20,9,11
218821,43,15,6,9
218821,45,15,6,9
218821,51,5,3,2
218821,59,3,2,1
218821,60,12,4,8
218830,1,5864,2383,3481
218830,2,5864,2383,3481
218830,3,5034,2036,2998
218830,4,1251,605,646
218830,5,3783,1431,2352
218830,11,830,347,483
218830,19,493,194,299
218830,20,3290,1237,2053
218830,21,2789,1247,1542
218830,22,2789,1247,1542
218830,23,2771,1235,1536
218830,24,889,451,438
218830,25,1882,784,1098
218830,31,18,12,6
218830,39,273,111,162
218830,40,1609,673,936
218830,41,3075,1136,1939
218830,42,3075,1136,1939
218830,43,2263,801,1462
218830,44,362,154,208
218830,45,1901,647,1254
218830,51,812,335,477
218830,59,220,83,137
218830,60,1681,564,1117
218858,1,4456,1467,2989
218858,2,4456,1467,2989
218858,3,4014,1298,2716
218858,4,786,314,472
218858,5,3228,984,2244
218858,11,442,169,273
218858,19,283,95,188
218858,20,2945,889,2056
218858,21,1349,594,755
218858,22,1349,594,755
218858,23,1336,586,750
218858,24,399,183,216
218858,25,937,403,534
218858,31,13,8,5
218858,39,106,44,62
218858,40,831,359,472
218858,41,3107,873,2234
218858,42,3107,873,2234
218858,43,2678,712,1966
218858,44,387,131,256
218858,45,2291,581,1710
218858,51,429,161,268
218858,59,177,51,126
218858,60,2114,530,1584
218867,1,28,0,28
218867,2,28,0,28
218867,3,28,0,28
218867,4,7,0,7
218867,5,21,0,21
218867,20,21,0,21
218867,21,28,0,28
218867,22,28,0,28
218867,23,28,0,28
218867,24,7,0,7
218867,25,21,0,21
218867,40,21,0,21
218885,1,6553,3017,3536
218885,2,6553,3017,3536
218885,3,5830,2708,3122
218885,4,2034,1090,944
218885,5,3796,1618,2178
218885,11,723,309,414
218885,19,430,169,261
218885,20,3366,1449,1917
218885,21,3681,1934,1747
218885,22,3681,1934,1747
218885,23,3647,1923,1724
218885,24,1788,969,819
218885,25,1859,954,905
218885,31,34,11,23
218885,39,261,120,141
218885,40,1598,834,764
218885,41,2872,1083,1789
218885,42,2872,1083,1789
218885,43,2183,785,1398
218885,44,246,121,125
218885,45,1937,664,1273
218885,51,689,298,391
218885,59,169,49,120
218885,60,1768,615,1153
218894,1,17489,6921,10568
218894,2,17489,6921,10568
218894,3,15747,6175,9572
218894,4,2768,1357,1411
218894,5,12979,4818,8161
218894,11,1742,746,996
218894,19,144,55,89
218894,20,12835,4763,8072
218894,21,7521,3212,4309
218894,22,7521,3212,4309
218894,23,7428,3171,4257
218894,24,1893,899,994
218894,25,5535,2272,3263
218894,31,93,41,52
218894,39,66,24,42
218894,40,5469,2248,3221
218894,41,9968,3709,6259
218894,42,9968,3709,6259
218894,43,8319,3004,5315
218894,44,875,458,417
218894,45,7444,2546,4898
218894,51,1649,705,944
218894,59,78,31,47
218894,60,7366,2515,4851
218919,1,536,236,300
218919,2,536,236,300
218919,3,536,236,300
218919,4,141,62,79
218919,5,395,174,221
218919,19,84,50,34
218919,20,311,124,187
218919,21,516,229,287
218919,22,516,229,287
218919,23,516,229,287
218919,24,138,61,77
218919,25,378,168,210
218919,39,78,46,32
218919,40,300,122,178
218919,41,20,7,13
218919,42,20,7,13
218919,43,20,7,13
218919,44,3,1,2
218919,45,17,6,11
218919,59,6,4,2
218919,60,11,2,9
218955,1,729,285,444
218955,2,729,285,444
218955,3,713,281,432
218955,4,277,139,138
218955,5,436,142,294
218955,11,16,4,12
218955,19,42,8,34
218955,20,394,134,260
218955,21,287,122,165
218955,22,287,122,165
218955,23,287,122,165
218955,24,96,45,51
218955,25,191,77,114
218955,39,17,6,11
218955,40,174,71,103
218955,41,442,163,279
218955,42,442,163,279
218955,43,426,159,267
218955,44,181,94,87
218955,45,245,65,180
218955,51,16,4,12
218955,59,25,2,23
218955,60,220,63,157
218964,1,6130,1901,4229
218964,2,5048,1650,3398
218964,3,4704,1556,3148
218964,4,1096,332,764
218964,5,3608,1224,2384
218964,11,344,94,250
218964,12,1082,251,831
218964,19,367,144,223
218964,20,3241,1080,2161
218964,21,4928,1578,3350
218964,22,4432,1467,2965
218964,23,4428,1466,2962
218964,24,1096,332,764
218964,25,3332,1134,2198
218964,31,4,1,3
218964,32,496,111,385
218964,39,336,133,203
218964,40,2996,1001,1995
218964,41,1202,323,879
218964,42,616,183,433
218964,43,276,90,186
218964,45,276,90,186
218964,51,340,93,247
218964,52,586,140,446
218964,59,31,11,20
218964,60,245,79,166
218973,1,1615,832,783
218973,2,1615,832,783
218973,3,1610,831,779
218973,4,415,210,205
218973,5,1195,621,574
218973,11,5,1,4
218973,19,19,15,4
218973,20,1176,606,570
218973,21,1598,821,777
218973,22,1598,821,777
218973,23,1598,821,777
218973,24,415,210,205
218973,25,1183,611,572
218973,39,19,15,4
218973,40,1164,596,568
218973,41,17,11,6
218973,42,17,11,6
218973,43,12,10,2
218973,45,12,10,2
218973,51,5,1,4
218973,60,12,10,2
218991,1,5030,2055,2975
218991,2,5030,2055,2975
218991,3,4821,1976,2845
218991,4,1266,620,646
218991,5,3555,1356,2199
218991,11,209,79,130
218991,19,466,169,297
218991,20,3089,1187,1902
218991,21,2478,1156,1322
218991,22,2478,1156,1322
218991,23,2472,1154,1318
218991,24,865,442,423
218991,25,1607,712,895
218991,31,6,2,4
218991,39,257,104,153
218991,40,1350,608,742
218991,41,2552,899,1653
218991,42,2552,899,1653
218991,43,2349,822,1527
218991,44,401,178,223
218991,45,1948,644,1304
218991,51,203,77,126
218991,59,209,65,144
218991,60,1739,579,1160
219000,1,1765,709,1056
219000,2,1697,688,1009
219000,3,1615,645,970
219000,4,367,160,207
219000,5,1248,485,763
219000,11,82,43,39
219000,12,68,21,47
219000,19,62,20,42
219000,20,1186,465,721
219000,21,1586,636,950
219000,22,1585,635,950
219000,23,1549,620,929
219000,24,367,160,207
219000,25,1182,460,722
219000,31,36,15,21
219000,32,1,1,0
219000,39,55,18,37
219000,40,1127,442,685
219000,41,179,73,106
219000,42,112,53,59
219000,43,66,25,41
219000,45,66,25,41
219000,51,46,28,18
219000,52,67,20,47
219000,59,7,2,5
219000,60,59,23,36
219037,1,112,2,110
219037,2,112,2,110
219037,3,112,2,110
219037,4,24,1,23
219037,5,88,1,87
219037,20,88,1,87
219037,21,112,2,110
219037,22,112,2,110
219037,23,112,2,110
219037,24,24,1,23
219037,25,88,1,87
219037,40,88,1,87
219046,1,4464,1611,2853
219046,2,4002,1485,2517
219046,3,3156,1203,1953
219046,4,619,228,391
219046,5,2537,975,1562
219046,11,846,282,564
219046,12,462,126,336
219046,19,432,166,266
219046,20,2105,809,1296
219046,21,2526,966,1560
219046,22,2487,952,1535
219046,23,2386,933,1453
219046,24,559,203,356
219046,25,1827,730,1097
219046,31,101,19,82
219046,32,39,14,25
219046,39,313,118,195
219046,40,1514,612,902
219046,41,1938,645,1293
219046,42,1515,533,982
219046,43,770,270,500
219046,44,60,25,35
219046,45,710,245,465
219046,51,745,263,482
219046,52,423,112,311
219046,59,119,48,71
219046,60,591,197,394
219055,1,253,68,185
219055,2,253,68,185
219055,3,213,52,161
219055,4,33,11,22
219055,5,180,41,139
219055,11,40,16,24
219055,19,32,8,24
219055,20,148,33,115
219055,21,34,8,26
219055,22,34,8,26
219055,23,34,8,26
219055,24,10,1,9
219055,25,24,7,17
219055,39,6,1,5
219055,40,18,6,12
219055,41,219,60,159
219055,42,219,60,159
219055,43,179,44,135
219055,44,23,10,13
219055,45,156,34,122
219055,51,40,16,24
219055,59,26,7,19
219055,60,130,27,103
219082,1,3129,1661,1468
219082,2,2876,1485,1391
219082,3,1743,1061,682
219082,4,318,210,108
219082,5,1425,851,574
219082,11,1133,424,709
219082,12,253,176,77
219082,19,259,143,116
219082,20,1166,708,458
219082,21,1244,811,433
219082,22,1190,770,420
219082,23,1178,763,415
219082,24,286,194,92
219082,25,892,569,323
219082,31,12,7,5
219082,32,54,41,13
219082,39,118,72,46
219082,40,774,497,277
219082,41,1885,850,1035
219082,42,1686,715,971
219082,43,565,298,267
219082,44,32,16,16
219082,45,533,282,251
219082,51,1121,417,704
219082,52,199,135,64
219082,59,141,71,70
219082,60,392,211,181
219091,1,879,398,481
219091,2,810,366,444
219091,3,754,344,410
219091,4,168,93,75
219091,5,586,251,335
219091,11,56,22,34
219091,12,69,32,37
219091,19,84,24,60
219091,20,502,227,275
219091,21,714,343,371
219091,22,699,336,363
219091,23,698,336,362
219091,24,168,93,75
219091,25,530,243,287
219091,31,1,0,1
219091,32,15,7,8
219091,39,68,23,45
219091,40,462,220,242
219091,41,165,55,110
219091,42,111,30,81
219091,43,56,8,48
219091,45,56,8,48
219091,51,55,22,33
219091,52,54,25,29
219091,59,16,1,15
219091,60,40,7,33
219125,1,81,1,80
219125,2,81,1,80
219125,3,81,1,80
219125,4,23,1,22
219125,5,58,0,58
219125,20,58,0,58
219125,21,81,1,80
219125,22,81,1,80
219125,23,81,1,80
219125,24,23,1,22
219125,25,58,0,58
219125,40,58,0,58
219143,1,1559,821,738
219143,2,1559,821,738
219143,3,1533,818,715
219143,4,696,386,310
219143,5,837,432,405
219143,11,26,3,23
219143,20,837,432,405
219143,21,1366,765,601
219143,22,1366,765,601
219143,23,1365,764,601
219143,24,657,376,281
219143,25,708,388,320
219143,31,1,1,0
219143,40,708,388,320
219143,41,193,56,137
219143,42,193,56,137
219143,43,168,54,114
219143,44,39,10,29
219143,45,129,44,85
219143,51,25,2,23
219143,60,129,44,85
219170,1,20,5,15
219170,2,20,5,15
219170,3,20,5,15
219170,5,20,5,15
219170,20,20,5,15
219170,21,20,5,15
219170,22,20,5,15
219170,23,20,5,15
219170,25,20,5,15
219170,40,20,5,15
219189,1,1203,783,420
219189,2,1203,783,420
219189,3,1136,743,393
219189,4,397,298,99
219189,5,739,445,294
219189,11,67,40,27
219189,19,133,78,55
219189,20,606,367,239
219189,21,918,647,271
219189,22,918,647,271
219189,23,918,647,271
219189,24,374,292,82
219189,25,544,355,189
219189,39,120,77,43
219189,40,424,278,146
219189,41,285,136,149
219189,42,285,136,149
219189,43,218,96,122
219189,44,23,6,17
219189,45,195,90,105
219189,51,67,40,27
219189,59,13,1,12
219189,60,182,89,93
219198,1,1225,449,776
219198,2,1068,405,663
219198,3,676,249,427
219198,4,126,57,69
219198,5,550,192,358
219198,11,392,156,236
219198,12,157,44,113
219198,19,68,28,40
219198,20,482,164,318
219198,21,652,201,451
219198,22,522,160,362
219198,23,520,160,360
219198,24,107,39,68
219198,25,413,121,292
219198,31,2,0,2
219198,32,130,41,89
219198,39,54,20,34
219198,40,359,101,258
219198,41,573,248,325
219198,42,546,245,301
219198,43,156,89,67
219198,44,19,18,1
219198,45,137,71,66
219198,51,390,156,234
219198,52,27,3,24
219198,59,14,8,6
219198,60,123,63,60
219204,1,2306,614,1692
219204,2,1926,487,1439
219204,3,1913,480,1433
219204,4,200,73,127
219204,5,1713,407,1306
219204,11,13,7,6
219204,12,380,127,253
219204,19,510,128,382
219204,20,1203,279,924
219204,21,321,108,213
219204,22,196,59,137
219204,23,195,58,137
219204,24,13,2,11
219204,25,182,56,126
219204,31,1,1,0
219204,32,125,49,76
219204,39,38,14,24
219204,40,144,42,102
219204,41,1985,506,1479
219204,42,1730,428,1302
219204,43,1718,422,1296
219204,44,187,71,116
219204,45,1531,351,1180
219204,51,12,6,6
219204,52,255,78,177
219204,59,472,114,358
219204,60,1059,237,822
219213,1,659,134,525
219213,2,659,134,525
219213,3,658,134,524
219213,4,60,18,42
219213,5,598,116,482
219213,11,1,0,1
219213,19,104,23,81
219213,20,494,93,401
219213,21,78,17,61
219213,22,78,17,61
219213,23,78,17,61
219213,24,4,2,2
219213,25,74,15,59
219213,39,7,2,5
219213,40,67,13,54
219213,41,581,117,464
219213,42,581,117,464
219213,43,580,117,463
219213,44,56,16,40
219213,45,524,101,423
219213,51,1,0,1
219213,59,97,21,76
219213,60,427,80,347
219240,1,143,81,62
219240,12,143,81,62
219240,21,54,30,24
219240,32,54,30,24
219240,41,89,51,38
219240,52,89,51,38
219259,1,3275,1303,1972
219259,2,2826,1191,1635
219259,3,1758,791,967
219259,4,387,181,206
219259,5,1371,610,761
219259,11,1068,400,668
219259,12,449,112,337
219259,19,142,64,78
219259,20,1229,546,683
219259,21,1588,726,862
219259,22,1531,703,828
219259,23,1421,660,761
219259,24,356,163,193
219259,25,1065,497,568
219259,31,110,43,67
219259,32,57,23,34
219259,39,109,53,56
219259,40,956,444,512
219259,41,1687,577,1110
219259,42,1295,488,807
219259,43,337,131,206
219259,44,31,18,13
219259,45,306,113,193
219259,51,958,357,601
219259,52,392,89,303
219259,59,33,11,22
219259,60,273,102,171
219277,1,1551,519,1032
219277,2,1517,515,1002
219277,3,1450,498,952
219277,4,226,103,123
219277,5,1224,395,829
219277,11,67,17,50
219277,12,34,4,30
219277,19,88,33,55
219277,20,1136,362,774
219277,21,884,347,537
219277,22,884,347,537
219277,23,877,345,532
219277,24,186,87,99
219277,25,691,258,433
219277,31,7,2,5
219277,39,55,25,30
219277,40,636,233,403
219277,41,667,172,495
219277,42,633,168,465
219277,43,573,153,420
219277,44,40,16,24
219277,45,533,137,396
219277,51,60,15,45
219277,52,34,4,30
219277,59,33,8,25
219277,60,500,129,371
219295,1,791,244,547
219295,2,791,244,547
219295,3,728,226,502
219295,4,131,67,64
219295,5,597,159,438
219295,11,63,18,45
219295,19,153,47,106
219295,20,444,112,332
219295,21,536,205,331
219295,22,536,205,331
219295,23,536,205,331
219295,24,130,67,63
219295,25,406,138,268
219295,39,110,42,68
219295,40,296,96,200
219295,41,255,39,216
219295,42,255,39,216
219295,43,192,21,171
219295,44,1,0,1
219295,45,191,21,170
219295,51,63,18,45
219295,59,43,5,38
219295,60,148,16,132
219338,1,18,4,14
219338,2,18,4,14
219338,3,18,4,14
219338,5,18,4,14
219338,20,18,4,14
219338,21,18,4,14
219338,22,18,4,14
219338,23,18,4,14
219338,25,18,4,14
219338,40,18,4,14
219347,1,2640,2031,609
219347,2,2328,1792,536
219347,3,2194,1732,462
219347,4,553,456,97
219347,5,1641,1276,365
219347,11,134,60,74
219347,12,312,239,73
219347,19,131,99,32
219347,20,1510,1177,333
219347,21,2136,1683,453
219347,22,1950,1541,409
219347,23,1939,1533,406
219347,24,546,450,96
219347,25,1393,1083,310
219347,31,11,8,3
219347,32,186,142,44
219347,39,115,87,28
219347,40,1278,996,282
219347,41,504,348,156
219347,42,378,251,127
219347,43,255,199,56
219347,44,7,6,1
219347,45,248,193,55
219347,51,123,52,71
219347,52,126,97,29
219347,59,16,12,4
219347,60,232,181,51
219356,1,12525,5925,6600
219356,2,10969,5231,5738
219356,3,10048,4900,5148
219356,4,2300,1155,1145
219356,5,7748,3745,4003
219356,11,921,331,590
219356,12,1556,694,862
219356,19,566,266,300
219356,20,7182,3479,3703
219356,21,9146,4617,4529
219356,22,8646,4383,4263
219356,23,8621,4368,4253
219356,24,2188,1114,1074
219356,25,6433,3254,3179
219356,31,25,15,10
219356,32,500,234,266
219356,39,397,217,180
219356,40,6036,3037,2999
219356,41,3379,1308,2071
219356,42,2323,848,1475
219356,43,1427,532,895
219356,44,112,41,71
219356,45,1315,491,824
219356,51,896,316,580
219356,52,1056,460,596
219356,59,169,49,120
219356,60,1146,442,704
219374,1,689,203,486
219374,2,577,173,404
219374,3,550,163,387
219374,4,180,61,119
219374,5,370,102,268
219374,11,27,10,17
219374,12,112,30,82
219374,19,68,14,54
219374,20,302,88,214
219374,21,268,90,178
219374,22,253,83,170
219374,23,252,82,170
219374,24,95,32,63
219374,25,157,50,107
219374,31,1,1,0
219374,32,15,7,8
219374,39,32,6,26
219374,40,125,44,81
219374,41,421,113,308
219374,42,324,90,234
219374,43,298,81,217
219374,44,85,29,56
219374,45,213,52,161
219374,51,26,9,17
219374,52,97,23,74
219374,59,36,8,28
219374,60,177,44,133
219383,1,1408,569,839
219383,2,1100,448,652
219383,3,1075,439,636
219383,4,237,89,148
219383,5,838,350,488
219383,11,25,9,16
219383,12,308,121,187
219383,19,87,46,41
219383,20,751,304,447
219383,21,938,384,554
219383,22,929,378,551
219383,23,926,377,549
219383,24,236,88,148
219383,25,690,289,401
219383,31,3,1,2
219383,32,9,6,3
219383,39,74,40,34
219383,40,616,249,367
219383,41,470,185,285
219383,42,171,70,101
219383,43,149,62,87
219383,44,1,1,0
219383,45,148,61,87
219383,51,22,8,14
219383,52,299,115,184
219383,59,13,6,7
219383,60,135,55,80
219392,1,24,6,18
219392,2,24,6,18
219392,3,24,6,18
219392,5,24,6,18
219392,20,24,6,18
219392,21,24,6,18
219392,22,24,6,18
219392,23,24,6,18
219392,25,24,6,18
219392,40,24,6,18
219408,1,194,51,143
219408,2,194,51,143
219408,3,189,50,139
219408,4,55,17,38
219408,5,134,33,101
219408,11,5,1,4
219408,19,1,0,1
219408,20,133,33,100
219408,21,151,41,110
219408,22,151,41,110
219408,23,151,41,110
219408,24,50,16,34
219408,25,101,25,76
219408,39,1,0,1
219408,40,100,25,75
219408,41,43,10,33
219408,42,43,10,33
219408,43,38,9,29
219408,44,5,1,4
219408,45,33,8,25
219408,51,5,1,4
219408,60,33,8,25
219426,1,2467,1187,1280
219426,2,2467,1187,1280
219426,3,2405,1168,1237
219426,4,565,302,263
219426,5,1840,866,974
219426,11,62,19,43
219426,19,350,138,212
219426,20,1490,728,762
219426,21,1683,879,804
219426,22,1683,879,804
219426,23,1683,879,804
219426,24,472,265,207
219426,25,1211,614,597
219426,39,237,103,134
219426,40,974,511,463
219426,41,784,308,476
219426,42,784,308,476
219426,43,722,289,433
219426,44,93,37,56
219426,45,629,252,377
219426,51,62,19,43
219426,59,113,35,78
219426,60,516,217,299
219453,1,142,2,140
219453,2,142,2,140
219453,3,142,2,140
219453,4,78,1,77
219453,5,64,1,63
219453,20,64,1,63
219453,21,142,2,140
219453,22,142,2,140
219453,23,142,2,140
219453,24,78,1,77
219453,25,64,1,63
219453,40,64,1,63
219471,1,10235,3947,6288
219471,2,7633,2822,4811
219471,3,6449,2375,4074
219471,4,1342,530,812
219471,5,5107,1845,3262
219471,11,1184,447,737
219471,12,2602,1125,1477
219471,19,635,194,441
219471,20,4472,1651,2821
219471,21,6031,2528,3503
219471,22,4732,1927,2805
219471,23,4700,1915,2785
219471,24,1225,486,739
219471,25,3475,1429,2046
219471,31,32,12,20
219471,32,1299,601,698
219471,39,337,132,205
219471,40,3138,1297,1841
219471,41,4204,1419,2785
219471,42,2901,895,2006
219471,43,1749,460,1289
219471,44,117,44,73
219471,45,1632,416,1216
219471,51,1152,435,717
219471,52,1303,524,779
219471,59,298,62,236
219471,60,1334,354,980
219480,1,1030,525,505
219480,2,1030,525,505
219480,3,1004,511,493
219480,4,260,152,108
219480,5,744,359,385
219480,11,26,14,12
219480,19,157,77,80
219480,20,587,282,305
219480,21,795,450,345
219480,22,795,450,345
219480,23,785,441,344
219480,24,226,136,90
219480,25,559,305,254
219480,31,10,9,1
219480,39,127,65,62
219480,40,432,240,192
219480,41,235,75,160
219480,42,235,75,160
219480,43,219,70,149
219480,44,34,16,18
219480,45,185,54,131
219480,51,16,5,11
219480,59,30,12,18
219480,60,155,42,113
219505,1,144,101,43
219505,2,141,101,40
219505,3,141,101,40
219505,4,10,6,4
219505,5,131,95,36
219505,12,3,0,3
219505,19,13,3,10
219505,20,118,92,26
219505,21,99,76,23
219505,22,98,76,22
219505,23,98,76,22
219505,24,9,5,4
219505,25,89,71,18
219505,32,1,0,1
219505,39,8,2,6
219505,40,81,69,12
219505,41,45,25,20
219505,42,43,25,18
219505,43,43,25,18
219505,44,1,1,0
219505,45,42,24,18
219505,52,2,0,2
219505,59,5,1,4
219505,60,37,23,14
219578,1,574,99,475
219578,2,505,93,412
219578,3,486,89,397
219578,4,37,6,31
219578,5,449,83,366
219578,11,19,4,15
219578,12,69,6,63
219578,19,87,16,71
219578,20,362,67,295
219578,21,220,36,184
219578,22,189,36,153
219578,23,184,36,148
219578,24,34,6,28
219578,25,150,30,120
219578,31,5,0,5
219578,32,31,0,31
219578,39,38,7,31
219578,40,112,23,89
219578,41,354,63,291
219578,42,316,57,259
219578,43,302,53,249
219578,44,3,0,3
219578,45,299,53,246
219578,51,14,4,10
219578,52,38,6,32
219578,59,49,9,40
219578,60,250,44,206
219587,1,72,1,71
219587,2,72,1,71
219587,3,72,1,71
219587,4,21,1,20
219587,5,51,0,51
219587,20,51,0,51
219587,21,72,1,71
219587,22,72,1,71
219587,23,72,1,71
219587,24,21,1,20
219587,25,51,0,51
219587,40,51,0,51
219596,1,202,131,71
219596,2,202,131,71
219596,3,202,131,71
219596,4,57,37,20
219596,5,145,94,51
219596,20,145,94,51
219596,21,202,131,71
219596,22,202,131,71
219596,23,202,131,71
219596,24,57,37,20
219596,25,145,94,51
219596,40,145,94,51
219602,1,10399,4073,6326
219602,2,9550,3847,5703
219602,3,9271,3755,5516
219602,4,1582,656,926
219602,5,7689,3099,4590
219602,11,279,92,187
219602,12,849,226,623
219602,19,899,370,529
219602,20,6790,2729,4061
219602,21,7150,2844,4306
219602,22,6866,2769,4097
219602,23,6855,2765,4090
219602,24,1237,523,714
219602,25,5618,2242,3376
219602,31,11,4,7
219602,32,284,75,209
219602,39,551,219,332
219602,40,5067,2023,3044
219602,41,3249,1229,2020
219602,42,2684,1078,1606
219602,43,2416,990,1426
219602,44,345,133,212
219602,45,2071,857,1214
219602,51,268,88,180
219602,52,565,151,414
219602,59,348,151,197
219602,60,1723,706,1017
219639,1,1101,103,998
219639,2,1101,103,998
219639,3,1101,103,998
219639,4,88,11,77
219639,5,1013,92,921
219639,19,203,18,185
219639,20,810,74,736
219639,21,482,49,433
219639,22,482,49,433
219639,23,482,49,433
219639,24,88,11,77
219639,25,394,38,356
219639,39,130,14,116
219639,40,264,24,240
219639,41,619,54,565
219639,42,619,54,565
219639,43,619,54,565
219639,45,619,54,565
219639,59,73,4,69
219639,60,546,50,496
219709,1,6915,2718,4197
219709,2,5506,2216,3290
219709,3,5465,2199,3266
219709,4,1248,480,768
219709,5,4217,1719,2498
219709,11,41,17,24
219709,12,1409,502,907
219709,19,466,174,292
219709,20,3751,1545,2206
219709,21,6102,2394,3708
219709,22,5117,2066,3051
219709,23,5107,2064,3043
219709,24,1243,480,763
219709,25,3864,1584,2280
219709,31,10,2,8
219709,32,985,328,657
219709,39,402,151,251
219709,40,3462,1433,2029
219709,41,813,324,489
219709,42,389,150,239
219709,43,358,135,223
219709,44,5,0,5
219709,45,353,135,218
219709,51,31,15,16
219709,52,424,174,250
219709,59,64,23,41
219709,60,289,112,177
219718,1,6634,2749,3885
219718,2,5124,2244,2880
219718,3,5063,2212,2851
219718,4,613,287,326
219718,5,4450,1925,2525
219718,11,61,32,29
219718,12,1510,505,1005
219718,19,526,237,289
219718,20,3924,1688,2236
219718,21,5282,2207,3075
219718,22,3971,1775,2196
219718,23,3971,1775,2196
219718,24,550,265,285
219718,25,3421,1510,1911
219718,32,1311,432,879
219718,39,468,214,254
219718,40,2953,1296,1657
219718,41,1352,542,810
219718,42,1153,469,684
219718,43,1092,437,655
219718,44,63,22,41
219718,45,1029,415,614
219718,51,61,32,29
219718,52,199,73,126
219718,59,58,23,35
219718,60,971,392,579
219790,1,1704,765,939
219790,2,1573,697,876
219790,3,1209,546,663
219790,4,187,89,98
219790,5,1022,457,565
219790,11,364,151,213
219790,12,131,68,63
219790,19,31,19,12
219790,20,991,438,553
219790,21,1249,559,690
219790,22,1129,496,633
219790,23,1103,484,619
219790,24,187,89,98
219790,25,916,395,521
219790,31,26,12,14
219790,32,120,63,57
219790,39,31,19,12
219790,40,885,376,509
219790,41,455,206,249
219790,42,444,201,243
219790,43,106,62,44
219790,45,106,62,44
219790,51,338,139,199
219790,52,11,5,6
219790,60,106,62,44
219806,1,2045,884,1161
219806,2,1713,771,942
219806,3,1688,763,925
219806,4,480,216,264
219806,5,1208,547,661
219806,11,25,8,17
219806,12,332,113,219
219806,19,116,65,51
219806,20,1092,482,610
219806,21,1761,798,963
219806,22,1658,756,902
219806,23,1633,748,885
219806,24,480,216,264
219806,25,1153,532,621
219806,31,25,8,17
219806,32,103,42,61
219806,39,116,65,51
219806,40,1037,467,570
219806,41,284,86,198
219806,42,55,15,40
219806,43,55,15,40
219806,45,55,15,40
219806,52,229,71,158
219806,60,55,15,40
219824,1,9910,3949,5961
219824,2,9910,3949,5961
219824,3,8224,3272,4952
219824,4,1638,673,965
219824,5,6586,2599,3987
219824,11,1686,677,1009
219824,19,658,279,379
219824,20,5928,2320,3608
219824,21,4414,1910,2504
219824,22,4414,1910,2504
219824,23,4267,1848,2419
219824,24,1156,493,663
219824,25,3111,1355,1756
219824,31,147,62,85
219824,39,303,143,160
219824,40,2808,1212,1596
219824,41,5496,2039,3457
219824,42,5496,2039,3457
219824,43,3957,1424,2533
219824,44,482,180,302
219824,45,3475,1244,2231
219824,51,1539,615,924
219824,59,355,136,219
219824,60,3120,1108,2012
219833,1,1577,704,873
219833,2,1168,532,636
219833,3,1156,524,632
219833,4,263,140,123
219833,5,893,384,509
219833,11,12,8,4
219833,12,409,172,237
219833,19,69,26,43
219833,20,824,358,466
219833,21,1135,523,612
219833,22,1021,489,532
219833,23,1018,486,532
219833,24,262,140,122
219833,25,756,346,410
219833,31,3,3,0
219833,32,114,34,80
219833,39,45,22,23
219833,40,711,324,387
219833,41,442,181,261
219833,42,147,43,104
219833,43,138,38,100
219833,44,1,0,1
219833,45,137,38,99
219833,51,9,5,4
219833,52,295,138,157
219833,59,24,4,20
219833,60,113,34,79
219842,1,205,152,53
219842,12,205,152,53
219842,21,121,88,33
219842,32,121,88,33
219842,41,84,64,20
219842,52,84,64,20
219879,1,3790,1511,2279
219879,2,3790,1511,2279
219879,3,2978,1172,1806
219879,4,743,324,419
219879,5,2235,848,1387
219879,11,812,339,473
219879,19,197,76,121
219879,20,2038,772,1266
219879,21,1885,831,1054
219879,22,1885,831,1054
219879,23,1870,820,1050
219879,24,669,296,373
219879,25,1201,524,677
219879,31,15,11,4
219879,39,132,60,72
219879,40,1069,464,605
219879,41,1905,680,1225
219879,42,1905,680,1225
219879,43,1108,352,756
219879,44,74,28,46
219879,45,1034,324,710
219879,51,797,328,469
219879,59,65,16,49
219879,60,969,308,661
219888,1,5225,1863,3362
219888,2,5225,1863,3362
219888,3,4317,1513,2804
219888,4,982,377,605
219888,5,3335,1136,2199
219888,11,908,350,558
219888,19,311,109,202
219888,20,3024,1027,1997
219888,21,2264,865,1399
219888,22,2264,865,1399
219888,23,2233,851,1382
219888,24,750,270,480
219888,25,1483,581,902
219888,31,31,14,17
219888,39,132,60,72
219888,40,1351,521,830
219888,41,2961,998,1963
219888,42,2961,998,1963
219888,43,2084,662,1422
219888,44,232,107,125
219888,45,1852,555,1297
219888,51,877,336,541
219888,59,179,49,130
219888,60,1673,506,1167
219903,1,1313,122,1191
219903,2,1313,122,1191
219903,3,1313,122,1191
219903,4,328,28,300
219903,5,985,94,891
219903,20,985,94,891
219903,21,1313,122,1191
219903,22,1313,122,1191
219903,23,1313,122,1191
219903,24,328,28,300
219903,25,985,94,891
219903,40,985,94,891
219921,1,203,143,60
219921,2,203,143,60
219921,3,203,143,60
219921,4,60,51,9
219921,5,143,92,51
219921,20,143,92,51
219921,21,114,82,32
219921,22,114,82,32
219921,23,114,82,32
219921,24,47,41,6
219921,25,67,41,26
219921,40,67,41,26
219921,41,89,61,28
219921,42,89,61,28
219921,43,89,61,28
219921,44,13,10,3
219921,45,76,51,25
219921,60,76,51,25
219949,1,1501,689,812
219949,2,1269,585,684
219949,3,1198,551,647
219949,4,212,128,84
219949,5,986,423,563
219949,11,71,34,37
219949,12,232,104,128
219949,19,210,58,152
219949,20,776,365,411
219949,21,1099,530,569
219949,22,1056,514,542
219949,23,1056,514,542
219949,24,212,128,84
219949,25,844,386,458
219949,32,43,16,27
219949,39,161,46,115
219949,40,683,340,343
219949,41,402,159,243
219949,42,213,71,142
219949,43,142,37,105
219949,45,142,37,105
219949,51,71,34,37
219949,52,189,88,101
219949,59,49,12,37
219949,60,93,25,68
219976,1,4580,1734,2846
219976,2,2890,1157,1733
219976,3,2874,1146,1728
219976,4,684,257,427
219976,5,2190,889,1301
219976,11,16,11,5
219976,12,1690,577,1113
219976,19,176,71,105
219976,20,2014,818,1196
219976,21,3403,1363,2040
219976,22,2590,1041,1549
219976,23,2586,1038,1548
219976,24,683,257,426
219976,25,1903,781,1122
219976,31,4,3,1
219976,32,813,322,491
219976,39,148,62,86
219976,40,1755,719,1036
219976,41,1177,371,806
219976,42,300,116,184
219976,43,288,108,180
219976,44,1,0,1
219976,45,287,108,179
219976,51,12,8,4
219976,52,877,255,622
219976,59,28,9,19
219976,60,259,99,160
219994,1,481,273,208
219994,2,481,273,208
219994,3,481,273,208
219994,4,289,187,102
219994,5,192,86,106
219994,20,192,86,106
219994,21,445,248,197
219994,22,445,248,197
219994,23,445,248,197
219994,24,270,174,96
219994,25,175,74,101
219994,40,175,74,101
219994,41,36,25,11
219994,42,36,25,11
219994,43,36,25,11
219994,44,19,13,6
219994,45,17,12,5
219994,60,17,12,5
220002,1,141,45,96
220002,2,141,45,96
220002,3,141,45,96
220002,4,11,4,7
220002,5,130,41,89
220002,19,29,5,24
220002,20,101,36,65
220002,21,108,33,75
220002,22,108,33,75
220002,23,108,33,75
220002,24,11,4,7
220002,25,97,29,68
220002,39,28,5,23
220002,40,69,24,45
220002,41,33,12,21
220002,42,33,12,21
220002,43,33,12,21
220002,45,33,12,21
220002,59,1,0,1
220002,60,32,12,20
220057,1,3258,1093,2165
220057,2,3258,1093,2165
220057,3,2362,728,1634
220057,4,628,248,380
220057,5,1734,480,1254
220057,11,896,365,531
220057,19,167,58,109
220057,20,1567,422,1145
220057,21,1292,462,830
220057,22,1292,462,830
220057,23,1281,456,825
220057,24,407,172,235
220057,25,874,284,590
220057,31,11,6,5
220057,39,101,39,62
220057,40,773,245,528
220057,41,1966,631,1335
220057,42,1966,631,1335
220057,43,1081,272,809
220057,44,221,76,145
220057,45,860,196,664
220057,51,885,359,526
220057,59,66,19,47
220057,60,794,177,617
220075,1,14691,6122,8569
220075,2,11820,5099,6721
220075,3,11399,4905,6494
220075,4,1881,805,1076
220075,5,9518,4100,5418
220075,11,421,194,227
220075,12,2871,1023,1848
220075,19,1132,456,676
220075,20,8386,3644,4742
220075,21,11577,4970,6607
220075,22,9727,4201,5526
220075,23,9682,4183,5499
220075,24,1849,786,1063
220075,25,7833,3397,4436
220075,31,45,18,27
220075,32,1850,769,1081
220075,39,893,391,502
220075,40,6940,3006,3934
220075,41,3114,1152,1962
220075,42,2093,898,1195
220075,43,1717,722,995
220075,44,32,19,13
220075,45,1685,703,982
220075,51,376,176,200
220075,52,1021,254,767
220075,59,239,65,174
220075,60,1446,638,808
220118,1,345,55,290
220118,2,345,55,290
220118,3,220,45,175
220118,4,28,5,23
220118,5,192,40,152
220118,11,125,10,115
220118,20,192,40,152
220118,21,345,55,290
220118,22,345,55,290
220118,23,220,45,175
220118,24,28,5,23
220118,25,192,40,152
220118,31,125,10,115
220118,40,192,40,152
220127,1,533,234,299
220127,2,533,234,299
220127,3,521,228,293
220127,4,192,74,118
220127,5,329,154,175
220127,11,12,6,6
220127,20,329,154,175
220127,21,435,194,241
220127,22,435,194,241
220127,23,435,194,241
220127,24,160,70,90
220127,25,275,124,151
220127,40,275,124,151
220127,41,98,40,58
220127,42,98,40,58
220127,43,86,34,52
220127,44,32,4,28
220127,45,54,30,24
220127,51,12,6,6
220127,60,54,30,24
220136,1,124,89,35
220136,12,124,89,35
220136,21,51,35,16
220136,32,51,35,16
220136,41,73,54,19
220136,52,73,54,19
220163,1,71,3,68
220163,2,71,3,68
220163,3,71,3,68
220163,4,42,2,40
220163,5,29,1,28
220163,20,29,1,28
220163,21,14,1,13
220163,22,14,1,13
220163,23,14,1,13
220163,24,13,1,12
220163,25,1,0,1
220163,40,1,0,1
220163,41,57,2,55
220163,42,57,2,55
220163,43,57,2,55
220163,44,29,1,28
220163,45,28,1,27
220163,60,28,1,27
220181,1,646,223,423
220181,2,611,205,406
220181,3,611,205,406
220181,4,232,75,157
220181,5,379,130,249
220181,12,35,18,17
220181,19,49,22,27
220181,20,330,108,222
220181,21,612,200,412
220181,22,589,188,401
220181,23,589,188,401
220181,24,230,74,156
220181,25,359,114,245
220181,32,23,12,11
220181,39,49,22,27
220181,40,310,92,218
220181,41,34,23,11
220181,42,22,17,5
220181,43,22,17,5
220181,44,2,1,1
220181,45,20,16,4
220181,52,12,6,6
220181,60,20,16,4
220206,1,338,175,163
220206,2,338,175,163
220206,3,270,141,129
220206,4,63,31,32
220206,5,207,110,97
220206,11,68,34,34
220206,19,30,19,11
220206,20,177,91,86
220206,21,234,119,115
220206,22,234,119,115
220206,23,234,119,115
220206,24,62,30,32
220206,25,172,89,83
220206,39,26,15,11
220206,40,146,74,72
220206,41,104,56,48
220206,42,104,56,48
220206,43,36,22,14
220206,44,1,1,0
220206,45,35,21,14
220206,51,68,34,34
220206,59,4,4,0
220206,60,31,17,14
220215,1,1811,765,1046
220215,2,1385,579,806
220215,3,1290,546,744
220215,4,356,141,215
220215,5,934,405,529
220215,11,95,33,62
220215,12,426,186,240
220215,19,65,36,29
220215,20,869,369,500
220215,21,1363,580,783
220215,22,1262,537,725
220215,23,1262,537,725
220215,24,355,141,214
220215,25,907,396,511
220215,32,101,43,58
220215,39,63,36,27
220215,40,844,360,484
220215,41,448,185,263
220215,42,123,42,81
220215,43,28,9,19
220215,44,1,0,1
220215,45,27,9,18
220215,51,95,33,62
220215,52,325,143,182
220215,59,2,0,2
220215,60,25,9,16
220251,1,250,137,113
220251,2,250,137,113
220251,3,250,137,113
220251,4,202,113,89
220251,5,48,24,24
220251,20,48,24,24
220251,21,227,135,92
220251,22,227,135,92
220251,23,227,135,92
220251,24,201,113,88
220251,25,26,22,4
220251,40,26,22,4
220251,41,23,2,21
220251,42,23,2,21
220251,43,23,2,21
220251,44,1,0,1
220251,45,22,2,20
220251,60,22,2,20
220279,1,558,287,271
220279,2,558,287,271
220279,3,269,161,108
220279,4,106,55,51
220279,5,163,106,57
220279,11,289,126,163
220279,20,163,106,57
220279,21,216,110,106
220279,22,216,110,106
220279,23,216,110,106
220279,24,88,37,51
220279,25,128,73,55
220279,40,128,73,55
220279,41,342,177,165
220279,42,342,177,165
220279,43,53,51,2
220279,44,18,18,0
220279,45,35,33,2
220279,51,289,126,163
220279,60,35,33,2
220312,1,364,159,205
220312,2,364,159,205
220312,3,222,108,114
220312,4,83,33,50
220312,5,139,75,64
220312,11,142,51,91
220312,19,30,17,13
220312,20,109,58,51
220312,21,207,104,103
220312,22,207,104,103
220312,23,207,104,103
220312,24,80,32,48
220312,25,127,72,55
220312,39,27,15,12
220312,40,100,57,43
220312,41,157,55,102
220312,42,157,55,102
220312,43,15,4,11
220312,44,3,1,2
220312,45,12,3,9
220312,51,142,51,91
220312,59,3,2,1
220312,60,9,1,8
220321,1,363,223,140
220321,2,363,223,140
220321,3,363,223,140
220321,4,62,32,30
220321,5,301,191,110
220321,20,301,191,110
220321,21,309,178,131
220321,22,309,178,131
220321,23,309,178,131
220321,24,61,31,30
220321,25,248,147,101
220321,40,248,147,101
220321,41,54,45,9
220321,42,54,45,9
220321,43,54,45,9
220321,44,1,1,0
220321,45,53,44,9
220321,60,53,44,9
220394,1,246,128,118
220394,2,246,128,118
220394,3,246,128,118
220394,4,99,52,47
220394,5,147,76,71
220394,20,147,76,71
220394,21,223,122,101
220394,22,223,122,101
220394,23,223,122,101
220394,24,81,49,32
220394,25,142,73,69
220394,40,142,73,69
220394,41,23,6,17
220394,42,23,6,17
220394,43,23,6,17
220394,44,18,3,15
220394,45,5,3,2
220394,60,5,3,2
220400,1,4587,1559,3028
220400,2,4587,1559,3028
220400,3,3413,1161,2252
220400,4,874,329,545
220400,5,2539,832,1707
220400,11,1174,398,776
220400,19,249,82,167
220400,20,2290,750,1540
220400,21,2020,748,1272
220400,22,2020,748,1272
220400,23,2000,739,1261
220400,24,725,271,454
220400,25,1275,468,807
220400,31,20,9,11
220400,39,163,59,104
220400,40,1112,409,703
220400,41,2567,811,1756
220400,42,2567,811,1756
220400,43,1413,422,991
220400,44,149,58,91
220400,45,1264,364,900
220400,51,1154,389,765
220400,59,86,23,63
220400,60,1178,341,837
220464,1,122,57,65
220464,2,122,57,65
220464,3,122,57,65
220464,4,23,11,12
220464,5,99,46,53
220464,19,63,28,35
220464,20,36,18,18
220464,21,72,34,38
220464,22,72,34,38
220464,23,72,34,38
220464,24,21,9,12
220464,25,51,25,26
220464,39,40,18,22
220464,40,11,7,4
220464,41,50,23,27
220464,42,50,23,27
220464,43,50,23,27
220464,44,2,2,0
220464,45,48,21,27
220464,59,23,10,13
220464,60,25,11,14
220473,1,1031,531,500
220473,2,830,421,409
220473,3,826,419,407
220473,4,162,80,82
220473,5,664,339,325
220473,11,4,2,2
220473,12,201,110,91
220473,19,76,37,39
220473,20,588,302,286
220473,21,859,441,418
220473,22,781,396,385
220473,23,781,396,385
220473,24,162,80,82
220473,25,619,316,303
220473,32,78,45,33
220473,39,72,35,37
220473,40,547,281,266
220473,41,172,90,82
220473,42,49,25,24
220473,43,45,23,22
220473,45,45,23,22
220473,51,4,2,2
220473,52,123,65,58
220473,59,4,2,2
220473,60,41,21,20
220491,1,168,6,162
220491,2,168,6,162
220491,3,168,6,162
220491,4,7,0,7
220491,5,161,6,155
220491,20,161,6,155
220491,21,138,5,133
220491,22,138,5,133
220491,23,138,5,133
220491,24,6,0,6
220491,25,132,5,127
220491,40,132,5,127
220491,41,30,1,29
220491,42,30,1,29
220491,43,30,1,29
220491,44,1,0,1
220491,45,29,1,28
220491,60,29,1,28
220516,1,2575,878,1697
220516,2,2191,756,1435
220516,3,2121,722,1399
220516,4,237,102,135
220516,5,1884,620,1264
220516,11,70,34,36
220516,12,384,122,262
220516,19,523,144,379
220516,20,1361,476,885
220516,21,2369,809,1560
220516,22,2040,693,1347
220516,23,2037,692,1345
220516,24,233,100,133
220516,25,1804,592,1212
220516,31,3,1,2
220516,32,329,116,213
220516,39,508,140,368
220516,40,1296,452,844
220516,41,206,69,137
220516,42,151,63,88
220516,43,84,30,54
220516,44,4,2,2
220516,45,80,28,52
220516,51,67,33,34
220516,52,55,6,49
220516,59,15,4,11
220516,60,65,24,41
220552,1,1116,316,800
220552,2,710,182,528
220552,3,708,182,526
220552,4,183,44,139
220552,5,525,138,387
220552,11,2,0,2
220552,12,406,134,272
220552,20,525,138,387
220552,21,1116,316,800
220552,22,710,182,528
220552,23,708,182,526
220552,24,183,44,139
220552,25,525,138,387
220552,31,2,0,2
220552,32,406,134,272
220552,40,525,138,387
220570,1,40,28,12
220570,2,40,28,12
220570,3,40,28,12
220570,4,11,6,5
220570,5,29,22,7
220570,20,29,22,7
220570,21,23,22,1
220570,22,23,22,1
220570,23,23,22,1
220570,24,5,4,1
220570,25,18,18,0
220570,40,18,18,0
220570,41,17,6,11
220570,42,17,6,11
220570,43,17,6,11
220570,44,6,2,4
220570,45,11,4,7
220570,60,11,4,7
220598,1,1554,804,750
220598,2,1554,804,750
220598,3,1554,804,750
220598,4,405,220,185
220598,5,1149,584,565
220598,19,144,86,58
220598,20,1005,498,507
220598,21,1534,792,742
220598,22,1534,792,742
220598,23,1534,792,742
220598,24,405,220,185
220598,25,1129,572,557
220598,39,142,86,56
220598,40,987,486,501
220598,41,20,12,8
220598,42,20,12,8
220598,43,20,12,8
220598,45,20,12,8
220598,59,2,0,2
220598,60,18,12,6
220604,1,1023,365,658
220604,2,1023,365,658
220604,3,1009,361,648
220604,4,159,71,88
220604,5,850,290,560
220604,11,14,4,10
220604,19,125,38,87
220604,20,725,252,473
220604,21,879,317,562
220604,22,879,317,562
220604,23,877,316,561
220604,24,149,66,83
220604,25,728,250,478
220604,31,2,1,1
220604,39,106,33,73
220604,40,622,217,405
220604,41,144,48,96
220604,42,144,48,96
220604,43,132,45,87
220604,44,10,5,5
220604,45,122,40,82
220604,51,12,3,9
220604,59,19,5,14
220604,60,103,35,68
220613,1,4922,2106,2816
220613,2,4550,1958,2592
220613,3,4143,1784,2359
220613,4,812,307,505
220613,5,3331,1477,1854
220613,11,407,174,233
220613,12,372,148,224
220613,19,272,131,141
220613,20,3059,1346,1713
220613,21,3997,1665,2332
220613,22,3830,1613,2217
220613,23,3828,1612,2216
220613,24,808,304,504
220613,25,3020,1308,1712
220613,31,2,1,1
220613,32,167,52,115
220613,39,259,127,132
220613,40,2761,1181,1580
220613,41,925,441,484
220613,42,720,345,375
220613,43,315,172,143
220613,44,4,3,1
220613,45,311,169,142
220613,51,405,173,232
220613,52,205,96,109
220613,59,13,4,9
220613,60,298,165,133
220631,1,3952,1418,2534
220631,2,1713,501,1212
220631,3,1632,454,1178
220631,4,191,73,118
220631,5,1441,381,1060
220631,11,81,47,34
220631,12,2239,917,1322
220631,19,271,55,216
220631,20,1170,326,844
220631,21,2983,1100,1883
220631,22,1185,341,844
220631,23,1173,333,840
220631,24,121,38,83
220631,25,1052,295,757
220631,31,12,8,4
220631,32,1798,759,1039
220631,39,169,33,136
220631,40,883,262,621
220631,41,969,318,651
220631,42,528,160,368
220631,43,459,121,338
220631,44,70,35,35
220631,45,389,86,303
220631,51,69,39,30
220631,52,441,158,283
220631,59,102,22,80
220631,60,287,64,223
220640,1,442,200,242
220640,2,442,200,242
220640,3,319,183,136
220640,4,109,60,49
220640,5,210,123,87
220640,11,123,17,106
220640,20,210,123,87
220640,21,247,116,131
220640,22,247,116,131
220640,23,247,116,131
220640,24,95,50,45
220640,25,152,66,86
220640,40,152,66,86
220640,41,195,84,111
220640,42,195,84,111
220640,43,72,67,5
220640,44,14,10,4
220640,45,58,57,1
220640,51,123,17,106
220640,60,58,57,1
220701,1,1144,437,707
220701,2,1144,437,707
220701,3,1144,437,707
220701,4,338,150,188
220701,5,806,287,519
220701,19,104,41,63
220701,20,702,246,456
220701,21,1016,393,623
220701,22,1016,393,623
220701,23,1016,393,623
220701,24,335,149,186
220701,25,681,244,437
220701,39,98,40,58
220701,40,583,204,379
220701,41,128,44,84
220701,42,128,44,84
220701,43,128,44,84
220701,44,3,1,2
220701,45,125,43,82
220701,59,6,1,5
220701,60,119,42,77
220710,1,1168,519,649
220710,2,1168,519,649
220710,3,1139,506,633
220710,4,349,172,177
220710,5,790,334,456
220710,11,29,13,16
220710,19,60,25,35
220710,20,730,309,421
220710,21,1132,503,629
220710,22,1132,503,629
220710,23,1132,503,629
220710,24,349,172,177
220710,25,783,331,452
220710,39,60,25,35
220710,40,723,306,417
220710,41,36,16,20
220710,42,36,16,20
220710,43,7,3,4
220710,45,7,3,4
220710,51,29,13,16
220710,60,7,3,4
220756,1,168,132,36
220756,2,168,132,36
220756,3,168,132,36
220756,4,42,32,10
220756,5,126,100,26
220756,20,126,100,26
220756,21,166,132,34
220756,22,166,132,34
220756,23,166,132,34
220756,24,42,32,10
220756,25,124,100,24
220756,40,124,100,24
220756,41,2,0,2
220756,42,2,0,2
220756,43,2,0,2
220756,45,2,0,2
220756,60,2,0,2
220765,1,518,96,422
220765,2,518,96,422
220765,3,518,96,422
220765,4,156,29,127
220765,5,362,67,295
220765,20,362,67,295
220765,21,465,87,378
220765,22,465,87,378
220765,23,465,87,378
220765,24,139,24,115
220765,25,326,63,263
220765,40,326,63,263
220765,41,53,9,44
220765,42,53,9,44
220765,43,53,9,44
220765,44,17,5,12
220765,45,36,4,32
220765,60,36,4,32
220792,1,801,324,477
220792,12,801,324,477
220792,21,801,324,477
220792,32,801,324,477
220808,1,428,149,279
220808,2,368,124,244
220808,3,367,124,243
220808,4,115,33,82
220808,5,252,91,161
220808,11,1,0,1
220808,12,60,25,35
220808,19,25,11,14
220808,20,227,80,147
220808,21,353,120,233
220808,22,325,106,219
220808,23,325,106,219
220808,24,111,31,80
220808,25,214,75,139
220808,32,28,14,14
220808,39,18,9,9
220808,40,196,66,130
220808,41,75,29,46
220808,42,43,18,25
220808,43,42,18,24
220808,44,4,2,2
220808,45,38,16,22
220808,51,1,0,1
220808,52,32,11,21
220808,59,7,2,5
220808,60,31,14,17
220853,1,817,559,258
220853,2,817,559,258
220853,3,817,559,258
220853,4,328,183,145
220853,5,489,376,113
220853,20,489,376,113
220853,21,688,473,215
220853,22,688,473,215
220853,23,688,473,215
220853,24,270,155,115
220853,25,418,318,100
220853,40,418,318,100
220853,41,129,86,43
220853,42,129,86,43
220853,43,129,86,43
220853,44,58,28,30
220853,45,71,58,13
220853,60,71,58,13
220862,1,21480,8575,12905
220862,2,17223,6821,10402
220862,3,16178,6397,9781
220862,4,2078,855,1223
220862,5,14100,5542,8558
220862,11,1045,424,621
220862,12,4257,1754,2503
220862,19,1441,545,896
220862,20,12659,4997,7662
220862,21,14385,6095,8290
220862,22,12318,5112,7206
220862,23,12281,5092,7189
220862,24,2025,827,1198
220862,25,10256,4265,5991
220862,31,37,20,17
220862,32,2067,983,1084
220862,39,1030,414,616
220862,40,9226,3851,5375
220862,41,7095,2480,4615
220862,42,4905,1709,3196
220862,43,3897,1305,2592
220862,44,53,28,25
220862,45,3844,1277,2567
220862,51,1008,404,604
220862,52,2190,771,1419
220862,59,411,131,280
220862,60,3433,1146,2287
220871,1,292,172,120
220871,12,292,172,120
220871,21,181,110,71
220871,32,181,110,71
220871,41,111,62,49
220871,52,111,62,49
220941,1,2496,959,1537
220941,2,2456,952,1504
220941,3,2456,952,1504
220941,4,531,255,276
220941,5,1925,697,1228
220941,12,40,7,33
220941,19,304,119,185
220941,20,1621,578,1043
220941,21,1452,670,782
220941,22,1420,664,756
220941,23,1420,664,756
220941,24,235,157,78
220941,25,1185,507,678
220941,32,32,6,26
220941,39,212,104,108
220941,40,973,403,570
220941,41,1044,289,755
220941,42,1036,288,748
220941,43,1036,288,748
220941,44,296,98,198
220941,45,740,190,550
220941,52,8,1,7
220941,59,92,15,77
220941,60,648,175,473
220978,1,23881,10906,12975
220978,2,21162,9867,11295
220978,3,20914,9711,11203
220978,4,3179,1457,1722
220978,5,17735,8254,9481
220978,11,248,156,92
220978,12,2719,1039,1680
220978,19,1907,833,1074
220978,20,15828,7421,8407
220978,21,18280,8511,9769
220978,22,17381,8106,9275
220978,23,17354,8091,9263
220978,24,3129,1433,1696
220978,25,14225,6658,7567
220978,31,27,15,12
220978,32,899,405,494
220978,39,1489,678,811
220978,40,12736,5980,6756
220978,41,5601,2395,3206
220978,42,3781,1761,2020
220978,43,3560,1620,1940
220978,44,50,24,26
220978,45,3510,1596,1914
220978,51,221,141,80
220978,52,1820,634,1186
220978,59,418,155,263
220978,60,3092,1441,1651
220996,1,142,66,76
220996,12,142,66,76
220996,21,142,66,76
220996,32,142,66,76
221014,1,1198,433,765
221014,2,973,367,606
221014,3,933,351,582
221014,4,206,91,115
221014,5,727,260,467
221014,11,40,16,24
221014,12,225,66,159
221014,19,81,37,44
221014,20,646,223,423
221014,21,1086,390,696
221014,22,884,332,552
221014,23,880,330,550
221014,24,206,91,115
221014,25,674,239,435
221014,31,4,2,2
221014,32,202,58,144
221014,39,71,34,37
221014,40,603,205,398
221014,41,112,43,69
221014,42,89,35,54
221014,43,53,21,32
221014,45,53,21,32
221014,51,36,14,22
221014,52,23,8,15
221014,59,10,3,7
221014,60,43,18,25
221050,1,638,425,213
221050,2,638,425,213
221050,3,638,425,213
221050,4,135,71,64
221050,5,503,354,149
221050,20,503,354,149
221050,21,436,279,157
221050,22,436,279,157
221050,23,436,279,157
221050,24,108,54,54
221050,25,328,225,103
221050,40,328,225,103
221050,41,202,146,56
221050,42,202,146,56
221050,43,202,146,56
221050,44,27,17,10
221050,45,175,129,46
221050,60,175,129,46
221096,1,4900,1920,2980
221096,2,4900,1920,2980
221096,3,3901,1514,2387
221096,4,1143,462,681
221096,5,2758,1052,1706
221096,11,999,406,593
221096,19,349,150,199
221096,20,2409,902,1507
221096,21,1979,796,1183
221096,22,1979,796,1183
221096,23,1951,784,1167
221096,24,852,341,511
221096,25,1099,443,656
221096,31,28,12,16
221096,39,135,67,68
221096,40,964,376,588
221096,41,2921,1124,1797
221096,42,2921,1124,1797
221096,43,1950,730,1220
221096,44,291,121,170
221096,45,1659,609,1050
221096,51,971,394,577
221096,59,214,83,131
221096,60,1445,526,919
221102,1,335,160,175
221102,2,335,160,175
221102,3,335,160,175
221102,4,274,140,134
221102,5,61,20,41
221102,20,61,20,41
221102,21,270,118,152
221102,22,270,118,152
221102,23,270,118,152
221102,24,216,104,112
221102,25,54,14,40
221102,40,54,14,40
221102,41,65,42,23
221102,42,65,42,23
221102,43,65,42,23
221102,44,58,36,22
221102,45,7,6,1
221102,60,7,6,1
221148,1,1856,1815,41
221148,2,1856,1815,41
221148,3,1856,1815,41
221148,4,242,236,6
221148,5,1614,1579,35
221148,19,37,37,0
221148,20,1577,1542,35
221148,21,1856,1815,41
221148,22,1856,1815,41
221148,23,1856,1815,41
221148,24,242,236,6
221148,25,1614,1579,35
221148,39,37,37,0
221148,40,1577,1542,35
221157,1,164,4,160
221157,2,164,4,160
221157,3,164,4,160
221157,4,62,2,60
221157,5,102,2,100
221157,20,102,2,100
221157,21,164,4,160
221157,22,164,4,160
221157,23,164,4,160
221157,24,62,2,60
221157,25,102,2,100
221157,40,102,2,100
221184,1,10007,3961,6046
221184,2,10007,3961,6046
221184,3,8349,3298,5051
221184,4,1507,668,839
221184,5,6842,2630,4212
221184,11,1658,663,995
221184,19,875,342,533
221184,20,5967,2288,3679
221184,21,3343,1461,1882
221184,22,3343,1461,1882
221184,23,3262,1418,1844
221184,24,844,393,451
221184,25,2418,1025,1393
221184,31,81,43,38
221184,39,383,156,227
221184,40,2035,869,1166
221184,41,6664,2500,4164
221184,42,6664,2500,4164
221184,43,5087,1880,3207
221184,44,663,275,388
221184,45,4424,1605,2819
221184,51,1577,620,957
221184,59,492,186,306
221184,60,3932,1419,2513
221236,1,340,181,159
221236,2,340,181,159
221236,3,240,137,103
221236,4,117,50,67
221236,5,123,87,36
221236,11,100,44,56
221236,20,123,87,36
221236,21,202,132,70
221236,22,202,132,70
221236,23,202,132,70
221236,24,84,49,35
221236,25,118,83,35
221236,40,118,83,35
221236,41,138,49,89
221236,42,138,49,89
221236,43,38,5,33
221236,44,33,1,32
221236,45,5,4,1
221236,51,100,44,56
221236,60,5,4,1
221254,1,180,20,160
221254,2,180,20,160
221254,3,179,20,159
221254,4,27,1,26
221254,5,152,19,133
221254,11,1,0,1
221254,19,7,1,6
221254,20,145,18,127
221254,21,146,18,128
221254,22,146,18,128
221254,23,146,18,128
221254,24,26,1,25
221254,25,120,17,103
221254,39,6,1,5
221254,40,114,16,98
221254,41,34,2,32
221254,42,34,2,32
221254,43,33,2,31
221254,44,1,0,1
221254,45,32,2,30
221254,51,1,0,1
221254,59,1,0,1
221254,60,31,2,29
221281,1,272,106,166
221281,2,272,106,166
221281,3,271,105,166
221281,4,63,31,32
221281,5,208,74,134
221281,11,1,1,0
221281,20,208,74,134
221281,21,246,104,142
221281,22,246,104,142
221281,23,246,104,142
221281,24,62,31,31
221281,25,184,73,111
221281,40,184,73,111
221281,41,26,2,24
221281,42,26,2,24
221281,43,25,1,24
221281,44,1,0,1
221281,45,24,1,23
221281,51,1,1,0
221281,60,24,1,23
221290,1,137,4,133
221290,2,137,4,133
221290,3,137,4,133
221290,4,44,1,43
221290,5,93,3,90
221290,20,93,3,90
221290,21,72,2,70
221290,22,72,2,70
221290,23,72,2,70
221290,24,27,1,26
221290,25,45,1,44
221290,40,45,1,44
221290,41,65,2,63
221290,42,65,2,63
221290,43,65,2,63
221290,44,17,0,17
221290,45,48,2,46
221290,60,48,2,46
221333,1,697,411,286
221333,2,697,411,286
221333,3,200,142,58
221333,4,57,37,20
221333,5,143,105,38
221333,11,497,269,228
221333,20,143,105,38
221333,21,177,119,58
221333,22,177,119,58
221333,23,177,119,58
221333,24,49,29,20
221333,25,128,90,38
221333,40,128,90,38
221333,41,520,292,228
221333,42,520,292,228
221333,43,23,23,0
221333,44,8,8,0
221333,45,15,15,0
221333,51,497,269,228
221333,60,15,15,0
221351,1,2040,855,1185
221351,2,2027,845,1182
221351,3,2012,841,1171
221351,4,545,245,300
221351,5,1467,596,871
221351,11,15,4,11
221351,12,13,10,3
221351,19,17,9,8
221351,20,1450,587,863
221351,21,2027,849,1178
221351,22,2014,839,1175
221351,23,2006,838,1168
221351,24,545,245,300
221351,25,1461,593,868
221351,31,8,1,7
221351,32,13,10,3
221351,39,17,9,8
221351,40,1444,584,860
221351,41,13,6,7
221351,42,13,6,7
221351,43,6,3,3
221351,45,6,3,3
221351,51,7,3,4
221351,60,6,3,3
221388,1,176,91,85
221388,2,176,91,85
221388,3,126,45,81
221388,4,39,16,23
221388,5,87,29,58
221388,11,50,46,4
221388,20,87,29,58
221388,21,115,35,80
221388,22,115,35,80
221388,23,115,35,80
221388,24,35,13,22
221388,25,80,22,58
221388,40,80,22,58
221388,41,61,56,5
221388,42,61,56,5
221388,43,11,10,1
221388,44,4,3,1
221388,45,7,7,0
221388,51,50,46,4
221388,60,7,7,0
221397,1,6214,2143,4071
221397,2,6214,2143,4071
221397,3,4952,1698,3254
221397,4,1304,514,790
221397,5,3648,1184,2464
221397,11,1262,445,817
221397,19,326,115,211
221397,20,3322,1069,2253
221397,21,2535,974,1561
221397,22,2535,974,1561
221397,23,2524,969,1555
221397,24,888,365,523
221397,25,1636,604,1032
221397,31,11,5,6
221397,39,128,50,78
221397,40,1508,554,954
221397,41,3679,1169,2510
221397,42,3679,1169,2510
221397,43,2428,729,1699
221397,44,416,149,267
221397,45,2012,580,1432
221397,51,1251,440,811
221397,59,198,65,133
221397,60,1814,515,1299
221430,1,249,149,100
221430,2,249,149,100
221430,3,210,121,89
221430,4,105,48,57
221430,5,105,73,32
221430,11,39,28,11
221430,20,105,73,32
221430,21,205,116,89
221430,22,205,116,89
221430,23,202,115,87
221430,24,100,44,56
221430,25,102,71,31
221430,31,3,1,2
221430,40,102,71,31
221430,41,44,33,11
221430,42,44,33,11
221430,43,8,6,2
221430,44,5,4,1
221430,45,3,2,1
221430,51,36,27,9
221430,60,3,2,1
221485,1,10817,4102,6715
221485,2,10817,4102,6715
221485,3,10217,3875,6342
221485,4,2212,922,1290
221485,5,8005,2953,5052
221485,11,600,227,373
221485,19,679,291,388
221485,20,7326,2662,4664
221485,21,4732,1910,2822
221485,22,4732,1910,2822
221485,23,4689,1887,2802
221485,24,1366,559,807
221485,25,3323,1328,1995
221485,31,43,23,20
221485,39,317,142,175
221485,40,3006,1186,1820
221485,41,6085,2192,3893
221485,42,6085,2192,3893
221485,43,5528,1988,3540
221485,44,846,363,483
221485,45,4682,1625,3057
221485,51,557,204,353
221485,59,362,149,213
221485,60,4320,1476,2844
221494,1,436,310,126
221494,2,436,310,126
221494,3,436,310,126
221494,4,194,125,69
221494,5,242,185,57
221494,20,242,185,57
221494,21,330,244,86
221494,22,330,244,86
221494,23,330,244,86
221494,24,163,106,57
221494,25,167,138,29
221494,40,167,138,29
221494,41,106,66,40
221494,42,106,66,40
221494,43,106,66,40
221494,44,31,19,12
221494,45,75,47,28
221494,60,75,47,28
221519,1,1701,842,859
221519,2,1620,799,821
221519,3,1599,791,808
221519,4,488,251,237
221519,5,1111,540,571
221519,11,21,8,13
221519,12,81,43,38
221519,19,21,10,11
221519,20,1090,530,560
221519,21,1669,826,843
221519,22,1602,791,811
221519,23,1597,789,808
221519,24,488,251,237
221519,25,1109,538,571
221519,31,5,2,3
221519,32,67,35,32
221519,39,21,10,11
221519,40,1088,528,560
221519,41,32,16,16
221519,42,18,8,10
221519,43,2,2,0
221519,45,2,2,0
221519,51,16,6,10
221519,52,14,8,6
221519,60,2,2,0
221582,1,322,166,156
221582,2,322,166,156
221582,3,322,166,156
221582,4,176,88,88
221582,5,146,78,68
221582,20,146,78,68
221582,21,151,71,80
221582,22,151,71,80
221582,23,151,71,80
221582,24,70,26,44
221582,25,81,45,36
221582,40,81,45,36
221582,41,171,95,76
221582,42,171,95,76
221582,43,171,95,76
221582,44,106,62,44
221582,45,65,33,32
221582,60,65,33,32
221591,1,297,183,114
221591,2,297,183,114
221591,3,270,170,100
221591,4,167,117,50
221591,5,103,53,50
221591,11,27,13,14
221591,20,103,53,50
221591,21,239,161,78
221591,22,239,161,78
221591,23,239,161,78
221591,24,148,110,38
221591,25,91,51,40
221591,40,91,51,40
221591,41,58,22,36
221591,42,58,22,36
221591,43,31,9,22
221591,44,19,7,12
221591,45,12,2,10
221591,51,27,13,14
221591,60,12,2,10
221607,1,270,127,143
221607,2,270,127,143
221607,3,188,114,74
221607,4,83,58,25
221607,5,105,56,49
221607,11,82,13,69
221607,20,105,56,49
221607,21,160,92,68
221607,22,160,92,68
221607,23,160,92,68
221607,24,73,48,25
221607,25,87,44,43
221607,40,87,44,43
221607,41,110,35,75
221607,42,110,35,75
221607,43,28,22,6
221607,44,10,10,0
221607,45,18,12,6
221607,51,82,13,69
221607,60,18,12,6
221616,1,425,282,143
221616,2,425,282,143
221616,3,425,282,143
221616,4,207,138,69
221616,5,218,144,74
221616,20,218,144,74
221616,21,425,282,143
221616,22,425,282,143
221616,23,425,282,143
221616,24,207,138,69
221616,25,218,144,74
221616,40,218,144,74
221625,1,760,236,524
221625,2,760,236,524
221625,3,760,236,524
221625,4,342,54,288
221625,5,418,182,236
221625,20,418,182,236
221625,21,536,208,328
221625,22,536,208,328
221625,23,536,208,328
221625,24,182,38,144
221625,25,354,170,184
221625,40,354,170,184
221625,41,224,28,196
221625,42,224,28,196
221625,43,224,28,196
221625,44,160,16,144
221625,45,64,12,52
221625,60,64,12,52
221634,1,184,110,74
221634,2,184,110,74
221634,3,184,110,74
221634,4,52,37,15
221634,5,132,73,59
221634,20,132,73,59
221634,21,174,102,72
221634,22,174,102,72
221634,23,174,102,72
221634,24,49,34,15
221634,25,125,68,57
221634,40,125,68,57
221634,41,10,8,2
221634,42,10,8,2
221634,43,10,8,2
221634,44,3,3,0
221634,45,7,5,2
221634,60,7,5,2
221643,1,10704,5001,5703
221643,2,10704,5001,5703
221643,3,8776,4146,4630
221643,4,2142,1037,1105
221643,5,6634,3109,3525
221643,11,1928,855,1073
221643,19,699,338,361
221643,20,5935,2771,3164
221643,21,5211,2569,2642
221643,22,5211,2569,2642
221643,23,5149,2530,2619
221643,24,1767,860,907
221643,25,3382,1670,1712
221643,31,62,39,23
221643,39,401,206,195
221643,40,2981,1464,1517
221643,41,5493,2432,3061
221643,42,5493,2432,3061
221643,43,3627,1616,2011
221643,44,375,177,198
221643,45,3252,1439,1813
221643,51,1866,816,1050
221643,59,298,132,166
221643,60,2954,1307,1647
221661,1,3255,1366,1889
221661,2,2825,1243,1582
221661,3,2693,1185,1508
221661,4,490,210,280
221661,5,2203,975,1228
221661,11,132,58,74
221661,12,430,123,307
221661,19,221,95,126
221661,20,1982,880,1102
221661,21,2544,1110,1434
221661,22,2348,1059,1289
221661,23,2347,1059,1288
221661,24,480,207,273
221661,25,1867,852,1015
221661,31,1,0,1
221661,32,196,51,145
221661,39,185,89,96
221661,40,1682,763,919
221661,41,711,256,455
221661,42,477,184,293
221661,43,346,126,220
221661,44,10,3,7
221661,45,336,123,213
221661,51,131,58,73
221661,52,234,72,162
221661,59,36,6,30
221661,60,300,117,183
221670,1,508,223,285
221670,12,508,223,285
221670,21,508,223,285
221670,32,508,223,285
221731,1,1084,410,674
221731,2,1068,407,661
221731,3,1068,407,661
221731,4,211,91,120
221731,5,857,316,541
221731,12,16,3,13
221731,19,178,73,105
221731,20,679,243,436
221731,21,991,377,614
221731,22,991,377,614
221731,23,991,377,614
221731,24,208,88,120
221731,25,783,289,494
221731,39,157,63,94
221731,40,626,226,400
221731,41,93,33,60
221731,42,77,30,47
221731,43,77,30,47
221731,44,3,3,0
221731,45,74,27,47
221731,52,16,3,13
221731,59,21,10,11
221731,60,53,17,36
221740,1,11674,5237,6437
221740,2,10297,4615,5682
221740,3,10184,4562,5622
221740,4,2342,1004,1338
221740,5,7842,3558,4284
221740,11,113,53,60
221740,12,1377,622,755
221740,19,829,371,458
221740,20,7013,3187,3826
221740,21,9676,4301,5375
221740,22,9066,4029,5037
221740,23,9043,4022,5021
221740,24,2335,1000,1335
221740,25,6708,3022,3686
221740,31,23,7,16
221740,32,610,272,338
221740,39,623,291,332
221740,40,6085,2731,3354
221740,41,1998,936,1062
221740,42,1231,586,645
221740,43,1141,540,601
221740,44,7,4,3
221740,45,1134,536,598
221740,51,90,46,44
221740,52,767,350,417
221740,59,206,80,126
221740,60,928,456,472
221759,1,30030,14871,15159
221759,2,21182,10744,10438
221759,3,20948,10637,10311
221759,4,4276,2088,2188
221759,5,16672,8549,8123
221759,11,234,107,127
221759,12,8848,4127,4721
221759,19,1528,748,780
221759,20,15144,7801,7343
221759,21,26283,13042,13241
221759,22,19799,10030,9769
221759,23,19685,9977,9708
221759,24,4261,2082,2179
221759,25,15424,7895,7529
221759,31,114,53,61
221759,32,6484,3012,3472
221759,39,1357,685,672
221759,40,14067,7210,6857
221759,41,3747,1829,1918
221759,42,1383,714,669
221759,43,1263,660,603
221759,44,15,6,9
221759,45,1248,654,594
221759,51,120,54,66
221759,52,2364,1115,1249
221759,59,171,63,108
221759,60,1077,591,486
221768,1,7423,3106,4317
221768,2,7025,2978,4047
221768,3,6554,2805,3749
221768,4,1308,603,705
221768,5,5246,2202,3044
221768,11,471,173,298
221768,12,398,128,270
221768,19,421,185,236
221768,20,4825,2017,2808
221768,21,5988,2627,3361
221768,22,5927,2605,3322
221768,23,5919,2602,3317
221768,24,1301,600,701
221768,25,4618,2002,2616
221768,31,8,3,5
221768,32,61,22,39
221768,39,366,171,195
221768,40,4252,1831,2421
221768,41,1435,479,956
221768,42,1098,373,725
221768,43,635,203,432
221768,44,7,3,4
221768,45,628,200,428
221768,51,463,170,293
221768,52,337,106,231
221768,59,55,14,41
221768,60,573,186,387
221795,1,180,150,30
221795,2,180,150,30
221795,3,180,150,30
221795,4,51,37,14
221795,5,129,113,16
221795,19,47,45,2
221795,20,82,68,14
221795,21,180,150,30
221795,22,180,150,30
221795,23,180,150,30
221795,24,51,37,14
221795,25,129,113,16
221795,39,47,45,2
221795,40,82,68,14
221829,1,173,6,167
221829,2,173,6,167
221829,3,173,6,167
221829,4,68,1,67
221829,5,105,5,100
221829,20,105,5,100
221829,21,173,6,167
221829,22,173,6,167
221829,23,173,6,167
221829,24,68,1,67
221829,25,105,5,100
221829,40,105,5,100
221838,1,8883,3289,5594
221838,2,6816,2665,4151
221838,3,6669,2586,4083
221838,4,1363,560,803
221838,5,5306,2026,3280
221838,11,147,79,68
221838,12,2067,624,1443
221838,19,657,236,421
221838,20,4649,1790,2859
221838,21,6269,2463,3806
221838,22,5427,2188,3239
221838,23,5408,2178,3230
221838,24,1326,541,785
221838,25,4082,1637,2445
221838,31,19,10,9
221838,32,842,275,567
221838,39,403,166,237
221838,40,3679,1471,2208
221838,41,2614,826,1788
221838,42,1389,477,912
221838,43,1261,408,853
221838,44,37,19,18
221838,45,1224,389,835
221838,51,128,69,59
221838,52,1225,349,876
221838,59,254,70,184
221838,60,970,319,651
221847,1,11118,6042,5076
221847,2,10052,5600,4452
221847,3,9827,5490,4337
221847,4,2175,1243,932
221847,5,7652,4247,3405
221847,11,225,110,115
221847,12,1066,442,624
221847,19,652,307,345
221847,20,7000,3940,3060
221847,21,9521,5310,4211
221847,22,9140,5125,4015
221847,23,9123,5120,4003
221847,24,2161,1234,927
221847,25,6962,3886,3076
221847,31,17,5,12
221847,32,381,185,196
221847,39,593,286,307
221847,40,6369,3600,2769
221847,41,1597,732,865
221847,42,912,475,437
221847,43,704,370,334
221847,44,14,9,5
221847,45,690,361,329
221847,51,208,105,103
221847,52,685,257,428
221847,59,59,21,38
221847,60,631,340,291
221856,1,1010,539,471
221856,2,743,345,398
221856,3,704,329,375
221856,4,186,82,104
221856,5,518,247,271
221856,11,39,16,23
221856,12,267,194,73
221856,19,89,37,52
221856,20,429,210,219
221856,21,576,331,245
221856,22,451,237,214
221856,23,451,237,214
221856,24,130,68,62
221856,25,321,169,152
221856,32,125,94,31
221856,39,55,28,27
221856,40,266,141,125
221856,41,434,208,226
221856,42,292,108,184
221856,43,253,92,161
221856,44,56,14,42
221856,45,197,78,119
221856,51,39,16,23
221856,52,142,100,42
221856,59,34,9,25
221856,60,163,69,94
221892,1,2406,959,1447
221892,2,1492,667,825
221892,3,1448,646,802
221892,4,246,109,137
221892,5,1202,537,665
221892,11,44,21,23
221892,12,914,292,622
221892,19,73,33,40
221892,20,1129,504,625
221892,21,1687,685,1002
221892,22,1016,471,545
221892,23,999,461,538
221892,24,245,109,136
221892,25,754,352,402
221892,31,17,10,7
221892,32,671,214,457
221892,39,71,32,39
221892,40,683,320,363
221892,41,719,274,445
221892,42,476,196,280
221892,43,449,185,264
221892,44,1,0,1
221892,45,448,185,263
221892,51,27,11,16
221892,52,243,78,165
221892,59,2,1,1
221892,60,446,184,262
221908,1,5893,2779,3114
221908,2,5893,2779,3114
221908,3,5052,2330,2722
221908,4,1019,486,533
221908,5,4033,1844,2189
221908,11,841,449,392
221908,19,336,157,179
221908,20,3697,1687,2010
221908,21,3111,1466,1645
221908,22,3111,1466,1645
221908,23,3090,1460,1630
221908,24,855,400,455
221908,25,2235,1060,1175
221908,31,21,6,15
221908,39,205,106,99
221908,40,2030,954,1076
221908,41,2782,1313,1469
221908,42,2782,1313,1469
221908,43,1962,870,1092
221908,44,164,86,78
221908,45,1798,784,1014
221908,51,820,443,377
221908,59,131,51,80
221908,60,1667,733,934
221953,1,2055,877,1178
221953,2,1844,794,1050
221953,3,1844,794,1050
221953,4,318,174,144
221953,5,1526,620,906
221953,12,211,83,128
221953,19,74,43,31
221953,20,1452,577,875
221953,21,1928,838,1090
221953,22,1741,764,977
221953,23,1741,764,977
221953,24,313,172,141
221953,25,1428,592,836
221953,32,187,74,113
221953,39,72,43,29
221953,40,1356,549,807
221953,41,127,39,88
221953,42,103,30,73
221953,43,103,30,73
221953,44,5,2,3
221953,45,98,28,70
221953,52,24,9,15
221953,59,2,0,2
221953,60,96,28,68
221971,1,3993,1532,2461
221971,2,2826,1104,1722
221971,3,2565,975,1590
221971,4,366,149,217
221971,5,2199,826,1373
221971,11,261,129,132
221971,12,1167,428,739
221971,19,747,203,544
221971,20,1452,623,829
221971,21,3047,1102,1945
221971,22,2175,795,1380
221971,23,2174,795,1379
221971,24,315,107,208
221971,25,1859,688,1171
221971,31,1,0,1
221971,32,872,307,565
221971,39,559,164,395
221971,40,1300,524,776
221971,41,946,430,516
221971,42,651,309,342
221971,43,391,180,211
221971,44,51,42,9
221971,45,340,138,202
221971,51,260,129,131
221971,52,295,121,174
221971,59,188,39,149
221971,60,152,99,53
221980,1,124,2,122
221980,2,124,2,122
221980,3,124,2,122
221980,4,104,2,102
221980,5,20,0,20
221980,20,20,0,20
221980,21,2,0,2
221980,22,2,0,2
221980,23,2,0,2
221980,24,1,0,1
221980,25,1,0,1
221980,40,1,0,1
221980,41,122,2,120
221980,42,122,2,120
221980,43,122,2,120
221980,44,103,2,101
221980,45,19,0,19
221980,60,19,0,19
221999,1,12757,5975,6782
221999,2,6835,3429,3406
221999,3,6794,3409,3385
221999,4,1613,784,829
221999,5,5181,2625,2556
221999,11,41,20,21
221999,12,5922,2546,3376
221999,19,206,93,113
221999,20,4975,2532,2443
221999,21,11965,5774,6191
221999,22,6764,3387,3377
221999,23,6755,3384,3371
221999,24,1613,784,829
221999,25,5142,2600,2542
221999,31,9,3,6
221999,32,5201,2387,2814
221999,39,205,92,113
221999,40,4937,2508,2429
221999,41,792,201,591
221999,42,71,42,29
221999,43,39,25,14
221999,45,39,25,14
221999,51,32,17,15
221999,52,721,159,562
221999,59,1,1,0
221999,60,38,24,14
222026,1,59,1,58
222026,2,59,1,58
222026,3,59,1,58
222026,4,13,1,12
222026,5,46,0,46
222026,20,46,0,46
222026,21,33,1,32
222026,22,33,1,32
222026,23,33,1,32
222026,24,4,1,3
222026,25,29,0,29
222026,40,29,0,29
222026,41,26,0,26
222026,42,26,0,26
222026,43,26,0,26
222026,44,9,0,9
222026,45,17,0,17
222026,60,17,0,17
222053,1,8153,3158,4995
222053,2,8153,3158,4995
222053,3,6415,2492,3923
222053,4,1563,658,905
222053,5,4852,1834,3018
222053,11,1738,666,1072
222053,19,532,204,328
222053,20,4320,1630,2690
222053,21,3447,1458,1989
222053,22,3447,1458,1989
222053,23,3420,1450,1970
222053,24,1142,492,650
222053,25,2278,958,1320
222053,31,27,8,19
222053,39,278,117,161
222053,40,2000,841,1159
222053,41,4706,1700,3006
222053,42,4706,1700,3006
222053,43,2995,1042,1953
222053,44,421,166,255
222053,45,2574,876,1698
222053,51,1711,658,1053
222053,59,254,87,167
222053,60,2320,789,1531
222062,1,6265,2423,3842
222062,2,6265,2423,3842
222062,3,4789,1872,2917
222062,4,1363,583,780
222062,5,3426,1289,2137
222062,11,1476,551,925
222062,19,178,74,104
222062,20,3248,1215,2033
222062,21,3171,1299,1872
222062,22,3171,1299,1872
222062,23,3129,1280,1849
222062,24,1196,501,695
222062,25,1933,779,1154
222062,31,42,19,23
222062,39,104,48,56
222062,40,1829,731,1098
222062,41,3094,1124,1970
222062,42,3094,1124,1970
222062,43,1660,592,1068
222062,44,167,82,85
222062,45,1493,510,983
222062,51,1434,532,902
222062,59,74,26,48
222062,60,1419,484,935
222099,1,212,9,203
222099,2,212,9,203
222099,3,212,9,203
222099,4,93,5,88
222099,5,119,4,115
222099,20,119,4,115
222099,21,209,9,200
222099,22,209,9,200
222099,23,209,9,200
222099,24,93,5,88
222099,25,116,4,112
222099,40,116,4,112
222099,41,3,0,3
222099,42,3,0,3
222099,43,3,0,3
222099,45,3,0,3
222099,60,3,0,3
222105,1,219,217,2
222105,2,219,217,2
222105,3,219,217,2
222105,4,133,133,0
222105,5,86,84,2
222105,20,86,84,2
222105,21,86,85,1
222105,22,86,85,1
222105,23,86,85,1
222105,24,61,61,0
222105,25,25,24,1
222105,40,25,24,1
222105,41,133,132,1
222105,42,133,132,1
222105,43,133,132,1
222105,44,72,72,0
222105,45,61,60,1
222105,60,61,60,1
222178,1,4461,1893,2568
222178,2,3727,1599,2128
222178,3,3647,1564,2083
222178,4,1030,401,629
222178,5,2617,1163,1454
222178,11,80,35,45
222178,12,734,294,440
222178,19,116,65,51
222178,20,2501,1098,1403
222178,21,3831,1615,2216
222178,22,3510,1500,2010
222178,23,3502,1498,2004
222178,24,1026,398,628
222178,25,2476,1100,1376
222178,31,8,2,6
222178,32,321,115,206
222178,39,115,64,51
222178,40,2361,1036,1325
222178,41,630,278,352
222178,42,217,99,118
222178,43,145,66,79
222178,44,4,3,1
222178,45,141,63,78
222178,51,72,33,39
222178,52,413,179,234
222178,59,1,1,0
222178,60,140,62,78
222567,1,5118,2142,2976
222567,2,5118,2142,2976
222567,3,4227,1751,2476
222567,4,1106,482,624
222567,5,3121,1269,1852
222567,11,891,391,500
222567,19,1511,587,924
222567,20,1610,682,928
222567,21,1459,647,812
222567,22,1459,647,812
222567,23,1332,595,737
222567,24,431,182,249
222567,25,901,413,488
222567,31,127,52,75
222567,39,440,212,228
222567,40,461,201,260
222567,41,3659,1495,2164
222567,42,3659,1495,2164
222567,43,2895,1156,1739
222567,44,675,300,375
222567,45,2220,856,1364
222567,51,764,339,425
222567,59,1071,375,696
222567,60,1149,481,668
222576,1,10873,4242,6631
222576,2,10873,4242,6631
222576,3,10009,3909,6100
222576,4,1485,667,818
222576,5,8524,3242,5282
222576,11,864,333,531
222576,19,305,110,195
222576,20,8219,3132,5087
222576,21,3175,1359,1816
222576,22,3175,1359,1816
222576,23,3012,1294,1718
222576,24,838,390,448
222576,25,2174,904,1270
222576,31,163,65,98
222576,39,123,51,72
222576,40,2051,853,1198
222576,41,7698,2883,4815
222576,42,7698,2883,4815
222576,43,6997,2615,4382
222576,44,647,277,370
222576,45,6350,2338,4012
222576,51,701,268,433
222576,59,182,59,123
222576,60,6168,2279,3889
222628,1,1403,485,918
222628,2,261,102,159
222628,3,261,102,159
222628,5,261,102,159
222628,12,1142,383,759
222628,19,67,33,34
222628,20,194,69,125
222628,21,653,98,555
222628,22,143,56,87
222628,23,143,56,87
222628,25,143,56,87
222628,32,510,42,468
222628,39,37,18,19
222628,40,106,38,68
222628,41,750,387,363
222628,42,118,46,72
222628,43,118,46,72
222628,45,118,46,72
222628,52,632,341,291
222628,59,30,15,15
222628,60,88,31,57
222673,1,81,4,77
222673,2,81,4,77
222673,3,81,4,77
222673,4,70,4,66
222673,5,11,0,11
222673,20,11,0,11
222673,21,57,2,55
222673,22,57,2,55
222673,23,57,2,55
222673,24,49,2,47
222673,25,8,0,8
222673,40,8,0,8
222673,41,24,2,22
222673,42,24,2,22
222673,43,24,2,22
222673,44,21,2,19
222673,45,3,0,3
222673,60,3,0,3
222707,1,23,0,23
222707,2,23,0,23
222707,3,23,0,23
222707,4,17,0,17
222707,5,6,0,6
222707,20,6,0,6
222707,21,13,0,13
222707,22,13,0,13
222707,23,13,0,13
222707,24,11,0,11
222707,25,2,0,2
222707,40,2,0,2
222707,41,10,0,10
222707,42,10,0,10
222707,43,10,0,10
222707,44,6,0,6
222707,45,4,0,4
222707,60,4,0,4
222822,1,5490,1995,3495
222822,2,5490,1995,3495
222822,3,4203,1486,2717
222822,4,1208,521,687
222822,5,2995,965,2030
222822,11,1287,509,778
222822,19,275,111,164
222822,20,2720,854,1866
222822,21,2081,797,1284
222822,22,2081,797,1284
222822,23,2023,775,1248
222822,24,796,339,457
222822,25,1227,436,791
222822,31,58,22,36
222822,39,123,55,68
222822,40,1104,381,723
222822,41,3409,1198,2211
222822,42,3409,1198,2211
222822,43,2180,711,1469
222822,44,412,182,230
222822,45,1768,529,1239
222822,51,1229,487,742
222822,59,152,56,96
222822,60,1616,473,1143
222831,1,6536,2884,3652
222831,2,5473,2533,2940
222831,3,5430,2518,2912
222831,4,1220,574,646
222831,5,4210,1944,2266
222831,11,43,15,28
222831,12,1063,351,712
222831,19,537,231,306
222831,20,3673,1713,1960
222831,21,5177,2356,2821
222831,22,4698,2195,2503
222831,23,4698,2195,2503
222831,24,1207,563,644
222831,25,3491,1632,1859
222831,32,479,161,318
222831,39,458,204,254
222831,40,3033,1428,1605
222831,41,1359,528,831
222831,42,775,338,437
222831,43,732,323,409
222831,44,13,11,2
222831,45,719,312,407
222831,51,43,15,28
222831,52,584,190,394
222831,59,79,27,52
222831,60,640,285,355
222877,1,245,162,83
222877,2,231,153,78
222877,3,230,153,77
222877,4,44,25,19
222877,5,186,128,58
222877,11,1,0,1
222877,12,14,9,5
222877,19,28,20,8
222877,20,158,108,50
222877,21,218,144,74
222877,22,207,138,69
222877,23,207,138,69
222877,24,43,25,18
222877,25,164,113,51
222877,32,11,6,5
222877,39,26,18,8
222877,40,138,95,43
222877,41,27,18,9
222877,42,24,15,9
222877,43,23,15,8
222877,44,1,0,1
222877,45,22,15,7
222877,51,1,0,1
222877,52,3,3,0
222877,59,2,2,0
222877,60,20,13,7
222886,1,235,11,224
222886,2,235,11,224
222886,3,235,11,224
222886,4,166,10,156
222886,5,69,1,68
222886,20,69,1,68
222886,21,186,11,175
222886,22,186,11,175
222886,23,186,11,175
222886,24,134,10,124
222886,25,52,1,51
222886,40,52,1,51
222886,41,49,0,49
222886,42,49,0,49
222886,43,49,0,49
222886,44,32,0,32
222886,45,17,0,17
222886,60,17,0,17
222938,1,2338,1157,1181
222938,2,2338,1157,1181
222938,3,2300,1140,1160
222938,4,464,240,224
222938,5,1836,900,936
222938,11,38,17,21
222938,19,359,159,200
222938,20,1477,741,736
222938,21,1680,864,816
222938,22,1680,864,816
222938,23,1680,864,816
222938,24,379,199,180
222938,25,1301,665,636
222938,39,276,126,150
222938,40,1025,539,486
222938,41,658,293,365
222938,42,658,293,365
222938,43,620,276,344
222938,44,85,41,44
222938,45,535,235,300
222938,51,38,17,21
222938,59,83,33,50
222938,60,452,202,250
222983,1,1223,598,625
222983,2,1207,590,617
222983,3,1206,589,617
222983,4,364,181,183
222983,5,842,408,434
222983,11,1,1,0
222983,12,16,8,8
222983,19,25,12,13
222983,20,817,396,421
222983,21,1220,596,624
222983,22,1204,588,616
222983,23,1204,588,616
222983,24,364,181,183
222983,25,840,407,433
222983,32,16,8,8
222983,39,25,12,13
222983,40,815,395,420
222983,41,3,2,1
222983,42,3,2,1
222983,43,2,1,1
222983,45,2,1,1
222983,51,1,1,0
222983,60,2,1,1
222992,1,41627,18510,23117
222992,2,41627,18510,23117
222992,3,32715,14679,18036
222992,4,5650,2747,2903
222992,5,27065,11932,15133
222992,11,8912,3831,5081
222992,19,3691,1792,1899
222992,20,23374,10140,13234
222992,21,9476,5009,4467
222992,22,9476,5009,4467
222992,23,9054,4780,4274
222992,24,2396,1212,1184
222992,25,6658,3568,3090
222992,31,422,229,193
222992,39,1331,760,571
222992,40,5327,2808,2519
222992,41,32151,13501,18650
222992,42,32151,13501,18650
222992,43,23661,9899,13762
222992,44,3254,1535,1719
222992,45,20407,8364,12043
222992,51,8490,3602,4888
222992,59,2360,1032,1328
222992,60,18047,7332,10715
223001,1,140,60,80
223001,12,140,60,80
223001,21,101,45,56
223001,32,101,45,56
223001,41,39,15,24
223001,52,39,15,24
223056,1,76,8,68
223056,2,76,8,68
223056,3,76,8,68
223056,4,71,8,63
223056,5,5,0,5
223056,20,5,0,5
223056,21,76,8,68
223056,22,76,8,68
223056,23,76,8,68
223056,24,71,8,63
223056,25,5,0,5
223056,40,5,0,5
223083,1,444,93,351
223083,2,444,93,351
223083,3,444,93,351
223083,5,444,93,351
223083,19,78,21,57
223083,20,366,72,294
223083,21,444,93,351
223083,22,444,93,351
223083,23,444,93,351
223083,25,444,93,351
223083,39,78,21,57
223083,40,366,72,294
223117,1,123,106,17
223117,2,55,43,12
223117,3,55,43,12
223117,4,5,4,1
223117,5,50,39,11
223117,12,68,63,5
223117,19,12,12,0
223117,20,38,27,11
223117,21,41,37,4
223117,22,19,16,3
223117,23,19,16,3
223117,25,19,16,3
223117,32,22,21,1
223117,39,6,6,0
223117,40,13,10,3
223117,41,82,69,13
223117,42,36,27,9
223117,43,36,27,9
223117,44,5,4,1
223117,45,31,23,8
223117,52,46,42,4
223117,59,6,6,0
223117,60,25,17,8
223214,1,2417,1047,1370
223214,2,243,20,223
223214,3,243,20,223
223214,5,243,20,223
223214,12,2174,1027,1147
223214,19,30,1,29
223214,20,213,19,194
223214,21,2277,1005,1272
223214,22,243,20,223
223214,23,243,20,223
223214,25,243,20,223
223214,32,2034,985,1049
223214,39,30,1,29
223214,40,213,19,194
223214,41,140,42,98
223214,52,140,42,98
223223,1,1552,762,790
223223,12,1552,762,790
223223,21,1552,762,790
223223,32,1552,762,790
223232,1,15616,6806,8810
223232,2,13292,5566,7726
223232,3,13221,5535,7686
223232,4,3190,1341,1849
223232,5,10031,4194,5837
223232,11,71,31,40
223232,12,2324,1240,1084
223232,19,487,244,243
223232,20,9544,3950,5594
223232,21,15016,6505,8511
223232,22,13059,5442,7617
223232,23,13033,5432,7601
223232,24,3189,1340,1849
223232,25,9844,4092,5752
223232,31,26,10,16
223232,32,1957,1063,894
223232,39,484,242,242
223232,40,9360,3850,5510
223232,41,600,301,299
223232,42,233,124,109
223232,43,188,103,85
223232,44,1,1,0
223232,45,187,102,85
223232,51,45,21,24
223232,52,367,177,190
223232,59,3,2,1
223232,60,184,100,84
223320,1,3533,1310,2223
223320,2,3533,1310,2223
223320,3,2284,763,1521
223320,4,463,199,264
223320,5,1821,564,1257
223320,11,1249,547,702
223320,19,195,90,105
223320,20,1626,474,1152
223320,21,1374,512,862
223320,22,1374,512,862
223320,23,1308,484,824
223320,24,350,158,192
223320,25,958,326,632
223320,31,66,28,38
223320,39,127,58,69
223320,40,831,268,563
223320,41,2159,798,1361
223320,42,2159,798,1361
223320,43,976,279,697
223320,44,113,41,72
223320,45,863,238,625
223320,51,1183,519,664
223320,59,68,32,36
223320,60,795,206,589
223427,1,18561,9012,9549
223427,2,18561,9012,9549
223427,3,16664,8150,8514
223427,4,9119,4538,4581
223427,5,7545,3612,3933
223427,11,1897,862,1035
223427,19,334,158,176
223427,20,7211,3454,3757
223427,21,9503,4794,4709
223427,22,9503,4794,4709
223427,23,9416,4758,4658
223427,24,5592,2816,2776
223427,25,3824,1942,1882
223427,31,87,36,51
223427,39,148,84,64
223427,40,3676,1858,1818
223427,41,9058,4218,4840
223427,42,9058,4218,4840
223427,43,7248,3392,3856
223427,44,3527,1722,1805
223427,45,3721,1670,2051
223427,51,1810,826,984
223427,59,186,74,112
223427,60,3535,1596,1939
223463,1,904,225,679
223463,2,904,225,679
223463,3,904,225,679
223463,4,330,74,256
223463,5,574,151,423
223463,19,13,4,9
223463,20,561,147,414
223463,21,904,225,679
223463,22,904,225,679
223463,23,904,225,679
223463,24,330,74,256
223463,25,574,151,423
223463,39,13,4,9
223463,40,561,147,414
223472,1,196,17,179
223472,2,196,17,179
223472,3,196,17,179
223472,4,23,3,20
223472,5,173,14,159
223472,19,43,5,38
223472,20,130,9,121
223472,21,196,17,179
223472,22,196,17,179
223472,23,196,17,179
223472,24,23,3,20
223472,25,173,14,159
223472,39,43,5,38
223472,40,130,9,121
223506,1,4127,2127,2000
223506,2,4127,2127,2000
223506,3,3217,1713,1504
223506,4,639,373,266
223506,5,2578,1340,1238
223506,11,910,414,496
223506,19,230,131,99
223506,20,2348,1209,1139
223506,21,966,496,470
223506,22,966,496,470
223506,23,945,486,459
223506,24,262,148,114
223506,25,683,338,345
223506,31,21,10,11
223506,39,77,35,42
223506,40,606,303,303
223506,41,3161,1631,1530
223506,42,3161,1631,1530
223506,43,2272,1227,1045
223506,44,377,225,152
223506,45,1895,1002,893
223506,51,889,404,485
223506,59,153,96,57
223506,60,1742,906,836
223524,1,12319,5141,7178
223524,2,12319,5141,7178
223524,3,10365,4267,6098
223524,4,1511,720,791
223524,5,8854,3547,5307
223524,11,1954,874,1080
223524,19,979,411,568
223524,20,7875,3136,4739
223524,21,2342,1177,1165
223524,22,2342,1177,1165
223524,23,2107,1046,1061
223524,24,586,291,295
223524,25,1521,755,766
223524,31,235,131,104
223524,39,203,102,101
223524,40,1318,653,665
223524,41,9977,3964,6013
223524,42,9977,3964,6013
223524,43,8258,3221,5037
223524,44,925,429,496
223524,45,7333,2792,4541
223524,51,1719,743,976
223524,59,776,309,467
223524,60,6557,2483,4074
223658,1,165,155,10
223658,2,165,155,10
223658,3,165,155,10
223658,4,70,64,6
223658,5,95,91,4
223658,20,95,91,4
223658,21,165,155,10
223658,22,165,155,10
223658,23,165,155,10
223658,24,70,64,6
223658,25,95,91,4
223658,40,95,91,4
223667,1,10,1,9
223667,2,10,1,9
223667,3,10,1,9
223667,4,1,1,0
223667,5,9,0,9
223667,20,9,0,9
223667,21,10,1,9
223667,22,10,1,9
223667,23,10,1,9
223667,24,1,1,0
223667,25,9,0,9
223667,40,9,0,9
223773,1,6676,2631,4045
223773,2,6676,2631,4045
223773,3,5833,2238,3595
223773,4,815,373,442
223773,5,5018,1865,3153
223773,11,843,393,450
223773,19,498,195,303
223773,20,4520,1670,2850
223773,21,1564,815,749
223773,22,1564,815,749
223773,23,1396,716,680
223773,24,399,210,189
223773,25,997,506,491
223773,31,168,99,69
223773,39,166,81,85
223773,40,831,425,406
223773,41,5112,1816,3296
223773,42,5112,1816,3296
223773,43,4437,1522,2915
223773,44,416,163,253
223773,45,4021,1359,2662
223773,51,675,294,381
223773,59,332,114,218
223773,60,3689,1245,2444
223816,1,21647,11508,10139
223816,2,21647,11508,10139
223816,3,16076,9068,7008
223816,4,3515,2305,1210
223816,5,12561,6763,5798
223816,11,5571,2440,3131
223816,19,1854,1055,799
223816,20,10707,5708,4999
223816,21,3754,1631,2123
223816,22,3754,1631,2123
223816,23,2713,1160,1553
223816,24,588,278,310
223816,25,2125,882,1243
223816,31,1041,471,570
223816,39,311,112,199
223816,40,1814,770,1044
223816,41,17893,9877,8016
223816,42,17893,9877,8016
223816,43,13363,7908,5455
223816,44,2927,2027,900
223816,45,10436,5881,4555
223816,51,4530,1969,2561
223816,59,1543,943,600
223816,60,8893,4938,3955
223852,1,19,0,19
223852,2,19,0,19
223852,3,19,0,19
223852,4,14,0,14
223852,5,5,0,5
223852,20,5,0,5
223852,21,19,0,19
223852,22,19,0,19
223852,23,19,0,19
223852,24,14,0,14
223852,25,5,0,5
223852,40,5,0,5
223898,1,3617,1423,2194
223898,2,3617,1423,2194
223898,3,3496,1376,2120
223898,4,1026,474,552
223898,5,2470,902,1568
223898,11,121,47,74
223898,19,304,125,179
223898,20,2166,777,1389
223898,21,1603,649,954
223898,22,1603,649,954
223898,23,1560,632,928
223898,24,426,204,222
223898,25,1134,428,706
223898,31,43,17,26
223898,39,166,75,91
223898,40,968,353,615
223898,41,2014,774,1240
223898,42,2014,774,1240
223898,43,1936,744,1192
223898,44,600,270,330
223898,45,1336,474,862
223898,51,78,30,48
223898,59,138,50,88
223898,60,1198,424,774
223922,1,1214,508,706
223922,2,1214,508,706
223922,3,1214,508,706
223922,4,517,235,282
223922,5,697,273,424
223922,19,87,37,50
223922,20,610,236,374
223922,21,576,260,316
223922,22,576,260,316
223922,23,576,260,316
223922,24,250,135,115
223922,25,326,125,201
223922,39,34,17,17
223922,40,292,108,184
223922,41,638,248,390
223922,42,638,248,390
223922,43,638,248,390
223922,44,267,100,167
223922,45,371,148,223
223922,59,53,20,33
223922,60,318,128,190
224004,1,2565,767,1798
224004,2,1531,543,988
224004,3,1493,534,959
224004,4,192,84,108
224004,5,1301,450,851
224004,11,38,9,29
224004,12,1034,224,810
224004,19,195,79,116
224004,20,1106,371,735
224004,21,1145,432,713
224004,22,1118,428,690
224004,23,1117,428,689
224004,24,180,84,96
224004,25,937,344,593
224004,31,1,0,1
224004,32,27,4,23
224004,39,152,66,86
224004,40,785,278,507
224004,41,1420,335,1085
224004,42,413,115,298
224004,43,376,106,270
224004,44,12,0,12
224004,45,364,106,258
224004,51,37,9,28
224004,52,1007,220,787
224004,59,43,13,30
224004,60,321,93,228
224013,1,51,2,49
224013,2,51,2,49
224013,3,51,2,49
224013,4,37,0,37
224013,5,14,2,12
224013,20,14,2,12
224013,21,32,1,31
224013,22,32,1,31
224013,23,32,1,31
224013,24,27,0,27
224013,25,5,1,4
224013,40,5,1,4
224013,41,19,1,18
224013,42,19,1,18
224013,43,19,1,18
224013,44,10,0,10
224013,45,9,1,8
224013,60,9,1,8
224110,1,10335,4350,5985
224110,2,10335,4350,5985
224110,3,10141,4269,5872
224110,4,2663,1212,1451
224110,5,7478,3057,4421
224110,11,194,81,113
224110,19,1257,576,681
224110,20,6221,2481,3740
224110,21,3792,1660,2132
224110,22,3792,1660,2132
224110,23,3772,1651,2121
224110,24,971,463,508
224110,25,2801,1188,1613
224110,31,20,9,11
224110,39,479,224,255
224110,40,2322,964,1358
224110,41,6543,2690,3853
224110,42,6543,2690,3853
224110,43,6369,2618,3751
224110,44,1692,749,943
224110,45,4677,1869,2808
224110,51,174,72,102
224110,59,778,352,426
224110,60,3899,1517,2382
224147,1,10913,4385,6528
224147,2,9152,3843,5309
224147,3,9137,3835,5302
224147,4,2087,922,1165
224147,5,7050,2913,4137
224147,11,15,8,7
224147,12,1761,542,1219
224147,19,907,355,552
224147,20,6143,2558,3585
224147,21,7841,3307,4534
224147,22,7237,3070,4167
224147,23,7234,3068,4166
224147,24,2033,894,1139
224147,25,5201,2174,3027
224147,31,3,2,1
224147,32,604,237,367
224147,39,593,248,345
224147,40,4608,1926,2682
224147,41,3072,1078,1994
224147,42,1915,773,1142
224147,43,1903,767,1136
224147,44,54,28,26
224147,45,1849,739,1110
224147,51,12,6,6
224147,52,1157,305,852
224147,59,314,107,207
224147,60,1535,632,903
224156,1,215,7,208
224156,2,215,7,208
224156,3,215,7,208
224156,4,72,4,68
224156,5,143,3,140
224156,20,143,3,140
224156,21,215,7,208
224156,22,215,7,208
224156,23,215,7,208
224156,24,72,4,68
224156,25,143,3,140
224156,40,143,3,140
224183,1,183,13,170
224183,2,183,13,170
224183,3,183,13,170
224183,4,8,0,8
224183,5,175,13,162
224183,20,175,13,162
224183,21,13,0,13
224183,22,13,0,13
224183,23,13,0,13
224183,24,6,0,6
224183,25,7,0,7
224183,40,7,0,7
224183,41,170,13,157
224183,42,170,13,157
224183,43,170,13,157
224183,44,2,0,2
224183,45,168,13,155
224183,60,168,13,155
224226,1,5422,2192,3230
224226,2,3435,1433,2002
224226,3,3375,1410,1965
224226,4,492,204,288
224226,5,2883,1206,1677
224226,11,60,23,37
224226,12,1987,759,1228
224226,19,285,119,166
224226,20,2598,1087,1511
224226,21,3113,1340,1773
224226,22,2463,1057,1406
224226,23,2448,1050,1398
224226,24,488,203,285
224226,25,1960,847,1113
224226,31,15,7,8
224226,32,650,283,367
224226,39,250,104,146
224226,40,1710,743,967
224226,41,2309,852,1457
224226,42,972,376,596
224226,43,927,360,567
224226,44,4,1,3
224226,45,923,359,564
224226,51,45,16,29
224226,52,1337,476,861
224226,59,35,15,20
224226,60,888,344,544
224244,1,316,184,132
224244,2,316,184,132
224244,3,316,184,132
224244,4,48,26,22
224244,5,268,158,110
224244,19,56,31,25
224244,20,212,127,85
224244,21,229,135,94
224244,22,229,135,94
224244,23,229,135,94
224244,24,43,22,21
224244,25,186,113,73
224244,39,42,25,17
224244,40,144,88,56
224244,41,87,49,38
224244,42,87,49,38
224244,43,87,49,38
224244,44,5,4,1
224244,45,82,45,37
224244,59,14,6,8
224244,60,68,39,29
224271,1,114,52,62
224271,2,114,52,62
224271,3,114,52,62
224271,4,25,10,15
224271,5,89,42,47
224271,19,23,15,8
224271,20,66,27,39
224271,21,114,52,62
224271,22,114,52,62
224271,23,114,52,62
224271,24,25,10,15
224271,25,89,42,47
224271,39,23,15,8
224271,40,66,27,39
224305,1,2111,1427,684
224305,12,2111,1427,684
224305,21,901,649,252
224305,32,901,649,252
224305,41,1210,778,432
224305,52,1210,778,432
224323,1,2598,1364,1234
224323,2,1380,641,739
224323,3,1374,637,737
224323,4,380,171,209
224323,5,994,466,528
224323,11,6,4,2
224323,12,1218,723,495
224323,19,54,29,25
224323,20,940,437,503
224323,21,1705,834,871
224323,22,1365,632,733
224323,23,1363,631,732
224323,24,380,171,209
224323,25,983,460,523
224323,31,2,1,1
224323,32,340,202,138
224323,39,54,29,25
224323,40,929,431,498
224323,41,893,530,363
224323,42,15,9,6
224323,43,11,6,5
224323,45,11,6,5
224323,51,4,3,1
224323,52,878,521,357
224323,60,11,6,5
224350,1,10502,4559,5943
224350,2,10502,4559,5943
224350,3,10502,4559,5943
224350,4,1218,588,630
224350,5,9284,3971,5313
224350,19,560,253,307
224350,20,8724,3718,5006
224350,21,3048,1481,1567
224350,22,3048,1481,1567
224350,23,3048,1481,1567
224350,24,560,275,285
224350,25,2488,1206,1282
224350,39,248,126,122
224350,40,2240,1080,1160
224350,41,7454,3078,4376
224350,42,7454,3078,4376
224350,43,7454,3078,4376
224350,44,658,313,345
224350,45,6796,2765,4031
224350,59,312,127,185
224350,60,6484,2638,3846
224439,1,1208,100,1108
224439,2,1208,100,1108
224439,3,529,61,468
224439,4,529,61,468
224439,11,679,39,640
224439,21,1208,100,1108
224439,22,1208,100,1108
224439,23,529,61,468
224439,24,529,61,468
224439,31,679,39,640
224527,1,1247,591,656
224527,2,1196,564,632
224527,3,1132,534,598
224527,4,345,163,182
224527,5,787,371,416
224527,11,64,30,34
224527,12,51,27,24
224527,19,82,41,41
224527,20,705,330,375
224527,21,1086,514,572
224527,22,1066,505,561
224527,23,1064,504,560
224527,24,340,159,181
224527,25,724,345,379
224527,31,2,1,1
224527,32,20,9,11
224527,39,78,38,40
224527,40,646,307,339
224527,41,161,77,84
224527,42,130,59,71
224527,43,68,30,38
224527,44,5,4,1
224527,45,63,26,37
224527,51,62,29,33
224527,52,31,18,13
224527,59,4,3,1
224527,60,59,23,36
224545,1,1842,633,1209
224545,2,1401,498,903
224545,3,1391,493,898
224545,4,158,73,85
224545,5,1233,420,813
224545,11,10,5,5
224545,12,441,135,306
224545,19,262,107,155
224545,20,971,313,658
224545,21,1002,389,613
224545,22,924,363,561
224545,23,923,362,561
224545,24,155,72,83
224545,25,768,290,478
224545,31,1,1,0
224545,32,78,26,52
224545,39,191,82,109
224545,40,577,208,369
224545,41,840,244,596
224545,42,477,135,342
224545,43,468,131,337
224545,44,3,1,2
224545,45,465,130,335
224545,51,9,4,5
224545,52,363,109,254
224545,59,71,25,46
224545,60,394,105,289
224554,1,11591,4766,6825
224554,2,6969,2883,4086
224554,3,6951,2873,4078
224554,4,939,439,500
224554,5,6012,2434,3578
224554,11,18,10,8
224554,12,4622,1883,2739
224554,19,1131,442,689
224554,20,4881,1992,2889
224554,21,6549,2738,3811
224554,22,5178,2189,2989
224554,23,5173,2187,2986
224554,24,920,431,489
224554,25,4253,1756,2497
224554,31,5,2,3
224554,32,1371,549,822
224554,39,787,323,464
224554,40,3466,1433,2033
224554,41,5042,2028,3014
224554,42,1791,694,1097
224554,43,1778,686,1092
224554,44,19,8,11
224554,45,1759,678,1081
224554,51,13,8,5
224554,52,3251,1334,1917
224554,59,344,119,225
224554,60,1415,559,856
224572,1,14529,5832,8697
224572,2,14529,5832,8697
224572,3,12113,4738,7375
224572,4,1925,930,995
224572,5,10188,3808,6380
224572,11,2416,1094,1322
224572,19,778,323,455
224572,20,9410,3485,5925
224572,21,3338,1534,1804
224572,22,3338,1534,1804
224572,23,2970,1339,1631
224572,24,813,426,387
224572,25,2157,913,1244
224572,31,368,195,173
224572,39,215,110,105
224572,40,1942,803,1139
224572,41,11191,4298,6893
224572,42,11191,4298,6893
224572,43,9143,3399,5744
224572,44,1112,504,608
224572,45,8031,2895,5136
224572,51,2048,899,1149
224572,59,563,213,350
224572,60,7468,2682,4786
224615,1,10771,3768,7003
224615,2,10771,3768,7003
224615,3,8854,2914,5940
224615,4,1206,424,782
224615,5,7648,2490,5158
224615,11,1917,854,1063
224615,19,653,254,399
224615,20,6995,2236,4759
224615,21,1992,764,1228
224615,22,1992,764,1228
224615,23,1788,649,1139
224615,24,419,147,272
224615,25,1369,502,867
224615,31,204,115,89
224615,39,167,90,77
224615,40,1202,412,790
224615,41,8779,3004,5775
224615,42,8779,3004,5775
224615,43,7066,2265,4801
224615,44,787,277,510
224615,45,6279,1988,4291
224615,51,1713,739,974
224615,59,486,164,322
224615,60,5793,1824,3969
224642,1,30468,13068,17400
224642,2,30468,13068,17400
224642,3,29390,12608,16782
224642,4,4918,2326,2592
224642,5,24472,10282,14190
224642,11,1078,460,618
224642,19,1668,746,922
224642,20,22804,9536,13268
224642,21,9792,4439,5353
224642,22,9792,4439,5353
224642,23,9702,4394,5308
224642,24,2798,1340,1458
224642,25,6904,3054,3850
224642,31,90,45,45
224642,39,649,301,348
224642,40,6255,2753,3502
224642,41,20676,8629,12047
224642,42,20676,8629,12047
224642,43,19688,8214,11474
224642,44,2120,986,1134
224642,45,17568,7228,10340
224642,51,988,415,573
224642,59,1019,445,574
224642,60,16549,6783,9766
224660,1,651,333,318
224660,2,651,333,318
224660,3,651,333,318
224660,4,246,126,120
224660,5,405,207,198
224660,19,142,76,66
224660,20,263,131,132
224660,21,500,240,260
224660,22,500,240,260
224660,23,500,240,260
224660,24,185,94,91
224660,25,315,146,169
224660,39,120,61,59
224660,40,195,85,110
224660,41,151,93,58
224660,42,151,93,58
224660,43,151,93,58
224660,44,61,32,29
224660,45,90,61,29
224660,59,22,15,7
224660,60,68,46,22
224679,1,815,730,85
224679,2,815,730,85
224679,3,815,730,85
224679,4,183,157,26
224679,5,632,573,59
224679,19,28,25,3
224679,20,604,548,56
224679,21,649,572,77
224679,22,649,572,77
224679,23,649,572,77
224679,24,161,135,26
224679,25,488,437,51
224679,39,26,23,3
224679,40,462,414,48
224679,41,166,158,8
224679,42,166,158,8
224679,43,166,158,8
224679,44,22,22,0
224679,45,144,136,8
224679,59,2,2,0
224679,60,142,134,8
224712,1,102,34,68
224712,12,102,34,68
224712,21,43,25,18
224712,32,43,25,18
224712,41,59,9,50
224712,52,59,9,50
224758,1,58,3,55
224758,2,58,3,55
224758,3,58,3,55
224758,4,28,1,27
224758,5,30,2,28
224758,20,30,2,28
224758,21,42,1,41
224758,22,42,1,41
224758,23,42,1,41
224758,24,24,1,23
224758,25,18,0,18
224758,40,18,0,18
224758,41,16,2,14
224758,42,16,2,14
224758,43,16,2,14
224758,44,4,0,4
224758,45,12,2,10
224758,60,12,2,10
224776,1,1423,705,718
224776,2,1408,698,710
224776,3,1408,698,710
224776,4,343,204,139
224776,5,1065,494,571
224776,12,15,7,8
224776,19,186,77,109
224776,20,879,417,462
224776,21,1089,552,537
224776,22,1089,552,537
224776,23,1089,552,537
224776,24,309,185,124
224776,25,780,367,413
224776,39,144,61,83
224776,40,636,306,330
224776,41,334,153,181
224776,42,319,146,173
224776,43,319,146,173
224776,44,34,19,15
224776,45,285,127,158
224776,52,15,7,8
224776,59,42,16,26
224776,60,243,111,132
224828,1,60,2,58
224828,2,60,2,58
224828,3,60,2,58
224828,4,58,2,56
224828,5,2,0,2
224828,20,2,0,2
224828,21,27,1,26
224828,22,27,1,26
224828,23,27,1,26
224828,24,26,1,25
224828,25,1,0,1
224828,40,1,0,1
224828,41,33,1,32
224828,42,33,1,32
224828,43,33,1,32
224828,44,32,1,31
224828,45,1,0,1
224828,60,1,0,1
224891,1,1148,535,613
224891,2,1148,535,613
224891,3,567,287,280
224891,4,156,77,79
224891,5,411,210,201
224891,11,581,248,333
224891,19,75,37,38
224891,20,336,173,163
224891,21,501,249,252
224891,22,501,249,252
224891,23,360,186,174
224891,24,138,69,69
224891,25,222,117,105
224891,31,141,63,78
224891,39,58,28,30
224891,40,164,89,75
224891,41,647,286,361
224891,42,647,286,361
224891,43,207,101,106
224891,44,18,8,10
224891,45,189,93,96
224891,51,440,185,255
224891,59,17,9,8
224891,60,172,84,88
224907,1,106,19,87
224907,2,106,19,87
224907,3,106,19,87
224907,4,41,8,33
224907,5,65,11,54
224907,20,65,11,54
224907,21,75,11,64
224907,22,75,11,64
224907,23,75,11,64
224907,24,33,7,26
224907,25,42,4,38
224907,40,42,4,38
224907,41,31,8,23
224907,42,31,8,23
224907,43,31,8,23
224907,44,8,1,7
224907,45,23,7,16
224907,60,23,7,16
224961,1,2131,917,1214
224961,2,2131,917,1214
224961,3,1858,798,1060
224961,4,305,161,144
224961,5,1553,637,916
224961,11,273,119,154
224961,19,275,134,141
224961,20,1278,503,775
224961,21,577,328,249
224961,22,577,328,249
224961,23,576,328,248
224961,24,161,98,63
224961,25,415,230,185
224961,31,1,0,1
224961,39,121,70,51
224961,40,294,160,134
224961,41,1554,589,965
224961,42,1554,589,965
224961,43,1282,470,812
224961,44,144,63,81
224961,45,1138,407,731
224961,51,272,119,153
224961,59,154,64,90
224961,60,984,343,641
225070,1,5014,2012,3002
225070,2,5014,2012,3002
225070,3,3967,1570,2397
225070,4,865,417,448
225070,5,3102,1153,1949
225070,11,1047,442,605
225070,19,357,138,219
225070,20,2745,1015,1730
225070,21,2101,897,1204
225070,22,2101,897,1204
225070,23,2012,856,1156
225070,24,611,281,330
225070,25,1401,575,826
225070,31,89,41,48
225070,39,206,81,125
225070,40,1195,494,701
225070,41,2913,1115,1798
225070,42,2913,1115,1798
225070,43,1955,714,1241
225070,44,254,136,118
225070,45,1701,578,1123
225070,51,958,401,557
225070,59,151,57,94
225070,60,1550,521,1029
225201,1,735,450,285
225201,2,729,449,280
225201,3,713,436,277
225201,4,81,48,33
225201,5,632,388,244
225201,11,16,13,3
225201,12,6,1,5
225201,19,106,61,45
225201,20,526,327,199
225201,21,735,450,285
225201,22,729,449,280
225201,23,713,436,277
225201,24,81,48,33
225201,25,632,388,244
225201,31,16,13,3
225201,32,6,1,5
225201,39,106,61,45
225201,40,526,327,199
225247,1,2220,1071,1149
225247,2,1772,850,922
225247,3,1690,808,882
225247,4,414,213,201
225247,5,1276,595,681
225247,11,82,42,40
225247,12,448,221,227
225247,19,139,59,80
225247,20,1137,536,601
225247,21,1792,857,935
225247,22,1556,749,807
225247,23,1556,749,807
225247,24,413,212,201
225247,25,1143,537,606
225247,32,236,108,128
225247,39,128,56,72
225247,40,1015,481,534
225247,41,428,214,214
225247,42,216,101,115
225247,43,134,59,75
225247,44,1,1,0
225247,45,133,58,75
225247,51,82,42,40
225247,52,212,113,99
225247,59,11,3,8
225247,60,122,55,67
225308,1,5172,1978,3194
225308,2,5172,1978,3194
225308,3,4958,1912,3046
225308,4,1320,650,670
225308,5,3638,1262,2376
225308,11,214,66,148
225308,19,755,267,488
225308,20,2883,995,1888
225308,21,2685,1020,1665
225308,22,2685,1020,1665
225308,23,2642,1011,1631
225308,24,894,392,502
225308,25,1748,619,1129
225308,31,43,9,34
225308,39,365,148,217
225308,40,1383,471,912
225308,41,2487,958,1529
225308,42,2487,958,1529
225308,43,2316,901,1415
225308,44,426,258,168
225308,45,1890,643,1247
225308,51,171,57,114
225308,59,390,119,271
225308,60,1500,524,976
225371,1,4495,1749,2746
225371,2,4495,1749,2746
225371,3,3580,1368,2212
225371,4,730,343,387
225371,5,2850,1025,1825
225371,11,915,381,534
225371,19,427,185,242
225371,20,2423,840,1583
225371,21,1928,793,1135
225371,22,1928,793,1135
225371,23,1886,777,1109
225371,24,547,262,285
225371,25,1339,515,824
225371,31,42,16,26
225371,39,223,96,127
225371,40,1116,419,697
225371,41,2567,956,1611
225371,42,2567,956,1611
225371,43,1694,591,1103
225371,44,183,81,102
225371,45,1511,510,1001
225371,51,873,365,508
225371,59,204,89,115
225371,60,1307,421,886
225399,1,2910,993,1917
225399,2,2171,793,1378
225399,3,2165,790,1375
225399,4,568,232,336
225399,5,1597,558,1039
225399,11,6,3,3
225399,12,739,200,539
225399,19,226,95,131
225399,20,1371,463,908
225399,21,2315,828,1487
225399,22,2005,738,1267
225399,23,2004,738,1266
225399,24,567,232,335
225399,25,1437,506,931
225399,31,1,0,1
225399,32,310,90,220
225399,39,220,91,129
225399,40,1217,415,802
225399,41,595,165,430
225399,42,166,55,111
225399,43,161,52,109
225399,44,1,0,1
225399,45,160,52,108
225399,51,5,3,2
225399,52,429,110,319
225399,59,6,4,2
225399,60,154,48,106
225414,1,8164,2918,5246
225414,2,4853,1578,3275
225414,3,4691,1524,3167
225414,5,4691,1524,3167
225414,11,162,54,108
225414,12,3311,1340,1971
225414,19,1036,333,703
225414,20,3655,1191,2464
225414,21,3711,1459,2252
225414,22,2130,739,1391
225414,23,2101,732,1369
225414,25,2101,732,1369
225414,31,29,7,22
225414,32,1581,720,861
225414,39,494,175,319
225414,40,1607,557,1050
225414,41,4453,1459,2994
225414,42,2723,839,1884
225414,43,2590,792,1798
225414,45,2590,792,1798
225414,51,133,47,86
225414,52,1730,620,1110
225414,59,542,158,384
225414,60,2048,634,1414
225423,1,57978,24574,33404
225423,2,57978,24574,33404
225423,3,57742,24465,33277
225423,4,8621,3937,4684
225423,5,49121,20528,28593
225423,11,236,109,127
225423,19,4364,1844,2520
225423,20,44757,18684,26073
225423,21,17728,8027,9701
225423,22,17728,8027,9701
225423,23,17701,8011,9690
225423,24,3791,1801,1990
225423,25,13910,6210,7700
225423,31,27,16,11
225423,39,1685,770,915
225423,40,12225,5440,6785
225423,41,40250,16547,23703
225423,42,40250,16547,23703
225423,43,40041,16454,23587
225423,44,4830,2136,2694
225423,45,35211,14318,20893
225423,51,209,93,116
225423,59,2679,1074,1605
225423,60,32532,13244,19288
225432,1,13757,5568,8189
225432,2,13486,5445,8041
225432,3,13297,5373,7924
225432,4,1130,507,623
225432,5,12167,4866,7301
225432,11,189,72,117
225432,12,271,123,148
225432,19,2287,878,1409
225432,20,9880,3988,5892
225432,21,6937,2836,4101
225432,22,6896,2827,4069
225432,23,6875,2820,4055
225432,24,1007,442,565
225432,25,5868,2378,3490
225432,31,21,7,14
225432,32,41,9,32
225432,39,1075,421,654
225432,40,4793,1957,2836
225432,41,6820,2732,4088
225432,42,6590,2618,3972
225432,43,6422,2553,3869
225432,44,123,65,58
225432,45,6299,2488,3811
225432,51,168,65,103
225432,52,230,114,116
225432,59,1212,457,755
225432,60,5087,2031,3056
225502,1,4491,1607,2884
225502,2,2889,996,1893
225502,3,2879,993,1886
225502,4,288,119,169
225502,5,2591,874,1717
225502,11,10,3,7
225502,12,1602,611,991
225502,19,485,181,304
225502,20,2106,693,1413
225502,21,1848,691,1157
225502,22,1466,555,911
225502,23,1464,555,909
225502,24,281,115,166
225502,25,1183,440,743
225502,31,2,0,2
225502,32,382,136,246
225502,39,232,103,129
225502,40,951,337,614
225502,41,2643,916,1727
225502,42,1423,441,982
225502,43,1415,438,977
225502,44,7,4,3
225502,45,1408,434,974
225502,51,8,3,5
225502,52,1220,475,745
225502,59,253,78,175
225502,60,1155,356,799
225511,1,39540,19854,19686
225511,2,31706,15954,15752
225511,3,30357,15253,15104
225511,4,3434,1730,1704
225511,5,26923,13523,13400
225511,11,1349,701,648
225511,12,7834,3900,3934
225511,19,3394,1598,1796
225511,20,23529,11925,11604
225511,21,28486,13998,14488
225511,22,22829,11297,11532
225511,23,22475,11100,11375
225511,24,3321,1677,1644
225511,25,19154,9423,9731
225511,31,354,197,157
225511,32,5657,2701,2956
225511,39,2291,1048,1243
225511,40,16863,8375,8488
225511,41,11054,5856,5198
225511,42,8877,4657,4220
225511,43,7882,4153,3729
225511,44,113,53,60
225511,45,7769,4100,3669
225511,51,995,504,491
225511,52,2177,1199,978
225511,59,1103,550,553
225511,60,6666,3550,3116
225520,1,4130,1502,2628
225520,2,4130,1502,2628
225520,3,4044,1478,2566
225520,4,574,228,346
225520,5,3470,1250,2220
225520,11,86,24,62
225520,19,257,91,166
225520,20,3213,1159,2054
225520,21,1095,394,701
225520,22,1095,394,701
225520,23,1062,383,679
225520,24,346,142,204
225520,25,716,241,475
225520,31,33,11,22
225520,39,93,38,55
225520,40,623,203,420
225520,41,3035,1108,1927
225520,42,3035,1108,1927
225520,43,2982,1095,1887
225520,44,228,86,142
225520,45,2754,1009,1745
225520,51,53,13,40
225520,59,164,53,111
225520,60,2590,956,1634
225548,1,1170,623,547
225548,2,1100,578,522
225548,3,1059,560,499
225548,4,347,213,134
225548,5,712,347,365
225548,11,41,18,23
225548,12,70,45,25
225548,19,61,35,26
225548,20,651,312,339
225548,21,1020,550,470
225548,22,983,527,456
225548,23,981,526,455
225548,24,342,209,133
225548,25,639,317,322
225548,31,2,1,1
225548,32,37,23,14
225548,39,50,29,21
225548,40,589,288,301
225548,41,150,73,77
225548,42,117,51,66
225548,43,78,34,44
225548,44,5,4,1
225548,45,73,30,43
225548,51,39,17,22
225548,52,33,22,11
225548,59,11,6,5
225548,60,62,24,38
225575,1,973,448,525
225575,2,926,432,494
225575,3,924,430,494
225575,4,228,108,120
225575,5,696,322,374
225575,11,2,2,0
225575,12,47,16,31
225575,19,135,65,70
225575,20,561,257,304
225575,21,840,398,442
225575,22,840,398,442
225575,23,839,397,442
225575,24,223,104,119
225575,25,616,293,323
225575,31,1,1,0
225575,39,122,59,63
225575,40,494,234,260
225575,41,133,50,83
225575,42,86,34,52
225575,43,85,33,52
225575,44,5,4,1
225575,45,80,29,51
225575,51,1,1,0
225575,52,47,16,31
225575,59,13,6,7
225575,60,67,23,44
225627,1,8685,3386,5299
225627,2,6491,2518,3973
225627,3,6346,2463,3883
225627,4,1045,404,641
225627,5,5301,2059,3242
225627,11,145,55,90
225627,12,2194,868,1326
225627,19,744,317,427
225627,20,4557,1742,2815
225627,21,5254,2035,3219
225627,22,4201,1609,2592
225627,23,4158,1592,2566
225627,24,997,381,616
225627,25,3161,1211,1950
225627,31,43,17,26
225627,32,1053,426,627
225627,39,264,124,140
225627,40,2897,1087,1810
225627,41,3431,1351,2080
225627,42,2290,909,1381
225627,43,2188,871,1317
225627,44,48,23,25
225627,45,2140,848,1292
225627,51,102,38,64
225627,52,1141,442,699
225627,59,480,193,287
225627,60,1660,655,1005
225779,1,196,84,112
225779,2,196,84,112
225779,3,196,84,112
225779,4,117,56,61
225779,5,79,28,51
225779,20,79,28,51
225779,21,167,66,101
225779,22,167,66,101
225779,23,167,66,101
225779,24,96,42,54
225779,25,71,24,47
225779,40,71,24,47
225779,41,29,18,11
225779,42,29,18,11
225779,43,29,18,11
225779,44,21,14,7
225779,45,8,4,4
225779,60,8,4,4
225788,1,195,88,107
225788,2,195,88,107
225788,3,195,88,107
225788,4,168,74,94
225788,5,27,14,13
225788,20,27,14,13
225788,21,111,46,65
225788,22,111,46,65
225788,23,111,46,65
225788,24,95,36,59
225788,25,16,10,6
225788,40,16,10,6
225788,41,84,42,42
225788,42,84,42,42
225788,43,84,42,42
225788,44,73,38,35
225788,45,11,4,7
225788,60,11,4,7
225849,1,612,508,104
225849,2,612,508,104
225849,3,612,508,104
225849,4,93,70,23
225849,5,519,438,81
225849,19,17,12,5
225849,20,502,426,76
225849,21,498,415,83
225849,22,498,415,83
225849,23,498,415,83
225849,24,82,62,20
225849,25,416,353,63
225849,39,14,11,3
225849,40,402,342,60
225849,41,114,93,21
225849,42,114,93,21
225849,43,114,93,21
225849,44,11,8,3
225849,45,103,85,18
225849,59,3,1,2
225849,60,100,84,16
225858,1,609,527,82
225858,2,609,527,82
225858,3,609,527,82
225858,4,98,84,14
225858,5,511,443,68
225858,19,8,4,4
225858,20,503,439,64
225858,21,550,477,73
225858,22,550,477,73
225858,23,550,477,73
225858,24,93,80,13
225858,25,457,397,60
225858,39,7,3,4
225858,40,450,394,56
225858,41,59,50,9
225858,42,59,50,9
225858,43,59,50,9
225858,44,5,4,1
225858,45,54,46,8
225858,59,1,1,0
225858,60,53,45,8
225876,1,524,233,291
225876,2,524,233,291
225876,3,296,138,158
225876,4,147,78,69
225876,5,149,60,89
225876,11,228,95,133
225876,19,26,9,17
225876,20,123,51,72
225876,21,266,131,135
225876,22,266,131,135
225876,23,266,131,135
225876,24,139,76,63
225876,25,127,55,72
225876,39,20,8,12
225876,40,107,47,60
225876,41,258,102,156
225876,42,258,102,156
225876,43,30,7,23
225876,44,8,2,6
225876,45,22,5,17
225876,51,228,95,133
225876,59,6,1,5
225876,60,16,4,12
225885,1,609,327,282
225885,2,609,327,282
225885,3,578,321,257
225885,4,138,77,61
225885,5,440,244,196
225885,11,31,6,25
225885,19,62,40,22
225885,20,378,204,174
225885,21,569,317,252
225885,22,569,317,252
225885,23,569,317,252
225885,24,136,76,60
225885,25,433,241,192
225885,39,61,39,22
225885,40,372,202,170
225885,41,40,10,30
225885,42,40,10,30
225885,43,9,4,5
225885,44,2,1,1
225885,45,7,3,4
225885,51,31,6,25
225885,59,1,1,0
225885,60,6,2,4
225991,1,153,84,69
225991,2,153,84,69
225991,3,153,84,69
225991,4,24,11,13
225991,5,129,73,56
225991,19,42,22,20
225991,20,87,51,36
225991,21,153,84,69
225991,22,153,84,69
225991,23,153,84,69
225991,24,24,11,13
225991,25,129,73,56
225991,39,42,22,20
225991,40,87,51,36
226019,1,5867,2302,3565
226019,2,5867,2302,3565
226019,3,5764,2266,3498
226019,4,1179,545,634
226019,5,4585,1721,2864
226019,11,103,36,67
226019,19,372,170,202
226019,20,4213,1551,2662
226019,21,2623,1122,1501
226019,22,2623,1122,1501
226019,23,2604,1118,1486
226019,24,847,379,468
226019,25,1757,739,1018
226019,31,19,4,15
226019,39,221,113,108
226019,40,1536,626,910
226019,41,3244,1180,2064
226019,42,3244,1180,2064
226019,43,3160,1148,2012
226019,44,332,166,166
226019,45,2828,982,1846
226019,51,84,32,52
226019,59,151,57,94
226019,60,2677,925,1752
226091,1,14035,5474,8561
226091,2,9382,3946,5436
226091,3,9175,3868,5307
226091,4,1451,678,773
226091,5,7724,3190,4534
226091,11,207,78,129
226091,12,4653,1528,3125
226091,19,742,292,450
226091,20,6982,2898,4084
226091,21,7356,3360,3996
226091,22,6604,2955,3649
226091,23,6604,2955,3649
226091,24,1400,651,749
226091,25,5204,2304,2900
226091,32,752,405,347
226091,39,422,191,231
226091,40,4782,2113,2669
226091,41,6679,2114,4565
226091,42,2778,991,1787
226091,43,2571,913,1658
226091,44,51,27,24
226091,45,2520,886,1634
226091,51,207,78,129
226091,52,3901,1123,2778
226091,59,320,101,219
226091,60,2200,785,1415
226107,1,2426,747,1679
226107,2,2426,747,1679
226107,3,1938,553,1385
226107,4,434,168,266
226107,5,1504,385,1119
226107,11,488,194,294
226107,19,145,38,107
226107,20,1359,347,1012
226107,21,992,304,688
226107,22,992,304,688
226107,23,989,304,685
226107,24,325,123,202
226107,25,664,181,483
226107,31,3,0,3
226107,39,78,18,60
226107,40,586,163,423
226107,41,1434,443,991
226107,42,1434,443,991
226107,43,949,249,700
226107,44,109,45,64
226107,45,840,204,636
226107,51,485,194,291
226107,59,67,20,47
226107,60,773,184,589
226116,1,2721,776,1945
226116,2,2721,776,1945
226116,3,1811,422,1389
226116,4,294,86,208
226116,5,1517,336,1181
226116,11,910,354,556
226116,19,141,30,111
226116,20,1376,306,1070
226116,21,955,292,663
226116,22,955,292,663
226116,23,637,183,454
226116,24,208,57,151
226116,25,429,126,303
226116,31,318,109,209
226116,39,48,13,35
226116,40,381,113,268
226116,41,1766,484,1282
226116,42,1766,484,1282
226116,43,1174,239,935
226116,44,86,29,57
226116,45,1088,210,878
226116,51,592,245,347
226116,59,93,17,76
226116,60,995,193,802
226125,1,283,18,265
226125,2,283,18,265
226125,3,283,18,265
226125,4,125,9,116
226125,5,158,9,149
226125,20,158,9,149
226125,21,283,18,265
226125,22,283,18,265
226125,23,283,18,265
226125,24,125,9,116
226125,25,158,9,149
226125,40,158,9,149
226134,1,8726,3824,4902
226134,2,8726,3824,4902
226134,3,8048,3500,4548
226134,4,1691,842,849
226134,5,6357,2658,3699
226134,11,678,324,354
226134,19,138,68,70
226134,20,6219,2590,3629
226134,21,3228,1565,1663
226134,22,3228,1565,1663
226134,23,3031,1459,1572
226134,24,964,498,466
226134,25,2067,961,1106
226134,31,197,106,91
226134,39,61,36,25
226134,40,2006,925,1081
226134,41,5498,2259,3239
226134,42,5498,2259,3239
226134,43,5017,2041,2976
226134,44,727,344,383
226134,45,4290,1697,2593
226134,51,481,218,263
226134,59,77,32,45
226134,60,4213,1665,2548
226152,1,7431,3084,4347
226152,2,6585,2764,3821
226152,3,6560,2748,3812
226152,4,831,371,460
226152,5,5729,2377,3352
226152,11,25,16,9
226152,12,846,320,526
226152,19,467,187,280
226152,20,5262,2190,3072
226152,21,4184,1828,2356
226152,22,4022,1759,2263
226152,23,4010,1750,2260
226152,24,821,365,456
226152,25,3189,1385,1804
226152,31,12,9,3
226152,32,162,69,93
226152,39,292,131,161
226152,40,2897,1254,1643
226152,41,3247,1256,1991
226152,42,2563,1005,1558
226152,43,2550,998,1552
226152,44,10,6,4
226152,45,2540,992,1548
226152,51,13,7,6
226152,52,684,251,433
226152,59,175,56,119
226152,60,2365,936,1429
226204,1,5911,3023,2888
226204,2,5911,3023,2888
226204,3,5775,2965,2810
226204,4,1040,603,437
226204,5,4735,2362,2373
226204,11,136,58,78
226204,19,269,158,111
226204,20,4466,2204,2262
226204,21,1452,689,763
226204,22,1452,689,763
226204,23,1428,678,750
226204,24,445,212,233
226204,25,983,466,517
226204,31,24,11,13
226204,39,86,54,32
226204,40,897,412,485
226204,41,4459,2334,2125
226204,42,4459,2334,2125
226204,43,4347,2287,2060
226204,44,595,391,204
226204,45,3752,1896,1856
226204,51,112,47,65
226204,59,183,104,79
226204,60,3569,1792,1777
226231,1,2729,1310,1419
226231,2,2305,1218,1087
226231,3,2173,1152,1021
226231,4,339,218,121
226231,5,1834,934,900
226231,11,132,66,66
226231,12,424,92,332
226231,19,274,99,175
226231,20,1560,835,725
226231,21,1392,939,453
226231,22,1333,925,408
226231,23,1324,918,406
226231,24,302,207,95
226231,25,1022,711,311
226231,31,9,7,2
226231,32,59,14,45
226231,39,96,52,44
226231,40,926,659,267
226231,41,1337,371,966
226231,42,972,293,679
226231,43,849,234,615
226231,44,37,11,26
226231,45,812,223,589
226231,51,123,59,64
226231,52,365,78,287
226231,59,178,47,131
226231,60,634,176,458
226277,1,867,842,25
226277,2,867,842,25
226277,3,867,842,25
226277,4,164,156,8
226277,5,703,686,17
226277,19,11,11,0
226277,20,692,675,17
226277,21,867,842,25
226277,22,867,842,25
226277,23,867,842,25
226277,24,164,156,8
226277,25,703,686,17
226277,39,11,11,0
226277,40,692,675,17
226374,1,49,40,9
226374,2,49,40,9
226374,3,49,40,9
226374,4,32,26,6
226374,5,17,14,3
226374,20,17,14,3
226374,21,49,40,9
226374,22,49,40,9
226374,23,49,40,9
226374,24,32,26,6
226374,25,17,14,3
226374,40,17,14,3
226383,1,2002,722,1280
226383,2,1531,593,938
226383,3,1466,560,906
226383,4,255,92,163
226383,5,1211,468,743
226383,11,65,33,32
226383,12,471,129,342
226383,19,176,53,123
226383,20,1035,415,620
226383,21,1332,507,825
226383,22,1258,490,768
226383,23,1258,490,768
226383,24,255,92,163
226383,25,1003,398,605
226383,32,74,17,57
226383,39,134,47,87
226383,40,869,351,518
226383,41,670,215,455
226383,42,273,103,170
226383,43,208,70,138
226383,45,208,70,138
226383,51,65,33,32
226383,52,397,112,285
226383,59,42,6,36
226383,60,166,64,102
226408,1,4188,1741,2447
226408,2,4188,1741,2447
226408,3,4188,1741,2447
226408,4,561,260,301
226408,5,3627,1481,2146
226408,19,203,95,108
226408,20,3424,1386,2038
226408,21,1121,521,600
226408,22,1121,521,600
226408,23,1121,521,600
226408,24,233,113,120
226408,25,888,408,480
226408,39,72,43,29
226408,40,816,365,451
226408,41,3067,1220,1847
226408,42,3067,1220,1847
226408,43,3067,1220,1847
226408,44,328,147,181
226408,45,2739,1073,1666
226408,59,131,52,79
226408,60,2608,1021,1587
226471,1,3492,1346,2146
226471,2,3063,1163,1900
226471,3,3006,1134,1872
226471,4,675,261,414
226471,5,2331,873,1458
226471,11,57,29,28
226471,12,429,183,246
226471,19,301,114,187
226471,20,2030,759,1271
226471,21,2998,1117,1881
226471,22,2793,1058,1735
226471,23,2773,1045,1728
226471,24,672,259,413
226471,25,2101,786,1315
226471,31,20,13,7
226471,32,205,59,146
226471,39,256,103,153
226471,40,1845,683,1162
226471,41,494,229,265
226471,42,270,105,165
226471,43,233,89,144
226471,44,3,2,1
226471,45,230,87,143
226471,51,37,16,21
226471,52,224,124,100
226471,59,45,11,34
226471,60,185,76,109
226578,1,8555,2987,5568
226578,2,8555,2987,5568
226578,3,7302,2460,4842
226578,4,1399,548,851
226578,5,5903,1912,3991
226578,11,1253,527,726
226578,19,502,221,281
226578,20,5401,1691,3710
226578,21,3846,1433,2413
226578,22,3846,1433,2413
226578,23,3798,1412,2386
226578,24,1044,417,627
226578,25,2754,995,1759
226578,31,48,21,27
226578,39,279,120,159
226578,40,2475,875,1600
226578,41,4709,1554,3155
226578,42,4709,1554,3155
226578,43,3504,1048,2456
226578,44,355,131,224
226578,45,3149,917,2232
226578,51,1205,506,699
226578,59,223,101,122
226578,60,2926,816,2110
226587,1,1216,624,592
226587,2,1212,624,588
226587,3,1157,580,577
226587,4,250,133,117
226587,5,907,447,460
226587,11,55,44,11
226587,12,4,0,4
226587,19,138,77,61
226587,20,769,370,399
226587,21,1034,513,521
226587,22,1032,513,519
226587,23,1032,513,519
226587,24,249,133,116
226587,25,783,380,403
226587,32,2,0,2
226587,39,113,59,54
226587,40,670,321,349
226587,41,182,111,71
226587,42,180,111,69
226587,43,125,67,58
226587,44,1,0,1
226587,45,124,67,57
226587,51,55,44,11
226587,52,2,0,2
226587,59,25,18,7
226587,60,99,49,50
226675,1,310,47,263
226675,2,310,47,263
226675,3,310,47,263
226675,5,310,47,263
226675,20,310,47,263
226675,21,310,47,263
226675,22,310,47,263
226675,23,310,47,263
226675,25,310,47,263
226675,40,310,47,263
226772,1,58,3,55
226772,2,58,3,55
226772,3,58,3,55
226772,4,23,1,22
226772,5,35,2,33
226772,20,35,2,33
226772,21,32,2,30
226772,22,32,2,30
226772,23,32,2,30
226772,24,13,1,12
226772,25,19,1,18
226772,40,19,1,18
226772,41,26,1,25
226772,42,26,1,25
226772,43,26,1,25
226772,44,10,0,10
226772,45,16,1,15
226772,60,16,1,15
226806,1,5233,2137,3096
226806,2,5233,2137,3096
226806,3,3406,1298,2108
226806,4,758,341,417
226806,5,2648,957,1691
226806,11,1827,839,988
226806,19,249,100,149
226806,20,2399,857,1542
226806,21,1537,610,927
226806,22,1537,610,927
226806,23,1360,526,834
226806,24,434,198,236
226806,25,926,328,598
226806,31,177,84,93
226806,39,108,43,65
226806,40,818,285,533
226806,41,3696,1527,2169
226806,42,3696,1527,2169
226806,43,2046,772,1274
226806,44,324,143,181
226806,45,1722,629,1093
226806,51,1650,755,895
226806,59,141,57,84
226806,60,1581,572,1009
226833,1,5870,2402,3468
226833,2,5193,2190,3003
226833,3,5192,2190,3002
226833,4,818,362,456
226833,5,4374,1828,2546
226833,11,1,0,1
226833,12,677,212,465
226833,19,576,220,356
226833,20,3798,1608,2190
226833,21,3984,1699,2285
226833,22,3861,1646,2215
226833,23,3861,1646,2215
226833,24,802,356,446
226833,25,3059,1290,1769
226833,32,123,53,70
226833,39,382,161,221
226833,40,2677,1129,1548
226833,41,1886,703,1183
226833,42,1332,544,788
226833,43,1331,544,787
226833,44,16,6,10
226833,45,1315,538,777
226833,51,1,0,1
226833,52,554,159,395
226833,59,194,59,135
226833,60,1121,479,642
226860,1,53,3,50
226860,2,53,3,50
226860,3,53,3,50
226860,4,12,0,12
226860,5,41,3,38
226860,20,41,3,38
226860,21,53,3,50
226860,22,53,3,50
226860,23,53,3,50
226860,24,12,0,12
226860,25,41,3,38
226860,40,41,3,38
226879,1,201,32,169
226879,2,201,32,169
226879,3,201,32,169
226879,4,44,8,36
226879,5,157,24,133
226879,19,46,6,40
226879,20,111,18,93
226879,21,162,25,137
226879,22,162,25,137
226879,23,162,25,137
226879,24,43,8,35
226879,25,119,17,102
226879,39,40,5,35
226879,40,79,12,67
226879,41,39,7,32
226879,42,39,7,32
226879,43,39,7,32
226879,44,1,0,1
226879,45,38,7,31
226879,59,6,1,5
226879,60,32,6,26
226903,1,316,51,265
226903,2,316,51,265
226903,3,316,51,265
226903,4,255,39,216
226903,5,61,12,49
226903,20,61,12,49
226903,21,316,51,265
226903,22,316,51,265
226903,23,316,51,265
226903,24,255,39,216
226903,25,61,12,49
226903,40,61,12,49
226930,1,8797,3693,5104
226930,2,8797,3693,5104
226930,3,7419,3028,4391
226930,4,1393,634,759
226930,5,6026,2394,3632
226930,11,1378,665,713
226930,19,439,199,240
226930,20,5587,2195,3392
226930,21,1954,974,980
226930,22,1954,974,980
226930,23,1773,861,912
226930,24,730,353,377
226930,25,1043,508,535
226930,31,181,113,68
226930,39,85,48,37
226930,40,958,460,498
226930,41,6843,2719,4124
226930,42,6843,2719,4124
226930,43,5646,2167,3479
226930,44,663,281,382
226930,45,4983,1886,3097
226930,51,1197,552,645
226930,59,354,151,203
226930,60,4629,1735,2894
227003,1,493,252,241
227003,2,493,252,241
227003,3,493,252,241
227003,4,138,70,68
227003,5,355,182,173
227003,20,355,182,173
227003,21,493,252,241
227003,22,493,252,241
227003,23,493,252,241
227003,24,138,70,68
227003,25,355,182,173
227003,40,355,182,173
227058,1,108,3,105
227058,2,108,3,105
227058,3,108,3,105
227058,4,103,3,100
227058,5,5,0,5
227058,20,5,0,5
227058,21,86,3,83
227058,22,86,3,83
227058,23,86,3,83
227058,24,83,3,80
227058,25,3,0,3
227058,40,3,0,3
227058,41,22,0,22
227058,42,22,0,22
227058,43,22,0,22
227058,44,20,0,20
227058,45,2,0,2
227058,60,2,0,2
227146,1,10256,4154,6102
227146,2,10256,4154,6102
227146,3,10256,4154,6102
227146,4,2032,950,1082
227146,5,8224,3204,5020
227146,19,654,262,392
227146,20,7570,2942,4628
227146,21,4448,1909,2539
227146,22,4448,1909,2539
227146,23,4448,1909,2539
227146,24,1523,718,805
227146,25,2925,1191,1734
227146,39,358,154,204
227146,40,2567,1037,1530
227146,41,5808,2245,3563
227146,42,5808,2245,3563
227146,43,5808,2245,3563
227146,44,509,232,277
227146,45,5299,2013,3286
227146,59,296,108,188
227146,60,5003,1905,3098
227155,1,51,1,50
227155,2,51,1,50
227155,3,51,1,50
227155,4,48,0,48
227155,5,3,1,2
227155,20,3,1,2
227155,21,12,0,12
227155,22,12,0,12
227155,23,12,0,12
227155,24,10,0,10
227155,25,2,0,2
227155,40,2,0,2
227155,41,39,1,38
227155,42,39,1,38
227155,43,39,1,38
227155,44,38,0,38
227155,45,1,1,0
227155,60,1,1,0
227182,1,64072,25797,38275
227182,2,64072,25797,38275
227182,3,56288,22729,33559
227182,4,12309,5506,6803
227182,5,43979,17223,26756
227182,11,7784,3068,4716
227182,19,3675,1482,2193
227182,20,40304,15741,24563
227182,21,19815,8675,11140
227182,22,19815,8675,11140
227182,23,19515,8573,10942
227182,24,6261,2823,3438
227182,25,13254,5750,7504
227182,31,300,102,198
227182,39,1501,690,811
227182,40,11753,5060,6693
227182,41,44257,17122,27135
227182,42,44257,17122,27135
227182,43,36773,14156,22617
227182,44,6048,2683,3365
227182,45,30725,11473,19252
227182,51,7484,2966,4518
227182,59,2174,792,1382
227182,60,28551,10681,17870
227191,1,11365,5143,6222
227191,2,11365,5143,6222
227191,3,9319,4135,5184
227191,4,1572,781,791
227191,5,7747,3354,4393
227191,11,2046,1008,1038
227191,19,947,419,528
227191,20,6800,2935,3865
227191,21,2526,1366,1160
227191,22,2526,1366,1160
227191,23,2289,1232,1057
227191,24,739,398,341
227191,25,1550,834,716
227191,31,237,134,103
227191,39,282,163,119
227191,40,1268,671,597
227191,41,8839,3777,5062
227191,42,8839,3777,5062
227191,43,7030,2903,4127
227191,44,833,383,450
227191,45,6197,2520,3677
227191,51,1809,874,935
227191,59,665,256,409
227191,60,5532,2264,3268
227216,1,38315,17621,20694
227216,2,31243,14748,16495
227216,3,31243,14748,16495
227216,4,4596,2091,2505
227216,5,26647,12657,13990
227216,12,7072,2873,4199
227216,19,4521,2153,2368
227216,20,22126,10504,11622
227216,21,27282,12841,14441
227216,22,24126,11361,12765
227216,23,24126,11361,12765
227216,24,4518,2055,2463
227216,25,19608,9306,10302
227216,32,3156,1480,1676
227216,39,3325,1600,1725
227216,40,16283,7706,8577
227216,41,11033,4780,6253
227216,42,7117,3387,3730
227216,43,7117,3387,3730
227216,44,78,36,42
227216,45,7039,3351,3688
227216,52,3916,1393,2523
227216,59,1196,553,643
227216,60,5843,2798,3045
227225,1,3225,1227,1998
227225,2,3225,1227,1998
227225,3,3020,1151,1869
227225,4,774,327,447
227225,5,2246,824,1422
227225,11,205,76,129
227225,19,129,56,73
227225,20,2117,768,1349
227225,21,1106,433,673
227225,22,1106,433,673
227225,23,1052,410,642
227225,24,438,195,243
227225,25,614,215,399
227225,31,54,23,31
227225,39,51,25,26
227225,40,563,190,373
227225,41,2119,794,1325
227225,42,2119,794,1325
227225,43,1968,741,1227
227225,44,336,132,204
227225,45,1632,609,1023
227225,51,151,53,98
227225,59,78,31,47
227225,60,1554,578,976
227243,1,713,379,334
227243,2,648,344,304
227243,3,645,344,301
227243,4,87,54,33
227243,5,558,290,268
227243,11,3,0,3
227243,12,65,35,30
227243,19,109,55,54
227243,20,449,235,214
227243,21,535,300,235
227243,22,524,295,229
227243,23,524,295,229
227243,24,87,54,33
227243,25,437,241,196
227243,32,11,5,6
227243,39,79,45,34
227243,40,358,196,162
227243,41,178,79,99
227243,42,124,49,75
227243,43,121,49,72
227243,45,121,49,72
227243,51,3,0,3
227243,52,54,30,24
227243,59,30,10,20
227243,60,91,39,52
227289,1,125,96,29
227289,12,125,96,29
227289,21,70,68,2
227289,32,70,68,2
227289,41,55,28,27
227289,52,55,28,27
227298,1,360,349,11
227298,2,360,349,11
227298,3,360,349,11
227298,4,157,157,0
227298,5,203,192,11
227298,20,203,192,11
227298,21,360,349,11
227298,22,360,349,11
227298,23,360,349,11
227298,24,157,157,0
227298,25,203,192,11
227298,40,203,192,11
227304,1,5059,1900,3159
227304,2,5059,1900,3159
227304,3,3781,1342,2439
227304,4,850,349,501
227304,5,2931,993,1938
227304,11,1278,558,720
227304,19,797,285,512
227304,20,2134,708,1426
227304,21,1423,481,942
227304,22,1423,481,942
227304,23,1362,458,904
227304,24,397,149,248
227304,25,965,309,656
227304,31,61,23,38
227304,39,267,105,162
227304,40,698,204,494
227304,41,3636,1419,2217
227304,42,3636,1419,2217
227304,43,2419,884,1535
227304,44,453,200,253
227304,45,1966,684,1282
227304,51,1217,535,682
227304,59,530,180,350
227304,60,1436,504,932
227313,1,212,8,204
227313,2,212,8,204
227313,3,212,8,204
227313,4,85,2,83
227313,5,127,6,121
227313,20,127,6,121
227313,21,149,6,143
227313,22,149,6,143
227313,23,149,6,143
227313,24,62,1,61
227313,25,87,5,82
227313,40,87,5,82
227313,41,63,2,61
227313,42,63,2,61
227313,43,63,2,61
227313,44,23,1,22
227313,45,40,1,39
227313,60,40,1,39
227322,1,223,10,213
227322,2,223,10,213
227322,3,223,10,213
227322,4,83,2,81
227322,5,140,8,132
227322,20,140,8,132
227322,21,145,7,138
227322,22,145,7,138
227322,23,145,7,138
227322,24,53,2,51
227322,25,92,5,87
227322,40,92,5,87
227322,41,78,3,75
227322,42,78,3,75
227322,43,78,3,75
227322,44,30,0,30
227322,45,48,3,45
227322,60,48,3,45
227331,1,2927,778,2149
227331,2,1555,432,1123
227331,3,1509,426,1083
227331,4,338,115,223
227331,5,1171,311,860
227331,11,46,6,40
227331,12,1372,346,1026
227331,19,185,49,136
227331,20,986,262,724
227331,21,2498,662,1836
227331,22,1312,360,952
227331,23,1285,358,927
227331,24,335,113,222
227331,25,950,245,705
227331,31,27,2,25
227331,32,1186,302,884
227331,39,165,44,121
227331,40,785,201,584
227331,41,429,116,313
227331,42,243,72,171
227331,43,224,68,156
227331,44,3,2,1
227331,45,221,66,155
227331,51,19,4,15
227331,52,186,44,142
227331,59,20,5,15
227331,60,201,61,140
227368,1,20053,8825,11228
227368,2,17230,7686,9544
227368,3,17200,7676,9524
227368,4,3501,1573,1928
227368,5,13699,6103,7596
227368,11,30,10,20
227368,12,2823,1139,1684
227368,19,1252,517,735
227368,20,12447,5586,6861
227368,21,14138,6151,7987
227368,22,13119,5751,7368
227368,23,13117,5750,7367
227368,24,3269,1447,1822
227368,25,9848,4303,5545
227368,31,2,1,1
227368,32,1019,400,619
227368,39,878,372,506
227368,40,8970,3931,5039
227368,41,5915,2674,3241
227368,42,4111,1935,2176
227368,43,4083,1926,2157
227368,44,232,126,106
227368,45,3851,1800,2051
227368,51,28,9,19
227368,52,1804,739,1065
227368,59,374,145,229
227368,60,3477,1655,1822
227377,1,12285,5153,7132
227377,2,11220,4792,6428
227377,3,10379,4428,5951
227377,4,1777,807,970
227377,5,8602,3621,4981
227377,11,841,364,477
227377,12,1065,361,704
227377,19,825,357,468
227377,20,7777,3264,4513
227377,21,6018,2682,3336
227377,22,5814,2606,3208
227377,23,5610,2516,3094
227377,24,1275,580,695
227377,25,4335,1936,2399
227377,31,204,90,114
227377,32,204,76,128
227377,39,377,181,196
227377,40,3958,1755,2203
227377,41,6267,2471,3796
227377,42,5406,2186,3220
227377,43,4769,1912,2857
227377,44,502,227,275
227377,45,4267,1685,2582
227377,51,637,274,363
227377,52,861,285,576
227377,59,448,176,272
227377,60,3819,1509,2310
227386,1,2699,947,1752
227386,2,2699,947,1752
227386,3,2699,947,1752
227386,4,455,212,243
227386,5,2244,735,1509
227386,19,329,97,232
227386,20,1915,638,1277
227386,21,1327,518,809
227386,22,1327,518,809
227386,23,1327,518,809
227386,24,380,185,195
227386,25,947,333,614
227386,39,213,81,132
227386,40,734,252,482
227386,41,1372,429,943
227386,42,1372,429,943
227386,43,1372,429,943
227386,44,75,27,48
227386,45,1297,402,895
227386,59,116,16,100
227386,60,1181,386,795
227401,1,5301,2160,3141
227401,2,5301,2160,3141
227401,3,3964,1563,2401
227401,4,1221,547,674
227401,5,2743,1016,1727
227401,11,1337,597,740
227401,19,294,121,173
227401,20,2449,895,1554
227401,21,2470,1053,1417
227401,22,2470,1053,1417
227401,23,2452,1050,1402
227401,24,970,444,526
227401,25,1482,606,876
227401,31,18,3,15
227401,39,166,73,93
227401,40,1316,533,783
227401,41,2831,1107,1724
227401,42,2831,1107,1724
227401,43,1512,513,999
227401,44,251,103,148
227401,45,1261,410,851
227401,51,1319,594,725
227401,59,128,48,80
227401,60,1133,362,771
227429,1,243,111,132
227429,2,243,111,132
227429,3,243,111,132
227429,4,70,33,37
227429,5,173,78,95
227429,19,42,22,20
227429,20,131,56,75
227429,21,216,102,114
227429,22,216,102,114
227429,23,216,102,114
227429,24,69,33,36
227429,25,147,69,78
227429,39,37,20,17
227429,40,110,49,61
227429,41,27,9,18
227429,42,27,9,18
227429,43,27,9,18
227429,44,1,0,1
227429,45,26,9,17
227429,59,5,2,3
227429,60,21,7,14
227526,1,8283,3257,5026
227526,2,6731,2805,3926
227526,3,6731,2805,3926
227526,4,1466,611,855
227526,5,5265,2194,3071
227526,12,1552,452,1100
227526,19,449,218,231
227526,20,4816,1976,2840
227526,21,6828,2790,4038
227526,22,6234,2593,3641
227526,23,6234,2593,3641
227526,24,1463,610,853
227526,25,4771,1983,2788
227526,32,594,197,397
227526,39,394,190,204
227526,40,4377,1793,2584
227526,41,1455,467,988
227526,42,497,212,285
227526,43,497,212,285
227526,44,3,1,2
227526,45,494,211,283
227526,52,958,255,703
227526,59,55,28,27
227526,60,439,183,256
227687,1,1893,812,1081
227687,2,1893,812,1081
227687,3,1738,753,985
227687,4,748,358,390
227687,5,990,395,595
227687,11,155,59,96
227687,19,212,91,121
227687,20,778,304,474
227687,21,982,425,557
227687,22,982,425,557
227687,23,924,406,518
227687,24,369,190,179
227687,25,555,216,339
227687,31,58,19,39
227687,39,147,65,82
227687,40,408,151,257
227687,41,911,387,524
227687,42,911,387,524
227687,43,814,347,467
227687,44,379,168,211
227687,45,435,179,256
227687,51,97,40,57
227687,59,65,26,39
227687,60,370,153,217
227748,1,251,232,19
227748,2,251,232,19
227748,3,251,232,19
227748,4,37,33,4
227748,5,214,199,15
227748,20,214,199,15
227748,21,246,227,19
227748,22,246,227,19
227748,23,246,227,19
227748,24,36,32,4
227748,25,210,195,15
227748,40,210,195,15
227748,41,5,5,0
227748,42,5,5,0
227748,43,5,5,0
227748,44,1,1,0
227748,45,4,4,0
227748,60,4,4,0
227757,1,6628,3743,2885
227757,2,3965,2041,1924
227757,3,3920,2010,1910
227757,4,976,511,465
227757,5,2944,1499,1445
227757,11,45,31,14
227757,12,2663,1702,961
227757,19,57,34,23
227757,20,2887,1465,1422
227757,21,6356,3597,2759
227757,22,3904,1995,1909
227757,23,3867,1969,1898
227757,24,976,511,465
227757,25,2891,1458,1433
227757,31,37,26,11
227757,32,2452,1602,850
227757,39,57,34,23
227757,40,2834,1424,1410
227757,41,272,146,126
227757,42,61,46,15
227757,43,53,41,12
227757,45,53,41,12
227757,51,8,5,3
227757,52,211,100,111
227757,60,53,41,12
227766,1,19287,8675,10612
227766,2,19287,8675,10612
227766,3,15979,7173,8806
227766,4,2411,1217,1194
227766,5,13568,5956,7612
227766,11,3308,1502,1806
227766,19,1106,495,611
227766,20,12462,5461,7001
227766,21,4613,2362,2251
227766,22,4613,2362,2251
227766,23,4099,2093,2006
227766,24,982,515,467
227766,25,3117,1578,1539
227766,31,514,269,245
227766,39,256,141,115
227766,40,2861,1437,1424
227766,41,14674,6313,8361
227766,42,14674,6313,8361
227766,43,11880,5080,6800
227766,44,1429,702,727
227766,45,10451,4378,6073
227766,51,2794,1233,1561
227766,59,850,354,496
227766,60,9601,4024,5577
227836,1,540,147,393
227836,2,540,147,393
227836,3,538,147,391
227836,4,152,34,118
227836,5,386,113,273
227836,11,2,0,2
227836,19,14,6,8
227836,20,372,107,265
227836,21,540,147,393
227836,22,540,147,393
227836,23,538,147,391
227836,24,152,34,118
227836,25,386,113,273
227836,31,2,0,2
227836,39,14,6,8
227836,40,372,107,265
227845,1,4861,1886,2975
227845,2,4089,1604,2485
227845,3,4077,1601,2476
227845,4,791,311,480
227845,5,3286,1290,1996
227845,11,12,3,9
227845,12,772,282,490
227845,19,310,119,191
227845,20,2976,1171,1805
227845,21,3651,1444,2207
227845,22,3442,1357,2085
227845,23,3441,1356,2085
227845,24,791,311,480
227845,25,2650,1045,1605
227845,31,1,1,0
227845,32,209,87,122
227845,39,251,100,151
227845,40,2399,945,1454
227845,41,1210,442,768
227845,42,647,247,400
227845,43,636,245,391
227845,45,636,245,391
227845,51,11,2,9
227845,52,563,195,368
227845,59,59,19,40
227845,60,577,226,351
227854,1,10238,4540,5698
227854,2,10238,4540,5698
227854,3,7898,3424,4474
227854,4,1130,595,535
227854,5,6768,2829,3939
227854,11,2340,1116,1224
227854,19,612,266,346
227854,20,6156,2563,3593
227854,21,1769,883,886
227854,22,1769,883,886
227854,23,1591,783,808
227854,24,481,246,235
227854,25,1110,537,573
227854,31,178,100,78
227854,39,92,50,42
227854,40,1018,487,531
227854,41,8469,3657,4812
227854,42,8469,3657,4812
227854,43,6307,2641,3666
227854,44,649,349,300
227854,45,5658,2292,3366
227854,51,2162,1016,1146
227854,59,520,216,304
227854,60,5138,2076,3062
227863,1,3525,1140,2385
227863,2,1572,593,979
227863,3,1529,576,953
227863,4,237,84,153
227863,5,1292,492,800
227863,11,43,17,26
227863,12,1953,547,1406
227863,19,183,70,113
227863,20,1109,422,687
227863,21,1623,650,973
227863,22,1269,443,826
227863,23,1256,439,817
227863,24,233,83,150
227863,25,1023,356,667
227863,31,13,4,9
227863,32,354,207,147
227863,39,165,61,104
227863,40,858,295,563
227863,41,1902,490,1412
227863,42,303,150,153
227863,43,273,137,136
227863,44,4,1,3
227863,45,269,136,133
227863,51,30,13,17
227863,52,1599,340,1259
227863,59,18,9,9
227863,60,251,127,124
227881,1,19210,7667,11543
227881,2,16255,6682,9573
227881,3,16255,6682,9573
227881,4,2452,925,1527
227881,5,13803,5757,8046
227881,12,2955,985,1970
227881,19,2406,1012,1394
227881,20,11397,4745,6652
227881,21,14132,5838,8294
227881,22,13359,5550,7809
227881,23,13359,5550,7809
227881,24,2375,892,1483
227881,25,10984,4658,6326
227881,32,773,288,485
227881,39,1812,801,1011
227881,40,9172,3857,5315
227881,41,5078,1829,3249
227881,42,2896,1132,1764
227881,43,2896,1132,1764
227881,44,77,33,44
227881,45,2819,1099,1720
227881,52,2182,697,1485
227881,59,594,211,383
227881,60,2225,888,1337
227924,1,23004,9366,13638
227924,2,23004,9366,13638
227924,3,19524,7958,11566
227924,4,3337,1446,1891
227924,5,16187,6512,9675
227924,11,3480,1408,2072
227924,19,1615,670,945
227924,20,14572,5842,8730
227924,21,5672,2509,3163
227924,22,5672,2509,3163
227924,23,5226,2325,2901
227924,24,1415,608,807
227924,25,3811,1717,2094
227924,31,446,184,262
227924,39,354,157,197
227924,40,3457,1560,1897
227924,41,17332,6857,10475
227924,42,17332,6857,10475
227924,43,14298,5633,8665
227924,44,1922,838,1084
227924,45,12376,4795,7581
227924,51,3034,1224,1810
227924,59,1261,513,748
227924,60,11115,4282,6833
227979,1,28385,12368,16017
227979,2,28385,12368,16017
227979,3,24775,10767,14008
227979,4,5576,2631,2945
227979,5,19199,8136,11063
227979,11,3610,1601,2009
227979,19,1563,676,887
227979,20,17636,7460,10176
227979,21,7656,3526,4130
227979,22,7656,3526,4130
227979,23,7196,3307,3889
227979,24,2668,1210,1458
227979,25,4528,2097,2431
227979,31,460,219,241
227979,39,467,200,267
227979,40,4061,1897,2164
227979,41,20729,8842,11887
227979,42,20729,8842,11887
227979,43,17579,7460,10119
227979,44,2908,1421,1487
227979,45,14671,6039,8632
227979,51,3150,1382,1768
227979,59,1096,476,620
227979,60,13575,5563,8012
228042,1,1136,482,654
228042,2,1065,456,609
228042,3,1051,445,606
228042,4,299,127,172
228042,5,752,318,434
228042,11,14,11,3
228042,12,71,26,45
228042,19,76,41,35
228042,20,676,277,399
228042,21,1095,465,630
228042,22,1029,440,589
228042,23,1029,440,589
228042,24,299,127,172
228042,25,730,313,417
228042,32,66,25,41
228042,39,71,39,32
228042,40,659,274,385
228042,41,41,17,24
228042,42,36,16,20
228042,43,22,5,17
228042,45,22,5,17
228042,51,14,11,3
228042,52,5,1,4
228042,59,5,2,3
228042,60,17,3,14
228088,1,48,5,43
228088,2,48,5,43
228088,3,48,5,43
228088,4,23,1,22
228088,5,25,4,21
228088,20,25,4,21
228088,21,48,5,43
228088,22,48,5,43
228088,23,48,5,43
228088,24,23,1,22
228088,25,25,4,21
228088,40,25,4,21
228149,1,3868,1827,2041
228149,2,2393,1050,1343
228149,3,2390,1047,1343
228149,4,596,257,339
228149,5,1794,790,1004
228149,11,3,3,0
228149,12,1475,777,698
228149,19,124,71,53
228149,20,1670,719,951
228149,21,3279,1528,1751
228149,22,2286,1001,1285
228149,23,2283,998,1285
228149,24,596,257,339
228149,25,1687,741,946
228149,31,3,3,0
228149,32,993,527,466
228149,39,107,61,46
228149,40,1580,680,900
228149,41,589,299,290
228149,42,107,49,58
228149,43,107,49,58
228149,45,107,49,58
228149,52,482,250,232
228149,59,17,10,7
228149,60,90,39,51
228158,1,9559,4298,5261
228158,2,9559,4298,5261
228158,3,7765,3548,4217
228158,4,1485,730,755
228158,5,6280,2818,3462
228158,11,1794,750,1044
228158,19,808,424,384
228158,20,5472,2394,3078
228158,21,4678,2268,2410
228158,22,4678,2268,2410
228158,23,4655,2256,2399
228158,24,1192,593,599
228158,25,3463,1663,1800
228158,31,23,12,11
228158,39,495,275,220
228158,40,2968,1388,1580
228158,41,4881,2030,2851
228158,42,4881,2030,2851
228158,43,3110,1292,1818
228158,44,293,137,156
228158,45,2817,1155,1662
228158,51,1771,738,1033
228158,59,313,149,164
228158,60,2504,1006,1498
228185,1,42,33,9
228185,2,42,33,9
228185,3,42,33,9
228185,4,34,27,7
228185,5,8,6,2
228185,20,8,6,2
228185,21,39,30,9
228185,22,39,30,9
228185,23,39,30,9
228185,24,32,25,7
228185,25,7,5,2
228185,40,7,5,2
228185,41,3,3,0
228185,42,3,3,0
228185,43,3,3,0
228185,44,2,2,0
228185,45,1,1,0
228185,60,1,1,0
228194,1,1197,673,524
228194,12,1197,673,524
228194,21,933,516,417
228194,32,933,516,417
228194,41,264,157,107
228194,52,264,157,107
228200,1,316,121,195
228200,2,316,121,195
228200,3,316,121,195
228200,4,109,41,68
228200,5,207,80,127
228200,20,207,80,127
228200,21,316,121,195
228200,22,316,121,195
228200,23,316,121,195
228200,24,109,41,68
228200,25,207,80,127
228200,40,207,80,127
228219,1,351,80,271
228219,2,351,80,271
228219,3,351,80,271
228219,4,83,21,62
228219,5,268,59,209
228219,20,268,59,209
228219,21,351,80,271
228219,22,351,80,271
228219,23,351,80,271
228219,24,83,21,62
228219,25,268,59,209
228219,40,268,59,209
228246,1,10929,5811,5118
228246,2,6357,3137,3220
228246,3,6295,3112,3183
228246,4,1431,694,737
228246,5,4864,2418,2446
228246,11,62,25,37
228246,12,4572,2674,1898
228246,19,337,165,172
228246,20,4527,2253,2274
228246,21,8541,4519,4022
228246,22,6119,3019,3100
228246,23,6116,3018,3098
228246,24,1428,692,736
228246,25,4688,2326,2362
228246,31,3,1,2
228246,32,2422,1500,922
228246,39,328,163,165
228246,40,4360,2163,2197
228246,41,2388,1292,1096
228246,42,238,118,120
228246,43,179,94,85
228246,44,3,2,1
228246,45,176,92,84
228246,51,59,24,35
228246,52,2150,1174,976
228246,59,9,2,7
228246,60,167,90,77
228282,1,230,14,216
228282,2,230,14,216
228282,3,230,14,216
228282,4,123,6,117
228282,5,107,8,99
228282,20,107,8,99
228282,21,230,14,216
228282,22,230,14,216
228282,23,230,14,216
228282,24,123,6,117
228282,25,107,8,99
228282,40,107,8,99
228291,1,10,10,0
228291,2,10,10,0
228291,3,10,10,0
228291,4,4,4,0
228291,5,6,6,0
228291,20,6,6,0
228291,21,10,10,0
228291,22,10,10,0
228291,23,10,10,0
228291,24,4,4,0
228291,25,6,6,0
228291,40,6,6,0
228316,1,5410,2234,3176
228316,2,5410,2234,3176
228316,3,3872,1581,2291
228316,4,781,401,380
228316,5,3091,1180,1911
228316,11,1538,653,885
228316,19,106,56,50
228316,20,2985,1124,1861
228316,21,2039,916,1123
228316,22,2039,916,1123
228316,23,1965,866,1099
228316,24,514,290,224
228316,25,1451,576,875
228316,31,74,50,24
228316,39,43,22,21
228316,40,1408,554,854
228316,41,3371,1318,2053
228316,42,3371,1318,2053
228316,43,1907,715,1192
228316,44,267,111,156
228316,45,1640,604,1036
228316,51,1464,603,861
228316,59,63,34,29
228316,60,1577,570,1007
228325,1,2012,981,1031
228325,2,1700,821,879
228325,3,1669,809,860
228325,4,345,178,167
228325,5,1324,631,693
228325,11,31,12,19
228325,12,312,160,152
228325,19,220,111,109
228325,20,1104,520,584
228325,21,1488,727,761
228325,22,1434,695,739
228325,23,1434,695,739
228325,24,330,167,163
228325,25,1104,528,576
228325,32,54,32,22
228325,39,191,99,92
228325,40,913,429,484
228325,41,524,254,270
228325,42,266,126,140
228325,43,235,114,121
228325,44,15,11,4
228325,45,220,103,117
228325,51,31,12,19
228325,52,258,128,130
228325,59,29,12,17
228325,60,191,91,100
228343,1,1535,655,880
228343,2,1535,655,880
228343,3,1528,653,875
228343,4,491,226,265
228343,5,1037,427,610
228343,11,7,2,5
228343,19,62,31,31
228343,20,975,396,579
228343,21,1519,652,867
228343,22,1519,652,867
228343,23,1513,650,863
228343,24,491,226,265
228343,25,1022,424,598
228343,31,6,2,4
228343,39,61,31,30
228343,40,961,393,568
228343,41,16,3,13
228343,42,16,3,13
228343,43,15,3,12
228343,45,15,3,12
228343,51,1,0,1
228343,59,1,0,1
228343,60,14,3,11
228431,1,12772,4612,8160
228431,2,11006,4056,6950
228431,3,10715,3929,6786
228431,4,2253,809,1444
228431,5,8462,3120,5342
228431,11,291,127,164
228431,12,1766,556,1210
228431,19,867,349,518
228431,20,7595,2771,4824
228431,21,9895,3613,6282
228431,22,9333,3436,5897
228431,23,9325,3435,5890
228431,24,2227,801,1426
228431,25,7098,2634,4464
228431,31,8,1,7
228431,32,562,177,385
228431,39,746,303,443
228431,40,6352,2331,4021
228431,41,2877,999,1878
228431,42,1673,620,1053
228431,43,1390,494,896
228431,44,26,8,18
228431,45,1364,486,878
228431,51,283,126,157
228431,52,1204,379,825
228431,59,121,46,75
228431,60,1243,440,803
228459,1,35546,15478,20068
228459,2,31005,13758,17247
228459,3,31005,13758,17247
228459,4,5365,2110,3255
228459,5,25640,11648,13992
228459,12,4541,1720,2821
228459,19,3735,1749,1986
228459,20,21905,9899,12006
228459,21,28185,12172,16013
228459,22,25683,11207,14476
228459,23,25683,11207,14476
228459,24,5314,2085,3229
228459,25,20369,9122,11247
228459,32,2502,965,1537
228459,39,3098,1441,1657
228459,40,17271,7681,9590
228459,41,7361,3306,4055
228459,42,5322,2551,2771
228459,43,5322,2551,2771
228459,44,51,25,26
228459,45,5271,2526,2745
228459,52,2039,755,1284
228459,59,637,308,329
228459,60,4634,2218,2416
228468,1,808,343,465
228468,2,791,335,456
228468,3,715,305,410
228468,4,167,73,94
228468,5,548,232,316
228468,11,76,30,46
228468,12,17,8,9
228468,19,60,30,30
228468,20,488,202,286
228468,21,651,283,368
228468,22,642,278,364
228468,23,627,272,355
228468,24,167,73,94
228468,25,460,199,261
228468,31,15,6,9
228468,32,9,5,4
228468,39,48,26,22
228468,40,412,173,239
228468,41,157,60,97
228468,42,149,57,92
228468,43,88,33,55
228468,45,88,33,55
228468,51,61,24,37
228468,52,8,3,5
228468,59,12,4,8
228468,60,76,29,47
228486,1,172,90,82
228486,2,172,90,82
228486,3,169,88,81
228486,4,60,29,31
228486,5,109,59,50
228486,11,3,2,1
228486,19,13,9,4
228486,20,96,50,46
228486,21,157,81,76
228486,22,157,81,76
228486,23,155,79,76
228486,24,60,29,31
228486,25,95,50,45
228486,31,2,2,0
228486,39,13,9,4
228486,40,82,41,41
228486,41,15,9,6
228486,42,15,9,6
228486,43,14,9,5
228486,45,14,9,5
228486,51,1,0,1
228486,60,14,9,5
228501,1,2842,1185,1657
228501,2,2003,880,1123
228501,3,2000,877,1123
228501,4,305,174,131
228501,5,1695,703,992
228501,11,3,3,0
228501,12,839,305,534
228501,19,310,136,174
228501,20,1385,567,818
228501,21,1378,697,681
228501,22,1213,623,590
228501,23,1213,623,590
228501,24,301,172,129
228501,25,912,451,461
228501,32,165,74,91
228501,39,156,92,64
228501,40,756,359,397
228501,41,1464,488,976
228501,42,790,257,533
228501,43,787,254,533
228501,44,4,2,2
228501,45,783,252,531
228501,51,3,3,0
228501,52,674,231,443
228501,59,154,44,110
228501,60,629,208,421
228529,1,13307,5193,8114
228529,2,11348,4507,6841
228529,3,11328,4502,6826
228529,4,1827,726,1101
228529,5,9501,3776,5725
228529,11,20,5,15
228529,12,1959,686,1273
228529,19,1742,666,1076
228529,20,7759,3110,4649
228529,21,8278,3314,4964
228529,22,7842,3149,4693
228529,23,7840,3148,4692
228529,24,1698,701,997
228529,25,6142,2447,3695
228529,31,2,1,1
228529,32,436,165,271
228529,39,908,358,550
228529,40,5234,2089,3145
228529,41,5029,1879,3150
228529,42,3506,1358,2148
228529,43,3488,1354,2134
228529,44,129,25,104
228529,45,3359,1329,2030
228529,51,18,4,14
228529,52,1523,521,1002
228529,59,834,308,526
228529,60,2525,1021,1504
228547,1,50771,21162,29609
228547,2,50771,21162,29609
228547,3,43464,18050,25414
228547,4,8384,3833,4551
228547,5,35080,14217,20863
228547,11,7307,3112,4195
228547,19,2349,1020,1329
228547,20,32731,13197,19534
228547,21,17420,7743,9677
228547,22,17420,7743,9677
228547,23,16428,7269,9159
228547,24,4495,2084,2411
228547,25,11933,5185,6748
228547,31,992,474,518
228547,39,942,412,530
228547,40,10991,4773,6218
228547,41,33351,13419,19932
228547,42,33351,13419,19932
228547,43,27036,10781,16255
228547,44,3889,1749,2140
228547,45,23147,9032,14115
228547,51,6315,2638,3677
228547,59,1407,608,799
228547,60,21740,8424,13316
228608,1,5506,1900,3606
228608,2,5506,1900,3606
228608,3,5292,1840,3452
228608,4,671,287,384
228608,5,4621,1553,3068
228608,11,214,60,154
228608,19,344,116,228
228608,20,4277,1437,2840
228608,21,1821,723,1098
228608,22,1821,723,1098
228608,23,1769,713,1056
228608,24,358,166,192
228608,25,1411,547,864
228608,31,52,10,42
228608,39,103,48,55
228608,40,1308,499,809
228608,41,3685,1177,2508
228608,42,3685,1177,2508
228608,43,3523,1127,2396
228608,44,313,121,192
228608,45,3210,1006,2204
228608,51,162,50,112
228608,59,241,68,173
228608,60,2969,938,2031
228635,1,2374,1212,1162
228635,2,10,5,5
228635,3,10,5,5
228635,5,10,5,5
228635,12,2364,1207,1157
228635,19,6,2,4
228635,20,4,3,1
228635,21,1768,832,936
228635,22,10,5,5
228635,23,10,5,5
228635,25,10,5,5
228635,32,1758,827,931
228635,39,6,2,4
228635,40,4,3,1
228635,41,606,380,226
228635,52,606,380,226
228644,1,3148,1186,1962
228644,2,793,182,611
228644,3,793,182,611
228644,5,793,182,611
228644,12,2355,1004,1351
228644,19,259,72,187
228644,20,534,110,424
228644,21,2802,1084,1718
228644,22,739,159,580
228644,23,739,159,580
228644,25,739,159,580
228644,32,2063,925,1138
228644,39,245,65,180
228644,40,494,94,400
228644,41,346,102,244
228644,42,54,23,31
228644,43,54,23,31
228644,45,54,23,31
228644,52,292,79,213
228644,59,14,7,7
228644,60,40,16,24
228653,1,3112,995,2117
228653,2,725,158,567
228653,3,725,158,567
228653,5,725,158,567
228653,12,2387,837,1550
228653,19,273,60,213
228653,20,452,98,354
228653,21,2349,819,1530
228653,22,599,117,482
228653,23,599,117,482
228653,25,599,117,482
228653,32,1750,702,1048
228653,39,228,47,181
228653,40,371,70,301
228653,41,763,176,587
228653,42,126,41,85
228653,43,126,41,85
228653,45,126,41,85
228653,52,637,135,502
228653,59,45,13,32
228653,60,81,28,53
228680,1,3988,3132,856
228680,2,3988,3132,856
228680,3,3699,2934,765
228680,4,900,766,134
228680,5,2799,2168,631
228680,11,289,198,91
228680,19,1268,942,326
228680,20,1531,1226,305
228680,21,2846,2271,575
228680,22,2846,2271,575
228680,23,2832,2264,568
228680,24,787,673,114
228680,25,2045,1591,454
228680,31,14,7,7
228680,39,927,688,239
228680,40,1118,903,215
228680,41,1142,861,281
228680,42,1142,861,281
228680,43,867,670,197
228680,44,113,93,20
228680,45,754,577,177
228680,51,275,191,84
228680,59,341,254,87
228680,60,413,323,90
228699,1,4233,1606,2627
228699,2,4233,1606,2627
228699,3,2884,996,1888
228699,4,676,276,400
228699,5,2208,720,1488
228699,11,1349,610,739
228699,19,369,126,243
228699,20,1839,594,1245
228699,21,1661,615,1046
228699,22,1661,615,1046
228699,23,1537,568,969
228699,24,457,189,268
228699,25,1080,379,701
228699,31,124,47,77
228699,39,195,79,116
228699,40,885,300,585
228699,41,2572,991,1581
228699,42,2572,991,1581
228699,43,1347,428,919
228699,44,219,87,132
228699,45,1128,341,787
228699,51,1225,563,662
228699,59,174,47,127
228699,60,954,294,660
228705,1,12229,5565,6664
228705,2,9430,4296,5134
228705,3,9400,4273,5127
228705,4,1270,731,539
228705,5,8130,3542,4588
228705,11,30,23,7
228705,12,2799,1269,1530
228705,19,1510,600,910
228705,20,6620,2942,3678
228705,21,7665,3785,3880
228705,22,6416,3106,3310
228705,23,6415,3106,3309
228705,24,1216,699,517
228705,25,5199,2407,2792
228705,31,1,0,1
228705,32,1249,679,570
228705,39,962,384,578
228705,40,4237,2023,2214
228705,41,4564,1780,2784
228705,42,3014,1190,1824
228705,43,2985,1167,1818
228705,44,54,32,22
228705,45,2931,1135,1796
228705,51,29,23,6
228705,52,1550,590,960
228705,59,548,216,332
228705,60,2383,919,1464
228723,1,55697,29610,26087
228723,2,44072,23005,21067
228723,3,43931,22923,21008
228723,4,10241,5066,5175
228723,5,33690,17857,15833
228723,11,141,82,59
228723,12,11625,6605,5020
228723,19,2309,1230,1079
228723,20,31381,16627,14754
228723,21,48780,25966,22814
228723,22,39641,20619,19022
228723,23,39535,20552,18983
228723,24,9030,4444,4586
228723,25,30505,16108,14397
228723,31,106,67,39
228723,32,9139,5347,3792
228723,39,2224,1183,1041
228723,40,28281,14925,13356
228723,41,6917,3644,3273
228723,42,4431,2386,2045
228723,43,4396,2371,2025
228723,44,1211,622,589
228723,45,3185,1749,1436
228723,51,35,15,20
228723,52,2486,1258,1228
228723,59,85,47,38
228723,60,3100,1702,1398
228769,1,33329,14687,18642
228769,2,25690,11309,14381
228769,3,25415,11176,14239
228769,4,2713,1335,1378
228769,5,22702,9841,12861
228769,11,275,133,142
228769,12,7639,3378,4261
228769,19,3812,1613,2199
228769,20,18890,8228,10662
228769,21,19318,9522,9796
228769,22,15938,7634,8304
228769,23,15907,7621,8286
228769,24,2624,1286,1338
228769,25,13283,6335,6948
228769,31,31,13,18
228769,32,3380,1888,1492
228769,39,2111,990,1121
228769,40,11172,5345,5827
228769,41,14011,5165,8846
228769,42,9752,3675,6077
228769,43,9508,3555,5953
228769,44,89,49,40
228769,45,9419,3506,5913
228769,51,244,120,124
228769,52,4259,1490,2769
228769,59,1701,623,1078
228769,60,7718,2883,4835
228778,1,52059,25651,26408
228778,2,39979,19298,20681
228778,3,39323,18952,20371
228778,4,7249,3190,4059
228778,5,32074,15762,16312
228778,11,656,346,310
228778,12,12080,6353,5727
228778,19,2597,1368,1229
228778,20,29477,14394,15083
228778,21,47741,23355,24386
228778,22,36899,17645,19254
228778,23,36597,17478,19119
228778,24,7118,3125,3993
228778,25,29479,14353,15126
228778,31,302,167,135
228778,32,10842,5710,5132
228778,39,2461,1292,1169
228778,40,27018,13061,13957
228778,41,4318,2296,2022
228778,42,3080,1653,1427
228778,43,2726,1474,1252
228778,44,131,65,66
228778,45,2595,1409,1186
228778,51,354,179,175
228778,52,1238,643,595
228778,59,136,76,60
228778,60,2459,1333,1126
228787,1,21193,11955,9238
228787,2,13049,7426,5623
228787,3,13042,7422,5620
228787,4,2233,1316,917
228787,5,10809,6106,4703
228787,11,7,4,3
228787,12,8144,4529,3615
228787,19,1886,1001,885
228787,20,8923,5105,3818
228787,21,16006,8998,7008
228787,22,10635,6069,4566
228787,23,10629,6066,4563
228787,24,2193,1292,901
228787,25,8436,4774,3662
228787,31,6,3,3
228787,32,5371,2929,2442
228787,39,1375,727,648
228787,40,7061,4047,3014
228787,41,5187,2957,2230
228787,42,2414,1357,1057
228787,43,2413,1356,1057
228787,44,40,24,16
228787,45,2373,1332,1041
228787,51,1,1,0
228787,52,2773,1600,1173
228787,59,511,274,237
228787,60,1862,1058,804
228796,1,23003,10608,12395
228796,2,19696,9116,10580
228796,3,19527,9053,10474
228796,4,3241,1587,1654
228796,5,16286,7466,8820
228796,11,169,63,106
228796,12,3307,1492,1815
228796,19,1877,792,1085
228796,20,14409,6674,7735
228796,21,14241,6815,7426
228796,22,12973,6180,6793
228796,23,12942,6161,6781
228796,24,2961,1437,1524
228796,25,9981,4724,5257
228796,31,31,19,12
228796,32,1268,635,633
228796,39,1044,475,569
228796,40,8937,4249,4688
228796,41,8762,3793,4969
228796,42,6723,2936,3787
228796,43,6585,2892,3693
228796,44,280,150,130
228796,45,6305,2742,3563
228796,51,138,44,94
228796,52,2039,857,1182
228796,59,833,317,516
228796,60,5472,2425,3047
228802,1,7476,3043,4433
228802,2,5591,2387,3204
228802,3,5338,2265,3073
228802,4,707,312,395
228802,5,4631,1953,2678
228802,11,253,122,131
228802,12,1885,656,1229
228802,19,820,346,474
228802,20,3811,1607,2204
228802,21,4711,2054,2657
228802,22,4090,1789,2301
228802,23,4088,1789,2299
228802,24,701,310,391
228802,25,3387,1479,1908
228802,31,2,0,2
228802,32,621,265,356
228802,39,606,280,326
228802,40,2781,1199,1582
228802,41,2765,989,1776
228802,42,1501,598,903
228802,43,1250,476,774
228802,44,6,2,4
228802,45,1244,474,770
228802,51,251,122,129
228802,52,1264,391,873
228802,59,214,66,148
228802,60,1030,408,622
228866,1,239,130,109
228866,12,239,130,109
228866,21,227,125,102
228866,32,227,125,102
228866,41,12,5,7
228866,52,12,5,7
228875,1,9925,4077,5848
228875,2,8640,3495,5145
228875,3,8597,3470,5127
228875,4,1936,728,1208
228875,5,6661,2742,3919
228875,11,43,25,18
228875,12,1285,582,703
228875,19,401,158,243
228875,20,6260,2584,3676
228875,21,8936,3604,5332
228875,22,8326,3338,4988
228875,23,8309,3329,4980
228875,24,1935,728,1207
228875,25,6374,2601,3773
228875,31,17,9,8
228875,32,610,266,344
228875,39,391,155,236
228875,40,5983,2446,3537
228875,41,989,473,516
228875,42,314,157,157
228875,43,288,141,147
228875,44,1,0,1
228875,45,287,141,146
228875,51,26,16,10
228875,52,675,316,359
228875,59,10,3,7
228875,60,277,138,139
228884,1,971,591,380
228884,2,971,591,380
228884,3,945,575,370
228884,4,242,166,76
228884,5,703,409,294
228884,11,26,16,10
228884,19,172,107,65
228884,20,531,302,229
228884,21,931,567,364
228884,22,931,567,364
228884,23,931,567,364
228884,24,242,166,76
228884,25,689,401,288
228884,39,169,106,63
228884,40,520,295,225
228884,41,40,24,16
228884,42,40,24,16
228884,43,14,8,6
228884,45,14,8,6
228884,51,26,16,10
228884,59,3,1,2
228884,60,11,7,4
228909,1,2142,893,1249
228909,12,2142,893,1249
228909,21,1947,836,1111
228909,32,1947,836,1111
228909,41,195,57,138
228909,52,195,57,138
228981,1,1341,651,690
228981,2,1329,643,686
228981,3,1295,629,666
228981,4,346,190,156
228981,5,949,439,510
228981,11,34,14,20
228981,12,12,8,4
228981,19,60,29,31
228981,20,889,410,479
228981,21,1268,615,653
228981,22,1258,609,649
228981,23,1258,609,649
228981,24,346,190,156
228981,25,912,419,493
228981,32,10,6,4
228981,39,59,29,30
228981,40,853,390,463
228981,41,73,36,37
228981,42,71,34,37
228981,43,37,20,17
228981,45,37,20,17
228981,51,34,14,20
228981,52,2,2,0
228981,59,1,0,1
228981,60,36,20,16
229018,1,5131,2063,3068
229018,2,4246,1739,2507
229018,3,2947,1226,1721
229018,4,332,151,181
229018,5,2615,1075,1540
229018,11,1299,513,786
229018,12,885,324,561
229018,19,514,208,306
229018,20,2101,867,1234
229018,21,2124,932,1192
229018,22,1924,831,1093
229018,23,1907,829,1078
229018,24,314,140,174
229018,25,1593,689,904
229018,31,17,2,15
229018,32,200,101,99
229018,39,305,130,175
229018,40,1288,559,729
229018,41,3007,1131,1876
229018,42,2322,908,1414
229018,43,1040,397,643
229018,44,18,11,7
229018,45,1022,386,636
229018,51,1282,511,771
229018,52,685,223,462
229018,59,209,78,131
229018,60,813,308,505
229027,1,28623,14723,13900
229027,2,24342,12814,11528
229027,3,23840,12542,11298
229027,4,3593,1663,1930
229027,5,20247,10879,9368
229027,11,502,272,230
229027,12,4281,1909,2372
229027,19,2134,1110,1024
229027,20,18113,9769,8344
229027,21,21943,11387,10556
229027,22,20033,10455,9578
229027,23,19890,10371,9519
229027,24,3559,1644,1915
229027,25,16331,8727,7604
229027,31,143,84,59
229027,32,1910,932,978
229027,39,1718,897,821
229027,40,14613,7830,6783
229027,41,6680,3336,3344
229027,42,4309,2359,1950
229027,43,3950,2171,1779
229027,44,34,19,15
229027,45,3916,2152,1764
229027,51,359,188,171
229027,52,2371,977,1394
229027,59,416,213,203
229027,60,3500,1939,1561
229036,1,436,34,402
229036,2,436,34,402
229036,3,418,34,384
229036,4,103,4,99
229036,5,315,30,285
229036,11,18,0,18
229036,19,37,3,34
229036,20,278,27,251
229036,21,436,34,402
229036,22,436,34,402
229036,23,418,34,384
229036,24,103,4,99
229036,25,315,30,285
229036,31,18,0,18
229036,39,37,3,34
229036,40,278,27,251
229063,1,8703,3553,5150
229063,2,6288,2580,3708
229063,3,6288,2580,3708
229063,4,1109,420,689
229063,5,5179,2160,3019
229063,12,2415,973,1442
229063,19,703,262,441
229063,20,4476,1898,2578
229063,21,6936,2900,4036
229063,22,5321,2227,3094
229063,23,5321,2227,3094
229063,24,1057,398,659
229063,25,4264,1829,2435
229063,32,1615,673,942
229063,39,537,214,323
229063,40,3727,1615,2112
229063,41,1767,653,1114
229063,42,967,353,614
229063,43,967,353,614
229063,44,52,22,30
229063,45,915,331,584
229063,52,800,300,500
229063,59,166,48,118
229063,60,749,283,466
229115,1,33111,18057,15054
229115,2,27044,15054,11990
229115,3,26809,14937,11872
229115,4,4785,2508,2277
229115,5,22024,12429,9595
229115,11,235,117,118
229115,12,6067,3003,3064
229115,19,2642,1500,1142
229115,20,19382,10929,8453
229115,21,28287,15554,12733
229115,22,24338,13471,10867
229115,23,24302,13449,10853
229115,24,4725,2471,2254
229115,25,19577,10978,8599
229115,31,36,22,14
229115,32,3949,2083,1866
229115,39,2428,1388,1040
229115,40,17149,9590,7559
229115,41,4824,2503,2321
229115,42,2706,1583,1123
229115,43,2507,1488,1019
229115,44,60,37,23
229115,45,2447,1451,996
229115,51,199,95,104
229115,52,2118,920,1198
229115,59,214,112,102
229115,60,2233,1339,894
229151,1,55,48,7
229151,2,55,48,7
229151,3,55,48,7
229151,4,15,15,0
229151,5,40,33,7
229151,20,40,33,7
229151,21,55,48,7
229151,22,55,48,7
229151,23,55,48,7
229151,24,15,15,0
229151,25,40,33,7
229151,40,40,33,7
229160,1,2397,1101,1296
229160,2,1724,852,872
229160,3,1719,850,869
229160,4,273,149,124
229160,5,1446,701,745
229160,11,5,2,3
229160,12,673,249,424
229160,19,300,107,193
229160,20,1146,594,552
229160,21,1904,953,951
229160,22,1429,748,681
229160,23,1429,748,681
229160,24,266,143,123
229160,25,1163,605,558
229160,32,475,205,270
229160,39,221,81,140
229160,40,942,524,418
229160,41,493,148,345
229160,42,295,104,191
229160,43,290,102,188
229160,44,7,6,1
229160,45,283,96,187
229160,51,5,2,3
229160,52,198,44,154
229160,59,79,26,53
229160,60,204,70,134
229179,1,15058,1673,13385
229179,2,9515,1007,8508
229179,3,9220,910,8310
229179,4,1169,90,1079
229179,5,8051,820,7231
229179,11,295,97,198
229179,12,5543,666,4877
229179,19,1348,163,1185
229179,20,6703,657,6046
229179,21,8428,854,7574
229179,22,6722,657,6065
229179,23,6721,657,6064
229179,24,1155,89,1066
229179,25,5566,568,4998
229179,31,1,0,1
229179,32,1706,197,1509
229179,39,894,106,788
229179,40,4672,462,4210
229179,41,6630,819,5811
229179,42,2793,350,2443
229179,43,2499,253,2246
229179,44,14,1,13
229179,45,2485,252,2233
229179,51,294,97,197
229179,52,3837,469,3368
229179,59,454,57,397
229179,60,2031,195,1836
229267,1,2358,1096,1262
229267,2,2161,1032,1129
229267,3,2127,1021,1106
229267,4,534,259,275
229267,5,1593,762,831
229267,11,34,11,23
229267,12,197,64,133
229267,19,25,12,13
229267,20,1568,750,818
229267,21,2259,1052,1207
229267,22,2111,1005,1106
229267,23,2104,1004,1100
229267,24,534,259,275
229267,25,1570,745,825
229267,31,7,1,6
229267,32,148,47,101
229267,39,25,12,13
229267,40,1545,733,812
229267,41,99,44,55
229267,42,50,27,23
229267,43,23,17,6
229267,45,23,17,6
229267,51,27,10,17
229267,52,49,17,32
229267,60,23,17,6
229300,1,4615,1643,2972
229300,2,701,117,584
229300,3,701,117,584
229300,5,701,117,584
229300,12,3914,1526,2388
229300,19,112,12,100
229300,20,589,105,484
229300,21,3291,1277,2014
229300,22,577,92,485
229300,23,577,92,485
229300,25,577,92,485
229300,32,2714,1185,1529
229300,39,106,12,94
229300,40,471,80,391
229300,41,1324,366,958
229300,42,124,25,99
229300,43,124,25,99
229300,45,124,25,99
229300,52,1200,341,859
229300,59,6,0,6
229300,60,118,25,93
229319,1,5332,2590,2742
229319,2,5332,2590,2742
229319,3,3241,1609,1632
229319,4,766,421,345
229319,5,2475,1188,1287
229319,11,2091,981,1110
229319,19,304,156,148
229319,20,2171,1032,1139
229319,21,2321,1266,1055
229319,22,2321,1266,1055
229319,23,1642,911,731
229319,24,493,283,210
229319,25,1149,628,521
229319,31,679,355,324
229319,39,163,89,74
229319,40,986,539,447
229319,41,3011,1324,1687
229319,42,3011,1324,1687
229319,43,1599,698,901
229319,44,273,138,135
229319,45,1326,560,766
229319,51,1412,626,786
229319,59,141,67,74
229319,60,1185,493,692
229328,1,1281,700,581
229328,2,1281,700,581
229328,3,930,517,413
229328,4,350,238,112
229328,5,580,279,301
229328,11,351,183,168
229328,19,158,76,82
229328,20,422,203,219
229328,21,642,372,270
229328,22,642,372,270
229328,23,460,269,191
229328,24,159,117,42
229328,25,301,152,149
229328,31,182,103,79
229328,39,80,47,33
229328,40,221,105,116
229328,41,639,328,311
229328,42,639,328,311
229328,43,470,248,222
229328,44,191,121,70
229328,45,279,127,152
229328,51,169,80,89
229328,59,78,29,49
229328,60,201,98,103
229337,1,4519,1469,3050
229337,2,1346,211,1135
229337,3,1346,211,1135
229337,5,1346,211,1135
229337,12,3173,1258,1915
229337,19,465,71,394
229337,20,881,140,741
229337,21,3545,1188,2357
229337,22,1195,167,1028
229337,23,1195,167,1028
229337,25,1195,167,1028
229337,32,2350,1021,1329
229337,39,378,43,335
229337,40,817,124,693
229337,41,974,281,693
229337,42,151,44,107
229337,43,151,44,107
229337,45,151,44,107
229337,52,823,237,586
229337,59,87,28,59
229337,60,64,16,48
229355,1,11308,4739,6569
229355,2,11308,4739,6569
229355,3,11308,4739,6569
229355,4,2958,1429,1529
229355,5,8350,3310,5040
229355,19,738,316,422
229355,20,7612,2994,4618
229355,21,6200,2813,3387
229355,22,6200,2813,3387
229355,23,6200,2813,3387
229355,24,2452,1190,1262
229355,25,3748,1623,2125
229355,39,429,206,223
229355,40,3319,1417,1902
229355,41,5108,1926,3182
229355,42,5108,1926,3182
229355,43,5108,1926,3182
229355,44,506,239,267
229355,45,4602,1687,2915
229355,59,309,110,199
229355,60,4293,1577,2716
229416,1,2097,2026,71
229416,2,2097,2026,71
229416,3,2097,2026,71
229416,4,556,531,25
229416,5,1541,1495,46
229416,20,1541,1495,46
229416,21,2097,2026,71
229416,22,2097,2026,71
229416,23,2097,2026,71
229416,24,556,531,25
229416,25,1541,1495,46
229416,40,1541,1495,46
229425,1,173,11,162
229425,2,173,11,162
229425,3,173,11,162
229425,4,18,1,17
229425,5,155,10,145
229425,20,155,10,145
229425,21,66,5,61
229425,22,66,5,61
229425,23,66,5,61
229425,24,10,1,9
229425,25,56,4,52
229425,40,56,4,52
229425,41,107,6,101
229425,42,107,6,101
229425,43,107,6,101
229425,44,8,0,8
229425,45,99,6,93
229425,60,99,6,93
229504,1,3084,1115,1969
229504,2,3084,1115,1969
229504,3,2586,911,1675
229504,4,548,228,320
229504,5,2038,683,1355
229504,11,498,204,294
229504,19,230,95,135
229504,20,1808,588,1220
229504,21,1099,414,685
229504,22,1099,414,685
229504,23,1099,414,685
229504,24,336,132,204
229504,25,763,282,481
229504,39,106,50,56
229504,40,657,232,425
229504,41,1985,701,1284
229504,42,1985,701,1284
229504,43,1487,497,990
229504,44,212,96,116
229504,45,1275,401,874
229504,51,498,204,294
229504,59,124,45,79
229504,60,1151,356,795
229522,1,26,1,25
229522,2,26,1,25
229522,3,26,1,25
229522,4,16,1,15
229522,5,10,0,10
229522,20,10,0,10
229522,21,7,0,7
229522,22,7,0,7
229522,23,7,0,7
229522,24,4,0,4
229522,25,3,0,3
229522,40,3,0,3
229522,41,19,1,18
229522,42,19,1,18
229522,43,19,1,18
229522,44,12,1,11
229522,45,7,0,7
229522,60,7,0,7
229540,1,4419,1522,2897
229540,2,4419,1522,2897
229540,3,4176,1449,2727
229540,4,680,289,391
229540,5,3496,1160,2336
229540,11,243,73,170
229540,19,177,64,113
229540,20,3319,1096,2223
229540,21,1385,538,847
229540,22,1385,538,847
229540,23,1321,517,804
229540,24,390,163,227
229540,25,931,354,577
229540,31,64,21,43
229540,39,85,36,49
229540,40,846,318,528
229540,41,3034,984,2050
229540,42,3034,984,2050
229540,43,2855,932,1923
229540,44,290,126,164
229540,45,2565,806,1759
229540,51,179,52,127
229540,59,92,28,64
229540,60,2473,778,1695
229656,1,232,18,214
229656,2,232,18,214
229656,3,232,18,214
229656,4,77,10,67
229656,5,155,8,147
229656,20,155,8,147
229656,21,198,4,194
229656,22,198,4,194
229656,23,198,4,194
229656,24,50,0,50
229656,25,148,4,144
229656,40,148,4,144
229656,41,34,14,20
229656,42,34,14,20
229656,43,34,14,20
229656,44,27,10,17
229656,45,7,4,3
229656,60,7,4,3
229780,1,6222,3086,3136
229780,2,4515,2280,2235
229780,3,4246,2121,2125
229780,4,343,230,113
229780,5,3903,1891,2012
229780,11,269,159,110
229780,12,1707,806,901
229780,19,307,154,153
229780,20,3596,1737,1859
229780,21,1235,668,567
229780,22,1143,624,519
229780,23,1142,624,518
229780,24,315,218,97
229780,25,827,406,421
229780,31,1,0,1
229780,32,92,44,48
229780,39,81,47,34
229780,40,746,359,387
229780,41,4987,2418,2569
229780,42,3372,1656,1716
229780,43,3104,1497,1607
229780,44,28,12,16
229780,45,3076,1485,1591
229780,51,268,159,109
229780,52,1615,762,853
229780,59,226,107,119
229780,60,2850,1378,1472
229799,1,5694,2148,3546
229799,2,5694,2148,3546
229799,3,5549,2084,3465
229799,4,1169,522,647
229799,5,4380,1562,2818
229799,11,145,64,81
229799,19,454,162,292
229799,20,3926,1400,2526
229799,21,2443,964,1479
229799,22,2443,964,1479
229799,23,2425,954,1471
229799,24,859,393,466
229799,25,1566,561,1005
229799,31,18,10,8
229799,39,249,104,145
229799,40,1317,457,860
229799,41,3251,1184,2067
229799,42,3251,1184,2067
229799,43,3124,1130,1994
229799,44,310,129,181
229799,45,2814,1001,1813
229799,51,127,54,73
229799,59,205,58,147
229799,60,2609,943,1666
229814,1,8377,3629,4748
229814,2,6906,3122,3784
229814,3,6890,3115,3775
229814,4,1299,583,716
229814,5,5591,2532,3059
229814,11,16,7,9
229814,12,1471,507,964
229814,19,969,434,535
229814,20,4622,2098,2524
229814,21,6025,2671,3354
229814,22,5523,2487,3036
229814,23,5521,2486,3035
229814,24,1283,574,709
229814,25,4238,1912,2326
229814,31,2,1,1
229814,32,502,184,318
229814,39,670,304,366
229814,40,3568,1608,1960
229814,41,2352,958,1394
229814,42,1383,635,748
229814,43,1369,629,740
229814,44,16,9,7
229814,45,1353,620,733
229814,51,14,6,8
229814,52,969,323,646
229814,59,299,130,169
229814,60,1054,490,564
229832,1,2044,1040,1004
229832,2,2044,1040,1004
229832,3,675,392,283
229832,4,675,392,283
229832,11,1369,648,721
229832,21,608,349,259
229832,22,608,349,259
229832,23,347,197,150
229832,24,347,197,150
229832,31,261,152,109
229832,41,1436,691,745
229832,42,1436,691,745
229832,43,328,195,133
229832,44,328,195,133
229832,51,1108,496,612
229841,1,7386,3174,4212
229841,2,7386,3174,4212
229841,3,6164,2679,3485
229841,4,1633,779,854
229841,5,4531,1900,2631
229841,11,1222,495,727
229841,19,518,211,307
229841,20,4013,1689,2324
229841,21,2803,1403,1400
229841,22,2803,1403,1400
229841,23,2801,1402,1399
229841,24,1162,580,582
229841,25,1639,822,817
229841,31,2,1,1
229841,39,201,108,93
229841,40,1438,714,724
229841,41,4583,1771,2812
229841,42,4583,1771,2812
229841,43,3363,1277,2086
229841,44,471,199,272
229841,45,2892,1078,1814
229841,51,1220,494,726
229841,59,317,103,214
229841,60,2575,975,1600
229887,1,1392,611,781
229887,2,1388,610,778
229887,3,1388,610,778
229887,4,289,145,144
229887,5,1099,465,634
229887,12,4,1,3
229887,19,146,70,76
229887,20,953,395,558
229887,21,1327,588,739
229887,22,1326,588,738
229887,23,1326,588,738
229887,24,286,144,142
229887,25,1040,444,596
229887,32,1,0,1
229887,39,138,67,71
229887,40,902,377,525
229887,41,65,23,42
229887,42,62,22,40
229887,43,62,22,40
229887,44,3,1,2
229887,45,59,21,38
229887,52,3,1,2
229887,59,8,3,5
229887,60,51,18,33
229957,1,156,22,134
229957,2,156,22,134
229957,3,156,22,134
229957,4,32,5,27
229957,5,124,17,107
229957,20,124,17,107
229957,21,156,22,134
229957,22,156,22,134
229957,23,156,22,134
229957,24,32,5,27
229957,25,124,17,107
229957,40,124,17,107
230010,1,593,296,297
230010,2,593,296,297
230010,3,593,296,297
230010,4,126,73,53
230010,5,467,223,244
230010,20,467,223,244
230010,21,295,162,133
230010,22,295,162,133
230010,23,295,162,133
230010,24,60,39,21
230010,25,235,123,112
230010,40,235,123,112
230010,41,298,134,164
230010,42,298,134,164
230010,43,298,134,164
230010,44,66,34,32
230010,45,232,100,132
230010,60,232,100,132
230038,1,31123,16979,14144
230038,2,27765,14957,12808
230038,3,27765,14957,12808
230038,4,4423,1342,3081
230038,5,23342,13615,9727
230038,12,3358,2022,1336
230038,19,789,537,252
230038,20,22553,13078,9475
230038,21,27114,14797,12317
230038,22,25084,13535,11549
230038,23,25084,13535,11549
230038,24,4366,1310,3056
230038,25,20718,12225,8493
230038,32,2030,1262,768
230038,39,719,501,218
230038,40,19999,11724,8275
230038,41,4009,2182,1827
230038,42,2681,1422,1259
230038,43,2681,1422,1259
230038,44,57,32,25
230038,45,2624,1390,1234
230038,52,1328,760,568
230038,59,70,36,34
230038,60,2554,1354,1200
230047,1,2882,1271,1611
230047,2,2882,1271,1611
230047,3,2664,1176,1488
230047,4,515,140,375
230047,5,2149,1036,1113
230047,11,218,95,123
230047,19,176,93,83
230047,20,1973,943,1030
230047,21,2505,1108,1397
230047,22,2505,1108,1397
230047,23,2488,1103,1385
230047,24,510,140,370
230047,25,1978,963,1015
230047,31,17,5,12
230047,39,172,89,83
230047,40,1806,874,932
230047,41,377,163,214
230047,42,377,163,214
230047,43,176,73,103
230047,44,5,0,5
230047,45,171,73,98
230047,51,201,90,111
230047,59,4,4,0
230047,60,167,69,98
230056,1,237,61,176
230056,2,229,59,170
230056,3,221,57,164
230056,4,24,5,19
230056,5,197,52,145
230056,11,8,2,6
230056,12,8,2,6
230056,19,48,16,32
230056,20,149,36,113
230056,21,147,42,105
230056,22,142,41,101
230056,23,140,40,100
230056,24,21,5,16
230056,25,119,35,84
230056,31,2,1,1
230056,32,5,1,4
230056,39,36,12,24
230056,40,83,23,60
230056,41,90,19,71
230056,42,87,18,69
230056,43,81,17,64
230056,44,3,0,3
230056,45,78,17,61
230056,51,6,1,5
230056,52,3,1,2
230056,59,12,4,8
230056,60,66,13,53
230065,1,228,5,223
230065,2,228,5,223
230065,3,228,5,223
230065,4,214,4,210
230065,5,14,1,13
230065,20,14,1,13
230065,21,85,3,82
230065,22,85,3,82
230065,23,85,3,82
230065,24,81,3,78
230065,25,4,0,4
230065,40,4,0,4
230065,41,143,2,141
230065,42,143,2,141
230065,43,143,2,141
230065,44,133,1,132
230065,45,10,1,9
230065,60,10,1,9
230135,1,79,5,74
230135,2,79,5,74
230135,3,79,5,74
230135,4,28,2,26
230135,5,51,3,48
230135,20,51,3,48
230135,21,79,5,74
230135,22,79,5,74
230135,23,79,5,74
230135,24,28,2,26
230135,25,51,3,48
230135,40,51,3,48
230144,1,56,3,53
230144,2,56,3,53
230144,3,56,3,53
230144,4,23,2,21
230144,5,33,1,32
230144,20,33,1,32
230144,21,56,3,53
230144,22,56,3,53
230144,23,56,3,53
230144,24,23,2,21
230144,25,33,1,32
230144,40,33,1,32
230162,1,2769,1544,1225
230162,2,2769,1544,1225
230162,3,1557,861,696
230162,4,497,278,219
230162,5,1060,583,477
230162,11,1212,683,529
230162,20,1060,583,477
230162,21,464,199,265
230162,22,464,199,265
230162,23,429,187,242
230162,24,103,43,60
230162,25,326,144,182
230162,31,35,12,23
230162,40,326,144,182
230162,41,2305,1345,960
230162,42,2305,1345,960
230162,43,1128,674,454
230162,44,394,235,159
230162,45,734,439,295
230162,51,1177,671,506
230162,60,734,439,295
230171,1,8350,3960,4390
230171,2,8350,3960,4390
230171,3,7305,3509,3796
230171,4,1676,719,957
230171,5,5629,2790,2839
230171,11,1045,451,594
230171,19,556,282,274
230171,20,5073,2508,2565
230171,21,5165,2518,2647
230171,22,5165,2518,2647
230171,23,5054,2465,2589
230171,24,1388,564,824
230171,25,3666,1901,1765
230171,31,111,53,58
230171,39,384,209,175
230171,40,3282,1692,1590
230171,41,3185,1442,1743
230171,42,3185,1442,1743
230171,43,2251,1044,1207
230171,44,288,155,133
230171,45,1963,889,1074
230171,51,934,398,536
230171,59,172,73,99
230171,60,1791,816,975
230199,1,33,3,30
230199,2,33,3,30
230199,3,33,3,30
230199,4,24,1,23
230199,5,9,2,7
230199,20,9,2,7
230199,21,33,3,30
230199,22,33,3,30
230199,23,33,3,30
230199,24,24,1,23
230199,25,9,2,7
230199,40,9,2,7
230205,1,50,3,47
230205,2,50,3,47
230205,3,50,3,47
230205,4,17,1,16
230205,5,33,2,31
230205,20,33,2,31
230205,21,45,2,43
230205,22,45,2,43
230205,23,45,2,43
230205,24,15,1,14
230205,25,30,1,29
230205,40,30,1,29
230205,41,5,1,4
230205,42,5,1,4
230205,43,5,1,4
230205,44,2,0,2
230205,45,3,1,2
230205,60,3,1,2
230214,1,265,24,241
230214,2,265,24,241
230214,3,265,24,241
230214,4,48,3,45
230214,5,217,21,196
230214,20,217,21,196
230214,21,157,16,141
230214,22,157,16,141
230214,23,157,16,141
230214,24,33,2,31
230214,25,124,14,110
230214,40,124,14,110
230214,41,108,8,100
230214,42,108,8,100
230214,43,108,8,100
230214,44,15,1,14
230214,45,93,7,86
230214,60,93,7,86
230366,1,290,90,200
230366,2,290,90,200
230366,3,284,89,195
230366,4,94,26,68
230366,5,190,63,127
230366,11,6,1,5
230366,19,6,2,4
230366,20,184,61,123
230366,21,152,59,93
230366,22,152,59,93
230366,23,146,58,88
230366,24,60,20,40
230366,25,86,38,48
230366,31,6,1,5
230366,39,4,1,3
230366,40,82,37,45
230366,41,138,31,107
230366,42,138,31,107
230366,43,138,31,107
230366,44,34,6,28
230366,45,104,25,79
230366,59,2,1,1
230366,60,102,24,78
230384,1,471,410,61
230384,2,471,410,61
230384,3,471,410,61
230384,4,61,56,5
230384,5,410,354,56
230384,19,11,10,1
230384,20,399,344,55
230384,21,341,297,44
230384,22,341,297,44
230384,23,341,297,44
230384,24,53,48,5
230384,25,288,249,39
230384,39,6,6,0
230384,40,282,243,39
230384,41,130,113,17
230384,42,130,113,17
230384,43,130,113,17
230384,44,8,8,0
230384,45,122,105,17
230384,59,5,4,1
230384,60,117,101,16
230418,1,2036,1175,861
230418,2,2036,1175,861
230418,3,1992,1157,835
230418,4,425,222,203
230418,5,1567,935,632
230418,11,44,18,26
230418,19,262,165,97
230418,20,1305,770,535
230418,21,1409,823,586
230418,22,1409,823,586
230418,23,1395,818,577
230418,24,341,170,171
230418,25,1054,648,406
230418,31,14,5,9
230418,39,183,123,60
230418,40,871,525,346
230418,41,627,352,275
230418,42,627,352,275
230418,43,597,339,258
230418,44,84,52,32
230418,45,513,287,226
230418,51,30,13,17
230418,59,79,42,37
230418,60,434,245,189
230472,1,404,83,321
230472,2,404,83,321
230472,3,404,83,321
230472,4,37,9,28
230472,5,367,74,293
230472,19,35,5,30
230472,20,332,69,263
230472,21,319,61,258
230472,22,319,61,258
230472,23,319,61,258
230472,24,37,9,28
230472,25,282,52,230
230472,39,22,2,20
230472,40,260,50,210
230472,41,85,22,63
230472,42,85,22,63
230472,43,85,22,63
230472,45,85,22,63
230472,59,13,3,10
230472,60,72,19,53
230490,1,2625,1571,1054
230490,2,2625,1571,1054
230490,3,1908,1243,665
230490,4,160,101,59
230490,5,1748,1142,606
230490,11,717,328,389
230490,20,1748,1142,606
230490,21,569,292,277
230490,22,569,292,277
230490,23,508,271,237
230490,24,38,24,14
230490,25,470,247,223
230490,31,61,21,40
230490,40,470,247,223
230490,41,2056,1279,777
230490,42,2056,1279,777
230490,43,1400,972,428
230490,44,122,77,45
230490,45,1278,895,383
230490,51,656,307,349
230490,60,1278,895,383
230597,1,4605,2032,2573
230597,2,4605,2032,2573
230597,3,3051,1292,1759
230597,4,1403,493,910
230597,5,1648,799,849
230597,11,1554,740,814
230597,19,91,54,37
230597,20,1557,745,812
230597,21,2813,1177,1636
230597,22,2813,1177,1636
230597,23,2657,1116,1541
230597,24,1324,449,875
230597,25,1333,667,666
230597,31,156,61,95
230597,39,72,47,25
230597,40,1261,620,641
230597,41,1792,855,937
230597,42,1792,855,937
230597,43,394,176,218
230597,44,79,44,35
230597,45,315,132,183
230597,51,1398,679,719
230597,59,19,7,12
230597,60,296,125,171
230603,1,7745,3465,4280
230603,2,7017,3165,3852
230603,3,5620,2622,2998
230603,4,1272,449,823
230603,5,4348,2173,2175
230603,11,1397,543,854
230603,12,728,300,428
230603,19,375,199,176
230603,20,3973,1974,1999
230603,21,5421,2568,2853
230603,22,5254,2468,2786
230603,23,5035,2342,2693
230603,24,1211,418,793
230603,25,3824,1924,1900
230603,31,219,126,93
230603,32,167,100,67
230603,39,322,170,152
230603,40,3502,1754,1748
230603,41,2324,897,1427
230603,42,1763,697,1066
230603,43,585,280,305
230603,44,61,31,30
230603,45,524,249,275
230603,51,1178,417,761
230603,52,561,200,361
230603,59,53,29,24
230603,60,471,220,251
230621,1,320,128,192
230621,2,320,128,192
230621,3,320,128,192
230621,4,136,55,81
230621,5,184,73,111
230621,20,184,73,111
230621,21,320,128,192
230621,22,320,128,192
230621,23,320,128,192
230621,24,136,55,81
230621,25,184,73,111
230621,40,184,73,111
230630,1,351,161,190
230630,2,351,161,190
230630,3,351,161,190
230630,4,20,9,11
230630,5,331,152,179
230630,19,34,17,17
230630,20,297,135,162
230630,21,351,161,190
230630,22,351,161,190
230630,23,351,161,190
230630,24,20,9,11
230630,25,331,152,179
230630,39,34,17,17
230630,40,297,135,162
230676,1,1238,834,404
230676,2,1238,834,404
230676,3,492,325,167
230676,4,109,59,50
230676,5,383,266,117
230676,11,746,509,237
230676,20,383,266,117
230676,21,260,203,57
230676,22,260,203,57
230676,23,259,202,57
230676,24,53,40,13
230676,25,206,162,44
230676,31,1,1,0
230676,40,206,162,44
230676,41,978,631,347
230676,42,978,631,347
230676,43,233,123,110
230676,44,56,19,37
230676,45,177,104,73
230676,51,745,508,237
230676,60,177,104,73
230728,1,27812,12724,15088
230728,2,24385,11216,13169
230728,3,20775,9744,11031
230728,4,3970,1405,2565
230728,5,16805,8339,8466
230728,11,3610,1472,2138
230728,12,3427,1508,1919
230728,19,1769,818,951
230728,20,15036,7521,7515
230728,21,16436,7993,8443
230728,22,15260,7436,7824
230728,23,15152,7378,7774
230728,24,3564,1252,2312
230728,25,11588,6126,5462
230728,31,108,58,50
230728,32,1176,557,619
230728,39,1232,636,596
230728,40,10356,5490,4866
230728,41,11376,4731,6645
230728,42,9125,3780,5345
230728,43,5623,2366,3257
230728,44,406,153,253
230728,45,5217,2213,3004
230728,51,3502,1414,2088
230728,52,2251,951,1300
230728,59,537,182,355
230728,60,4680,2031,2649
230737,1,30564,16984,13580
230737,2,30370,16886,13484
230737,3,24243,13827,10416
230737,4,3352,1564,1788
230737,5,20891,12263,8628
230737,11,6127,3059,3068
230737,12,194,98,96
230737,19,1803,1007,796
230737,20,19088,11256,7832
230737,21,15755,8864,6891
230737,22,15751,8860,6891
230737,23,14989,8401,6588
230737,24,2454,1083,1371
230737,25,12535,7318,5217
230737,31,762,459,303
230737,32,4,4,0
230737,39,1190,685,505
230737,40,11345,6633,4712
230737,41,14809,8120,6689
230737,42,14619,8026,6593
230737,43,9254,5426,3828
230737,44,898,481,417
230737,45,8356,4945,3411
230737,51,5365,2600,2765
230737,52,190,94,96
230737,59,613,322,291
230737,60,7743,4623,3120
230746,1,32003,15452,16551
230746,2,32003,15452,16551
230746,3,24494,12005,12489
230746,4,3042,1534,1508
230746,5,21452,10471,10981
230746,11,7509,3447,4062
230746,19,1337,650,687
230746,20,20115,9821,10294
230746,21,8674,4472,4202
230746,22,8674,4472,4202
230746,23,8108,4156,3952
230746,24,1357,663,694
230746,25,6751,3493,3258
230746,31,566,316,250
230746,39,539,309,230
230746,40,6212,3184,3028
230746,41,23329,10980,12349
230746,42,23329,10980,12349
230746,43,16386,7849,8537
230746,44,1685,871,814
230746,45,14701,6978,7723
230746,51,6943,3131,3812
230746,59,798,341,457
230746,60,13903,6637,7266
230764,1,32077,17754,14323
230764,2,24492,13473,11019
230764,3,23273,12879,10394
230764,4,3124,1425,1699
230764,5,20149,11454,8695
230764,11,1219,594,625
230764,12,7585,4281,3304
230764,19,1841,1049,792
230764,20,18308,10405,7903
230764,21,23084,12682,10402
230764,22,17319,9474,7845
230764,23,17035,9338,7697
230764,24,2790,1286,1504
230764,25,14245,8052,6193
230764,31,284,136,148
230764,32,5765,3208,2557
230764,39,1304,718,586
230764,40,12941,7334,5607
230764,41,8993,5072,3921
230764,42,7173,3999,3174
230764,43,6238,3541,2697
230764,44,334,139,195
230764,45,5904,3402,2502
230764,51,935,458,477
230764,52,1820,1073,747
230764,59,537,331,206
230764,60,5367,3071,2296
230782,1,25155,11824,13331
230782,2,24498,11501,12997
230782,3,17314,8188,9126
230782,4,2389,1038,1351
230782,5,14925,7150,7775
230782,11,7184,3313,3871
230782,12,657,323,334
230782,19,1068,455,613
230782,20,13857,6695,7162
230782,21,11155,5447,5708
230782,22,10879,5301,5578
230782,23,10545,5136,5409
230782,24,1837,778,1059
230782,25,8708,4358,4350
230782,31,334,165,169
230782,32,276,146,130
230782,39,602,288,314
230782,40,8106,4070,4036
230782,41,14000,6377,7623
230782,42,13619,6200,7419
230782,43,6769,3052,3717
230782,44,552,260,292
230782,45,6217,2792,3425
230782,51,6850,3148,3702
230782,52,381,177,204
230782,59,466,167,299
230782,60,5751,2625,3126
230807,1,3108,1424,1684
230807,2,2295,1042,1253
230807,3,2260,1028,1232
230807,4,449,211,238
230807,5,1811,817,994
230807,11,35,14,21
230807,12,813,382,431
230807,19,161,64,97
230807,20,1650,753,897
230807,21,2680,1208,1472
230807,22,2140,953,1187
230807,23,2125,948,1177
230807,24,446,209,237
230807,25,1679,739,940
230807,31,15,5,10
230807,32,540,255,285
230807,39,141,58,83
230807,40,1538,681,857
230807,41,428,216,212
230807,42,155,89,66
230807,43,135,80,55
230807,44,3,2,1
230807,45,132,78,54
230807,51,20,9,11
230807,52,273,127,146
230807,59,20,6,14
230807,60,112,72,40
230816,1,738,240,498
230816,2,619,218,401
230816,3,613,216,397
230816,4,140,41,99
230816,5,473,175,298
230816,11,6,2,4
230816,12,119,22,97
230816,19,16,6,10
230816,20,457,169,288
230816,21,720,237,483
230816,22,609,215,394
230816,23,609,215,394
230816,24,140,41,99
230816,25,469,174,295
230816,32,111,22,89
230816,39,16,6,10
230816,40,453,168,285
230816,41,18,3,15
230816,42,10,3,7
230816,43,4,1,3
230816,45,4,1,3
230816,51,6,2,4
230816,52,8,0,8
230816,60,4,1,3
230825,1,243,121,122
230825,2,220,114,106
230825,3,199,106,93
230825,4,45,28,17
230825,5,154,78,76
230825,11,21,8,13
230825,12,23,7,16
230825,19,28,19,9
230825,20,126,59,67
230825,21,164,89,75
230825,22,160,88,72
230825,23,160,88,72
230825,24,44,27,17
230825,25,116,61,55
230825,32,4,1,3
230825,39,23,15,8
230825,40,93,46,47
230825,41,79,32,47
230825,42,60,26,34
230825,43,39,18,21
230825,44,1,1,0
230825,45,38,17,21
230825,51,21,8,13
230825,52,19,6,13
230825,59,5,4,1
230825,60,33,13,20
230834,1,2175,1028,1147
230834,2,2068,996,1072
230834,3,2022,973,1049
230834,4,480,261,219
230834,5,1542,712,830
230834,11,46,23,23
230834,12,107,32,75
230834,19,144,54,90
230834,20,1398,658,740
230834,21,1877,948,929
230834,22,1854,934,920
230834,23,1851,931,920
230834,24,480,261,219
230834,25,1371,670,701
230834,31,3,3,0
230834,32,23,14,9
230834,39,107,53,54
230834,40,1264,617,647
230834,41,298,80,218
230834,42,214,62,152
230834,43,171,42,129
230834,45,171,42,129
230834,51,43,20,23
230834,52,84,18,66
230834,59,37,1,36
230834,60,134,41,93
230852,1,3305,1891,1414
230852,2,2898,1733,1165
230852,3,2851,1708,1143
230852,4,594,361,233
230852,5,2257,1347,910
230852,11,47,25,22
230852,12,407,158,249
230852,19,202,121,81
230852,20,2055,1226,829
230852,21,2635,1544,1091
230852,22,2332,1432,900
230852,23,2329,1431,898
230852,24,594,361,233
230852,25,1735,1070,665
230852,31,3,1,2
230852,32,303,112,191
230852,39,115,72,43
230852,40,1620,998,622
230852,41,670,347,323
230852,42,566,301,265
230852,43,522,277,245
230852,45,522,277,245
230852,51,44,24,20
230852,52,104,46,58
230852,59,87,49,38
230852,60,435,228,207
230861,1,6200,1943,4257
230861,2,6200,1943,4257
230861,3,4401,1424,2977
230861,4,868,316,552
230861,5,3533,1108,2425
230861,11,1799,519,1280
230861,19,476,176,300
230861,20,3057,932,2125
230861,21,967,407,560
230861,22,967,407,560
230861,23,917,382,535
230861,24,232,100,132
230861,25,685,282,403
230861,31,50,25,25
230861,39,136,64,72
230861,40,549,218,331
230861,41,5233,1536,3697
230861,42,5233,1536,3697
230861,43,3484,1042,2442
230861,44,636,216,420
230861,45,2848,826,2022
230861,51,1749,494,1255
230861,59,340,112,228
230861,60,2508,714,1794
230889,1,592,181,411
230889,2,209,73,136
230889,3,201,73,128
230889,4,2,1,1
230889,5,199,72,127
230889,11,8,0,8
230889,12,383,108,275
230889,19,53,16,37
230889,20,146,56,90
230889,21,582,180,402
230889,22,206,73,133
230889,23,198,73,125
230889,24,2,1,1
230889,25,196,72,124
230889,31,8,0,8
230889,32,376,107,269
230889,39,53,16,37
230889,40,143,56,87
230889,41,10,1,9
230889,42,3,0,3
230889,43,3,0,3
230889,45,3,0,3
230889,52,7,1,6
230889,60,3,0,3
230898,1,840,349,491
230898,2,590,264,326
230898,3,578,258,320
230898,4,135,59,76
230898,5,443,199,244
230898,11,12,6,6
230898,12,250,85,165
230898,19,49,21,28
230898,20,394,178,216
230898,21,819,335,484
230898,22,569,250,319
230898,23,564,247,317
230898,24,135,59,76
230898,25,429,188,241
230898,31,5,3,2
230898,32,250,85,165
230898,39,49,21,28
230898,40,380,167,213
230898,41,21,14,7
230898,42,21,14,7
230898,43,14,11,3
230898,45,14,11,3
230898,51,7,3,4
230898,60,14,11,3
230913,1,1692,572,1120
230913,2,1486,529,957
230913,3,1433,508,925
230913,4,225,92,133
230913,5,1208,416,792
230913,11,53,21,32
230913,12,206,43,163
230913,19,147,42,105
230913,20,1061,374,687
230913,21,993,394,599
230913,22,956,383,573
230913,23,953,383,570
230913,24,224,91,133
230913,25,729,292,437
230913,31,3,0,3
230913,32,37,11,26
230913,39,74,25,49
230913,40,655,267,388
230913,41,699,178,521
230913,42,530,146,384
230913,43,480,125,355
230913,44,1,1,0
230913,45,479,124,355
230913,51,50,21,29
230913,52,169,32,137
230913,59,73,17,56
230913,60,406,107,299
230931,1,1519,806,713
230931,2,1415,793,622
230931,3,1363,780,583
230931,4,365,222,143
230931,5,998,558,440
230931,11,52,13,39
230931,12,104,13,91
230931,19,77,46,31
230931,20,921,512,409
230931,21,1259,727,532
230931,22,1257,727,530
230931,23,1257,727,530
230931,24,361,221,140
230931,25,896,506,390
230931,32,2,0,2
230931,39,69,44,25
230931,40,827,462,365
230931,41,260,79,181
230931,42,158,66,92
230931,43,106,53,53
230931,44,4,1,3
230931,45,102,52,50
230931,51,52,13,39
230931,52,102,13,89
230931,59,8,2,6
230931,60,94,50,44
230940,1,260,132,128
230940,2,260,132,128
230940,3,230,123,107
230940,4,45,27,18
230940,5,185,96,89
230940,11,30,9,21
230940,19,16,11,5
230940,20,169,85,84
230940,21,228,122,106
230940,22,228,122,106
230940,23,228,122,106
230940,24,45,27,18
230940,25,183,95,88
230940,39,16,11,5
230940,40,167,84,83
230940,41,32,10,22
230940,42,32,10,22
230940,43,2,1,1
230940,45,2,1,1
230940,51,30,9,21
230940,60,2,1,1
230959,1,2495,1219,1276
230959,2,2495,1219,1276
230959,3,2466,1212,1254
230959,4,625,311,314
230959,5,1841,901,940
230959,11,29,7,22
230959,19,1,0,1
230959,20,1840,901,939
230959,21,2477,1207,1270
230959,22,2477,1207,1270
230959,23,2456,1204,1252
230959,24,625,311,314
230959,25,1831,893,938
230959,31,21,3,18
230959,39,1,0,1
230959,40,1830,893,937
230959,41,18,12,6
230959,42,18,12,6
230959,43,10,8,2
230959,45,10,8,2
230959,51,8,4,4
230959,60,10,8,2
230977,1,462,255,207
230977,2,462,255,207
230977,3,425,235,190
230977,4,79,39,40
230977,5,346,196,150
230977,11,37,20,17
230977,19,43,26,17
230977,20,303,170,133
230977,21,347,191,156
230977,22,347,191,156
230977,23,347,191,156
230977,24,75,38,37
230977,25,272,153,119
230977,39,37,24,13
230977,40,235,129,106
230977,41,115,64,51
230977,42,115,64,51
230977,43,78,44,34
230977,44,4,1,3
230977,45,74,43,31
230977,51,37,20,17
230977,59,6,2,4
230977,60,68,41,27
230995,1,3417,2426,991
230995,2,2456,1776,680
230995,3,2432,1759,673
230995,4,590,438,152
230995,5,1842,1321,521
230995,11,24,17,7
230995,12,961,650,311
230995,19,68,40,28
230995,20,1774,1281,493
230995,21,3126,2192,934
230995,22,2228,1583,645
230995,23,2223,1581,642
230995,24,548,422,126
230995,25,1675,1159,516
230995,31,5,2,3
230995,32,898,609,289
230995,39,66,38,28
230995,40,1609,1121,488
230995,41,291,234,57
230995,42,228,193,35
230995,43,209,178,31
230995,44,42,16,26
230995,45,167,162,5
230995,51,19,15,4
230995,52,63,41,22
230995,59,2,2,0
230995,60,165,160,5
231004,1,80,5,75
231004,2,80,5,75
231004,3,80,5,75
231004,4,34,3,31
231004,5,46,2,44
231004,20,46,2,44
231004,21,80,5,75
231004,22,80,5,75
231004,23,80,5,75
231004,24,34,3,31
231004,25,46,2,44
231004,40,46,2,44
231059,1,2378,1020,1358
231059,2,1998,908,1090
231059,3,1941,873,1068
231059,4,506,225,281
231059,5,1435,648,787
231059,11,57,35,22
231059,12,380,112,268
231059,19,31,14,17
231059,20,1404,634,770
231059,21,2004,895,1109
231059,22,1959,885,1074
231059,23,1922,862,1060
231059,24,506,225,281
231059,25,1416,637,779
231059,31,37,23,14
231059,32,45,10,35
231059,39,31,14,17
231059,40,1385,623,762
231059,41,374,125,249
231059,42,39,23,16
231059,43,19,11,8
231059,45,19,11,8
231059,51,20,12,8
231059,52,335,102,233
231059,60,19,11,8
231068,1,443,132,311
231068,12,443,132,311
231068,21,184,64,120
231068,32,184,64,120
231068,41,259,68,191
231068,52,259,68,191
231077,1,271,110,161
231077,2,176,84,92
231077,3,158,75,83
231077,4,33,13,20
231077,5,125,62,63
231077,11,18,9,9
231077,12,95,26,69
231077,19,20,14,6
231077,20,105,48,57
231077,21,142,68,74
231077,22,120,62,58
231077,23,120,62,58
231077,24,33,13,20
231077,25,87,49,38
231077,32,22,6,16
231077,39,17,13,4
231077,40,70,36,34
231077,41,129,42,87
231077,42,56,22,34
231077,43,38,13,25
231077,45,38,13,25
231077,51,18,9,9
231077,52,73,20,53
231077,59,3,1,2
231077,60,35,12,23
231086,1,480,184,296
231086,2,480,184,296
231086,3,470,179,291
231086,4,94,34,60
231086,5,376,145,231
231086,11,10,5,5
231086,19,38,10,28
231086,20,338,135,203
231086,21,453,172,281
231086,22,453,172,281
231086,23,453,172,281
231086,24,94,34,60
231086,25,359,138,221
231086,39,36,9,27
231086,40,323,129,194
231086,41,27,12,15
231086,42,27,12,15
231086,43,17,7,10
231086,45,17,7,10
231086,51,10,5,5
231086,59,2,1,1
231086,60,15,6,9
231095,1,116,60,56
231095,2,116,60,56
231095,3,114,59,55
231095,4,18,9,9
231095,5,96,50,46
231095,11,2,1,1
231095,19,32,13,19
231095,20,64,37,27
231095,21,104,53,51
231095,22,104,53,51
231095,23,104,53,51
231095,24,17,8,9
231095,25,87,45,42
231095,39,30,12,18
231095,40,57,33,24
231095,41,12,7,5
231095,42,12,7,5
231095,43,10,6,4
231095,44,1,1,0
231095,45,9,5,4
231095,51,2,1,1
231095,59,2,1,1
231095,60,7,4,3
231147,1,675,292,383
231147,12,675,292,383
231147,21,441,212,229
231147,32,441,212,229
231147,41,234,80,154
231147,52,234,80,154
231165,1,1543,899,644
231165,2,1543,899,644
231165,3,1361,764,597
231165,4,194,138,56
231165,5,1167,626,541
231165,11,182,135,47
231165,19,244,63,181
231165,20,923,563,360
231165,21,1049,649,400
231165,22,1049,649,400
231165,23,1049,649,400
231165,24,191,136,55
231165,25,858,513,345
231165,39,202,53,149
231165,40,656,460,196
231165,41,494,250,244
231165,42,494,250,244
231165,43,312,115,197
231165,44,3,2,1
231165,45,309,113,196
231165,51,182,135,47
231165,59,42,10,32
231165,60,267,103,164
231174,1,12723,5550,7173
231174,2,10912,4771,6141
231174,3,9970,4388,5582
231174,4,2495,1087,1408
231174,5,7475,3301,4174
231174,11,942,383,559
231174,12,1811,779,1032
231174,19,407,193,214
231174,20,7068,3108,3960
231174,21,11001,4870,6131
231174,22,9764,4310,5454
231174,23,9621,4234,5387
231174,24,2483,1079,1404
231174,25,7138,3155,3983
231174,31,143,76,67
231174,32,1237,560,677
231174,39,375,182,193
231174,40,6763,2973,3790
231174,41,1722,680,1042
231174,42,1148,461,687
231174,43,349,154,195
231174,44,12,8,4
231174,45,337,146,191
231174,51,799,307,492
231174,52,574,219,355
231174,59,32,11,21
231174,60,305,135,170
231280,1,108,21,87
231280,2,108,21,87
231280,3,108,21,87
231280,4,89,19,70
231280,5,19,2,17
231280,20,19,2,17
231280,21,83,17,66
231280,22,83,17,66
231280,23,83,17,66
231280,24,73,16,57
231280,25,10,1,9
231280,40,10,1,9
231280,41,25,4,21
231280,42,25,4,21
231280,43,25,4,21
231280,44,16,3,13
231280,45,9,1,8
231280,60,9,1,8
231411,1,824,799,25
231411,2,824,799,25
231411,3,824,799,25
231411,4,168,166,2
231411,5,656,633,23
231411,19,22,18,4
231411,20,634,615,19
231411,21,824,799,25
231411,22,824,799,25
231411,23,824,799,25
231411,24,168,166,2
231411,25,656,633,23
231411,39,22,18,4
231411,40,634,615,19
231420,1,906,451,455
231420,2,877,439,438
231420,3,870,435,435
231420,4,237,144,93
231420,5,633,291,342
231420,11,7,4,3
231420,12,29,12,17
231420,19,91,35,56
231420,20,542,256,286
231420,21,864,436,428
231420,22,851,431,420
231420,23,851,431,420
231420,24,235,144,91
231420,25,616,287,329
231420,32,13,5,8
231420,39,91,35,56
231420,40,525,252,273
231420,41,42,15,27
231420,42,26,8,18
231420,43,19,4,15
231420,44,2,0,2
231420,45,17,4,13
231420,51,7,4,3
231420,52,16,7,9
231420,60,17,4,13
231536,1,4437,1940,2497
231536,2,4437,1940,2497
231536,3,3524,1563,1961
231536,4,908,460,448
231536,5,2616,1103,1513
231536,11,913,377,536
231536,19,319,162,157
231536,20,2297,941,1356
231536,21,1607,814,793
231536,22,1607,814,793
231536,23,1562,794,768
231536,24,554,290,264
231536,25,1008,504,504
231536,31,45,20,25
231536,39,155,76,79
231536,40,853,428,425
231536,41,2830,1126,1704
231536,42,2830,1126,1704
231536,43,1962,769,1193
231536,44,354,170,184
231536,45,1608,599,1009
231536,51,868,357,511
231536,59,164,86,78
231536,60,1444,513,931
231554,1,842,376,466
231554,2,837,375,462
231554,3,821,369,452
231554,4,123,73,50
231554,5,698,296,402
231554,11,16,6,10
231554,12,5,1,4
231554,19,193,84,109
231554,20,505,212,293
231554,21,726,336,390
231554,22,723,336,387
231554,23,718,335,383
231554,24,120,72,48
231554,25,598,263,335
231554,31,5,1,4
231554,32,3,0,3
231554,39,177,78,99
231554,40,421,185,236
231554,41,116,40,76
231554,42,114,39,75
231554,43,103,34,69
231554,44,3,1,2
231554,45,100,33,67
231554,51,11,5,6
231554,52,2,1,1
231554,59,16,6,10
231554,60,84,27,57
231581,1,1848,834,1014
231581,2,1848,834,1014
231581,3,1822,821,1001
231581,4,536,241,295
231581,5,1286,580,706
231581,11,26,13,13
231581,19,59,31,28
231581,20,1227,549,678
231581,21,1840,830,1010
231581,22,1840,830,1010
231581,23,1819,819,1000
231581,24,536,241,295
231581,25,1283,578,705
231581,31,21,11,10
231581,39,59,31,28
231581,40,1224,547,677
231581,41,8,4,4
231581,42,8,4,4
231581,43,3,2,1
231581,45,3,2,1
231581,51,5,2,3
231581,60,3,2,1
231624,1,8376,3789,4587
231624,2,6271,2814,3457
231624,3,6235,2799,3436
231624,4,1479,652,827
231624,5,4756,2147,2609
231624,11,36,15,21
231624,12,2105,975,1130
231624,19,185,79,106
231624,20,4571,2068,2503
231624,21,7850,3577,4273
231624,22,6195,2777,3418
231624,23,6189,2775,3414
231624,24,1479,652,827
231624,25,4710,2123,2587
231624,31,6,2,4
231624,32,1655,800,855
231624,39,179,78,101
231624,40,4531,2045,2486
231624,41,526,212,314
231624,42,76,37,39
231624,43,46,24,22
231624,45,46,24,22
231624,51,30,13,17
231624,52,450,175,275
231624,59,6,1,5
231624,60,40,23,17
231651,1,5693,2303,3390
231651,2,2400,940,1460
231651,3,2286,902,1384
231651,4,230,88,142
231651,5,2056,814,1242
231651,11,114,38,76
231651,12,3293,1363,1930
231651,19,339,123,216
231651,20,1717,691,1026
231651,21,2530,1019,1511
231651,22,1497,606,891
231651,23,1492,604,888
231651,24,218,83,135
231651,25,1274,521,753
231651,31,5,2,3
231651,32,1033,413,620
231651,39,208,73,135
231651,40,1066,448,618
231651,41,3163,1284,1879
231651,42,903,334,569
231651,43,794,298,496
231651,44,12,5,7
231651,45,782,293,489
231651,51,109,36,73
231651,52,2260,950,1310
231651,59,131,50,81
231651,60,651,243,408
231688,1,50,1,49
231688,2,50,1,49
231688,3,50,1,49
231688,4,16,1,15
231688,5,34,0,34
231688,20,34,0,34
231688,21,19,0,19
231688,22,19,0,19
231688,23,19,0,19
231688,24,5,0,5
231688,25,14,0,14
231688,40,14,0,14
231688,41,31,1,30
231688,42,31,1,30
231688,43,31,1,30
231688,44,11,1,10
231688,45,20,0,20
231688,60,20,0,20
231697,1,4730,2229,2501
231697,2,4730,2229,2501
231697,3,2851,1339,1512
231697,4,781,394,387
231697,5,2070,945,1125
231697,11,1879,890,989
231697,19,189,69,120
231697,20,1881,876,1005
231697,21,1465,719,746
231697,22,1465,719,746
231697,23,1180,590,590
231697,24,462,233,229
231697,25,718,357,361
231697,31,285,129,156
231697,39,95,38,57
231697,40,623,319,304
231697,41,3265,1510,1755
231697,42,3265,1510,1755
231697,43,1671,749,922
231697,44,319,161,158
231697,45,1352,588,764
231697,51,1594,761,833
231697,59,94,31,63
231697,60,1258,557,701
231712,1,5232,2248,2984
231712,2,5094,2203,2891
231712,3,5083,2198,2885
231712,4,1276,545,731
231712,5,3807,1653,2154
231712,11,11,5,6
231712,12,138,45,93
231712,19,191,81,110
231712,20,3616,1572,2044
231712,21,5066,2167,2899
231712,22,4962,2139,2823
231712,23,4962,2139,2823
231712,24,1276,545,731
231712,25,3686,1594,2092
231712,32,104,28,76
231712,39,179,76,103
231712,40,3507,1518,1989
231712,41,166,81,85
231712,42,132,64,68
231712,43,121,59,62
231712,45,121,59,62
231712,51,11,5,6
231712,52,34,17,17
231712,59,12,5,7
231712,60,109,54,55
231721,1,48,1,47
231721,2,48,1,47
231721,3,48,1,47
231721,4,3,1,2
231721,5,45,0,45
231721,20,45,0,45
231721,21,8,1,7
231721,22,8,1,7
231721,23,8,1,7
231721,24,2,1,1
231721,25,6,0,6
231721,40,6,0,6
231721,41,40,0,40
231721,42,40,0,40
231721,43,40,0,40
231721,44,1,0,1
231721,45,39,0,39
231721,60,39,0,39
231785,1,728,161,567
231785,2,728,161,567
231785,3,728,161,567
231785,4,92,34,58
231785,5,636,127,509
231785,19,128,30,98
231785,20,508,97,411
231785,21,362,101,261
231785,22,362,101,261
231785,23,362,101,261
231785,24,76,32,44
231785,25,286,69,217
231785,39,87,23,64
231785,40,199,46,153
231785,41,366,60,306
231785,42,366,60,306
231785,43,366,60,306
231785,44,16,2,14
231785,45,350,58,292
231785,59,41,7,34
231785,60,309,51,258
231828,1,906,123,783
231828,2,906,123,783
231828,3,906,123,783
231828,4,108,20,88
231828,5,798,103,695
231828,19,196,17,179
231828,20,602,86,516
231828,21,488,70,418
231828,22,488,70,418
231828,23,488,70,418
231828,24,86,16,70
231828,25,402,54,348
231828,39,121,11,110
231828,40,281,43,238
231828,41,418,53,365
231828,42,418,53,365
231828,43,418,53,365
231828,44,22,4,18
231828,45,396,49,347
231828,59,75,6,69
231828,60,321,43,278
231837,1,1039,203,836
231837,2,813,155,658
231837,3,810,155,655
231837,4,66,15,51
231837,5,744,140,604
231837,11,3,0,3
231837,12,226,48,178
231837,19,182,38,144
231837,20,562,102,460
231837,21,888,187,701
231837,22,692,145,547
231837,23,692,145,547
231837,24,66,15,51
231837,25,626,130,496
231837,32,196,42,154
231837,39,152,35,117
231837,40,474,95,379
231837,41,151,16,135
231837,42,121,10,111
231837,43,118,10,108
231837,45,118,10,108
231837,51,3,0,3
231837,52,30,6,24
231837,59,30,3,27
231837,60,88,7,81
231873,1,1312,587,725
231873,2,1312,587,725
231873,3,787,322,465
231873,4,231,94,137
231873,5,556,228,328
231873,11,525,265,260
231873,19,45,14,31
231873,20,511,214,297
231873,21,432,188,244
231873,22,432,188,244
231873,23,417,182,235
231873,24,162,68,94
231873,25,255,114,141
231873,31,15,6,9
231873,39,20,6,14
231873,40,235,108,127
231873,41,880,399,481
231873,42,880,399,481
231873,43,370,140,230
231873,44,69,26,43
231873,45,301,114,187
231873,51,510,259,251
231873,59,25,8,17
231873,60,276,106,170
231882,1,4280,1864,2416
231882,2,4280,1864,2416
231882,3,2493,1013,1480
231882,4,609,282,327
231882,5,1884,731,1153
231882,11,1787,851,936
231882,19,94,42,52
231882,20,1790,689,1101
231882,21,1540,725,815
231882,22,1540,725,815
231882,23,1410,661,749
231882,24,457,229,228
231882,25,953,432,521
231882,31,130,64,66
231882,39,50,24,26
231882,40,903,408,495
231882,41,2740,1139,1601
231882,42,2740,1139,1601
231882,43,1083,352,731
231882,44,152,53,99
231882,45,931,299,632
231882,51,1657,787,870
231882,59,44,18,26
231882,60,887,281,606
231970,1,1017,439,578
231970,12,1017,439,578
231970,21,963,426,537
231970,32,963,426,537
231970,41,54,13,41
231970,52,54,13,41
232016,1,477,84,393
232016,2,477,84,393
232016,3,477,84,393
232016,4,24,4,20
232016,5,453,80,373
232016,20,453,80,373
232016,21,270,52,218
232016,22,270,52,218
232016,23,270,52,218
232016,24,19,4,15
232016,25,251,48,203
232016,40,251,48,203
232016,41,207,32,175
232016,42,207,32,175
232016,43,207,32,175
232016,44,5,0,5
232016,45,202,32,170
232016,60,202,32,170
232025,1,959,490,469
232025,2,936,484,452
232025,3,907,472,435
232025,4,267,149,118
232025,5,640,323,317
232025,11,29,12,17
232025,12,23,6,17
232025,19,50,22,28
232025,20,590,301,289
232025,21,894,460,434
232025,22,889,458,431
232025,23,885,456,429
232025,24,264,147,117
232025,25,621,309,312
232025,31,4,2,2
232025,32,5,2,3
232025,39,49,21,28
232025,40,572,288,284
232025,41,65,30,35
232025,42,47,26,21
232025,43,22,16,6
232025,44,3,2,1
232025,45,19,14,5
232025,51,25,10,15
232025,52,18,4,14
232025,59,1,1,0
232025,60,18,13,5
232043,1,1640,570,1070
232043,2,1184,415,769
232043,3,1148,389,759
232043,4,232,106,126
232043,5,916,283,633
232043,11,36,26,10
232043,12,456,155,301
232043,19,157,35,122
232043,20,759,248,511
232043,21,1252,444,808
232043,22,1122,384,738
232043,23,1122,384,738
232043,24,232,106,126
232043,25,890,278,612
232043,32,130,60,70
232043,39,152,35,117
232043,40,738,243,495
232043,41,388,126,262
232043,42,62,31,31
232043,43,26,5,21
232043,45,26,5,21
232043,51,36,26,10
232043,52,326,95,231
232043,59,5,0,5
232043,60,21,5,16
232052,1,857,286,571
232052,2,857,286,571
232052,3,652,191,461
232052,4,152,62,90
232052,5,500,129,371
232052,11,205,95,110
232052,19,30,12,18
232052,20,470,117,353
232052,21,264,100,164
232052,22,264,100,164
232052,23,243,92,151
232052,24,90,42,48
232052,25,153,50,103
232052,31,21,8,13
232052,39,10,5,5
232052,40,143,45,98
232052,41,593,186,407
232052,42,593,186,407
232052,43,409,99,310
232052,44,62,20,42
232052,45,347,79,268
232052,51,184,87,97
232052,59,20,7,13
232052,60,327,72,255
232089,1,1512,857,655
232089,2,1512,857,655
232089,3,1506,855,651
232089,4,554,349,205
232089,5,952,506,446
232089,11,6,2,4
232089,19,67,42,25
232089,20,885,464,421
232089,21,1492,852,640
232089,22,1492,852,640
232089,23,1492,852,640
232089,24,554,349,205
232089,25,938,503,435
232089,39,67,42,25
232089,40,871,461,410
232089,41,20,5,15
232089,42,20,5,15
232089,43,14,3,11
232089,45,14,3,11
232089,51,6,2,4
232089,60,14,3,11
232186,1,33917,15601,18316
232186,2,21990,10663,11327
232186,3,21324,10355,10969
232186,4,3011,1420,1591
232186,5,18313,8935,9378
232186,11,666,308,358
232186,12,11927,4938,6989
232186,19,2659,1213,1446
232186,20,15654,7722,7932
232186,21,21421,10182,11239
232186,22,17261,8280,8981
232186,23,17200,8254,8946
232186,24,2992,1408,1584
232186,25,14208,6846,7362
232186,31,61,26,35
232186,32,4160,1902,2258
232186,39,2032,917,1115
232186,40,12176,5929,6247
232186,41,12496,5419,7077
232186,42,4729,2383,2346
232186,43,4124,2101,2023
232186,44,19,12,7
232186,45,4105,2089,2016
232186,51,605,282,323
232186,52,7767,3036,4731
232186,59,627,296,331
232186,60,3478,1793,1685
232195,1,7379,2899,4480
232195,2,7379,2899,4480
232195,3,5770,2319,3451
232195,4,1402,697,705
232195,5,4368,1622,2746
232195,11,1609,580,1029
232195,19,433,162,271
232195,20,3935,1460,2475
232195,21,2352,1098,1254
232195,22,2352,1098,1254
232195,23,2221,1036,1185
232195,24,787,412,375
232195,25,1434,624,810
232195,31,131,62,69
232195,39,170,68,102
232195,40,1264,556,708
232195,41,5027,1801,3226
232195,42,5027,1801,3226
232195,43,3549,1283,2266
232195,44,615,285,330
232195,45,2934,998,1936
232195,51,1478,518,960
232195,59,263,94,169
232195,60,2671,904,1767
232256,1,1070,1069,1
232256,2,1070,1069,1
232256,3,1070,1069,1
232256,4,292,292,0
232256,5,778,777,1
232256,19,16,16,0
232256,20,762,761,1
232256,21,1068,1067,1
232256,22,1068,1067,1
232256,23,1068,1067,1
232256,24,292,292,0
232256,25,776,775,1
232256,39,16,16,0
232256,40,760,759,1
232256,41,2,2,0
232256,42,2,2,0
232256,43,2,2,0
232256,45,2,2,0
232256,60,2,2,0
232265,1,4622,1652,2970
232265,2,3742,1362,2380
232265,3,3529,1270,2259
232265,4,1004,325,679
232265,5,2525,945,1580
232265,11,213,92,121
232265,12,880,290,590
232265,19,177,84,93
232265,20,2348,861,1487
232265,21,4116,1410,2706
232265,22,3491,1223,2268
232265,23,3342,1158,2184
232265,24,955,300,655
232265,25,2387,858,1529
232265,31,149,65,84
232265,32,625,187,438
232265,39,89,30,59
232265,40,2298,828,1470
232265,41,506,242,264
232265,42,251,139,112
232265,43,187,112,75
232265,44,49,25,24
232265,45,138,87,51
232265,51,64,27,37
232265,52,255,103,152
232265,59,88,54,34
232265,60,50,33,17
232308,1,750,38,712
232308,2,580,4,576
232308,3,568,0,568
232308,4,146,0,146
232308,5,422,0,422
232308,11,12,4,8
232308,12,170,34,136
232308,19,39,0,39
232308,20,383,0,383
232308,21,616,14,602
232308,22,561,2,559
232308,23,553,0,553
232308,24,146,0,146
232308,25,407,0,407
232308,31,8,2,6
232308,32,55,12,43
232308,39,38,0,38
232308,40,369,0,369
232308,41,134,24,110
232308,42,19,2,17
232308,43,15,0,15
232308,45,15,0,15
232308,51,4,2,2
232308,52,115,22,93
232308,59,1,0,1
232308,60,14,0,14
232414,1,12454,4929,7525
232414,2,12454,4929,7525
232414,3,10727,4198,6529
232414,4,1869,891,978
232414,5,8858,3307,5551
232414,11,1727,731,996
232414,19,939,368,571
232414,20,7919,2939,4980
232414,21,3552,1614,1938
232414,22,3552,1614,1938
232414,23,3410,1552,1858
232414,24,825,415,410
232414,25,2585,1137,1448
232414,31,142,62,80
232414,39,327,150,177
232414,40,2258,987,1271
232414,41,8902,3315,5587
232414,42,8902,3315,5587
232414,43,7317,2646,4671
232414,44,1044,476,568
232414,45,6273,2170,4103
232414,51,1585,669,916
232414,59,612,218,394
232414,60,5661,1952,3709
232423,1,20181,8063,12118
232423,2,18431,7526,10905
232423,3,18127,7380,10747
232423,4,4202,1588,2614
232423,5,13925,5792,8133
232423,11,304,146,158
232423,12,1750,537,1213
232423,19,621,302,319
232423,20,13304,5490,7814
232423,21,18626,7365,11261
232423,22,17526,7061,10465
232423,23,17504,7058,10446
232423,24,4199,1586,2613
232423,25,13305,5472,7833
232423,31,22,3,19
232423,32,1100,304,796
232423,39,568,281,287
232423,40,12737,5191,7546
232423,41,1555,698,857
232423,42,905,465,440
232423,43,623,322,301
232423,44,3,2,1
232423,45,620,320,300
232423,51,282,143,139
232423,52,650,233,417
232423,59,53,21,32
232423,60,567,299,268
232450,1,10103,4303,5800
232450,2,10103,4303,5800
232450,3,6402,2528,3874
232450,4,1429,659,770
232450,5,4973,1869,3104
232450,11,3701,1775,1926
232450,19,537,187,350
232450,20,4436,1682,2754
232450,21,2697,1213,1484
232450,22,2697,1213,1484
232450,23,2530,1123,1407
232450,24,835,396,439
232450,25,1695,727,968
232450,31,167,90,77
232450,39,250,94,156
232450,40,1445,633,812
232450,41,7406,3090,4316
232450,42,7406,3090,4316
232450,43,3872,1405,2467
232450,44,594,263,331
232450,45,3278,1142,2136
232450,51,3534,1685,1849
232450,59,287,93,194
232450,60,2991,1049,1942
232502,1,525,121,404
232502,2,525,121,404
232502,3,525,121,404
232502,4,29,6,23
232502,5,496,115,381
232502,19,94,20,74
232502,20,402,95,307
232502,21,444,88,356
232502,22,444,88,356
232502,23,444,88,356
232502,24,28,6,22
232502,25,416,82,334
232502,39,69,10,59
232502,40,347,72,275
232502,41,81,33,48
232502,42,81,33,48
232502,43,81,33,48
232502,44,1,0,1
232502,45,80,33,47
232502,59,25,10,15
232502,60,55,23,32
232557,1,77338,31395,45943
232557,2,47464,19572,27892
232557,3,47079,19379,27700
232557,4,4686,2018,2668
232557,5,42393,17361,25032
232557,11,385,193,192
232557,12,29874,11823,18051
232557,19,6469,2388,4081
232557,20,35924,14973,20951
232557,21,36353,15335,21018
232557,22,25911,11029,14882
232557,23,25836,10982,14854
232557,24,3218,1418,1800
232557,25,22618,9564,13054
232557,31,75,47,28
232557,32,10442,4306,6136
232557,39,3530,1347,2183
232557,40,19088,8217,10871
232557,41,40985,16060,24925
232557,42,21553,8543,13010
232557,43,21243,8397,12846
232557,44,1468,600,868
232557,45,19775,7797,11978
232557,51,310,146,164
232557,52,19432,7517,11915
232557,59,2939,1041,1898
232557,60,16836,6756,10080
232566,1,4960,1591,3369
232566,2,4497,1534,2963
232566,3,4357,1494,2863
232566,4,1106,368,738
232566,5,3251,1126,2125
232566,11,140,40,100
232566,12,463,57,406
232566,19,214,89,125
232566,20,3037,1037,2000
232566,21,4265,1404,2861
232566,22,4123,1390,2733
232566,23,4117,1386,2731
232566,24,1091,359,732
232566,25,3026,1027,1999
232566,31,6,4,2
232566,32,142,14,128
232566,39,197,84,113
232566,40,2829,943,1886
232566,41,695,187,508
232566,42,374,144,230
232566,43,240,108,132
232566,44,15,9,6
232566,45,225,99,126
232566,51,134,36,98
232566,52,321,43,278
232566,59,17,5,12
232566,60,208,94,114
232575,1,7238,2744,4494
232575,2,7238,2744,4494
232575,3,4666,1726,2940
232575,4,1103,465,638
232575,5,3563,1261,2302
232575,11,2572,1018,1554
232575,19,283,101,182
232575,20,3280,1160,2120
232575,21,1963,830,1133
232575,22,1963,830,1133
232575,23,1684,708,976
232575,24,583,258,325
232575,25,1101,450,651
232575,31,279,122,157
232575,39,95,35,60
232575,40,1006,415,591
232575,41,5275,1914,3361
232575,42,5275,1914,3361
232575,43,2982,1018,1964
232575,44,520,207,313
232575,45,2462,811,1651
232575,51,2293,896,1397
232575,59,188,66,122
232575,60,2274,745,1529
232609,1,2713,1065,1648
232609,2,2178,873,1305
232609,3,2140,864,1276
232609,4,512,211,301
232609,5,1628,653,975
232609,11,38,9,29
232609,12,535,192,343
232609,19,125,49,76
232609,20,1503,604,899
232609,21,2335,932,1403
232609,22,2089,842,1247
232609,23,2086,842,1244
232609,24,512,211,301
232609,25,1574,631,943
232609,31,3,0,3
232609,32,246,90,156
232609,39,119,47,72
232609,40,1455,584,871
232609,41,378,133,245
232609,42,89,31,58
232609,43,54,22,32
232609,45,54,22,32
232609,51,35,9,26
232609,52,289,102,187
232609,59,6,2,4
232609,60,48,20,28
232618,1,144,9,135
232618,2,144,9,135
232618,3,144,9,135
232618,5,144,9,135
232618,19,36,2,34
232618,20,108,7,101
232618,21,34,1,33
232618,22,34,1,33
232618,23,34,1,33
232618,25,34,1,33
232618,39,9,0,9
232618,40,25,1,24
232618,41,110,8,102
232618,42,110,8,102
232618,43,110,8,102
232618,45,110,8,102
232618,59,27,2,25
232618,60,83,6,77
232672,1,1711,129,1582
232672,2,1441,92,1349
232672,3,1307,75,1232
232672,4,217,0,217
232672,5,1090,75,1015
232672,11,134,17,117
232672,12,270,37,233
232672,19,124,15,109
232672,20,966,60,906
232672,21,1149,57,1092
232672,22,1037,46,991
232672,23,993,40,953
232672,24,217,0,217
232672,25,776,40,736
232672,31,44,6,38
232672,32,112,11,101
232672,39,90,10,80
232672,40,686,30,656
232672,41,562,72,490
232672,42,404,46,358
232672,43,314,35,279
232672,45,314,35,279
232672,51,90,11,79
232672,52,158,26,132
232672,59,34,5,29
232672,60,280,30,250
232681,1,4831,1709,3122
232681,2,4383,1568,2815
232681,3,4303,1545,2758
232681,4,944,314,630
232681,5,3359,1231,2128
232681,11,80,23,57
232681,12,448,141,307
232681,19,308,121,187
232681,20,3051,1110,1941
232681,21,3989,1382,2607
232681,22,3843,1343,2500
232681,23,3827,1338,2489
232681,24,927,306,621
232681,25,2900,1032,1868
232681,31,16,5,11
232681,32,146,39,107
232681,39,237,93,144
232681,40,2663,939,1724
232681,41,842,327,515
232681,42,540,225,315
232681,43,476,207,269
232681,44,17,8,9
232681,45,459,199,260
232681,51,64,18,46
232681,52,302,102,200
232681,59,71,28,43
232681,60,388,171,217
232706,1,3486,1031,2455
232706,2,2396,772,1624
232706,3,2371,762,1609
232706,4,400,151,249
232706,5,1971,611,1360
232706,11,25,10,15
232706,12,1090,259,831
232706,19,281,85,196
232706,20,1690,526,1164
232706,21,2682,794,1888
232706,22,2141,685,1456
232706,23,2136,683,1453
232706,24,397,148,249
232706,25,1739,535,1204
232706,31,5,2,3
232706,32,541,109,432
232706,39,257,82,175
232706,40,1482,453,1029
232706,41,804,237,567
232706,42,255,87,168
232706,43,235,79,156
232706,44,3,3,0
232706,45,232,76,156
232706,51,20,8,12
232706,52,549,150,399
232706,59,24,3,21
232706,60,208,73,135
232724,1,23,3,20
232724,2,23,3,20
232724,3,23,3,20
232724,5,23,3,20
232724,20,23,3,20
232724,21,23,3,20
232724,22,23,3,20
232724,23,23,3,20
232724,25,23,3,20
232724,40,23,3,20
232788,1,2924,1189,1735
232788,2,2924,1189,1735
232788,3,1899,739,1160
232788,4,508,232,276
232788,5,1391,507,884
232788,11,1025,450,575
232788,19,54,25,29
232788,20,1337,482,855
232788,21,1310,541,769
232788,22,1310,541,769
232788,23,1200,504,696
232788,24,422,194,228
232788,25,778,310,468
232788,31,110,37,73
232788,39,26,13,13
232788,40,752,297,455
232788,41,1614,648,966
232788,42,1614,648,966
232788,43,699,235,464
232788,44,86,38,48
232788,45,613,197,416
232788,51,915,413,502
232788,59,28,12,16
232788,60,585,185,400
232797,1,1857,434,1423
232797,2,1821,423,1398
232797,3,1804,423,1381
232797,4,106,25,81
232797,5,1698,398,1300
232797,11,17,0,17
232797,12,36,11,25
232797,19,232,53,179
232797,20,1466,345,1121
232797,21,1088,258,830
232797,22,1066,250,816
232797,23,1066,250,816
232797,24,75,18,57
232797,25,991,232,759
232797,32,22,8,14
232797,39,165,38,127
232797,40,826,194,632
232797,41,769,176,593
232797,42,755,173,582
232797,43,738,173,565
232797,44,31,7,24
232797,45,707,166,541
232797,51,17,0,17
232797,52,14,3,11
232797,59,67,15,52
232797,60,640,151,489
232867,1,4808,2386,2422
232867,2,4808,2386,2422
232867,3,2885,1390,1495
232867,4,688,345,343
232867,5,2197,1045,1152
232867,11,1923,996,927
232867,19,304,158,146
232867,20,1893,887,1006
232867,21,1887,926,961
232867,22,1887,926,961
232867,23,1596,789,807
232867,24,477,249,228
232867,25,1119,540,579
232867,31,291,137,154
232867,39,187,103,84
232867,40,932,437,495
232867,41,2921,1460,1461
232867,42,2921,1460,1461
232867,43,1289,601,688
232867,44,211,96,115
232867,45,1078,505,573
232867,51,1632,859,773
232867,59,117,55,62
232867,60,961,450,511
232885,1,360,26,334
232885,2,360,26,334
232885,3,285,18,267
232885,5,285,18,267
232885,11,75,8,67
232885,19,21,1,20
232885,20,264,17,247
232885,21,283,20,263
232885,22,283,20,263
232885,23,208,12,196
232885,25,208,12,196
232885,31,75,8,67
232885,39,10,0,10
232885,40,198,12,186
232885,41,77,6,71
232885,42,77,6,71
232885,43,77,6,71
232885,45,77,6,71
232885,59,11,1,10
232885,60,66,5,61
232919,1,310,298,12
232919,2,310,298,12
232919,3,310,298,12
232919,4,118,115,3
232919,5,192,183,9
232919,20,192,183,9
232919,21,260,250,10
232919,22,260,250,10
232919,23,260,250,10
232919,24,95,92,3
232919,25,165,158,7
232919,40,165,158,7
232919,41,50,48,2
232919,42,50,48,2
232919,43,50,48,2
232919,44,23,23,0
232919,45,27,25,2
232919,60,27,25,2
232937,1,6728,2365,4363
232937,2,6021,2159,3862
232937,3,5955,2122,3833
232937,4,820,318,502
232937,5,5135,1804,3331
232937,11,66,37,29
232937,12,707,206,501
232937,19,542,175,367
232937,20,4593,1629,2964
232937,21,5428,1981,3447
232937,22,4979,1855,3124
232937,23,4963,1846,3117
232937,24,797,309,488
232937,25,4166,1537,2629
232937,31,16,9,7
232937,32,449,126,323
232937,39,426,150,276
232937,40,3740,1387,2353
232937,41,1300,384,916
232937,42,1042,304,738
232937,43,992,276,716
232937,44,23,9,14
232937,45,969,267,702
232937,51,50,28,22
232937,52,258,80,178
232937,59,116,25,91
232937,60,853,242,611
232946,1,51803,25260,26543
232946,2,51803,25260,26543
232946,3,44592,21715,22877
232946,4,9128,4740,4388
232946,5,35464,16975,18489
232946,11,7211,3545,3666
232946,19,2666,1227,1439
232946,20,32798,15748,17050
232946,21,19700,10114,9586
232946,22,19700,10114,9586
232946,23,19070,9764,9306
232946,24,5819,3064,2755
232946,25,13251,6700,6551
232946,31,630,350,280
232946,39,1057,526,531
232946,40,12194,6174,6020
232946,41,32103,15146,16957
232946,42,32103,15146,16957
232946,43,25522,11951,13571
232946,44,3309,1676,1633
232946,45,22213,10275,11938
232946,51,6581,3195,3386
232946,59,1609,701,908
232946,60,20604,9574,11030
232982,1,24828,11199,13629
232982,2,19819,9117,10702
232982,3,19483,8958,10525
232982,4,2942,1432,1510
232982,5,16541,7526,9015
232982,11,336,159,177
232982,12,5009,2082,2927
232982,19,2105,874,1231
232982,20,14436,6652,7784
232982,21,16957,7822,9135
232982,22,15102,7106,7996
232982,23,15050,7079,7971
232982,24,2908,1415,1493
232982,25,12142,5664,6478
232982,31,52,27,25
232982,32,1855,716,1139
232982,39,1489,638,851
232982,40,10653,5026,5627
232982,41,7871,3377,4494
232982,42,4717,2011,2706
232982,43,4433,1879,2554
232982,44,34,17,17
232982,45,4399,1862,2537
232982,51,284,132,152
232982,52,3154,1366,1788
232982,59,616,236,380
232982,60,3783,1626,2157
233019,1,3163,1279,1884
233019,2,3163,1279,1884
233019,3,2325,896,1429
233019,4,707,310,397
233019,5,1618,586,1032
233019,11,838,383,455
233019,19,131,51,80
233019,20,1487,535,952
233019,21,1486,623,863
233019,22,1486,623,863
233019,23,1377,580,797
233019,24,542,247,295
233019,25,835,333,502
233019,31,109,43,66
233019,39,70,34,36
233019,40,765,299,466
233019,41,1677,656,1021
233019,42,1677,656,1021
233019,43,948,316,632
233019,44,165,63,102
233019,45,783,253,530
233019,51,729,340,389
233019,59,61,17,44
233019,60,722,236,486
233037,1,1392,450,942
233037,2,1392,450,942
233037,3,892,256,636
233037,4,198,67,131
233037,5,694,189,505
233037,11,500,194,306
233037,19,90,26,64
233037,20,604,163,441
233037,21,435,148,287
233037,22,435,148,287
233037,23,395,134,261
233037,24,120,41,79
233037,25,275,93,182
233037,31,40,14,26
233037,39,35,11,24
233037,40,240,82,158
233037,41,957,302,655
233037,42,957,302,655
233037,43,497,122,375
233037,44,78,26,52
233037,45,419,96,323
233037,51,460,180,280
233037,59,55,15,40
233037,60,364,81,283
233082,1,63,11,52
233082,2,63,11,52
233082,3,63,11,52
233082,4,15,4,11
233082,5,48,7,41
233082,20,48,7,41
233082,21,33,6,27
233082,22,33,6,27
233082,23,33,6,27
233082,24,9,3,6
233082,25,24,3,21
233082,40,24,3,21
233082,41,30,5,25
233082,42,30,5,25
233082,43,30,5,25
233082,44,6,1,5
233082,45,24,4,20
233082,60,24,4,20
233091,1,472,88,384
233091,2,472,88,384
233091,3,472,88,384
233091,4,112,24,88
233091,5,360,64,296
233091,19,72,10,62
233091,20,288,54,234
233091,21,305,65,240
233091,22,305,65,240
233091,23,305,65,240
233091,24,88,20,68
233091,25,217,45,172
233091,39,54,8,46
233091,40,163,37,126
233091,41,167,23,144
233091,42,167,23,144
233091,43,167,23,144
233091,44,24,4,20
233091,45,143,19,124
233091,59,18,2,16
233091,60,125,17,108
233116,1,5630,2323,3307
233116,2,5630,2323,3307
233116,3,3813,1519,2294
233116,4,765,371,394
233116,5,3048,1148,1900
233116,11,1817,804,1013
233116,19,327,143,184
233116,20,2721,1005,1716
233116,21,1208,579,629
233116,22,1208,579,629
233116,23,1093,523,570
233116,24,349,171,178
233116,25,744,352,392
233116,31,115,56,59
233116,39,116,60,56
233116,40,628,292,336
233116,41,4422,1744,2678
233116,42,4422,1744,2678
233116,43,2720,996,1724
233116,44,416,200,216
233116,45,2304,796,1508
233116,51,1702,748,954
233116,59,211,83,128
233116,60,2093,713,1380
233277,1,9928,4207,5721
233277,2,8913,3941,4972
233277,3,8866,3918,4948
233277,4,1986,860,1126
233277,5,6880,3058,3822
233277,11,47,23,24
233277,12,1015,266,749
233277,19,770,402,368
233277,20,6110,2656,3454
233277,21,9166,3930,5236
233277,22,8545,3771,4774
233277,23,8524,3763,4761
233277,24,1986,860,1126
233277,25,6538,2903,3635
233277,31,21,8,13
233277,32,621,159,462
233277,39,714,373,341
233277,40,5824,2530,3294
233277,41,762,277,485
233277,42,368,170,198
233277,43,342,155,187
233277,45,342,155,187
233277,51,26,15,11
233277,52,394,107,287
233277,59,56,29,27
233277,60,286,126,160
233286,1,80,2,78
233286,2,80,2,78
233286,3,80,2,78
233286,4,34,0,34
233286,5,46,2,44
233286,20,46,2,44
233286,21,80,2,78
233286,22,80,2,78
233286,23,80,2,78
233286,24,34,0,34
233286,25,46,2,44
233286,40,46,2,44
233295,1,1315,623,692
233295,2,1315,623,692
233295,3,1294,619,675
233295,4,382,196,186
233295,5,912,423,489
233295,11,21,4,17
233295,19,28,12,16
233295,20,884,411,473
233295,21,1295,615,680
233295,22,1295,615,680
233295,23,1286,613,673
233295,24,382,196,186
233295,25,904,417,487
233295,31,9,2,7
233295,39,28,12,16
233295,40,876,405,471
233295,41,20,8,12
233295,42,20,8,12
233295,43,8,6,2
233295,45,8,6,2
233295,51,12,2,10
233295,60,8,6,2
233301,1,682,243,439
233301,2,665,238,427
233301,3,651,232,419
233301,4,216,72,144
233301,5,435,160,275
233301,11,14,6,8
233301,12,17,5,12
233301,19,24,11,13
233301,20,411,149,262
233301,21,663,234,429
233301,22,649,229,420
233301,23,645,229,416
233301,24,216,72,144
233301,25,429,157,272
233301,31,4,0,4
233301,32,14,5,9
233301,39,24,11,13
233301,40,405,146,259
233301,41,19,9,10
233301,42,16,9,7
233301,43,6,3,3
233301,45,6,3,3
233301,51,10,6,4
233301,52,3,0,3
233301,60,6,3,3
233310,1,3555,1357,2198
233310,2,3555,1357,2198
233310,3,1604,521,1083
233310,4,413,188,225
233310,5,1191,333,858
233310,11,1951,836,1115
233310,19,97,27,70
233310,20,1094,306,788
233310,21,832,332,500
233310,22,832,332,500
233310,23,585,221,364
233310,24,222,107,115
233310,25,363,114,249
233310,31,247,111,136
233310,39,27,5,22
233310,40,336,109,227
233310,41,2723,1025,1698
233310,42,2723,1025,1698
233310,43,1019,300,719
233310,44,191,81,110
233310,45,828,219,609
233310,51,1704,725,979
233310,59,70,22,48
233310,60,758,197,561
233329,1,291,22,269
233329,2,291,22,269
233329,3,291,22,269
233329,4,87,4,83
233329,5,204,18,186
233329,19,13,1,12
233329,20,191,17,174
233329,21,291,22,269
233329,22,291,22,269
233329,23,291,22,269
233329,24,87,4,83
233329,25,204,18,186
233329,39,13,1,12
233329,40,191,17,174
233338,1,1428,478,950
233338,2,1428,478,950
233338,3,1078,367,711
233338,4,425,161,264
233338,5,653,206,447
233338,11,350,111,239
233338,19,57,21,36
233338,20,596,185,411
233338,21,895,317,578
233338,22,895,317,578
233338,23,881,312,569
233338,24,410,155,255
233338,25,471,157,314
233338,31,14,5,9
233338,39,36,17,19
233338,40,435,140,295
233338,41,533,161,372
233338,42,533,161,372
233338,43,197,55,142
233338,44,15,6,9
233338,45,182,49,133
233338,51,336,106,230
233338,59,21,4,17
233338,60,161,45,116
233356,1,408,26,382
233356,2,408,26,382
233356,3,408,26,382
233356,4,4,0,4
233356,5,404,26,378
233356,20,404,26,378
233356,21,207,13,194
233356,22,207,13,194
233356,23,207,13,194
233356,24,4,0,4
233356,25,203,13,190
233356,40,203,13,190
233356,41,201,13,188
233356,42,201,13,188
233356,43,201,13,188
233356,45,201,13,188
233356,60,201,13,188
233374,1,4140,1896,2244
233374,2,3215,1512,1703
233374,3,3107,1463,1644
233374,4,807,393,414
233374,5,2300,1070,1230
233374,11,108,49,59
233374,12,925,384,541
233374,19,101,42,59
233374,20,2199,1028,1171
233374,21,3554,1695,1859
233374,22,3010,1419,1591
233374,23,2930,1383,1547
233374,24,805,391,414
233374,25,2125,992,1133
233374,31,80,36,44
233374,32,544,276,268
233374,39,81,34,47
233374,40,2044,958,1086
233374,41,586,201,385
233374,42,205,93,112
233374,43,177,80,97
233374,44,2,2,0
233374,45,175,78,97
233374,51,28,13,15
233374,52,381,108,273
233374,59,20,8,12
233374,60,155,70,85
233408,1,305,28,277
233408,2,305,28,277
233408,3,305,28,277
233408,4,7,2,5
233408,5,298,26,272
233408,20,298,26,272
233408,21,291,23,268
233408,22,291,23,268
233408,23,291,23,268
233408,24,7,2,5
233408,25,284,21,263
233408,40,284,21,263
233408,41,14,5,9
233408,42,14,5,9
233408,43,14,5,9
233408,45,14,5,9
233408,60,14,5,9
233426,1,2029,841,1188
233426,2,2029,841,1188
233426,3,1980,819,1161
233426,4,542,222,320
233426,5,1438,597,841
233426,11,49,22,27
233426,19,74,39,35
233426,20,1364,558,806
233426,21,1964,806,1158
233426,22,1964,806,1158
233426,23,1940,797,1143
233426,24,542,222,320
233426,25,1398,575,823
233426,31,24,9,15
233426,39,73,39,34
233426,40,1325,536,789
233426,41,65,35,30
233426,42,65,35,30
233426,43,40,22,18
233426,45,40,22,18
233426,51,25,13,12
233426,59,1,0,1
233426,60,39,22,17
233480,1,28,4,24
233480,2,28,4,24
233480,3,28,4,24
233480,5,28,4,24
233480,20,28,4,24
233480,21,28,4,24
233480,22,28,4,24
233480,23,28,4,24
233480,25,28,4,24
233480,40,28,4,24
233541,1,4003,1381,2622
233541,2,2150,848,1302
233541,3,1859,803,1056
233541,4,418,189,229
233541,5,1441,614,827
233541,11,291,45,246
233541,12,1853,533,1320
233541,19,130,59,71
233541,20,1311,555,756
233541,21,2683,1042,1641
233541,22,1791,771,1020
233541,23,1790,771,1019
233541,24,418,189,229
233541,25,1372,582,790
233541,31,1,0,1
233541,32,892,271,621
233541,39,119,51,68
233541,40,1253,531,722
233541,41,1320,339,981
233541,42,359,77,282
233541,43,69,32,37
233541,45,69,32,37
233541,51,290,45,245
233541,52,961,262,699
233541,59,11,8,3
233541,60,58,24,34
233611,1,662,309,353
233611,2,662,309,353
233611,3,658,308,350
233611,4,224,90,134
233611,5,434,218,216
233611,11,4,1,3
233611,19,65,36,29
233611,20,369,182,187
233611,21,636,299,337
233611,22,636,299,337
233611,23,635,298,337
233611,24,224,90,134
233611,25,411,208,203
233611,31,1,1,0
233611,39,62,33,29
233611,40,349,175,174
233611,41,26,10,16
233611,42,26,10,16
233611,43,23,10,13
233611,45,23,10,13
233611,51,3,0,3
233611,59,3,3,0
233611,60,20,7,13
233639,1,5784,2170,3614
233639,2,5784,2170,3614
233639,3,2773,844,1929
233639,4,637,266,371
233639,5,2136,578,1558
233639,11,3011,1326,1685
233639,19,113,51,62
233639,20,2023,527,1496
233639,21,1852,693,1159
233639,22,1852,693,1159
233639,23,1204,417,787
233639,24,411,177,234
233639,25,793,240,553
233639,31,648,276,372
233639,39,58,29,29
233639,40,735,211,524
233639,41,3932,1477,2455
233639,42,3932,1477,2455
233639,43,1569,427,1142
233639,44,226,89,137
233639,45,1343,338,1005
233639,51,2363,1050,1313
233639,59,55,22,33
233639,60,1288,316,972
233648,1,2630,1092,1538
233648,2,2630,1092,1538
233648,3,1794,725,1069
233648,4,525,244,281
233648,5,1269,481,788
233648,11,836,367,469
233648,19,93,40,53
233648,20,1176,441,735
233648,21,1154,500,654
233648,22,1154,500,654
233648,23,1071,462,609
233648,24,437,204,233
233648,25,634,258,376
233648,31,83,38,45
233648,39,29,14,15
233648,40,605,244,361
233648,41,1476,592,884
233648,42,1476,592,884
233648,43,723,263,460
233648,44,88,40,48
233648,45,635,223,412
233648,51,753,329,424
233648,59,64,26,38
233648,60,571,197,374
233657,1,79,1,78
233657,2,79,1,78
233657,3,79,1,78
233657,4,25,0,25
233657,5,54,1,53
233657,20,54,1,53
233657,21,45,0,45
233657,22,45,0,45
233657,23,45,0,45
233657,24,18,0,18
233657,25,27,0,27
233657,40,27,0,27
233657,41,34,1,33
233657,42,34,1,33
233657,43,34,1,33
233657,44,7,0,7
233657,45,27,1,26
233657,60,27,1,26
233666,1,32,0,32
233666,2,32,0,32
233666,3,32,0,32
233666,4,30,0,30
233666,5,2,0,2
233666,20,2,0,2
233666,21,23,0,23
233666,22,23,0,23
233666,23,23,0,23
233666,24,22,0,22
233666,25,1,0,1
233666,40,1,0,1
233666,41,9,0,9
233666,42,9,0,9
233666,43,9,0,9
233666,44,8,0,8
233666,45,1,0,1
233666,60,1,0,1
233684,1,7649,3539,4110
233684,2,4943,2404,2539
233684,3,4837,2344,2493
233684,4,306,150,156
233684,5,4531,2194,2337
233684,11,106,60,46
233684,12,2706,1135,1571
233684,19,450,215,235
233684,20,4081,1979,2102
233684,21,1903,1182,721
233684,22,1229,828,401
233684,23,1224,825,399
233684,24,73,56,17
233684,25,1151,769,382
233684,31,5,3,2
233684,32,674,354,320
233684,39,159,100,59
233684,40,992,669,323
233684,41,5746,2357,3389
233684,42,3714,1576,2138
233684,43,3613,1519,2094
233684,44,233,94,139
233684,45,3380,1425,1955
233684,51,101,57,44
233684,52,2032,781,1251
233684,59,291,115,176
233684,60,3089,1310,1779
233718,1,710,16,694
233718,2,703,16,687
233718,3,599,0,599
233718,4,197,0,197
233718,5,402,0,402
233718,11,104,16,88
233718,12,7,0,7
233718,19,11,0,11
233718,20,391,0,391
233718,21,687,12,675
233718,22,680,12,668
233718,23,594,0,594
233718,24,197,0,197
233718,25,397,0,397
233718,31,86,12,74
233718,32,7,0,7
233718,39,11,0,11
233718,40,386,0,386
233718,41,23,4,19
233718,42,23,4,19
233718,43,5,0,5
233718,45,5,0,5
233718,51,18,4,14
233718,60,5,0,5
233754,1,11033,4394,6639
233754,2,11033,4394,6639
233754,3,9097,3515,5582
233754,4,1802,813,989
233754,5,7295,2702,4593
233754,11,1936,879,1057
233754,19,799,300,499
233754,20,6496,2402,4094
233754,21,3565,1525,2040
233754,22,3565,1525,2040
233754,23,3406,1423,1983
233754,24,935,434,501
233754,25,2471,989,1482
233754,31,159,102,57
233754,39,296,114,182
233754,40,2175,875,1300
233754,41,7468,2869,4599
233754,42,7468,2869,4599
233754,43,5691,2092,3599
233754,44,867,379,488
233754,45,4824,1713,3111
233754,51,1777,777,1000
233754,59,503,186,317
233754,60,4321,1527,2794
233772,1,28999,11837,17162
233772,2,28999,11837,17162
233772,3,25981,10654,15327
233772,4,5418,2525,2893
233772,5,20563,8129,12434
233772,11,3018,1183,1835
233772,19,1962,727,1235
233772,20,18601,7402,11199
233772,21,11500,4999,6501
233772,22,11500,4999,6501
233772,23,11198,4855,6343
233772,24,3033,1439,1594
233772,25,8165,3416,4749
233772,31,302,144,158
233772,39,831,345,486
233772,40,7334,3071,4263
233772,41,17499,6838,10661
233772,42,17499,6838,10661
233772,43,14783,5799,8984
233772,44,2385,1086,1299
233772,45,12398,4713,7685
233772,51,2716,1039,1677
233772,59,1131,382,749
233772,60,11267,4331,6936
233842,1,205,94,111
233842,12,205,94,111
233842,21,112,58,54
233842,32,112,58,54
233842,41,93,36,57
233842,52,93,36,57
233897,1,2291,954,1337
233897,2,2291,954,1337
233897,3,1585,799,786
233897,4,335,174,161
233897,5,1250,625,625
233897,11,706,155,551
233897,19,123,56,67
233897,20,1127,569,558
233897,21,1471,742,729
233897,22,1471,742,729
233897,23,1453,731,722
233897,24,332,171,161
233897,25,1121,560,561
233897,31,18,11,7
233897,39,106,50,56
233897,40,1015,510,505
233897,41,820,212,608
233897,42,820,212,608
233897,43,132,68,64
233897,44,3,3,0
233897,45,129,65,64
233897,51,688,144,544
233897,59,17,6,11
233897,60,112,59,53
233903,1,2484,1027,1457
233903,2,2484,1027,1457
233903,3,1689,674,1015
233903,4,411,174,237
233903,5,1278,500,778
233903,11,795,353,442
233903,19,107,45,62
233903,20,1171,455,716
233903,21,1061,470,591
233903,22,1061,470,591
233903,23,962,426,536
233903,24,329,143,186
233903,25,633,283,350
233903,31,99,44,55
233903,39,54,19,35
233903,40,579,264,315
233903,41,1423,557,866
233903,42,1423,557,866
233903,43,727,248,479
233903,44,82,31,51
233903,45,645,217,428
233903,51,696,309,387
233903,59,53,26,27
233903,60,592,191,401
233912,1,378,128,250
233912,2,378,128,250
233912,3,352,120,232
233912,4,46,14,32
233912,5,306,106,200
233912,11,26,8,18
233912,19,40,17,23
233912,20,266,89,177
233912,21,333,116,217
233912,22,333,116,217
233912,23,329,115,214
233912,24,45,14,31
233912,25,284,101,183
233912,31,4,1,3
233912,39,38,17,21
233912,40,246,84,162
233912,41,45,12,33
233912,42,45,12,33
233912,43,23,5,18
233912,44,1,0,1
233912,45,22,5,17
233912,51,22,7,15
233912,59,2,0,2
233912,60,20,5,15
233921,1,31205,18094,13111
233921,2,24034,14101,9933
233921,3,23928,14035,9893
233921,4,5364,3008,2356
233921,5,18564,11027,7537
233921,11,106,66,40
233921,12,7171,3993,3178
233921,19,995,677,318
233921,20,17569,10350,7219
233921,21,28425,16521,11904
233921,22,23512,13756,9756
233921,23,23441,13710,9731
233921,24,5360,3008,2352
233921,25,18081,10702,7379
233921,31,71,46,25
233921,32,4913,2765,2148
233921,39,971,659,312
233921,40,17110,10043,7067
233921,41,2780,1573,1207
233921,42,522,345,177
233921,43,487,325,162
233921,44,4,0,4
233921,45,483,325,158
233921,51,35,20,15
233921,52,2258,1228,1030
233921,59,24,18,6
233921,60,459,307,152
233949,1,8654,3906,4748
233949,2,8654,3906,4748
233949,3,5505,2428,3077
233949,4,1435,675,760
233949,5,4070,1753,2317
233949,11,3149,1478,1671
233949,19,322,126,196
233949,20,3748,1627,2121
233949,21,2688,1256,1432
233949,22,2688,1256,1432
233949,23,2628,1219,1409
233949,24,1056,499,557
233949,25,1572,720,852
233949,31,60,37,23
233949,39,148,60,88
233949,40,1424,660,764
233949,41,5966,2650,3316
233949,42,5966,2650,3316
233949,43,2877,1209,1668
233949,44,379,176,203
233949,45,2498,1033,1465
233949,51,3089,1441,1648
233949,59,174,66,108
233949,60,2324,967,1357
234030,1,30974,13091,17883
234030,2,23356,10155,13201
234030,3,22049,9534,12515
234030,4,3526,1447,2079
234030,5,18523,8087,10436
234030,11,1307,621,686
234030,12,7618,2936,4682
234030,19,2093,885,1208
234030,20,16430,7202,9228
234030,21,24803,10679,14124
234030,22,19746,8621,11125
234030,23,19444,8400,11044
234030,24,3513,1444,2069
234030,25,15931,6956,8975
234030,31,302,221,81
234030,32,5057,2058,2999
234030,39,1790,796,994
234030,40,14141,6160,7981
234030,41,6171,2412,3759
234030,42,3610,1534,2076
234030,43,2605,1134,1471
234030,44,13,3,10
234030,45,2592,1131,1461
234030,51,1005,400,605
234030,52,2561,878,1683
234030,59,303,89,214
234030,60,2289,1042,1247
234076,1,23464,10754,12710
234076,2,16087,7142,8945
234076,3,15020,6833,8187
234076,4,3534,1566,1968
234076,5,11486,5267,6219
234076,11,1067,309,758
234076,12,7377,3612,3765
234076,19,671,337,334
234076,20,10815,4930,5885
234076,21,21086,9973,11113
234076,22,15089,6767,8322
234076,23,14444,6586,7858
234076,24,3516,1556,1960
234076,25,10928,5030,5898
234076,31,645,181,464
234076,32,5997,3206,2791
234076,39,570,296,274
234076,40,10358,4734,5624
234076,41,2378,781,1597
234076,42,998,375,623
234076,43,576,247,329
234076,44,18,10,8
234076,45,558,237,321
234076,51,422,128,294
234076,52,1380,406,974
234076,59,101,41,60
234076,60,457,196,261
234085,1,1675,1499,176
234085,2,1675,1499,176
234085,3,1675,1499,176
234085,4,421,378,43
234085,5,1254,1121,133
234085,19,45,35,10
234085,20,1209,1086,123
234085,21,1675,1499,176
234085,22,1675,1499,176
234085,23,1675,1499,176
234085,24,421,378,43
234085,25,1254,1121,133
234085,39,45,35,10
234085,40,1209,1086,123
234119,1,89,25,64
234119,2,89,25,64
234119,3,89,25,64
234119,4,72,22,50
234119,5,17,3,14
234119,20,17,3,14
234119,21,40,9,31
234119,22,40,9,31
234119,23,40,9,31
234119,24,35,8,27
234119,25,5,1,4
234119,40,5,1,4
234119,41,49,16,33
234119,42,49,16,33
234119,43,49,16,33
234119,44,37,14,23
234119,45,12,2,10
234119,60,12,2,10
234137,1,582,287,295
234137,2,493,241,252
234137,3,493,241,252
234137,4,126,68,58
234137,5,367,173,194
234137,12,89,46,43
234137,20,367,173,194
234137,21,326,209,117
234137,22,259,171,88
234137,23,259,171,88
234137,24,95,63,32
234137,25,164,108,56
234137,32,67,38,29
234137,40,164,108,56
234137,41,256,78,178
234137,42,234,70,164
234137,43,234,70,164
234137,44,31,5,26
234137,45,203,65,138
234137,52,22,8,14
234137,60,203,65,138
234155,1,5763,2317,3446
234155,2,5073,2033,3040
234155,3,5023,2007,3016
234155,4,1137,445,692
234155,5,3886,1562,2324
234155,11,50,26,24
234155,12,690,284,406
234155,19,372,153,219
234155,20,3514,1409,2105
234155,21,5164,2066,3098
234155,22,4817,1927,2890
234155,23,4812,1923,2889
234155,24,1136,444,692
234155,25,3676,1479,2197
234155,31,5,4,1
234155,32,347,139,208
234155,39,336,142,194
234155,40,3340,1337,2003
234155,41,599,251,348
234155,42,256,106,150
234155,43,211,84,127
234155,44,1,1,0
234155,45,210,83,127
234155,51,45,22,23
234155,52,343,145,198
234155,59,36,11,25
234155,60,174,72,102
234164,1,1749,806,943
234164,2,1359,611,748
234164,3,1359,611,748
234164,4,404,179,225
234164,5,955,432,523
234164,12,390,195,195
234164,19,83,48,35
234164,20,872,384,488
234164,21,1700,783,917
234164,22,1329,595,734
234164,23,1329,595,734
234164,24,402,177,225
234164,25,927,418,509
234164,32,371,188,183
234164,39,80,48,32
234164,40,847,370,477
234164,41,49,23,26
234164,42,30,16,14
234164,43,30,16,14
234164,44,2,2,0
234164,45,28,14,14
234164,52,19,7,12
234164,59,3,0,3
234164,60,25,14,11
234173,1,1459,562,897
234173,2,1459,562,897
234173,3,1436,554,882
234173,4,453,183,270
234173,5,983,371,612
234173,11,23,8,15
234173,19,63,28,35
234173,20,920,343,577
234173,21,1349,532,817
234173,22,1349,532,817
234173,23,1346,530,816
234173,24,453,183,270
234173,25,893,347,546
234173,31,3,2,1
234173,39,59,26,33
234173,40,834,321,513
234173,41,110,30,80
234173,42,110,30,80
234173,43,90,24,66
234173,45,90,24,66
234173,51,20,6,14
234173,59,4,2,2
234173,60,86,22,64
234191,1,152,54,98
234191,2,152,54,98
234191,3,152,54,98
234191,4,18,5,13
234191,5,134,49,85
234191,20,134,49,85
234191,21,152,54,98
234191,22,152,54,98
234191,23,152,54,98
234191,24,18,5,13
234191,25,134,49,85
234191,40,134,49,85
234207,1,2277,1155,1122
234207,2,1855,936,919
234207,3,1846,934,912
234207,4,480,245,235
234207,5,1366,689,677
234207,11,9,2,7
234207,12,422,219,203
234207,20,1366,689,677
234207,21,2273,1153,1120
234207,22,1851,934,917
234207,23,1844,933,911
234207,24,480,245,235
234207,25,1364,688,676
234207,31,7,1,6
234207,32,422,219,203
234207,40,1364,688,676
234207,41,4,2,2
234207,42,4,2,2
234207,43,2,1,1
234207,45,2,1,1
234207,51,2,1,1
234207,60,2,1,1
234216,1,231,49,182
234216,2,231,49,182
234216,3,231,49,182
234216,5,231,49,182
234216,20,231,49,182
234216,21,194,44,150
234216,22,194,44,150
234216,23,194,44,150
234216,25,194,44,150
234216,40,194,44,150
234216,41,37,5,32
234216,42,37,5,32
234216,43,37,5,32
234216,45,37,5,32
234216,60,37,5,32
234225,1,81,43,38
234225,2,81,43,38
234225,3,81,43,38
234225,4,56,37,19
234225,5,25,6,19
234225,20,25,6,19
234225,21,81,43,38
234225,22,81,43,38
234225,23,81,43,38
234225,24,56,37,19
234225,25,25,6,19
234225,40,25,6,19
234359,1,164,115,49
234359,2,164,115,49
234359,3,164,115,49
234359,4,51,34,17
234359,5,113,81,32
234359,20,113,81,32
234359,21,164,115,49
234359,22,164,115,49
234359,23,164,115,49
234359,24,51,34,17
234359,25,113,81,32
234359,40,113,81,32
234377,1,3468,1265,2203
234377,2,3468,1265,2203
234377,3,2076,663,1413
234377,4,588,268,320
234377,5,1488,395,1093
234377,11,1392,602,790
234377,19,127,34,93
234377,20,1361,361,1000
234377,21,1209,466,743
234377,22,1209,466,743
234377,23,1109,438,671
234377,24,442,214,228
234377,25,667,224,443
234377,31,100,28,72
234377,39,61,18,43
234377,40,606,206,400
234377,41,2259,799,1460
234377,42,2259,799,1460
234377,43,967,225,742
234377,44,146,54,92
234377,45,821,171,650
234377,51,1292,574,718
234377,59,66,16,50
234377,60,755,155,600
234401,1,77,2,75
234401,2,77,2,75
234401,3,77,2,75
234401,4,32,2,30
234401,5,45,0,45
234401,20,45,0,45
234401,21,77,2,75
234401,22,77,2,75
234401,23,77,2,75
234401,24,32,2,30
234401,25,45,0,45
234401,40,45,0,45
234492,1,1573,842,731
234492,2,1573,842,731
234492,3,1573,842,731
234492,4,276,163,113
234492,5,1297,679,618
234492,19,277,127,150
234492,20,1020,552,468
234492,21,1009,562,447
234492,22,1009,562,447
234492,23,1009,562,447
234492,24,200,119,81
234492,25,809,443,366
234492,39,184,95,89
234492,40,625,348,277
234492,41,564,280,284
234492,42,564,280,284
234492,43,564,280,284
234492,44,76,44,32
234492,45,488,236,252
234492,59,93,32,61
234492,60,395,204,191
234650,1,100,9,91
234650,2,100,9,91
234650,3,100,9,91
234650,4,7,0,7
234650,5,93,9,84
234650,20,93,9,84
234650,21,100,9,91
234650,22,100,9,91
234650,23,100,9,91
234650,24,7,0,7
234650,25,93,9,84
234650,40,93,9,84
234669,1,13820,6316,7504
234669,2,13820,6316,7504
234669,3,5684,2592,3092
234669,4,949,512,437
234669,5,4735,2080,2655
234669,11,8136,3724,4412
234669,19,2233,859,1374
234669,20,2502,1221,1281
234669,21,6704,3312,3392
234669,22,6704,3312,3392
234669,23,3001,1422,1579
234669,24,679,377,302
234669,25,2322,1045,1277
234669,31,3703,1890,1813
234669,39,1042,422,620
234669,40,1280,623,657
234669,41,7116,3004,4112
234669,42,7116,3004,4112
234669,43,2683,1170,1513
234669,44,270,135,135
234669,45,2413,1035,1378
234669,51,4433,1834,2599
234669,59,1191,437,754
234669,60,1222,598,624
234696,1,2258,1190,1068
234696,2,2258,1190,1068
234696,3,720,385,335
234696,4,80,55,25
234696,5,640,330,310
234696,11,1538,805,733
234696,19,332,161,171
234696,20,308,169,139
234696,21,1256,810,446
234696,22,1256,810,446
234696,23,493,313,180
234696,24,59,43,16
234696,25,434,270,164
234696,31,763,497,266
234696,39,226,128,98
234696,40,208,142,66
234696,41,1002,380,622
234696,42,1002,380,622
234696,43,227,72,155
234696,44,21,12,9
234696,45,206,60,146
234696,51,775,308,467
234696,59,106,33,73
234696,60,100,27,73
234711,1,1991,847,1144
234711,2,1991,847,1144
234711,3,1530,662,868
234711,4,310,138,172
234711,5,1220,524,696
234711,11,461,185,276
234711,19,288,140,148
234711,20,932,384,548
234711,21,1440,644,796
234711,22,1440,644,796
234711,23,1162,529,633
234711,24,267,121,146
234711,25,895,408,487
234711,31,278,115,163
234711,39,211,107,104
234711,40,684,301,383
234711,41,551,203,348
234711,42,551,203,348
234711,43,368,133,235
234711,44,43,17,26
234711,45,325,116,209
234711,51,183,70,113
234711,59,77,33,44
234711,60,248,83,165
234739,1,273,40,233
234739,2,273,40,233
234739,3,273,40,233
234739,4,49,8,41
234739,5,224,32,192
234739,19,23,3,20
234739,20,201,29,172
234739,21,269,37,232
234739,22,269,37,232
234739,23,269,37,232
234739,24,49,8,41
234739,25,220,29,191
234739,39,23,3,20
234739,40,197,26,171
234739,41,4,3,1
234739,42,4,3,1
234739,43,4,3,1
234739,45,4,3,1
234739,60,4,3,1
234784,1,444,59,385
234784,2,444,59,385
234784,3,444,59,385
234784,4,102,15,87
234784,5,342,44,298
234784,20,342,44,298
234784,21,444,59,385
234784,22,444,59,385
234784,23,444,59,385
234784,24,102,15,87
234784,25,342,44,298
234784,40,342,44,298
234827,1,11287,5552,5735
234827,2,10423,5167,5256
234827,3,9958,4962,4996
234827,4,1502,716,786
234827,5,8456,4246,4210
234827,11,465,205,260
234827,12,864,385,479
234827,19,1374,667,707
234827,20,7082,3579,3503
234827,21,9458,4693,4765
234827,22,8996,4476,4520
234827,23,8908,4439,4469
234827,24,1486,708,778
234827,25,7422,3731,3691
234827,31,88,37,51
234827,32,462,217,245
234827,39,1191,579,612
234827,40,6231,3152,3079
234827,41,1829,859,970
234827,42,1427,691,736
234827,43,1050,523,527
234827,44,16,8,8
234827,45,1034,515,519
234827,51,377,168,209
234827,52,402,168,234
234827,59,183,88,95
234827,60,851,427,424
234845,1,3453,1567,1886
234845,2,3453,1567,1886
234845,3,1632,716,916
234845,4,398,188,210
234845,5,1234,528,706
234845,11,1821,851,970
234845,19,364,154,210
234845,20,870,374,496
234845,21,1806,855,951
234845,22,1806,855,951
234845,23,1281,594,687
234845,24,355,174,181
234845,25,926,420,506
234845,31,525,261,264
234845,39,265,123,142
234845,40,661,297,364
234845,41,1647,712,935
234845,42,1647,712,935
234845,43,351,122,229
234845,44,43,14,29
234845,45,308,108,200
234845,51,1296,590,706
234845,59,99,31,68
234845,60,209,77,132
234915,1,2368,1035,1333
234915,2,1272,598,674
234915,3,1162,552,610
234915,4,50,26,24
234915,5,1112,526,586
234915,11,110,46,64
234915,12,1096,437,659
234915,19,314,137,177
234915,20,798,389,409
234915,21,1367,567,800
234915,22,638,302,336
234915,23,631,299,332
234915,24,6,6,0
234915,25,625,293,332
234915,31,7,3,4
234915,32,729,265,464
234915,39,217,91,126
234915,40,408,202,206
234915,41,1001,468,533
234915,42,634,296,338
234915,43,531,253,278
234915,44,44,20,24
234915,45,487,233,254
234915,51,103,43,60
234915,52,367,172,195
234915,59,97,46,51
234915,60,390,187,203
234924,1,128,5,123
234924,2,128,5,123
234924,3,128,5,123
234924,4,30,2,28
234924,5,98,3,95
234924,20,98,3,95
234924,21,128,5,123
234924,22,128,5,123
234924,23,128,5,123
234924,24,30,2,28
234924,25,98,3,95
234924,40,98,3,95
234933,1,11462,4906,6556
234933,2,11462,4906,6556
234933,3,9907,4253,5654
234933,4,1284,608,676
234933,5,8623,3645,4978
234933,11,1555,653,902
234933,19,2131,832,1299
234933,20,6492,2813,3679
234933,21,5636,2554,3082
234933,22,5636,2554,3082
234933,23,5237,2359,2878
234933,24,819,390,429
234933,25,4418,1969,2449
234933,31,399,195,204
234933,39,1068,437,631
234933,40,3350,1532,1818
234933,41,5826,2352,3474
234933,42,5826,2352,3474
234933,43,4670,1894,2776
234933,44,465,218,247
234933,45,4205,1676,2529
234933,51,1156,458,698
234933,59,1063,395,668
234933,60,3142,1281,1861
234951,1,3720,1320,2400
234951,2,3720,1320,2400
234951,3,1633,743,890
234951,4,278,141,137
234951,5,1355,602,753
234951,11,2087,577,1510
234951,19,725,295,430
234951,20,630,307,323
234951,21,2358,1132,1226
234951,22,2358,1132,1226
234951,23,1375,657,718
234951,24,251,131,120
234951,25,1124,526,598
234951,31,983,475,508
234951,39,602,262,340
234951,40,522,264,258
234951,41,1362,188,1174
234951,42,1362,188,1174
234951,43,258,86,172
234951,44,27,10,17
234951,45,231,76,155
234951,51,1104,102,1002
234951,59,123,33,90
234951,60,108,43,65
234979,1,6480,3081,3399
234979,2,6480,3081,3399
234979,3,5146,2281,2865
234979,4,959,473,486
234979,5,4187,1808,2379
234979,11,1334,800,534
234979,19,1814,781,1033
234979,20,2373,1027,1346
234979,21,3693,1662,2031
234979,22,3693,1662,2031
234979,23,3240,1472,1768
234979,24,723,359,364
234979,25,2517,1113,1404
234979,31,453,190,263
234979,39,919,417,502
234979,40,1598,696,902
234979,41,2787,1419,1368
234979,42,2787,1419,1368
234979,43,1906,809,1097
234979,44,236,114,122
234979,45,1670,695,975
234979,51,881,610,271
234979,59,895,364,531
234979,60,775,331,444
235024,1,778,277,501
235024,2,775,274,501
235024,3,775,274,501
235024,4,167,52,115
235024,5,608,222,386
235024,12,3,3,0
235024,19,83,28,55
235024,20,525,194,331
235024,21,752,266,486
235024,22,749,263,486
235024,23,749,263,486
235024,24,166,52,114
235024,25,583,211,372
235024,32,3,3,0
235024,39,83,28,55
235024,40,500,183,317
235024,41,26,11,15
235024,42,26,11,15
235024,43,26,11,15
235024,44,1,0,1
235024,45,25,11,14
235024,60,25,11,14
235088,1,234,223,11
235088,2,234,223,11
235088,3,234,223,11
235088,4,157,153,4
235088,5,77,70,7
235088,20,77,70,7
235088,21,234,223,11
235088,22,234,223,11
235088,23,234,223,11
235088,24,157,153,4
235088,25,77,70,7
235088,40,77,70,7
235097,1,12791,5736,7055
235097,2,11678,5372,6306
235097,3,11672,5367,6305
235097,4,1486,608,878
235097,5,10186,4759,5427
235097,11,6,5,1
235097,12,1113,364,749
235097,19,1386,645,741
235097,20,8800,4114,4686
235097,21,10544,4764,5780
235097,22,9715,4490,5225
235097,23,9713,4489,5224
235097,24,1469,601,868
235097,25,8244,3888,4356
235097,31,2,1,1
235097,32,829,274,555
235097,39,1235,586,649
235097,40,7009,3302,3707
235097,41,2247,972,1275
235097,42,1963,882,1081
235097,43,1959,878,1081
235097,44,17,7,10
235097,45,1942,871,1071
235097,51,4,4,0
235097,52,284,90,194
235097,59,151,59,92
235097,60,1791,812,979
235103,1,9070,4308,4762
235103,2,9070,4308,4762
235103,3,4589,2202,2387
235103,4,532,276,256
235103,5,4057,1926,2131
235103,11,4481,2106,2375
235103,19,1489,663,826
235103,20,2568,1263,1305
235103,21,4184,2160,2024
235103,22,4184,2160,2024
235103,23,2669,1335,1334
235103,24,397,210,187
235103,25,2272,1125,1147
235103,31,1515,825,690
235103,39,805,373,432
235103,40,1467,752,715
235103,41,4886,2148,2738
235103,42,4886,2148,2738
235103,43,1920,867,1053
235103,44,135,66,69
235103,45,1785,801,984
235103,51,2966,1281,1685
235103,59,684,290,394
235103,60,1101,511,590
235149,1,7154,3140,4014
235149,2,7154,3140,4014
235149,3,4612,1905,2707
235149,4,711,342,369
235149,5,3901,1563,2338
235149,11,2542,1235,1307
235149,19,1088,445,643
235149,20,2813,1118,1695
235149,21,3925,1825,2100
235149,22,3925,1825,2100
235149,23,2619,1163,1456
235149,24,512,258,254
235149,25,2107,905,1202
235149,31,1306,662,644
235149,39,576,259,317
235149,40,1531,646,885
235149,41,3229,1315,1914
235149,42,3229,1315,1914
235149,43,1993,742,1251
235149,44,199,84,115
235149,45,1794,658,1136
235149,51,1236,573,663
235149,59,512,186,326
235149,60,1282,472,810
235158,1,109,24,85
235158,2,109,24,85
235158,3,109,24,85
235158,4,13,1,12
235158,5,96,23,73
235158,20,96,23,73
235158,21,109,24,85
235158,22,109,24,85
235158,23,109,24,85
235158,24,13,1,12
235158,25,96,23,73
235158,40,96,23,73
235167,1,4398,2003,2395
235167,2,4087,1901,2186
235167,3,4017,1866,2151
235167,4,509,225,284
235167,5,3508,1641,1867
235167,11,70,35,35
235167,12,311,102,209
235167,19,740,328,412
235167,20,2768,1313,1455
235167,21,3955,1816,2139
235167,22,3766,1748,2018
235167,23,3758,1742,2016
235167,24,497,221,276
235167,25,3261,1521,1740
235167,31,8,6,2
235167,32,189,68,121
235167,39,706,314,392
235167,40,2555,1207,1348
235167,41,443,187,256
235167,42,321,153,168
235167,43,259,124,135
235167,44,12,4,8
235167,45,247,120,127
235167,51,62,29,33
235167,52,122,34,88
235167,59,34,14,20
235167,60,213,106,107
235237,1,6203,2566,3637
235237,2,6203,2566,3637
235237,3,4407,1776,2631
235237,4,488,229,259
235237,5,3919,1547,2372
235237,11,1796,790,1006
235237,19,1535,539,996
235237,20,2384,1008,1376
235237,21,2800,1182,1618
235237,22,2800,1182,1618
235237,23,2151,863,1288
235237,24,325,155,170
235237,25,1826,708,1118
235237,31,649,319,330
235237,39,728,262,466
235237,40,1098,446,652
235237,41,3403,1384,2019
235237,42,3403,1384,2019
235237,43,2256,913,1343
235237,44,163,74,89
235237,45,2093,839,1254
235237,51,1147,471,676
235237,59,807,277,530
235237,60,1286,562,724
235307,1,153,4,149
235307,2,153,4,149
235307,3,153,4,149
235307,4,48,3,45
235307,5,105,1,104
235307,20,105,1,104
235307,21,151,4,147
235307,22,151,4,147
235307,23,151,4,147
235307,24,47,3,44
235307,25,104,1,103
235307,40,104,1,103
235307,41,2,0,2
235307,42,2,0,2
235307,43,2,0,2
235307,44,1,0,1
235307,45,1,0,1
235307,60,1,0,1
235316,1,7605,3301,4304
235316,2,4896,2240,2656
235316,3,4830,2206,2624
235316,4,1238,560,678
235316,5,3592,1646,1946
235316,11,66,34,32
235316,12,2709,1061,1648
235316,19,155,87,68
235316,20,3437,1559,1878
235316,21,5490,2528,2962
235316,22,4826,2206,2620
235316,23,4780,2183,2597
235316,24,1238,560,678
235316,25,3542,1623,1919
235316,31,46,23,23
235316,32,664,322,342
235316,39,151,85,66
235316,40,3391,1538,1853
235316,41,2115,773,1342
235316,42,70,34,36
235316,43,50,23,27
235316,45,50,23,27
235316,51,20,11,9
235316,52,2045,739,1306
235316,59,4,2,2
235316,60,46,21,25
235334,1,1958,975,983
235334,2,1958,975,983
235334,3,1061,462,599
235334,4,259,125,134
235334,5,802,337,465
235334,11,897,513,384
235334,19,240,101,139
235334,20,562,236,326
235334,21,1345,647,698
235334,22,1345,647,698
235334,23,873,376,497
235334,24,246,119,127
235334,25,627,257,370
235334,31,472,271,201
235334,39,184,74,110
235334,40,443,183,260
235334,41,613,328,285
235334,42,613,328,285
235334,43,188,86,102
235334,44,13,6,7
235334,45,175,80,95
235334,51,425,242,183
235334,59,56,27,29
235334,60,119,53,66
235343,1,7801,3871,3930
235343,2,7801,3871,3930
235343,3,5191,2633,2558
235343,4,814,428,386
235343,5,4377,2205,2172
235343,11,2610,1238,1372
235343,19,1241,601,640
235343,20,3136,1604,1532
235343,21,5021,2627,2394
235343,22,5021,2627,2394
235343,23,3461,1823,1638
235343,24,602,326,276
235343,25,2859,1497,1362
235343,31,1560,804,756
235343,39,807,413,394
235343,40,2052,1084,968
235343,41,2780,1244,1536
235343,42,2780,1244,1536
235343,43,1730,810,920
235343,44,212,102,110
235343,45,1518,708,810
235343,51,1050,434,616
235343,59,434,188,246
235343,60,1084,520,564
235352,1,65,11,54
235352,2,65,11,54
235352,3,65,11,54
235352,4,9,2,7
235352,5,56,9,47
235352,20,56,9,47
235352,21,65,11,54
235352,22,65,11,54
235352,23,65,11,54
235352,24,9,2,7
235352,25,56,9,47
235352,40,56,9,47
235422,1,1128,281,847
235422,2,876,201,675
235422,3,842,190,652
235422,4,84,24,60
235422,5,758,166,592
235422,11,34,11,23
235422,12,252,80,172
235422,19,122,21,101
235422,20,636,145,491
235422,21,719,184,535
235422,22,651,150,501
235422,23,651,150,501
235422,24,74,19,55
235422,25,577,131,446
235422,32,68,34,34
235422,39,104,19,85
235422,40,473,112,361
235422,41,409,97,312
235422,42,225,51,174
235422,43,191,40,151
235422,44,10,5,5
235422,45,181,35,146
235422,51,34,11,23
235422,52,184,46,138
235422,59,18,2,16
235422,60,163,33,130
235431,1,6612,2752,3860
235431,2,6612,2752,3860
235431,3,3107,1251,1856
235431,4,467,205,262
235431,5,2640,1046,1594
235431,11,3505,1501,2004
235431,19,861,322,539
235431,20,1779,724,1055
235431,21,3937,1668,2269
235431,22,3937,1668,2269
235431,23,1866,756,1110
235431,24,330,144,186
235431,25,1536,612,924
235431,31,2071,912,1159
235431,39,442,168,274
235431,40,1094,444,650
235431,41,2675,1084,1591
235431,42,2675,1084,1591
235431,43,1241,495,746
235431,44,137,61,76
235431,45,1104,434,670
235431,51,1434,589,845
235431,59,419,154,265
235431,60,685,280,405
235495,1,49,19,30
235495,2,49,19,30
235495,3,49,19,30
235495,4,3,0,3
235495,5,46,19,27
235495,19,34,13,21
235495,20,12,6,6
235495,21,49,19,30
235495,22,49,19,30
235495,23,49,19,30
235495,24,3,0,3
235495,25,46,19,27
235495,39,34,13,21
235495,40,12,6,6
235501,1,266,134,132
235501,2,266,134,132
235501,3,266,134,132
235501,4,186,102,84
235501,5,80,32,48
235501,20,80,32,48
235501,21,266,134,132
235501,22,266,134,132
235501,23,266,134,132
235501,24,186,102,84
235501,25,80,32,48
235501,40,80,32,48
235510,1,444,383,61
235510,2,444,383,61
235510,3,444,383,61
235510,4,63,50,13
235510,5,381,333,48
235510,19,11,11,0
235510,20,370,322,48
235510,21,352,302,50
235510,22,352,302,50
235510,23,352,302,50
235510,24,55,44,11
235510,25,297,258,39
235510,39,10,10,0
235510,40,287,248,39
235510,41,92,81,11
235510,42,92,81,11
235510,43,92,81,11
235510,44,8,6,2
235510,45,84,75,9
235510,59,1,1,0
235510,60,83,74,9
235529,1,297,261,36
235529,2,297,261,36
235529,3,297,261,36
235529,4,52,44,8
235529,5,245,217,28
235529,19,8,6,2
235529,20,237,211,26
235529,21,239,211,28
235529,22,239,211,28
235529,23,239,211,28
235529,24,49,41,8
235529,25,190,170,20
235529,39,7,5,2
235529,40,183,165,18
235529,41,58,50,8
235529,42,58,50,8
235529,43,58,50,8
235529,44,3,3,0
235529,45,55,47,8
235529,59,1,1,0
235529,60,54,46,8
235547,1,1115,193,922
235547,2,259,46,213
235547,3,216,38,178
235547,5,216,38,178
235547,11,43,8,35
235547,12,856,147,709
235547,19,109,21,88
235547,20,107,17,90
235547,21,1015,180,835
235547,22,207,38,169
235547,23,198,37,161
235547,25,198,37,161
235547,31,9,1,8
235547,32,808,142,666
235547,39,105,21,84
235547,40,93,16,77
235547,41,100,13,87
235547,42,52,8,44
235547,43,18,1,17
235547,45,18,1,17
235547,51,34,7,27
235547,52,48,5,43
235547,59,4,0,4
235547,60,14,1,13
235583,1,230,10,220
235583,2,230,10,220
235583,3,230,10,220
235583,4,28,2,26
235583,5,202,8,194
235583,20,202,8,194
235583,21,230,10,220
235583,22,230,10,220
235583,23,230,10,220
235583,24,28,2,26
235583,25,202,8,194
235583,40,202,8,194
235671,1,3704,1655,2049
235671,2,3704,1655,2049
235671,3,1091,741,350
235671,4,163,124,39
235671,5,928,617,311
235671,11,2613,914,1699
235671,19,529,315,214
235671,20,399,302,97
235671,21,1987,1029,958
235671,22,1987,1029,958
235671,23,1006,681,325
235671,24,158,119,39
235671,25,848,562,286
235671,31,981,348,633
235671,39,484,286,198
235671,40,364,276,88
235671,41,1717,626,1091
235671,42,1717,626,1091
235671,43,85,60,25
235671,44,5,5,0
235671,45,80,55,25
235671,51,1632,566,1066
235671,59,45,29,16
235671,60,35,26,9
235699,1,3819,1525,2294
235699,2,3819,1525,2294
235699,3,2227,969,1258
235699,4,208,101,107
235699,5,2019,868,1151
235699,11,1592,556,1036
235699,19,1140,402,738
235699,20,879,466,413
235699,21,1918,963,955
235699,22,1918,963,955
235699,23,1459,713,746
235699,24,164,86,78
235699,25,1295,627,668
235699,31,459,250,209
235699,39,704,278,426
235699,40,591,349,242
235699,41,1901,562,1339
235699,42,1901,562,1339
235699,43,768,256,512
235699,44,44,15,29
235699,45,724,241,483
235699,51,1133,306,827
235699,59,436,124,312
235699,60,288,117,171
235750,1,3152,1129,2023
235750,2,3152,1129,2023
235750,3,1405,526,879
235750,4,304,137,167
235750,5,1101,389,712
235750,11,1747,603,1144
235750,19,353,109,244
235750,20,748,280,468
235750,21,1633,653,980
235750,22,1633,653,980
235750,23,821,356,465
235750,24,239,116,123
235750,25,582,240,342
235750,31,812,297,515
235750,39,181,68,113
235750,40,401,172,229
235750,41,1519,476,1043
235750,42,1519,476,1043
235750,43,584,170,414
235750,44,65,21,44
235750,45,519,149,370
235750,51,935,306,629
235750,59,172,41,131
235750,60,347,108,239
235769,1,194,91,103
235769,2,194,91,103
235769,3,192,91,101
235769,4,48,25,23
235769,5,144,66,78
235769,11,2,0,2
235769,19,27,14,13
235769,20,117,52,65
235769,21,182,87,95
235769,22,182,87,95
235769,23,182,87,95
235769,24,48,25,23
235769,25,134,62,72
235769,39,26,14,12
235769,40,108,48,60
235769,41,12,4,8
235769,42,12,4,8
235769,43,10,4,6
235769,45,10,4,6
235769,51,2,0,2
235769,59,1,0,1
235769,60,9,4,5
235954,1,24,0,24
235954,2,24,0,24
235954,3,24,0,24
235954,4,3,0,3
235954,5,21,0,21
235954,20,21,0,21
235954,21,24,0,24
235954,22,24,0,24
235954,23,24,0,24
235954,24,3,0,3
235954,25,21,0,21
235954,40,21,0,21
236018,1,121,28,93
236018,2,121,28,93
236018,3,121,28,93
236018,4,24,13,11
236018,5,97,15,82
236018,20,97,15,82
236018,21,121,28,93
236018,22,121,28,93
236018,23,121,28,93
236018,24,24,13,11
236018,25,97,15,82
236018,40,97,15,82
236027,1,160,4,156
236027,2,160,4,156
236027,3,160,4,156
236027,4,27,1,26
236027,5,133,3,130
236027,20,133,3,130
236027,21,160,4,156
236027,22,160,4,156
236027,23,160,4,156
236027,24,27,1,26
236027,25,133,3,130
236027,40,133,3,130
236072,1,6118,2532,3586
236072,2,6118,2532,3586
236072,3,2752,1346,1406
236072,4,159,88,71
236072,5,2593,1258,1335
236072,11,3366,1186,2180
236072,19,1448,676,772
236072,20,1145,582,563
236072,21,2240,1178,1062
236072,22,2240,1178,1062
236072,23,1360,724,636
236072,24,99,59,40
236072,25,1261,665,596
236072,31,880,454,426
236072,39,613,326,287
236072,40,648,339,309
236072,41,3878,1354,2524
236072,42,3878,1354,2524
236072,43,1392,622,770
236072,44,60,29,31
236072,45,1332,593,739
236072,51,2486,732,1754
236072,59,835,350,485
236072,60,497,243,254
236133,1,1733,703,1030
236133,2,1438,595,843
236133,3,1354,547,807
236133,4,215,68,147
236133,5,1139,479,660
236133,11,84,48,36
236133,12,295,108,187
236133,19,325,158,167
236133,20,814,321,493
236133,21,1436,543,893
236133,22,1221,473,748
236133,23,1206,469,737
236133,24,202,61,141
236133,25,1004,408,596
236133,31,15,4,11
236133,32,215,70,145
236133,39,254,118,136
236133,40,750,290,460
236133,41,297,160,137
236133,42,217,122,95
236133,43,148,78,70
236133,44,13,7,6
236133,45,135,71,64
236133,51,69,44,25
236133,52,80,38,42
236133,59,71,40,31
236133,60,64,31,33
236188,1,7329,3334,3995
236188,2,7329,3334,3995
236188,3,4900,2162,2738
236188,4,561,294,267
236188,5,4339,1868,2471
236188,11,2429,1172,1257
236188,19,1238,527,711
236188,20,3101,1341,1760
236188,21,4287,1970,2317
236188,22,4287,1970,2317
236188,23,3152,1388,1764
236188,24,382,191,191
236188,25,2770,1197,1573
236188,31,1135,582,553
236188,39,715,296,419
236188,40,2055,901,1154
236188,41,3042,1364,1678
236188,42,3042,1364,1678
236188,43,1748,774,974
236188,44,179,103,76
236188,45,1569,671,898
236188,51,1294,590,704
236188,59,523,231,292
236188,60,1046,440,606
236212,1,774,643,131
236212,2,774,643,131
236212,3,774,643,131
236212,4,179,148,31
236212,5,595,495,100
236212,20,595,495,100
236212,21,774,643,131
236212,22,774,643,131
236212,23,774,643,131
236212,24,179,148,31
236212,25,595,495,100
236212,40,595,495,100
236230,1,3462,1306,2156
236230,2,3142,1203,1939
236230,3,3062,1163,1899
236230,4,648,238,410
236230,5,2414,925,1489
236230,11,80,40,40
236230,12,320,103,217
236230,19,240,92,148
236230,20,2174,833,1341
236230,21,3201,1198,2003
236230,22,3010,1135,1875
236230,23,2964,1118,1846
236230,24,648,238,410
236230,25,2316,880,1436
236230,31,46,17,29
236230,32,191,63,128
236230,39,236,91,145
236230,40,2080,789,1291
236230,41,261,108,153
236230,42,132,68,64
236230,43,98,45,53
236230,45,98,45,53
236230,51,34,23,11
236230,52,129,40,89
236230,59,4,1,3
236230,60,94,44,50
236258,1,2405,1128,1277
236258,2,2405,1128,1277
236258,3,1378,591,787
236258,4,204,110,94
236258,5,1174,481,693
236258,11,1027,537,490
236258,19,357,138,219
236258,20,817,343,474
236258,21,1427,686,741
236258,22,1427,686,741
236258,23,993,446,547
236258,24,178,94,84
236258,25,815,352,463
236258,31,434,240,194
236258,39,241,97,144
236258,40,574,255,319
236258,41,978,442,536
236258,42,978,442,536
236258,43,385,145,240
236258,44,26,16,10
236258,45,359,129,230
236258,51,593,297,296
236258,59,116,41,75
236258,60,243,88,155
236328,1,2812,1164,1648
236328,2,2544,1100,1444
236328,3,2542,1098,1444
236328,4,670,291,379
236328,5,1872,807,1065
236328,11,2,2,0
236328,12,268,64,204
236328,19,59,25,34
236328,20,1813,782,1031
236328,21,2756,1141,1615
236328,22,2522,1082,1440
236328,23,2522,1082,1440
236328,24,670,291,379
236328,25,1852,791,1061
236328,32,234,59,175
236328,39,59,25,34
236328,40,1793,766,1027
236328,41,56,23,33
236328,42,22,18,4
236328,43,20,16,4
236328,45,20,16,4
236328,51,2,2,0
236328,52,34,5,29
236328,60,20,16,4
236382,1,3338,2196,1142
236382,2,3338,2196,1142
236382,3,1281,569,712
236382,4,178,94,84
236382,5,1103,475,628
236382,11,2057,1627,430
236382,19,598,238,360
236382,20,505,237,268
236382,21,1241,608,633
236382,22,1241,608,633
236382,23,906,435,471
236382,24,134,76,58
236382,25,772,359,413
236382,31,335,173,162
236382,39,419,178,241
236382,40,353,181,172
236382,41,2097,1588,509
236382,42,2097,1588,509
236382,43,375,134,241
236382,44,44,18,26
236382,45,331,116,215
236382,51,1722,1454,268
236382,59,179,60,119
236382,60,152,56,96
236452,1,1787,841,946
236452,2,1428,706,722
236452,3,1299,621,678
236452,4,158,68,90
236452,5,1141,553,588
236452,11,129,85,44
236452,12,359,135,224
236452,19,157,74,83
236452,20,984,479,505
236452,21,1193,575,618
236452,22,1111,531,580
236452,23,1103,530,573
236452,24,158,68,90
236452,25,945,462,483
236452,31,8,1,7
236452,32,82,44,38
236452,39,134,66,68
236452,40,811,396,415
236452,41,594,266,328
236452,42,317,175,142
236452,43,196,91,105
236452,45,196,91,105
236452,51,121,84,37
236452,52,277,91,186
236452,59,23,8,15
236452,60,173,83,90
236504,1,4951,2857,2094
236504,2,4951,2857,2094
236504,3,2002,1085,917
236504,4,228,130,98
236504,5,1774,955,819
236504,11,2949,1772,1177
236504,19,895,452,443
236504,20,879,503,376
236504,21,1992,1180,812
236504,22,1992,1180,812
236504,23,1201,722,479
236504,24,193,112,81
236504,25,1008,610,398
236504,31,791,458,333
236504,39,456,260,196
236504,40,552,350,202
236504,41,2959,1677,1282
236504,42,2959,1677,1282
236504,43,801,363,438
236504,44,35,18,17
236504,45,766,345,421
236504,51,2158,1314,844
236504,59,439,192,247
236504,60,327,153,174
236513,1,7110,3230,3880
236513,2,7110,3230,3880
236513,3,3116,1493,1623
236513,4,169,87,82
236513,5,2947,1406,1541
236513,11,3994,1737,2257
236513,19,1381,635,746
236513,20,1566,771,795
236513,21,4184,2011,2173
236513,22,4184,2011,2173
236513,23,2120,1040,1080
236513,24,132,65,67
236513,25,1988,975,1013
236513,31,2064,971,1093
236513,39,852,404,448
236513,40,1136,571,565
236513,41,2926,1219,1707
236513,42,2926,1219,1707
236513,43,996,453,543
236513,44,37,22,15
236513,45,959,431,528
236513,51,1930,766,1164
236513,59,529,231,298
236513,60,430,200,230
236531,1,174,45,129
236531,2,174,45,129
236531,3,174,45,129
236531,4,22,4,18
236531,5,152,41,111
236531,20,152,41,111
236531,21,174,45,129
236531,22,174,45,129
236531,23,174,45,129
236531,24,22,4,18
236531,25,152,41,111
236531,40,152,41,111
236577,1,4270,1416,2854
236577,2,3366,1139,2227
236577,3,3354,1131,2223
236577,4,767,245,522
236577,5,2587,886,1701
236577,11,12,8,4
236577,12,904,277,627
236577,19,216,80,136
236577,20,2371,806,1565
236577,21,3609,1211,2398
236577,22,3230,1097,2133
236577,23,3228,1095,2133
236577,24,765,244,521
236577,25,2463,851,1612
236577,31,2,2,0
236577,32,379,114,265
236577,39,216,80,136
236577,40,2247,771,1476
236577,41,661,205,456
236577,42,136,42,94
236577,43,126,36,90
236577,44,2,1,1
236577,45,124,35,89
236577,51,10,6,4
236577,52,525,163,362
236577,60,124,35,89
236595,1,7422,3060,4362
236595,2,4608,1918,2690
236595,3,4595,1915,2680
236595,4,964,380,584
236595,5,3631,1535,2096
236595,11,13,3,10
236595,12,2814,1142,1672
236595,19,388,174,214
236595,20,3243,1361,1882
236595,21,5780,2332,3448
236595,22,4377,1798,2579
236595,23,4376,1798,2578
236595,24,958,378,580
236595,25,3418,1420,1998
236595,31,1,0,1
236595,32,1403,534,869
236595,39,374,168,206
236595,40,3044,1252,1792
236595,41,1642,728,914
236595,42,231,120,111
236595,43,219,117,102
236595,44,6,2,4
236595,45,213,115,98
236595,51,12,3,9
236595,52,1411,608,803
236595,59,14,6,8
236595,60,199,109,90
236610,1,5937,2725,3212
236610,2,5937,2725,3212
236610,3,2927,1368,1559
236610,4,419,244,175
236610,5,2508,1124,1384
236610,11,3010,1357,1653
236610,19,1223,494,729
236610,20,1285,630,655
236610,21,3227,1693,1534
236610,22,3227,1693,1534
236610,23,1839,923,916
236610,24,341,204,137
236610,25,1498,719,779
236610,31,1388,770,618
236610,39,728,317,411
236610,40,770,402,368
236610,41,2710,1032,1678
236610,42,2710,1032,1678
236610,43,1088,445,643
236610,44,78,40,38
236610,45,1010,405,605
236610,51,1622,587,1035
236610,59,495,177,318
236610,60,515,228,287
236638,1,4790,2001,2789
236638,2,4790,2001,2789
236638,3,2768,1173,1595
236638,4,546,278,268
236638,5,2222,895,1327
236638,11,2022,828,1194
236638,19,809,324,485
236638,20,1413,571,842
236638,21,2571,1232,1339
236638,22,2571,1232,1339
236638,23,1746,841,905
236638,24,432,231,201
236638,25,1314,610,704
236638,31,825,391,434
236638,39,479,224,255
236638,40,835,386,449
236638,41,2219,769,1450
236638,42,2219,769,1450
236638,43,1022,332,690
236638,44,114,47,67
236638,45,908,285,623
236638,51,1197,437,760
236638,59,330,100,230
236638,60,578,185,393
236656,1,4938,2108,2830
236656,2,4938,2108,2830
236656,3,3284,1453,1831
236656,4,556,291,265
236656,5,2728,1162,1566
236656,11,1654,655,999
236656,19,1104,444,660
236656,20,1624,718,906
236656,21,2765,1299,1466
236656,22,2765,1299,1466
236656,23,1967,950,1017
236656,24,401,219,182
236656,25,1566,731,835
236656,31,798,349,449
236656,39,606,279,327
236656,40,960,452,508
236656,41,2173,809,1364
236656,42,2173,809,1364
236656,43,1317,503,814
236656,44,155,72,83
236656,45,1162,431,731
236656,51,856,306,550
236656,59,498,165,333
236656,60,664,266,398
236692,1,6731,3237,3494
236692,2,6731,3237,3494
236692,3,4858,2011,2847
236692,4,678,352,326
236692,5,4180,1659,2521
236692,11,1873,1226,647
236692,19,1653,651,1002
236692,20,2527,1008,1519
236692,21,4381,2025,2356
236692,22,4381,2025,2356
236692,23,3620,1637,1983
236692,24,597,315,282
236692,25,3023,1322,1701
236692,31,761,388,373
236692,39,1152,522,630
236692,40,1871,800,1071
236692,41,2350,1212,1138
236692,42,2350,1212,1138
236692,43,1238,374,864
236692,44,81,37,44
236692,45,1157,337,820
236692,51,1112,838,274
236692,59,501,129,372
236692,60,656,208,448
236708,1,8855,3408,5447
236708,2,8855,3408,5447
236708,3,4565,1983,2582
236708,4,938,445,493
236708,5,3627,1538,2089
236708,11,4290,1425,2865
236708,19,1141,512,629
236708,20,2486,1026,1460
236708,21,4503,2054,2449
236708,22,4503,2054,2449
236708,23,3401,1530,1871
236708,24,808,390,418
236708,25,2593,1140,1453
236708,31,1102,524,578
236708,39,781,369,412
236708,40,1812,771,1041
236708,41,4352,1354,2998
236708,42,4352,1354,2998
236708,43,1164,453,711
236708,44,130,55,75
236708,45,1034,398,636
236708,51,3188,901,2287
236708,59,360,143,217
236708,60,674,255,419
236744,1,102,4,98
236744,2,102,4,98
236744,3,102,4,98
236744,4,34,3,31
236744,5,68,1,67
236744,20,68,1,67
236744,21,102,4,98
236744,22,102,4,98
236744,23,102,4,98
236744,24,34,3,31
236744,25,68,1,67
236744,40,68,1,67
236753,1,7146,2700,4446
236753,2,7146,2700,4446
236753,3,5262,2021,3241
236753,4,667,313,354
236753,5,4595,1708,2887
236753,11,1884,679,1205
236753,19,1773,557,1216
236753,20,2822,1151,1671
236753,21,4373,1716,2657
236753,22,4373,1716,2657
236753,23,3372,1346,2026
236753,24,529,246,283
236753,25,2843,1100,1743
236753,31,1001,370,631
236753,39,1070,362,708
236753,40,1773,738,1035
236753,41,2773,984,1789
236753,42,2773,984,1789
236753,43,1890,675,1215
236753,44,138,67,71
236753,45,1752,608,1144
236753,51,883,309,574
236753,59,703,195,508
236753,60,1049,413,636
236887,1,5109,2908,2201
236887,2,5109,2908,2201
236887,3,2715,1475,1240
236887,4,491,256,235
236887,5,2224,1219,1005
236887,11,2394,1433,961
236887,19,767,362,405
236887,20,1457,857,600
236887,21,2969,1654,1315
236887,22,2969,1654,1315
236887,23,2069,1097,972
236887,24,454,239,215
236887,25,1615,858,757
236887,31,900,557,343
236887,39,554,252,302
236887,40,1061,606,455
236887,41,2140,1254,886
236887,42,2140,1254,886
236887,43,646,378,268
236887,44,37,17,20
236887,45,609,361,248
236887,51,1494,876,618
236887,59,213,110,103
236887,60,396,251,145
236896,1,1917,890,1027
236896,2,1686,836,850
236896,3,1646,817,829
236896,4,389,181,208
236896,5,1257,636,621
236896,11,40,19,21
236896,12,231,54,177
236896,19,98,44,54
236896,20,1159,592,567
236896,21,1802,832,970
236896,22,1592,789,803
236896,23,1589,787,802
236896,24,387,179,208
236896,25,1202,608,594
236896,31,3,2,1
236896,32,210,43,167
236896,39,90,43,47
236896,40,1112,565,547
236896,41,115,58,57
236896,42,94,47,47
236896,43,57,30,27
236896,44,2,2,0
236896,45,55,28,27
236896,51,37,17,20
236896,52,21,11,10
236896,59,8,1,7
236896,60,47,27,20
236939,1,27642,13607,14035
236939,2,23070,11379,11691
236939,3,22825,11273,11552
236939,4,4163,1954,2209
236939,5,18662,9319,9343
236939,11,245,106,139
236939,12,4572,2228,2344
236939,19,2346,1164,1182
236939,20,16316,8155,8161
236939,21,23604,11741,11863
236939,22,20312,10195,10117
236939,23,20254,10168,10086
236939,24,4057,1902,2155
236939,25,16197,8266,7931
236939,31,58,27,31
236939,32,3292,1546,1746
236939,39,1923,1001,922
236939,40,14274,7265,7009
236939,41,4038,1866,2172
236939,42,2758,1184,1574
236939,43,2571,1105,1466
236939,44,106,52,54
236939,45,2465,1053,1412
236939,51,187,79,108
236939,52,1280,682,598
236939,59,423,163,260
236939,60,2042,890,1152
236948,1,43762,20941,22821
236948,2,29756,14235,15521
236948,3,28754,13751,15003
236948,4,6203,2939,3264
236948,5,22551,10812,11739
236948,11,1002,484,518
236948,12,14006,6706,7300
236948,19,1503,707,796
236948,20,21048,10105,10943
236948,21,38327,18179,20148
236948,22,27050,12831,14219
236948,23,27015,12817,14198
236948,24,6144,2908,3236
236948,25,20871,9909,10962
236948,31,35,14,21
236948,32,11277,5348,5929
236948,39,1338,627,711
236948,40,19533,9282,10251
236948,41,5435,2762,2673
236948,42,2706,1404,1302
236948,43,1739,934,805
236948,44,59,31,28
236948,45,1680,903,777
236948,51,967,470,497
236948,52,2729,1358,1371
236948,59,165,80,85
236948,60,1515,823,692
236975,1,3619,1541,2078
236975,2,3619,1541,2078
236975,3,2700,1126,1574
236975,4,553,265,288
236975,5,2147,861,1286
236975,11,919,415,504
236975,19,507,196,311
236975,20,1640,665,975
236975,21,2624,1171,1453
236975,22,2624,1171,1453
236975,23,2042,880,1162
236975,24,461,225,236
236975,25,1581,655,926
236975,31,582,291,291
236975,39,395,166,229
236975,40,1186,489,697
236975,41,995,370,625
236975,42,995,370,625
236975,43,658,246,412
236975,44,92,40,52
236975,45,566,206,360
236975,51,337,124,213
236975,59,112,30,82
236975,60,454,176,278
236993,1,324,52,272
236993,2,324,52,272
236993,3,324,52,272
236993,4,59,5,54
236993,5,265,47,218
236993,19,33,6,27
236993,20,232,41,191
236993,21,274,45,229
236993,22,274,45,229
236993,23,274,45,229
236993,24,59,5,54
236993,25,215,40,175
236993,39,33,6,27
236993,40,182,34,148
236993,41,50,7,43
236993,42,50,7,43
236993,43,50,7,43
236993,45,50,7,43
236993,60,50,7,43
237011,1,14950,6632,8318
237011,2,14026,6290,7736
237011,3,13925,6241,7684
237011,4,2795,1181,1614
237011,5,11130,5060,6070
237011,11,101,49,52
237011,12,924,342,582
237011,19,1045,473,572
237011,20,10085,4587,5498
237011,21,13457,5882,7575
237011,22,12942,5701,7241
237011,23,12915,5689,7226
237011,24,2764,1169,1595
237011,25,10151,4520,5631
237011,31,27,12,15
237011,32,515,181,334
237011,39,942,425,517
237011,40,9209,4095,5114
237011,41,1493,750,743
237011,42,1084,589,495
237011,43,1010,552,458
237011,44,31,12,19
237011,45,979,540,439
237011,51,74,37,37
237011,52,409,161,248
237011,59,103,48,55
237011,60,876,492,384
237039,1,4427,1971,2456
237039,2,4427,1971,2456
237039,3,2971,1325,1646
237039,4,377,177,200
237039,5,2594,1148,1446
237039,11,1456,646,810
237039,19,947,399,548
237039,20,1647,749,898
237039,21,2466,1143,1323
237039,22,2466,1143,1323
237039,23,1780,812,968
237039,24,289,126,163
237039,25,1491,686,805
237039,31,686,331,355
237039,39,521,238,283
237039,40,970,448,522
237039,41,1961,828,1133
237039,42,1961,828,1133
237039,43,1191,513,678
237039,44,88,51,37
237039,45,1103,462,641
237039,51,770,315,455
237039,59,426,161,265
237039,60,677,301,376
237057,1,1541,666,875
237057,2,1541,666,875
237057,3,1525,659,866
237057,4,392,172,220
237057,5,1133,487,646
237057,11,16,7,9
237057,19,20,6,14
237057,20,1113,481,632
237057,21,1505,646,859
237057,22,1505,646,859
237057,23,1502,646,856
237057,24,392,172,220
237057,25,1110,474,636
237057,31,3,0,3
237057,39,20,6,14
237057,40,1090,468,622
237057,41,36,20,16
237057,42,36,20,16
237057,43,23,13,10
237057,45,23,13,10
237057,51,13,7,6
237057,60,23,13,10
237066,1,2569,1012,1557
237066,2,2358,934,1424
237066,3,2337,929,1408
237066,4,593,233,360
237066,5,1744,696,1048
237066,11,21,5,16
237066,12,211,78,133
237066,19,84,28,56
237066,20,1660,668,992
237066,21,2373,935,1438
237066,22,2317,917,1400
237066,23,2307,916,1391
237066,24,593,233,360
237066,25,1714,683,1031
237066,31,10,1,9
237066,32,56,18,38
237066,39,83,28,55
237066,40,1631,655,976
237066,41,196,77,119
237066,42,41,17,24
237066,43,30,13,17
237066,45,30,13,17
237066,51,11,4,7
237066,52,155,60,95
237066,59,1,0,1
237066,60,29,13,16
237109,1,4105,1423,2682
237109,2,4105,1423,2682
237109,3,2587,930,1657
237109,4,402,173,229
237109,5,2185,757,1428
237109,11,1518,493,1025
237109,19,543,173,370
237109,20,1642,584,1058
237109,21,2873,1030,1843
237109,22,2873,1030,1843
237109,23,1882,698,1184
237109,24,317,139,178
237109,25,1565,559,1006
237109,31,991,332,659
237109,39,390,122,268
237109,40,1175,437,738
237109,41,1232,393,839
237109,42,1232,393,839
237109,43,705,232,473
237109,44,85,34,51
237109,45,620,198,422
237109,51,527,161,366
237109,59,153,51,102
237109,60,467,147,320
237118,1,1117,565,552
237118,2,1052,543,509
237118,3,1032,537,495
237118,4,438,255,183
237118,5,594,282,312
237118,11,20,6,14
237118,12,65,22,43
237118,19,74,34,40
237118,20,520,248,272
237118,21,1060,553,507
237118,22,995,531,464
237118,23,992,530,462
237118,24,438,255,183
237118,25,554,275,279
237118,31,3,1,2
237118,32,65,22,43
237118,39,66,34,32
237118,40,488,241,247
237118,41,57,12,45
237118,42,57,12,45
237118,43,40,7,33
237118,45,40,7,33
237118,51,17,5,12
237118,59,8,0,8
237118,60,32,7,25
237127,1,19,1,18
237127,2,19,1,18
237127,3,19,1,18
237127,4,7,1,6
237127,5,12,0,12
237127,20,12,0,12
237127,21,19,1,18
237127,22,19,1,18
237127,23,19,1,18
237127,24,7,1,6
237127,25,12,0,12
237127,40,12,0,12
237136,1,285,136,149
237136,2,278,129,149
237136,3,204,99,105
237136,4,61,31,30
237136,5,143,68,75
237136,11,74,30,44
237136,12,7,7,0
237136,19,24,13,11
237136,20,119,55,64
237136,21,197,97,100
237136,22,197,97,100
237136,23,197,97,100
237136,24,60,30,30
237136,25,137,67,70
237136,39,23,12,11
237136,40,114,55,59
237136,41,88,39,49
237136,42,81,32,49
237136,43,7,2,5
237136,44,1,1,0
237136,45,6,1,5
237136,51,74,30,44
237136,52,7,7,0
237136,59,1,1,0
237136,60,5,0,5
237145,1,36,3,33
237145,2,36,3,33
237145,3,36,3,33
237145,4,16,2,14
237145,5,20,1,19
237145,20,20,1,19
237145,21,36,3,33
237145,22,36,3,33
237145,23,36,3,33
237145,24,16,2,14
237145,25,20,1,19
237145,40,20,1,19
237172,1,477,362,115
237172,2,477,362,115
237172,3,477,362,115
237172,4,455,340,115
237172,5,22,22,0
237172,20,22,22,0
237172,21,120,102,18
237172,22,120,102,18
237172,23,120,102,18
237172,24,109,91,18
237172,25,11,11,0
237172,40,11,11,0
237172,41,357,260,97
237172,42,357,260,97
237172,43,357,260,97
237172,44,346,249,97
237172,45,11,11,0
237172,60,11,11,0
237181,1,726,406,320
237181,2,693,390,303
237181,3,690,389,301
237181,4,183,104,79
237181,5,507,285,222
237181,11,3,1,2
237181,12,33,16,17
237181,19,29,18,11
237181,20,478,267,211
237181,21,718,401,317
237181,22,690,388,302
237181,23,688,387,301
237181,24,183,104,79
237181,25,505,283,222
237181,31,2,1,1
237181,32,28,13,15
237181,39,29,18,11
237181,40,476,265,211
237181,41,8,5,3
237181,42,3,2,1
237181,43,2,2,0
237181,45,2,2,0
237181,51,1,0,1
237181,52,5,3,2
237181,60,2,2,0
237215,1,1747,663,1084
237215,2,1747,663,1084
237215,3,1708,651,1057
237215,4,303,134,169
237215,5,1405,517,888
237215,11,39,12,27
237215,19,161,55,106
237215,20,1244,462,782
237215,21,1440,578,862
237215,22,1440,578,862
237215,23,1437,576,861
237215,24,295,130,165
237215,25,1142,446,696
237215,31,3,2,1
237215,39,134,48,86
237215,40,1008,398,610
237215,41,307,85,222
237215,42,307,85,222
237215,43,271,75,196
237215,44,8,4,4
237215,45,263,71,192
237215,51,36,10,26
237215,59,27,7,20
237215,60,236,64,172
237242,1,130,95,35
237242,2,130,95,35
237242,3,130,95,35
237242,4,43,29,14
237242,5,87,66,21
237242,20,87,66,21
237242,21,70,37,33
237242,22,70,37,33
237242,23,70,37,33
237242,24,37,24,13
237242,25,33,13,20
237242,40,33,13,20
237242,41,60,58,2
237242,42,60,58,2
237242,43,60,58,2
237242,44,6,5,1
237242,45,54,53,1
237242,60,54,53,1
237303,1,121,42,79
237303,2,121,42,79
237303,3,121,42,79
237303,4,41,20,21
237303,5,80,22,58
237303,20,80,22,58
237303,21,121,42,79
237303,22,121,42,79
237303,23,121,42,79
237303,24,41,20,21
237303,25,80,22,58
237303,40,80,22,58
237312,1,1935,858,1077
237312,2,1386,577,809
237312,3,1373,572,801
237312,4,272,114,158
237312,5,1101,458,643
237312,11,13,5,8
237312,12,549,281,268
237312,19,345,160,185
237312,20,756,298,458
237312,21,1788,789,999
237312,22,1250,513,737
237312,23,1250,513,737
237312,24,271,114,157
237312,25,979,399,580
237312,32,538,276,262
237312,39,287,129,158
237312,40,692,270,422
237312,41,147,69,78
237312,42,136,64,72
237312,43,123,59,64
237312,44,1,0,1
237312,45,122,59,63
237312,51,13,5,8
237312,52,11,5,6
237312,59,58,31,27
237312,60,64,28,36
237321,1,70,12,58
237321,2,70,12,58
237321,3,70,12,58
237321,4,41,6,35
237321,5,29,6,23
237321,20,29,6,23
237321,21,70,12,58
237321,22,70,12,58
237321,23,70,12,58
237321,24,41,6,35
237321,25,29,6,23
237321,40,29,6,23
237330,1,2767,1132,1635
237330,2,2505,1085,1420
237330,3,2474,1076,1398
237330,4,517,235,282
237330,5,1957,841,1116
237330,11,31,9,22
237330,12,262,47,215
237330,19,181,65,116
237330,20,1776,776,1000
237330,21,2339,1003,1336
237330,22,2275,991,1284
237330,23,2272,991,1281
237330,24,507,233,274
237330,25,1765,758,1007
237330,31,3,0,3
237330,32,64,12,52
237330,39,169,59,110
237330,40,1596,699,897
237330,41,428,129,299
237330,42,230,94,136
237330,43,202,85,117
237330,44,10,2,8
237330,45,192,83,109
237330,51,28,9,19
237330,52,198,35,163
237330,59,12,6,6
237330,60,180,77,103
237358,1,874,401,473
237358,2,874,401,473
237358,3,866,399,467
237358,4,269,125,144
237358,5,597,274,323
237358,11,8,2,6
237358,19,48,21,27
237358,20,549,253,296
237358,21,847,397,450
237358,22,847,397,450
237358,23,847,397,450
237358,24,269,125,144
237358,25,578,272,306
237358,39,42,21,21
237358,40,536,251,285
237358,41,27,4,23
237358,42,27,4,23
237358,43,19,2,17
237358,45,19,2,17
237358,51,8,2,6
237358,59,6,0,6
237358,60,13,2,11
237367,1,4232,1862,2370
237367,2,3966,1782,2184
237367,3,3856,1753,2103
237367,4,750,354,396
237367,5,3106,1399,1707
237367,11,110,29,81
237367,12,266,80,186
237367,19,406,165,241
237367,20,2700,1234,1466
237367,21,3541,1636,1905
237367,22,3435,1595,1840
237367,23,3411,1587,1824
237367,24,741,351,390
237367,25,2670,1236,1434
237367,31,24,8,16
237367,32,106,41,65
237367,39,353,155,198
237367,40,2317,1081,1236
237367,41,691,226,465
237367,42,531,187,344
237367,43,445,166,279
237367,44,9,3,6
237367,45,436,163,273
237367,51,86,21,65
237367,52,160,39,121
237367,59,53,10,43
237367,60,383,153,230
237385,1,1850,1055,795
237385,2,1850,1055,795
237385,3,1413,826,587
237385,4,315,182,133
237385,5,1098,644,454
237385,11,437,229,208
237385,19,154,90,64
237385,20,944,554,390
237385,21,1114,625,489
237385,22,1114,625,489
237385,23,1092,620,472
237385,24,280,163,117
237385,25,812,457,355
237385,31,22,5,17
237385,39,58,36,22
237385,40,754,421,333
237385,41,736,430,306
237385,42,736,430,306
237385,43,321,206,115
237385,44,35,19,16
237385,45,286,187,99
237385,51,415,224,191
237385,59,96,54,42
237385,60,190,133,57
237437,1,685,222,463
237437,2,685,222,463
237437,3,682,220,462
237437,4,125,76,49
237437,5,557,144,413
237437,11,3,2,1
237437,19,98,28,70
237437,20,459,116,343
237437,21,583,203,380
237437,22,583,203,380
237437,23,583,203,380
237437,24,120,75,45
237437,25,463,128,335
237437,39,88,26,62
237437,40,375,102,273
237437,41,102,19,83
237437,42,102,19,83
237437,43,99,17,82
237437,44,5,1,4
237437,45,94,16,78
237437,51,3,2,1
237437,59,10,2,8
237437,60,84,14,70
237473,1,129,84,45
237473,2,129,84,45
237473,3,129,84,45
237473,4,93,58,35
237473,5,36,26,10
237473,20,36,26,10
237473,21,129,84,45
237473,22,129,84,45
237473,23,129,84,45
237473,24,93,58,35
237473,25,36,26,10
237473,40,36,26,10
237491,1,27,2,25
237491,2,27,2,25
237491,3,27,2,25
237491,4,6,2,4
237491,5,21,0,21
237491,20,21,0,21
237491,21,27,2,25
237491,22,27,2,25
237491,23,27,2,25
237491,24,6,2,4
237491,25,21,0,21
237491,40,21,0,21
237525,1,13407,5557,7850
237525,2,9756,4245,5511
237525,3,9098,3988,5110
237525,4,1857,781,1076
237525,5,7241,3207,4034
237525,11,658,257,401
237525,12,3651,1312,2339
237525,19,613,273,340
237525,20,6628,2934,3694
237525,21,9949,4387,5562
237525,22,8268,3644,4624
237525,23,8211,3618,4593
237525,24,1843,775,1068
237525,25,6368,2843,3525
237525,31,57,26,31
237525,32,1681,743,938
237525,39,506,243,263
237525,40,5862,2600,3262
237525,41,3458,1170,2288
237525,42,1488,601,887
237525,43,887,370,517
237525,44,14,6,8
237525,45,873,364,509
237525,51,601,231,370
237525,52,1970,569,1401
237525,59,107,30,77
237525,60,766,334,432
237543,1,219,66,153
237543,2,219,66,153
237543,3,219,66,153
237543,4,156,50,106
237543,5,63,16,47
237543,20,63,16,47
237543,21,70,14,56
237543,22,70,14,56
237543,23,70,14,56
237543,24,67,14,53
237543,25,3,0,3
237543,40,3,0,3
237543,41,149,52,97
237543,42,149,52,97
237543,43,149,52,97
237543,44,89,36,53
237543,45,60,16,44
237543,60,60,16,44
237552,1,121,13,108
237552,2,121,13,108
237552,3,121,13,108
237552,4,25,2,23
237552,5,96,11,85
237552,20,96,11,85
237552,21,121,13,108
237552,22,121,13,108
237552,23,121,13,108
237552,24,25,2,23
237552,25,96,11,85
237552,40,96,11,85
237561,1,84,24,60
237561,2,84,24,60
237561,3,84,24,60
237561,4,30,12,18
237561,5,54,12,42
237561,20,54,12,42
237561,21,81,23,58
237561,22,81,23,58
237561,23,81,23,58
237561,24,27,11,16
237561,25,54,12,42
237561,40,54,12,42
237561,41,3,1,2
237561,42,3,1,2
237561,43,3,1,2
237561,44,3,1,2
237570,1,68,5,63
237570,2,68,5,63
237570,3,68,5,63
237570,4,14,0,14
237570,5,54,5,49
237570,20,54,5,49
237570,21,68,5,63
237570,22,68,5,63
237570,23,68,5,63
237570,24,14,0,14
237570,25,54,5,49
237570,40,54,5,49
237598,1,153,33,120
237598,2,153,33,120
237598,3,153,33,120
237598,4,11,7,4
237598,5,142,26,116
237598,20,142,26,116
237598,21,141,32,109
237598,22,141,32,109
237598,23,141,32,109
237598,24,10,7,3
237598,25,131,25,106
237598,40,131,25,106
237598,41,12,1,11
237598,42,12,1,11
237598,43,12,1,11
237598,44,1,0,1
237598,45,11,1,10
237598,60,11,1,10
237604,1,232,58,174
237604,2,232,58,174
237604,3,232,58,174
237604,4,37,10,27
237604,5,195,48,147
237604,19,19,3,16
237604,20,176,45,131
237604,21,232,58,174
237604,22,232,58,174
237604,23,232,58,174
237604,24,37,10,27
237604,25,195,48,147
237604,39,19,3,16
237604,40,176,45,131
237613,1,96,6,90
237613,2,96,6,90
237613,3,96,6,90
237613,4,43,0,43
237613,5,53,6,47
237613,20,53,6,47
237613,21,96,6,90
237613,22,96,6,90
237613,23,96,6,90
237613,24,43,0,43
237613,25,53,6,47
237613,40,53,6,47
237640,1,451,239,212
237640,2,410,220,190
237640,3,394,218,176
237640,4,89,55,34
237640,5,305,163,142
237640,11,16,2,14
237640,12,41,19,22
237640,19,34,17,17
237640,20,271,146,125
237640,21,383,211,172
237640,22,372,205,167
237640,23,370,205,165
237640,24,89,55,34
237640,25,281,150,131
237640,31,2,0,2
237640,32,11,6,5
237640,39,34,17,17
237640,40,247,133,114
237640,41,68,28,40
237640,42,38,15,23
237640,43,24,13,11
237640,45,24,13,11
237640,51,14,2,12
237640,52,30,13,17
237640,60,24,13,11
237686,1,3461,1345,2116
237686,2,3461,1345,2116
237686,3,3043,1138,1905
237686,4,540,246,294
237686,5,2503,892,1611
237686,11,418,207,211
237686,19,216,88,128
237686,20,2287,804,1483
237686,21,2128,818,1310
237686,22,2128,818,1310
237686,23,2124,817,1307
237686,24,456,202,254
237686,25,1668,615,1053
237686,31,4,1,3
237686,39,138,60,78
237686,40,1530,555,975
237686,41,1333,527,806
237686,42,1333,527,806
237686,43,919,321,598
237686,44,84,44,40
237686,45,835,277,558
237686,51,414,206,208
237686,59,78,28,50
237686,60,757,249,508
237701,1,1660,767,893
237701,2,1660,767,893
237701,3,1378,669,709
237701,4,631,328,303
237701,5,747,341,406
237701,11,282,98,184
237701,19,49,23,26
237701,20,698,318,380
237701,21,1289,633,656
237701,22,1289,633,656
237701,23,1289,633,656
237701,24,624,324,300
237701,25,665,309,356
237701,39,41,20,21
237701,40,624,289,335
237701,41,371,134,237
237701,42,371,134,237
237701,43,89,36,53
237701,44,7,4,3
237701,45,82,32,50
237701,51,282,98,184
237701,59,8,3,5
237701,60,74,29,45
237729,1,124,38,86
237729,2,124,38,86
237729,3,124,38,86
237729,4,49,24,25
237729,5,75,14,61
237729,20,75,14,61
237729,21,55,5,50
237729,22,55,5,50
237729,23,55,5,50
237729,24,11,1,10
237729,25,44,4,40
237729,40,44,4,40
237729,41,69,33,36
237729,42,69,33,36
237729,43,69,33,36
237729,44,38,23,15
237729,45,31,10,21
237729,60,31,10,21
237783,1,618,279,339
237783,2,441,205,236
237783,3,441,205,236
237783,4,129,70,59
237783,5,312,135,177
237783,12,177,74,103
237783,19,69,31,38
237783,20,243,104,139
237783,21,615,277,338
237783,22,441,205,236
237783,23,441,205,236
237783,24,129,70,59
237783,25,312,135,177
237783,32,174,72,102
237783,39,69,31,38
237783,40,243,104,139
237783,41,3,2,1
237783,52,3,2,1
237792,1,4221,1780,2441
237792,2,3990,1703,2287
237792,3,3695,1523,2172
237792,4,684,300,384
237792,5,3011,1223,1788
237792,11,295,180,115
237792,12,231,77,154
237792,19,355,140,215
237792,20,2656,1083,1573
237792,21,3371,1385,1986
237792,22,3289,1351,1938
237792,23,3288,1350,1938
237792,24,676,297,379
237792,25,2612,1053,1559
237792,31,1,1,0
237792,32,82,34,48
237792,39,299,122,177
237792,40,2313,931,1382
237792,41,850,395,455
237792,42,701,352,349
237792,43,407,173,234
237792,44,8,3,5
237792,45,399,170,229
237792,51,294,179,115
237792,52,149,43,106
237792,59,56,18,38
237792,60,343,152,191
237817,1,2002,668,1334
237817,2,2002,668,1334
237817,3,1829,593,1236
237817,4,536,185,351
237817,5,1293,408,885
237817,11,173,75,98
237817,19,94,39,55
237817,20,1199,369,830
237817,21,1276,406,870
237817,22,1276,406,870
237817,23,1266,399,867
237817,24,468,156,312
237817,25,798,243,555
237817,31,10,7,3
237817,39,58,21,37
237817,40,740,222,518
237817,41,726,262,464
237817,42,726,262,464
237817,43,563,194,369
237817,44,68,29,39
237817,45,495,165,330
237817,51,163,68,95
237817,59,36,18,18
237817,60,459,147,312
237844,1,120,90,30
237844,2,120,90,30
237844,3,120,90,30
237844,4,118,88,30
237844,5,2,2,0
237844,20,2,2,0
237844,21,91,64,27
237844,22,91,64,27
237844,23,91,64,27
237844,24,90,63,27
237844,25,1,1,0
237844,40,1,1,0
237844,41,29,26,3
237844,42,29,26,3
237844,43,29,26,3
237844,44,28,25,3
237844,45,1,1,0
237844,60,1,1,0
237880,1,817,436,381
237880,12,817,436,381
237880,21,817,436,381
237880,32,817,436,381
237899,1,2677,1208,1469
237899,2,2622,1184,1438
237899,3,2195,999,1196
237899,4,418,218,200
237899,5,1777,781,996
237899,11,427,185,242
237899,12,55,24,31
237899,19,230,103,127
237899,20,1547,678,869
237899,21,1922,900,1022
237899,22,1889,884,1005
237899,23,1858,868,990
237899,24,403,210,193
237899,25,1455,658,797
237899,31,31,16,15
237899,32,33,16,17
237899,39,196,86,110
237899,40,1259,572,687
237899,41,755,308,447
237899,42,733,300,433
237899,43,337,131,206
237899,44,15,8,7
237899,45,322,123,199
237899,51,396,169,227
237899,52,22,8,14
237899,59,34,17,17
237899,60,288,106,182
237905,1,49,8,41
237905,2,42,8,34
237905,3,42,8,34
237905,4,15,4,11
237905,5,27,4,23
237905,12,7,0,7
237905,20,27,4,23
237905,21,49,8,41
237905,22,42,8,34
237905,23,42,8,34
237905,24,15,4,11
237905,25,27,4,23
237905,32,7,0,7
237905,40,27,4,23
237932,1,2776,1110,1666
237932,2,2660,1071,1589
237932,3,2412,998,1414
237932,4,501,206,295
237932,5,1911,792,1119
237932,11,248,73,175
237932,12,116,39,77
237932,19,203,79,124
237932,20,1708,713,995
237932,21,2269,942,1327
237932,22,2200,919,1281
237932,23,2184,916,1268
237932,24,498,206,292
237932,25,1686,710,976
237932,31,16,3,13
237932,32,69,23,46
237932,39,159,67,92
237932,40,1527,643,884
237932,41,507,168,339
237932,42,460,152,308
237932,43,228,82,146
237932,44,3,0,3
237932,45,225,82,143
237932,51,232,70,162
237932,52,47,16,31
237932,59,44,12,32
237932,60,181,70,111
237950,1,1222,760,462
237950,2,1222,760,462
237950,3,1133,736,397
237950,4,305,217,88
237950,5,828,519,309
237950,11,89,24,65
237950,19,122,82,40
237950,20,706,437,269
237950,21,967,620,347
237950,22,967,620,347
237950,23,967,620,347
237950,24,298,212,86
237950,25,669,408,261
237950,39,107,71,36
237950,40,562,337,225
237950,41,255,140,115
237950,42,255,140,115
237950,43,166,116,50
237950,44,7,5,2
237950,45,159,111,48
237950,51,89,24,65
237950,59,15,11,4
237950,60,144,100,44
237969,1,1469,677,792
237969,2,1367,642,725
237969,3,1356,641,715
237969,4,471,243,228
237969,5,885,398,487
237969,11,11,1,10
237969,12,102,35,67
237969,19,40,24,16
237969,20,845,374,471
237969,21,1433,659,774
237969,22,1345,628,717
237969,23,1338,628,710
237969,24,471,243,228
237969,25,867,385,482
237969,31,7,0,7
237969,32,88,31,57
237969,39,39,23,16
237969,40,828,362,466
237969,41,36,18,18
237969,42,22,14,8
237969,43,18,13,5
237969,45,18,13,5
237969,51,4,1,3
237969,52,14,4,10
237969,59,1,1,0
237969,60,17,12,5
237978,1,147,18,129
237978,2,147,18,129
237978,3,147,18,129
237978,4,54,7,47
237978,5,93,11,82
237978,20,93,11,82
237978,21,147,18,129
237978,22,147,18,129
237978,23,147,18,129
237978,24,54,7,47
237978,25,93,11,82
237978,40,93,11,82
237987,1,213,50,163
237987,2,213,50,163
237987,3,213,50,163
237987,4,67,16,51
237987,5,146,34,112
237987,19,40,4,36
237987,20,106,30,76
237987,21,203,49,154
237987,22,203,49,154
237987,23,203,49,154
237987,24,66,16,50
237987,25,137,33,104
237987,39,38,4,34
237987,40,99,29,70
237987,41,10,1,9
237987,42,10,1,9
237987,43,10,1,9
237987,44,1,0,1
237987,45,9,1,8
237987,59,2,0,2
237987,60,7,1,6
237996,1,291,62,229
237996,2,291,62,229
237996,3,291,62,229
237996,4,83,18,65
237996,5,208,44,164
237996,19,93,16,77
237996,20,115,28,87
237996,21,291,62,229
237996,22,291,62,229
237996,23,291,62,229
237996,24,83,18,65
237996,25,208,44,164
237996,39,93,16,77
237996,40,115,28,87
238005,1,70,7,63
238005,2,70,7,63
238005,3,70,7,63
238005,4,31,4,27
238005,5,39,3,36
238005,20,39,3,36
238005,21,70,7,63
238005,22,70,7,63
238005,23,70,7,63
238005,24,31,4,27
238005,25,39,3,36
238005,40,39,3,36
238014,1,2086,687,1399
238014,2,2086,687,1399
238014,3,1776,564,1212
238014,4,337,133,204
238014,5,1439,431,1008
238014,11,310,123,187
238014,19,254,85,169
238014,20,1185,346,839
238014,21,952,346,606
238014,22,952,346,606
238014,23,947,343,604
238014,24,249,94,155
238014,25,698,249,449
238014,31,5,3,2
238014,39,160,58,102
238014,40,538,191,347
238014,41,1134,341,793
238014,42,1134,341,793
238014,43,829,221,608
238014,44,88,39,49
238014,45,741,182,559
238014,51,305,120,185
238014,59,94,27,67
238014,60,647,155,492
238032,1,29466,15321,14145
238032,2,22757,12326,10431
238032,3,22130,12093,10037
238032,4,4913,2566,2347
238032,5,17217,9527,7690
238032,11,627,233,394
238032,12,6709,2995,3714
238032,19,1101,626,475
238032,20,16116,8901,7215
238032,21,25796,13906,11890
238032,22,21027,11587,9440
238032,23,21027,11587,9440
238032,24,4901,2559,2342
238032,25,16126,9028,7098
238032,32,4769,2319,2450
238032,39,1030,601,429
238032,40,15096,8427,6669
238032,41,3670,1415,2255
238032,42,1730,739,991
238032,43,1103,506,597
238032,44,12,7,5
238032,45,1091,499,592
238032,51,627,233,394
238032,52,1940,676,1264
238032,59,71,25,46
238032,60,1020,474,546
238078,1,1619,654,965
238078,2,1180,528,652
238078,3,1139,514,625
238078,4,250,157,93
238078,5,889,357,532
238078,11,41,14,27
238078,12,439,126,313
238078,19,106,55,51
238078,20,783,302,481
238078,21,1087,529,558
238078,22,938,467,471
238078,23,938,467,471
238078,24,250,157,93
238078,25,688,310,378
238078,32,149,62,87
238078,39,104,53,51
238078,40,584,257,327
238078,41,532,125,407
238078,42,242,61,181
238078,43,201,47,154
238078,45,201,47,154
238078,51,41,14,27
238078,52,290,64,226
238078,59,2,2,0
238078,60,199,45,154
238096,1,35,1,34
238096,2,35,1,34
238096,3,35,1,34
238096,4,9,0,9
238096,5,26,1,25
238096,20,26,1,25
238096,21,35,1,34
238096,22,35,1,34
238096,23,35,1,34
238096,24,9,0,9
238096,25,26,1,25
238096,40,26,1,25
238166,1,121,7,114
238166,2,121,7,114
238166,3,121,7,114
238166,4,16,2,14
238166,5,105,5,100
238166,20,105,5,100
238166,21,121,7,114
238166,22,121,7,114
238166,23,121,7,114
238166,24,16,2,14
238166,25,105,5,100
238166,40,105,5,100
238175,1,136,6,130
238175,2,136,6,130
238175,3,136,6,130
238175,4,31,0,31
238175,5,105,6,99
238175,20,105,6,99
238175,21,136,6,130
238175,22,136,6,130
238175,23,136,6,130
238175,24,31,0,31
238175,25,105,6,99
238175,40,105,6,99
238193,1,2536,73,2463
238193,2,1862,3,1859
238193,3,1833,2,1831
238193,4,208,0,208
238193,5,1625,2,1623
238193,11,29,1,28
238193,12,674,70,604
238193,19,165,0,165
238193,20,1460,2,1458
238193,21,1750,47,1703
238193,22,1360,0,1360
238193,23,1342,0,1342
238193,24,202,0,202
238193,25,1140,0,1140
238193,31,18,0,18
238193,32,390,47,343
238193,39,140,0,140
238193,40,1000,0,1000
238193,41,786,26,760
238193,42,502,3,499
238193,43,491,2,489
238193,44,6,0,6
238193,45,485,2,483
238193,51,11,1,10
238193,52,284,23,261
238193,59,25,0,25
238193,60,460,2,458
238263,1,15402,6925,8477
238263,2,15340,6912,8428
238263,3,12863,5683,7180
238263,4,2631,1373,1258
238263,5,10232,4310,5922
238263,11,2477,1229,1248
238263,12,62,13,49
238263,19,1094,504,590
238263,20,9138,3806,5332
238263,21,5160,2762,2398
238263,22,5138,2755,2383
238263,23,4967,2651,2316
238263,24,1264,755,509
238263,25,3703,1896,1807
238263,31,171,104,67
238263,32,22,7,15
238263,39,529,285,244
238263,40,3174,1611,1563
238263,41,10242,4163,6079
238263,42,10202,4157,6045
238263,43,7896,3032,4864
238263,44,1367,618,749
238263,45,6529,2414,4115
238263,51,2306,1125,1181
238263,52,40,6,34
238263,59,565,219,346
238263,60,5964,2195,3769
238324,1,325,23,302
238324,2,286,23,263
238324,3,285,23,262
238324,4,41,1,40
238324,5,244,22,222
238324,11,1,0,1
238324,12,39,0,39
238324,19,10,0,10
238324,20,234,22,212
238324,21,237,20,217
238324,22,237,20,217
238324,23,237,20,217
238324,24,41,1,40
238324,25,196,19,177
238324,39,10,0,10
238324,40,186,19,167
238324,41,88,3,85
238324,42,49,3,46
238324,43,48,3,45
238324,45,48,3,45
238324,51,1,0,1
238324,52,39,0,39
238324,60,48,3,45
238333,1,1306,533,773
238333,2,1306,533,773
238333,3,1244,512,732
238333,4,299,126,173
238333,5,945,386,559
238333,11,62,21,41
238333,19,24,13,11
238333,20,921,373,548
238333,21,1254,515,739
238333,22,1254,515,739
238333,23,1237,511,726
238333,24,299,126,173
238333,25,938,385,553
238333,31,17,4,13
238333,39,24,13,11
238333,40,914,372,542
238333,41,52,18,34
238333,42,52,18,34
238333,43,7,1,6
238333,45,7,1,6
238333,51,45,17,28
238333,60,7,1,6
238397,1,2637,1035,1602
238397,2,2637,1035,1602
238397,3,2637,1035,1602
238397,4,447,225,222
238397,5,2190,810,1380
238397,20,2190,810,1380
238397,21,1056,509,547
238397,22,1056,509,547
238397,23,1056,509,547
238397,24,230,136,94
238397,25,826,373,453
238397,40,826,373,453
238397,41,1581,526,1055
238397,42,1581,526,1055
238397,43,1581,526,1055
238397,44,217,89,128
238397,45,1364,437,927
238397,60,1364,437,927
238430,1,4407,1577,2830
238430,2,2693,949,1744
238430,3,2680,945,1735
238430,4,195,86,109
238430,5,2485,859,1626
238430,11,13,4,9
238430,12,1714,628,1086
238430,19,255,89,166
238430,20,2230,770,1460
238430,21,3988,1468,2520
238430,22,2520,917,1603
238430,23,2514,915,1599
238430,24,195,86,109
238430,25,2319,829,1490
238430,31,6,2,4
238430,32,1468,551,917
238430,39,228,83,145
238430,40,2091,746,1345
238430,41,419,109,310
238430,42,173,32,141
238430,43,166,30,136
238430,45,166,30,136
238430,51,7,2,5
238430,52,246,77,169
238430,59,27,6,21
238430,60,139,24,115
238458,1,3534,1212,2322
238458,2,3119,1094,2025
238458,3,3024,1065,1959
238458,4,686,226,460
238458,5,2338,839,1499
238458,11,95,29,66
238458,12,415,118,297
238458,19,105,44,61
238458,20,2233,795,1438
238458,21,2901,1010,1891
238458,22,2729,953,1776
238458,23,2703,946,1757
238458,24,678,225,453
238458,25,2025,721,1304
238458,31,26,7,19
238458,32,172,57,115
238458,39,84,37,47
238458,40,1941,684,1257
238458,41,633,202,431
238458,42,390,141,249
238458,43,321,119,202
238458,44,8,1,7
238458,45,313,118,195
238458,51,69,22,47
238458,52,243,61,182
238458,59,21,7,14
238458,60,292,111,181
238476,1,2988,1372,1616
238476,2,2902,1341,1561
238476,3,2874,1328,1546
238476,4,717,364,353
238476,5,2157,964,1193
238476,11,28,13,15
238476,12,86,31,55
238476,19,116,58,58
238476,20,2041,906,1135
238476,21,2583,1236,1347
238476,22,2581,1234,1347
238476,23,2578,1233,1345
238476,24,714,364,350
238476,25,1864,869,995
238476,31,3,1,2
238476,32,2,2,0
238476,39,105,51,54
238476,40,1759,818,941
238476,41,405,136,269
238476,42,321,107,214
238476,43,296,95,201
238476,44,3,0,3
238476,45,293,95,198
238476,51,25,12,13
238476,52,84,29,55
238476,59,11,7,4
238476,60,282,88,194
238573,1,157,15,142
238573,2,157,15,142
238573,3,157,15,142
238573,5,157,15,142
238573,19,50,3,47
238573,20,107,12,95
238573,21,142,14,128
238573,22,142,14,128
238573,23,142,14,128
238573,25,142,14,128
238573,39,49,3,46
238573,40,93,11,82
238573,41,15,1,14
238573,42,15,1,14
238573,43,15,1,14
238573,45,15,1,14
238573,59,1,0,1
238573,60,14,1,13
238616,1,7943,2556,5387
238616,2,4363,1485,2878
238616,3,4322,1472,2850
238616,4,581,255,326
238616,5,3741,1217,2524
238616,11,41,13,28
238616,12,3580,1071,2509
238616,19,627,176,451
238616,20,3114,1041,2073
238616,21,4676,1644,3032
238616,22,3059,1153,1906
238616,23,3059,1153,1906
238616,24,581,255,326
238616,25,2478,898,1580
238616,32,1617,491,1126
238616,39,259,91,168
238616,40,2219,807,1412
238616,41,3267,912,2355
238616,42,1304,332,972
238616,43,1263,319,944
238616,45,1263,319,944
238616,51,41,13,28
238616,52,1963,580,1383
238616,59,368,85,283
238616,60,895,234,661
238661,1,2894,861,2033
238661,2,1998,623,1375
238661,3,1914,594,1320
238661,4,298,86,212
238661,5,1616,508,1108
238661,11,84,29,55
238661,12,896,238,658
238661,19,207,69,138
238661,20,1409,439,970
238661,21,1796,560,1236
238661,22,1681,526,1155
238661,23,1665,521,1144
238661,24,298,86,212
238661,25,1367,435,932
238661,31,16,5,11
238661,32,115,34,81
238661,39,186,59,127
238661,40,1181,376,805
238661,41,1098,301,797
238661,42,317,97,220
238661,43,249,73,176
238661,45,249,73,176
238661,51,68,24,44
238661,52,781,204,577
238661,59,21,10,11
238661,60,228,63,165
238722,1,10511,5367,5144
238722,2,10511,5367,5144
238722,3,7027,3432,3595
238722,4,937,580,357
238722,5,6090,2852,3238
238722,11,3484,1935,1549
238722,19,1903,828,1075
238722,20,4187,2024,2163
238722,21,2911,1788,1123
238722,22,2911,1788,1123
238722,23,2621,1585,1036
238722,24,399,305,94
238722,25,2222,1280,942
238722,31,290,203,87
238722,39,747,413,334
238722,40,1475,867,608
238722,41,7600,3579,4021
238722,42,7600,3579,4021
238722,43,4406,1847,2559
238722,44,538,275,263
238722,45,3868,1572,2296
238722,51,3194,1732,1462
238722,59,1156,415,741
238722,60,2712,1157,1555
238759,1,8268,3283,4985
238759,2,8268,3283,4985
238759,3,7295,2748,4547
238759,4,1518,707,811
238759,5,5777,2041,3736
238759,11,973,535,438
238759,19,703,257,446
238759,20,5074,1784,3290
238759,21,1582,864,718
238759,22,1582,864,718
238759,23,1531,827,704
238759,24,407,266,141
238759,25,1124,561,563
238759,31,51,37,14
238759,39,166,91,75
238759,40,958,470,488
238759,41,6686,2419,4267
238759,42,6686,2419,4267
238759,43,5764,1921,3843
238759,44,1111,441,670
238759,45,4653,1480,3173
238759,51,922,498,424
238759,59,537,166,371
238759,60,4116,1314,2802
238786,1,113,9,104
238786,2,113,9,104
238786,3,113,9,104
238786,4,23,0,23
238786,5,90,9,81
238786,20,90,9,81
238786,21,93,9,84
238786,22,93,9,84
238786,23,93,9,84
238786,24,15,0,15
238786,25,78,9,69
238786,40,78,9,69
238786,41,20,0,20
238786,42,20,0,20
238786,43,20,0,20
238786,44,8,0,8
238786,45,12,0,12
238786,60,12,0,12
238810,1,77,6,71
238810,2,77,6,71
238810,3,77,6,71
238810,4,41,4,37
238810,5,36,2,34
238810,20,36,2,34
238810,21,63,3,60
238810,22,63,3,60
238810,23,63,3,60
238810,24,36,3,33
238810,25,27,0,27
238810,40,27,0,27
238810,41,14,3,11
238810,42,14,3,11
238810,43,14,3,11
238810,44,5,1,4
238810,45,9,2,7
238810,60,9,2,7
238892,1,448,340,108
238892,2,448,340,108
238892,3,448,340,108
238892,4,92,56,36
238892,5,356,284,72
238892,19,2,1,1
238892,20,354,283,71
238892,21,341,265,76
238892,22,341,265,76
238892,23,341,265,76
238892,24,79,49,30
238892,25,262,216,46
238892,39,2,1,1
238892,40,260,215,45
238892,41,107,75,32
238892,42,107,75,32
238892,43,107,75,32
238892,44,13,7,6
238892,45,94,68,26
238892,60,94,68,26
238980,1,3806,1564,2242
238980,2,2972,1298,1674
238980,3,2449,1061,1388
238980,4,216,123,93
238980,5,2233,938,1295
238980,11,523,237,286
238980,12,834,266,568
238980,19,283,111,172
238980,20,1950,827,1123
238980,21,1148,574,574
238980,22,1024,535,489
238980,23,1022,534,488
238980,24,214,121,93
238980,25,808,413,395
238980,31,2,1,1
238980,32,124,39,85
238980,39,80,40,40
238980,40,728,373,355
238980,41,2658,990,1668
238980,42,1948,763,1185
238980,43,1427,527,900
238980,44,2,2,0
238980,45,1425,525,900
238980,51,521,236,285
238980,52,710,227,483
238980,59,203,71,132
238980,60,1222,454,768
239008,1,2930,1304,1626
239008,2,2930,1304,1626
239008,3,2255,981,1274
239008,4,393,222,171
239008,5,1862,759,1103
239008,11,675,323,352
239008,19,42,17,25
239008,20,1820,742,1078
239008,21,910,472,438
239008,22,910,472,438
239008,23,899,466,433
239008,24,226,147,79
239008,25,673,319,354
239008,31,11,6,5
239008,39,18,8,10
239008,40,655,311,344
239008,41,2020,832,1188
239008,42,2020,832,1188
239008,43,1356,515,841
239008,44,167,75,92
239008,45,1189,440,749
239008,51,664,317,347
239008,59,24,9,15
239008,60,1165,431,734
239017,1,1553,686,867
239017,2,1553,686,867
239017,3,1517,678,839
239017,4,395,180,215
239017,5,1122,498,624
239017,11,36,8,28
239017,19,18,10,8
239017,20,1104,488,616
239017,21,1518,668,850
239017,22,1518,668,850
239017,23,1491,662,829
239017,24,392,179,213
239017,25,1099,483,616
239017,31,27,6,21
239017,39,17,9,8
239017,40,1082,474,608
239017,41,35,18,17
239017,42,35,18,17
239017,43,26,16,10
239017,44,3,1,2
239017,45,23,15,8
239017,51,9,2,7
239017,59,1,1,0
239017,60,22,14,8
239071,1,1035,518,517
239071,2,946,439,507
239071,3,780,351,429
239071,4,210,94,116
239071,5,570,257,313
239071,11,166,88,78
239071,12,89,79,10
239071,19,33,11,22
239071,20,537,246,291
239071,21,717,340,377
239071,22,689,316,373
239071,23,689,316,373
239071,24,206,93,113
239071,25,483,223,260
239071,32,28,24,4
239071,39,32,11,21
239071,40,451,212,239
239071,41,318,178,140
239071,42,257,123,134
239071,43,91,35,56
239071,44,4,1,3
239071,45,87,34,53
239071,51,166,88,78
239071,52,61,55,6
239071,59,1,0,1
239071,60,86,34,52
239080,1,2188,613,1575
239080,2,1688,482,1206
239080,3,1676,479,1197
239080,4,248,72,176
239080,5,1428,407,1021
239080,11,12,3,9
239080,12,500,131,369
239080,19,262,63,199
239080,20,1166,344,822
239080,21,1384,388,996
239080,22,1339,376,963
239080,23,1339,376,963
239080,24,248,72,176
239080,25,1091,304,787
239080,32,45,12,33
239080,39,164,34,130
239080,40,927,270,657
239080,41,804,225,579
239080,42,349,106,243
239080,43,337,103,234
239080,45,337,103,234
239080,51,12,3,9
239080,52,455,119,336
239080,59,98,29,69
239080,60,239,74,165
239105,1,11782,5649,6133
239105,2,8365,4005,4360
239105,3,8190,3912,4278
239105,4,1990,941,1049
239105,5,6200,2971,3229
239105,11,175,93,82
239105,12,3417,1644,1773
239105,19,142,72,70
239105,20,6058,2899,3159
239105,21,10164,4879,5285
239105,22,8046,3841,4205
239105,23,7996,3818,4178
239105,24,1989,941,1048
239105,25,6007,2877,3130
239105,31,50,23,27
239105,32,2118,1038,1080
239105,39,130,67,63
239105,40,5877,2810,3067
239105,41,1618,770,848
239105,42,319,164,155
239105,43,194,94,100
239105,44,1,0,1
239105,45,193,94,99
239105,51,125,70,55
239105,52,1299,606,693
239105,59,12,5,7
239105,60,181,89,92
239132,1,89,7,82
239132,2,89,7,82
239132,3,89,7,82
239132,4,27,2,25
239132,5,62,5,57
239132,20,62,5,57
239132,21,70,5,65
239132,22,70,5,65
239132,23,70,5,65
239132,24,22,1,21
239132,25,48,4,44
239132,40,48,4,44
239132,41,19,2,17
239132,42,19,2,17
239132,43,19,2,17
239132,44,5,1,4
239132,45,14,1,13
239132,60,14,1,13
239169,1,1212,622,590
239169,12,1212,622,590
239169,21,1010,536,474
239169,32,1010,536,474
239169,41,202,86,116
239169,52,202,86,116
239220,1,2905,1228,1677
239220,2,2905,1228,1677
239220,3,2619,1106,1513
239220,4,492,275,217
239220,5,2127,831,1296
239220,11,286,122,164
239220,19,45,13,32
239220,20,2082,818,1264
239220,21,1021,560,461
239220,22,1021,560,461
239220,23,1002,549,453
239220,24,265,173,92
239220,25,737,376,361
239220,31,19,11,8
239220,39,12,4,8
239220,40,725,372,353
239220,41,1884,668,1216
239220,42,1884,668,1216
239220,43,1617,557,1060
239220,44,227,102,125
239220,45,1390,455,935
239220,51,267,111,156
239220,59,33,9,24
239220,60,1357,446,911
239248,1,17961,7813,10148
239248,2,17961,7813,10148
239248,3,16172,7012,9160
239248,4,1724,890,834
239248,5,14448,6122,8326
239248,11,1789,801,988
239248,19,258,125,133
239248,20,14190,5997,8193
239248,21,5731,2903,2828
239248,22,5731,2903,2828
239248,23,5495,2792,2703
239248,24,897,488,409
239248,25,4598,2304,2294
239248,31,236,111,125
239248,39,121,62,59
239248,40,4477,2242,2235
239248,41,12230,4910,7320
239248,42,12230,4910,7320
239248,43,10677,4220,6457
239248,44,827,402,425
239248,45,9850,3818,6032
239248,51,1553,690,863
239248,59,137,63,74
239248,60,9713,3755,5958
239309,1,667,226,441
239309,2,667,226,441
239309,3,666,225,441
239309,4,157,49,108
239309,5,509,176,333
239309,11,1,1,0
239309,19,40,15,25
239309,20,469,161,308
239309,21,652,219,433
239309,22,652,219,433
239309,23,652,219,433
239309,24,157,49,108
239309,25,495,170,325
239309,39,39,15,24
239309,40,456,155,301
239309,41,15,7,8
239309,42,15,7,8
239309,43,14,6,8
239309,45,14,6,8
239309,51,1,1,0
239309,59,1,0,1
239309,60,13,6,7
239318,1,2658,2040,618
239318,2,2459,1886,573
239318,3,2452,1879,573
239318,4,539,417,122
239318,5,1913,1462,451
239318,11,7,7,0
239318,12,199,154,45
239318,19,201,134,67
239318,20,1712,1328,384
239318,21,2341,1776,565
239318,22,2284,1733,551
239318,23,2284,1733,551
239318,24,538,416,122
239318,25,1746,1317,429
239318,32,57,43,14
239318,39,182,117,65
239318,40,1564,1200,364
239318,41,317,264,53
239318,42,175,153,22
239318,43,168,146,22
239318,44,1,1,0
239318,45,167,145,22
239318,51,7,7,0
239318,52,142,111,31
239318,59,19,17,2
239318,60,148,128,20
239372,1,6613,2717,3896
239372,2,6613,2717,3896
239372,3,3320,1198,2122
239372,4,341,154,187
239372,5,2979,1044,1935
239372,11,3293,1519,1774
239372,20,2979,1044,1935
239372,21,1112,522,590
239372,22,1112,522,590
239372,23,1074,500,574
239372,24,163,89,74
239372,25,911,411,500
239372,31,38,22,16
239372,40,911,411,500
239372,41,5501,2195,3306
239372,42,5501,2195,3306
239372,43,2246,698,1548
239372,44,178,65,113
239372,45,2068,633,1435
239372,51,3255,1497,1758
239372,60,2068,633,1435
239390,1,1481,72,1409
239390,2,926,21,905
239390,3,811,5,806
239390,4,114,0,114
239390,5,697,5,692
239390,11,115,16,99
239390,12,555,51,504
239390,19,62,0,62
239390,20,635,5,630
239390,21,1070,37,1033
239390,22,685,3,682
239390,23,681,2,679
239390,24,113,0,113
239390,25,568,2,566
239390,31,4,1,3
239390,32,385,34,351
239390,39,58,0,58
239390,40,510,2,508
239390,41,411,35,376
239390,42,241,18,223
239390,43,130,3,127
239390,44,1,0,1
239390,45,129,3,126
239390,51,111,15,96
239390,52,170,17,153
239390,59,4,0,4
239390,60,125,3,122
239424,1,124,100,24
239424,12,124,100,24
239424,21,101,81,20
239424,32,101,81,20
239424,41,23,19,4
239424,52,23,19,4
239442,1,1271,448,823
239442,2,1271,448,823
239442,3,1123,406,717
239442,4,229,106,123
239442,5,894,300,594
239442,11,148,42,106
239442,19,34,8,26
239442,20,860,292,568
239442,21,623,300,323
239442,22,623,300,323
239442,23,620,297,323
239442,24,149,82,67
239442,25,471,215,256
239442,31,3,3,0
239442,39,19,8,11
239442,40,452,207,245
239442,41,648,148,500
239442,42,648,148,500
239442,43,503,109,394
239442,44,80,24,56
239442,45,423,85,338
239442,51,145,39,106
239442,59,15,0,15
239442,60,408,85,323
239460,1,4384,1747,2637
239460,2,4384,1747,2637
239460,3,3632,1468,2164
239460,4,900,412,488
239460,5,2732,1056,1676
239460,11,752,279,473
239460,20,2732,1056,1676
239460,21,1859,923,936
239460,22,1859,923,936
239460,23,1745,859,886
239460,24,486,261,225
239460,25,1259,598,661
239460,31,114,64,50
239460,40,1259,598,661
239460,41,2525,824,1701
239460,42,2525,824,1701
239460,43,1887,609,1278
239460,44,414,151,263
239460,45,1473,458,1015
239460,51,638,215,423
239460,60,1473,458,1015
239488,1,10441,4215,6226
239488,2,10441,4215,6226
239488,3,6675,2774,3901
239488,4,1171,622,549
239488,5,5504,2152,3352
239488,11,3766,1441,2325
239488,19,345,127,218
239488,20,5159,2025,3134
239488,21,3551,1905,1646
239488,22,3551,1905,1646
239488,23,3060,1675,1385
239488,24,705,440,265
239488,25,2355,1235,1120
239488,31,491,230,261
239488,39,192,95,97
239488,40,2163,1140,1023
239488,41,6890,2310,4580
239488,42,6890,2310,4580
239488,43,3615,1099,2516
239488,44,466,182,284
239488,45,3149,917,2232
239488,51,3275,1211,2064
239488,59,153,32,121
239488,60,2996,885,2111
239503,1,327,179,148
239503,2,261,134,127
239503,3,254,130,124
239503,4,41,23,18
239503,5,213,107,106
239503,11,7,4,3
239503,12,66,45,21
239503,19,15,6,9
239503,20,198,101,97
239503,21,255,135,120
239503,22,242,126,116
239503,23,237,122,115
239503,24,40,22,18
239503,25,197,100,97
239503,31,5,4,1
239503,32,13,9,4
239503,39,15,6,9
239503,40,182,94,88
239503,41,72,44,28
239503,42,19,8,11
239503,43,17,8,9
239503,44,1,1,0
239503,45,16,7,9
239503,51,2,0,2
239503,52,53,36,17
239503,60,16,7,9
239512,1,552,267,285
239512,2,552,267,285
239512,3,546,263,283
239512,4,140,73,67
239512,5,406,190,216
239512,11,6,4,2
239512,19,37,17,20
239512,20,369,173,196
239512,21,538,263,275
239512,22,538,263,275
239512,23,538,263,275
239512,24,140,73,67
239512,25,398,190,208
239512,39,37,17,20
239512,40,361,173,188
239512,41,14,4,10
239512,42,14,4,10
239512,43,8,0,8
239512,45,8,0,8
239512,51,6,4,2
239512,60,8,0,8
239628,1,904,423,481
239628,2,904,423,481
239628,3,883,416,467
239628,4,238,116,122
239628,5,645,300,345
239628,11,21,7,14
239628,19,10,7,3
239628,20,635,293,342
239628,21,888,417,471
239628,22,888,417,471
239628,23,880,415,465
239628,24,238,116,122
239628,25,642,299,343
239628,31,8,2,6
239628,39,10,7,3
239628,40,632,292,340
239628,41,16,6,10
239628,42,16,6,10
239628,43,3,1,2
239628,45,3,1,2
239628,51,13,5,8
239628,60,3,1,2
239637,1,113,105,8
239637,12,113,105,8
239637,21,96,93,3
239637,32,96,93,3
239637,41,17,12,5
239637,52,17,12,5
239716,1,2222,916,1306
239716,2,2160,893,1267
239716,3,2128,878,1250
239716,4,539,223,316
239716,5,1589,655,934
239716,11,32,15,17
239716,12,62,23,39
239716,19,44,22,22
239716,20,1545,633,912
239716,21,2118,876,1242
239716,22,2118,876,1242
239716,23,2104,869,1235
239716,24,539,223,316
239716,25,1565,646,919
239716,31,14,7,7
239716,39,43,21,22
239716,40,1522,625,897
239716,41,104,40,64
239716,42,42,17,25
239716,43,24,9,15
239716,45,24,9,15
239716,51,18,8,10
239716,52,62,23,39
239716,59,1,1,0
239716,60,23,8,15
239743,1,679,215,464
239743,2,501,165,336
239743,3,299,87,212
239743,4,40,11,29
239743,5,259,76,183
239743,11,202,78,124
239743,12,178,50,128
239743,19,31,16,15
239743,20,228,60,168
239743,21,223,65,158
239743,22,213,63,150
239743,23,201,60,141
239743,24,40,11,29
239743,25,161,49,112
239743,31,12,3,9
239743,32,10,2,8
239743,39,19,11,8
239743,40,142,38,104
239743,41,456,150,306
239743,42,288,102,186
239743,43,98,27,71
239743,45,98,27,71
239743,51,190,75,115
239743,52,168,48,120
239743,59,12,5,7
239743,60,86,22,64
239877,1,55,1,54
239877,2,55,1,54
239877,3,55,1,54
239877,4,27,0,27
239877,5,28,1,27
239877,20,28,1,27
239877,21,49,1,48
239877,22,49,1,48
239877,23,49,1,48
239877,24,27,0,27
239877,25,22,1,21
239877,40,22,1,21
239877,41,6,0,6
239877,42,6,0,6
239877,43,6,0,6
239877,45,6,0,6
239877,60,6,0,6
239910,1,4144,2180,1964
239910,2,4144,2180,1964
239910,3,1347,592,755
239910,4,366,203,163
239910,5,981,389,592
239910,11,2797,1588,1209
239910,19,386,125,261
239910,20,595,264,331
239910,21,736,416,320
239910,22,736,416,320
239910,23,730,412,318
239910,24,229,153,76
239910,25,501,259,242
239910,31,6,4,2
239910,39,177,85,92
239910,40,324,174,150
239910,41,3408,1764,1644
239910,42,3408,1764,1644
239910,43,617,180,437
239910,44,137,50,87
239910,45,480,130,350
239910,51,2791,1584,1207
239910,59,209,40,169
239910,60,271,90,181
239929,1,1051,301,750
239929,2,1051,301,750
239929,3,1051,301,750
239929,4,242,94,148
239929,5,809,207,602
239929,19,143,46,97
239929,20,666,161,505
239929,21,418,141,277
239929,22,418,141,277
239929,23,418,141,277
239929,24,155,64,91
239929,25,263,77,186
239929,39,77,28,49
239929,40,186,49,137
239929,41,633,160,473
239929,42,633,160,473
239929,43,633,160,473
239929,44,87,30,57
239929,45,546,130,416
239929,59,66,18,48
239929,60,480,112,368
240055,1,13947,6429,7518
240055,2,13947,6429,7518
240055,3,11827,5598,6229
240055,4,4189,2047,2142
240055,5,7638,3551,4087
240055,11,2120,831,1289
240055,19,755,366,389
240055,20,6883,3185,3698
240055,21,8015,3996,4019
240055,22,8015,3996,4019
240055,23,7938,3952,3986
240055,24,3642,1806,1836
240055,25,4296,2146,2150
240055,31,77,44,33
240055,39,449,237,212
240055,40,3847,1909,1938
240055,41,5932,2433,3499
240055,42,5932,2433,3499
240055,43,3889,1646,2243
240055,44,547,241,306
240055,45,3342,1405,1937
240055,51,2043,787,1256
240055,59,306,129,177
240055,60,3036,1276,1760
240107,1,2762,759,2003
240107,2,2079,564,1515
240107,3,2052,551,1501
240107,4,304,85,219
240107,5,1748,466,1282
240107,11,27,13,14
240107,12,683,195,488
240107,19,266,85,181
240107,20,1482,381,1101
240107,21,1926,558,1368
240107,22,1581,451,1130
240107,23,1580,450,1130
240107,24,303,84,219
240107,25,1277,366,911
240107,31,1,1,0
240107,32,345,107,238
240107,39,148,61,87
240107,40,1129,305,824
240107,41,836,201,635
240107,42,498,113,385
240107,43,472,101,371
240107,44,1,1,0
240107,45,471,100,371
240107,51,26,12,14
240107,52,338,88,250
240107,59,118,24,94
240107,60,353,76,277
240116,1,5617,2437,3180
240116,2,5617,2437,3180
240116,3,4687,1932,2755
240116,4,1366,698,668
240116,5,3321,1234,2087
240116,11,930,505,425
240116,19,390,162,228
240116,20,2931,1072,1859
240116,21,2445,1336,1109
240116,22,2445,1336,1109
240116,23,2343,1279,1064
240116,24,891,531,360
240116,25,1452,748,704
240116,31,102,57,45
240116,39,185,99,86
240116,40,1267,649,618
240116,41,3172,1101,2071
240116,42,3172,1101,2071
240116,43,2344,653,1691
240116,44,475,167,308
240116,45,1869,486,1383
240116,51,828,448,380
240116,59,205,63,142
240116,60,1664,423,1241
240125,1,8799,4548,4251
240125,2,8799,4548,4251
240125,3,5718,2837,2881
240125,4,518,285,233
240125,5,5200,2552,2648
240125,11,3081,1711,1370
240125,19,393,176,217
240125,20,4807,2376,2431
240125,21,1905,1141,764
240125,22,1905,1141,764
240125,23,1905,1141,764
240125,24,256,154,102
240125,25,1649,987,662
240125,39,171,90,81
240125,40,1478,897,581
240125,41,6894,3407,3487
240125,42,6894,3407,3487
240125,43,3813,1696,2117
240125,44,262,131,131
240125,45,3551,1565,1986
240125,51,3081,1711,1370
240125,59,222,86,136
240125,60,3329,1479,1850
240170,1,4572,2038,2534
240170,2,4572,2038,2534
240170,3,4327,1929,2398
240170,4,687,356,331
240170,5,3640,1573,2067
240170,11,245,109,136
240170,19,444,203,241
240170,20,3196,1370,1826
240170,21,1920,1050,870
240170,22,1920,1050,870
240170,23,1909,1043,866
240170,24,440,266,174
240170,25,1469,777,692
240170,31,11,7,4
240170,39,219,122,97
240170,40,1250,655,595
240170,41,2652,988,1664
240170,42,2652,988,1664
240170,43,2418,886,1532
240170,44,247,90,157
240170,45,2171,796,1375
240170,51,234,102,132
240170,59,225,81,144
240170,60,1946,715,1231
240189,1,12027,5881,6146
240189,2,10864,5335,5529
240189,3,10438,5161,5277
240189,4,2108,1054,1054
240189,5,8330,4107,4223
240189,11,426,174,252
240189,12,1163,546,617
240189,19,689,335,354
240189,20,7641,3772,3869
240189,21,10308,5063,5245
240189,22,9889,4880,5009
240189,23,9795,4839,4956
240189,24,2096,1046,1050
240189,25,7699,3793,3906
240189,31,94,41,53
240189,32,419,183,236
240189,39,637,320,317
240189,40,7062,3473,3589
240189,41,1719,818,901
240189,42,975,455,520
240189,43,643,322,321
240189,44,12,8,4
240189,45,631,314,317
240189,51,332,133,199
240189,52,744,363,381
240189,59,52,15,37
240189,60,579,299,280
240198,1,3418,1374,2044
240198,2,3418,1374,2044
240198,3,2956,1199,1757
240198,4,549,309,240
240198,5,2407,890,1517
240198,11,462,175,287
240198,20,2407,890,1517
240198,21,1469,766,703
240198,22,1469,766,703
240198,23,1456,759,697
240198,24,320,211,109
240198,25,1136,548,588
240198,31,13,7,6
240198,40,1136,548,588
240198,41,1949,608,1341
240198,42,1949,608,1341
240198,43,1500,440,1060
240198,44,229,98,131
240198,45,1271,342,929
240198,51,449,168,281
240198,60,1271,342,929
240213,1,92,24,68
240213,12,92,24,68
240213,21,40,12,28
240213,32,40,12,28
240213,41,52,12,40
240213,52,52,12,40
240240,1,156,6,150
240240,2,156,6,150
240240,3,156,6,150
240240,4,16,1,15
240240,5,140,5,135
240240,20,140,5,135
240240,21,156,6,150
240240,22,156,6,150
240240,23,156,6,150
240240,24,16,1,15
240240,25,140,5,135
240240,40,140,5,135
240268,1,10923,4452,6471
240268,2,10404,4246,6158
240268,3,10218,4192,6026
240268,4,2017,699,1318
240268,5,8201,3493,4708
240268,11,186,54,132
240268,12,519,206,313
240268,19,568,273,295
240268,20,7633,3220,4413
240268,21,9616,3946,5670
240268,22,9508,3920,5588
240268,23,9508,3920,5588
240268,24,2014,697,1317
240268,25,7494,3223,4271
240268,32,108,26,82
240268,39,502,253,249
240268,40,6992,2970,4022
240268,41,1307,506,801
240268,42,896,326,570
240268,43,710,272,438
240268,44,3,2,1
240268,45,707,270,437
240268,51,186,54,132
240268,52,411,180,231
240268,59,66,20,46
240268,60,641,250,391
240277,1,6668,2306,4362
240277,2,6445,2225,4220
240277,3,5765,1980,3785
240277,4,809,253,556
240277,5,4956,1727,3229
240277,11,680,245,435
240277,12,223,81,142
240277,19,587,194,393
240277,20,4369,1533,2836
240277,21,4388,1627,2761
240277,22,4330,1606,2724
240277,23,4305,1591,2714
240277,24,782,251,531
240277,25,3523,1340,2183
240277,31,25,15,10
240277,32,58,21,37
240277,39,401,148,253
240277,40,3122,1192,1930
240277,41,2280,679,1601
240277,42,2115,619,1496
240277,43,1460,389,1071
240277,44,27,2,25
240277,45,1433,387,1046
240277,51,655,230,425
240277,52,165,60,105
240277,59,186,46,140
240277,60,1247,341,906
240329,1,10520,4500,6020
240329,2,9702,4232,5470
240329,3,9335,4064,5271
240329,4,2005,849,1156
240329,5,7330,3215,4115
240329,11,367,168,199
240329,12,818,268,550
240329,19,540,285,255
240329,20,6790,2930,3860
240329,21,9577,4116,5461
240329,22,9188,3982,5206
240329,23,9042,3918,5124
240329,24,1995,846,1149
240329,25,7047,3072,3975
240329,31,146,64,82
240329,32,389,134,255
240329,39,516,276,240
240329,40,6531,2796,3735
240329,41,943,384,559
240329,42,514,250,264
240329,43,293,146,147
240329,44,10,3,7
240329,45,283,143,140
240329,51,221,104,117
240329,52,429,134,295
240329,59,24,9,15
240329,60,259,134,125
240338,1,1178,547,631
240338,2,1070,500,570
240338,3,1058,492,566
240338,4,229,106,123
240338,5,829,386,443
240338,11,12,8,4
240338,12,108,47,61
240338,19,75,31,44
240338,20,754,355,399
240338,21,1011,475,536
240338,22,1002,472,530
240338,23,1001,471,530
240338,24,229,106,123
240338,25,772,365,407
240338,31,1,1,0
240338,32,9,3,6
240338,39,67,29,38
240338,40,705,336,369
240338,41,167,72,95
240338,42,68,28,40
240338,43,57,21,36
240338,45,57,21,36
240338,51,11,7,4
240338,52,99,44,55
240338,59,8,2,6
240338,60,49,19,30
240365,1,13900,5489,8411
240365,2,12622,5094,7528
240365,3,10633,4533,6100
240365,4,1747,693,1054
240365,5,8886,3840,5046
240365,11,1989,561,1428
240365,12,1278,395,883
240365,19,924,377,547
240365,20,7962,3463,4499
240365,21,9375,3988,5387
240365,22,9193,3945,5248
240365,23,9142,3926,5216
240365,24,1730,685,1045
240365,25,7412,3241,4171
240365,31,51,19,32
240365,32,182,43,139
240365,39,689,295,394
240365,40,6723,2946,3777
240365,41,4525,1501,3024
240365,42,3429,1149,2280
240365,43,1491,607,884
240365,44,17,8,9
240365,45,1474,599,875
240365,51,1938,542,1396
240365,52,1096,352,744
240365,59,235,82,153
240365,60,1239,517,722
240374,1,4578,2211,2367
240374,2,4450,2137,2313
240374,3,4354,2103,2251
240374,4,762,345,417
240374,5,3592,1758,1834
240374,11,96,34,62
240374,12,128,74,54
240374,19,396,192,204
240374,20,3196,1566,1630
240374,21,3365,1668,1697
240374,22,3332,1647,1685
240374,23,3330,1645,1685
240374,24,686,321,365
240374,25,2644,1324,1320
240374,31,2,2,0
240374,32,33,21,12
240374,39,294,158,136
240374,40,2350,1166,1184
240374,41,1213,543,670
240374,42,1118,490,628
240374,43,1024,458,566
240374,44,76,24,52
240374,45,948,434,514
240374,51,94,32,62
240374,52,95,53,42
240374,59,102,34,68
240374,60,846,400,446
240392,1,2680,637,2043
240392,2,2452,587,1865
240392,3,2435,585,1850
240392,4,227,51,176
240392,5,2208,534,1674
240392,11,17,2,15
240392,12,228,50,178
240392,19,69,17,52
240392,20,2139,517,1622
240392,21,1265,339,926
240392,22,1166,317,849
240392,23,1166,317,849
240392,24,125,35,90
240392,25,1041,282,759
240392,32,99,22,77
240392,39,43,14,29
240392,40,998,268,730
240392,41,1415,298,1117
240392,42,1286,270,1016
240392,43,1269,268,1001
240392,44,102,16,86
240392,45,1167,252,915
240392,51,17,2,15
240392,52,129,28,101
240392,59,26,3,23
240392,60,1141,249,892
240417,1,9313,4690,4623
240417,2,8208,4363,3845
240417,3,8094,4311,3783
240417,4,1573,809,764
240417,5,6521,3502,3019
240417,11,114,52,62
240417,12,1105,327,778
240417,19,683,389,294
240417,20,5838,3113,2725
240417,21,7088,3650,3438
240417,22,6820,3573,3247
240417,23,6782,3553,3229
240417,24,1561,803,758
240417,25,5221,2750,2471
240417,31,38,20,18
240417,32,268,77,191
240417,39,489,270,219
240417,40,4732,2480,2252
240417,41,2225,1040,1185
240417,42,1388,790,598
240417,43,1312,758,554
240417,44,12,6,6
240417,45,1300,752,548
240417,51,76,32,44
240417,52,837,250,587
240417,59,194,119,75
240417,60,1106,633,473
240426,1,2661,1052,1609
240426,2,2527,1017,1510
240426,3,2415,989,1426
240426,4,325,130,195
240426,5,2090,859,1231
240426,11,112,28,84
240426,12,134,35,99
240426,19,317,124,193
240426,20,1773,735,1038
240426,21,2071,877,1194
240426,22,2020,869,1151
240426,23,2010,867,1143
240426,24,318,128,190
240426,25,1692,739,953
240426,31,10,2,8
240426,32,51,8,43
240426,39,256,108,148
240426,40,1436,631,805
240426,41,590,175,415
240426,42,507,148,359
240426,43,405,122,283
240426,44,7,2,5
240426,45,398,120,278
240426,51,102,26,76
240426,52,83,27,56
240426,59,61,16,45
240426,60,337,104,233
240444,1,42677,20958,21719
240444,2,30728,14963,15765
240444,3,29504,14391,15113
240444,4,6339,3060,3279
240444,5,23165,11331,11834
240444,11,1224,572,652
240444,12,11949,5995,5954
240444,19,1092,538,554
240444,20,22073,10793,11280
240444,21,38428,18872,19556
240444,22,28568,13872,14696
240444,23,28183,13670,14513
240444,24,6323,3051,3272
240444,25,21860,10619,11241
240444,31,385,202,183
240444,32,9860,5000,4860
240444,39,1042,517,525
240444,40,20818,10102,10716
240444,41,4249,2086,2163
240444,42,2160,1091,1069
240444,43,1321,721,600
240444,44,16,9,7
240444,45,1305,712,593
240444,51,839,370,469
240444,52,2089,995,1094
240444,59,50,21,29
240444,60,1255,691,564
240453,1,27416,13062,14354
240453,2,22648,11126,11522
240453,3,21747,10806,10941
240453,4,3303,1595,1708
240453,5,18444,9211,9233
240453,11,901,320,581
240453,12,4768,1936,2832
240453,19,1721,872,849
240453,20,16723,8339,8384
240453,21,21548,10476,11072
240453,22,18942,9391,9551
240453,23,18705,9303,9402
240453,24,3201,1535,1666
240453,25,15504,7768,7736
240453,31,237,88,149
240453,32,2606,1085,1521
240453,39,1469,749,720
240453,40,14035,7019,7016
240453,41,5868,2586,3282
240453,42,3706,1735,1971
240453,43,3042,1503,1539
240453,44,102,60,42
240453,45,2940,1443,1497
240453,51,664,232,432
240453,52,2162,851,1311
240453,59,252,123,129
240453,60,2688,1320,1368
240462,1,8712,5585,3127
240462,2,7862,5128,2734
240462,3,7740,5055,2685
240462,4,1646,1088,558
240462,5,6094,3967,2127
240462,11,122,73,49
240462,12,850,457,393
240462,19,446,268,178
240462,20,5648,3699,1949
240462,21,7136,4638,2498
240462,22,7033,4599,2434
240462,23,7011,4585,2426
240462,24,1625,1075,550
240462,25,5386,3510,1876
240462,31,22,14,8
240462,32,103,39,64
240462,39,385,224,161
240462,40,5001,3286,1715
240462,41,1576,947,629
240462,42,829,529,300
240462,43,729,470,259
240462,44,21,13,8
240462,45,708,457,251
240462,51,100,59,41
240462,52,747,418,329
240462,59,61,44,17
240462,60,647,413,234
240471,1,6160,2405,3755
240471,2,5782,2286,3496
240471,3,5506,2185,3321
240471,4,1071,408,663
240471,5,4435,1777,2658
240471,11,276,101,175
240471,12,378,119,259
240471,19,371,163,208
240471,20,4064,1614,2450
240471,21,5375,2110,3265
240471,22,5249,2075,3174
240471,23,5115,2020,3095
240471,24,1059,405,654
240471,25,4056,1615,2441
240471,31,134,55,79
240471,32,126,35,91
240471,39,342,148,194
240471,40,3714,1467,2247
240471,41,785,295,490
240471,42,533,211,322
240471,43,391,165,226
240471,44,12,3,9
240471,45,379,162,217
240471,51,142,46,96
240471,52,252,84,168
240471,59,29,15,14
240471,60,350,147,203
240480,1,9661,4544,5117
240480,2,9313,4463,4850
240480,3,9150,4396,4754
240480,4,1636,788,848
240480,5,7514,3608,3906
240480,11,163,67,96
240480,12,348,81,267
240480,19,754,366,388
240480,20,6760,3242,3518
240480,21,8770,4192,4578
240480,22,8650,4166,4484
240480,23,8631,4156,4475
240480,24,1624,782,842
240480,25,7007,3374,3633
240480,31,19,10,9
240480,32,120,26,94
240480,39,672,330,342
240480,40,6335,3044,3291
240480,41,891,352,539
240480,42,663,297,366
240480,43,519,240,279
240480,44,12,6,6
240480,45,507,234,273
240480,51,144,57,87
240480,52,228,55,173
240480,59,82,36,46
240480,60,425,198,227
240505,1,4082,1764,2318
240505,2,4082,1764,2318
240505,3,2771,1108,1663
240505,4,685,329,356
240505,5,2086,779,1307
240505,11,1311,656,655
240505,19,129,53,76
240505,20,1957,726,1231
240505,21,1957,845,1112
240505,22,1957,845,1112
240505,23,1906,827,1079
240505,24,616,300,316
240505,25,1290,527,763
240505,31,51,18,33
240505,39,96,44,52
240505,40,1194,483,711
240505,41,2125,919,1206
240505,42,2125,919,1206
240505,43,865,281,584
240505,44,69,29,40
240505,45,796,252,544
240505,51,1260,638,622
240505,59,33,9,24
240505,60,763,243,520
240514,1,2182,1005,1177
240514,2,2182,1005,1177
240514,3,1127,455,672
240514,4,309,147,162
240514,5,818,308,510
240514,11,1055,550,505
240514,19,399,136,263
240514,20,419,172,247
240514,21,831,356,475
240514,22,831,356,475
240514,23,674,292,382
240514,24,235,106,129
240514,25,439,186,253
240514,31,157,64,93
240514,39,189,77,112
240514,40,250,109,141
240514,41,1351,649,702
240514,42,1351,649,702
240514,43,453,163,290
240514,44,74,41,33
240514,45,379,122,257
240514,51,898,486,412
240514,59,210,59,151
240514,60,169,63,106
240596,1,1788,761,1027
240596,2,1788,761,1027
240596,3,771,315,456
240596,4,265,120,145
240596,5,506,195,311
240596,11,1017,446,571
240596,19,176,60,116
240596,20,330,135,195
240596,21,686,319,367
240596,22,686,319,367
240596,23,531,237,294
240596,24,229,108,121
240596,25,302,129,173
240596,31,155,82,73
240596,39,97,36,61
240596,40,205,93,112
240596,41,1102,442,660
240596,42,1102,442,660
240596,43,240,78,162
240596,44,36,12,24
240596,45,204,66,138
240596,51,862,364,498
240596,59,79,24,55
240596,60,125,42,83
240620,1,4780,1924,2856
240620,2,4780,1924,2856
240620,3,3517,1374,2143
240620,4,438,194,244
240620,5,3079,1180,1899
240620,11,1263,550,713
240620,19,259,104,155
240620,20,2820,1076,1744
240620,21,1961,831,1130
240620,22,1961,831,1130
240620,23,1905,800,1105
240620,24,318,144,174
240620,25,1587,656,931
240620,31,56,31,25
240620,39,142,67,75
240620,40,1445,589,856
240620,41,2819,1093,1726
240620,42,2819,1093,1726
240620,43,1612,574,1038
240620,44,120,50,70
240620,45,1492,524,968
240620,51,1207,519,688
240620,59,117,37,80
240620,60,1375,487,888
240657,1,1880,772,1108
240657,2,1880,772,1108
240657,3,1624,659,965
240657,4,400,203,197
240657,5,1224,456,768
240657,11,256,113,143
240657,19,40,28,12
240657,20,1184,428,756
240657,21,1080,492,588
240657,22,1080,492,588
240657,23,1056,477,579
240657,24,372,192,180
240657,25,684,285,399
240657,31,24,15,9
240657,39,40,28,12
240657,40,644,257,387
240657,41,800,280,520
240657,42,800,280,520
240657,43,568,182,386
240657,44,28,11,17
240657,45,540,171,369
240657,51,232,98,134
240657,60,540,171,369
240666,1,4437,2257,2180
240666,2,4437,2257,2180
240666,3,2108,857,1251
240666,4,531,249,282
240666,5,1577,608,969
240666,11,2329,1400,929
240666,19,71,26,45
240666,20,1506,582,924
240666,21,1441,641,800
240666,22,1441,641,800
240666,23,1342,590,752
240666,24,448,203,245
240666,25,894,387,507
240666,31,99,51,48
240666,39,34,13,21
240666,40,860,374,486
240666,41,2996,1616,1380
240666,42,2996,1616,1380
240666,43,766,267,499
240666,44,83,46,37
240666,45,683,221,462
240666,51,2230,1349,881
240666,59,37,13,24
240666,60,646,208,438
240693,1,3620,1694,1926
240693,2,3620,1694,1926
240693,3,2792,1165,1627
240693,4,428,211,217
240693,5,2364,954,1410
240693,11,828,529,299
240693,19,324,146,178
240693,20,2040,808,1232
240693,21,1222,562,660
240693,22,1222,562,660
240693,23,1182,541,641
240693,24,356,184,172
240693,25,826,357,469
240693,31,40,21,19
240693,39,132,55,77
240693,40,694,302,392
240693,41,2398,1132,1266
240693,42,2398,1132,1266
240693,43,1610,624,986
240693,44,72,27,45
240693,45,1538,597,941
240693,51,788,508,280
240693,59,192,91,101
240693,60,1346,506,840
240709,1,46,2,44
240709,2,46,2,44
240709,3,46,2,44
240709,4,35,2,33
240709,5,11,0,11
240709,20,11,0,11
240709,21,34,1,33
240709,22,34,1,33
240709,23,34,1,33
240709,24,25,1,24
240709,25,9,0,9
240709,40,9,0,9
240709,41,12,1,11
240709,42,12,1,11
240709,43,12,1,11
240709,44,10,1,9
240709,45,2,0,2
240709,60,2,0,2
240718,1,1462,1401,61
240718,2,1462,1401,61
240718,3,1462,1401,61
240718,4,424,414,10
240718,5,1038,987,51
240718,19,67,63,4
240718,20,971,924,47
240718,21,1462,1401,61
240718,22,1462,1401,61
240718,23,1462,1401,61
240718,24,424,414,10
240718,25,1038,987,51
240718,39,67,63,4
240718,40,971,924,47
240727,1,12778,6065,6713
240727,2,10117,4804,5313
240727,3,9969,4742,5227
240727,4,1582,739,843
240727,5,8387,4003,4384
240727,11,148,62,86
240727,12,2661,1261,1400
240727,19,1082,463,619
240727,20,7305,3540,3765
240727,21,9743,4902,4841
240727,22,8255,4155,4100
240727,23,8254,4155,4099
240727,24,1568,727,841
240727,25,6686,3428,3258
240727,31,1,0,1
240727,32,1488,747,741
240727,39,758,376,382
240727,40,5928,3052,2876
240727,41,3035,1163,1872
240727,42,1862,649,1213
240727,43,1715,587,1128
240727,44,14,12,2
240727,45,1701,575,1126
240727,51,147,62,85
240727,52,1173,514,659
240727,59,324,87,237
240727,60,1377,488,889
240736,1,1488,576,912
240736,2,1488,576,912
240736,3,1487,576,911
240736,4,438,194,244
240736,5,1049,382,667
240736,11,1,0,1
240736,19,1,0,1
240736,20,1048,382,666
240736,21,735,285,450
240736,22,735,285,450
240736,23,735,285,450
240736,24,264,126,138
240736,25,471,159,312
240736,40,471,159,312
240736,41,753,291,462
240736,42,753,291,462
240736,43,752,291,461
240736,44,174,68,106
240736,45,578,223,355
240736,51,1,0,1
240736,59,1,0,1
240736,60,577,223,354
240745,1,2603,1154,1449
240745,2,2603,1154,1449
240745,3,2162,906,1256
240745,4,200,79,121
240745,5,1962,827,1135
240745,11,441,248,193
240745,19,51,19,32
240745,20,1911,808,1103
240745,21,1021,428,593
240745,22,1021,428,593
240745,23,941,380,561
240745,24,97,35,62
240745,25,844,345,499
240745,31,80,48,32
240745,39,25,13,12
240745,40,819,332,487
240745,41,1582,726,856
240745,42,1582,726,856
240745,43,1221,526,695
240745,44,103,44,59
240745,45,1118,482,636
240745,51,361,200,161
240745,59,26,6,20
240745,60,1092,476,616
240754,1,3836,1584,2252
240754,2,3532,1473,2059
240754,3,3488,1455,2033
240754,4,575,228,347
240754,5,2913,1227,1686
240754,11,44,18,26
240754,12,304,111,193
240754,19,168,69,99
240754,20,2745,1158,1587
240754,21,2793,1123,1670
240754,22,2690,1083,1607
240754,23,2684,1082,1602
240754,24,488,186,302
240754,25,2196,896,1300
240754,31,6,1,5
240754,32,103,40,63
240754,39,129,54,75
240754,40,2067,842,1225
240754,41,1043,461,582
240754,42,842,390,452
240754,43,804,373,431
240754,44,87,42,45
240754,45,717,331,386
240754,51,38,17,21
240754,52,201,71,130
240754,59,39,15,24
240754,60,678,316,362
240790,1,1109,429,680
240790,2,1109,429,680
240790,3,1063,415,648
240790,4,284,122,162
240790,5,779,293,486
240790,11,46,14,32
240790,19,6,1,5
240790,20,773,292,481
240790,21,914,352,562
240790,22,914,352,562
240790,23,896,345,551
240790,24,256,110,146
240790,25,640,235,405
240790,31,18,7,11
240790,39,4,1,3
240790,40,636,234,402
240790,41,195,77,118
240790,42,195,77,118
240790,43,167,70,97
240790,44,28,12,16
240790,45,139,58,81
240790,51,28,7,21
240790,59,2,0,2
240790,60,137,58,79
240879,1,156,39,117
240879,2,156,39,117
240879,3,156,39,117
240879,4,153,38,115
240879,5,3,1,2
240879,20,3,1,2
240879,21,156,39,117
240879,22,156,39,117
240879,23,156,39,117
240879,24,153,38,115
240879,25,3,1,2
240879,40,3,1,2
240985,1,225,71,154
240985,2,225,71,154
240985,3,225,71,154
240985,4,117,42,75
240985,5,108,29,79
240985,20,108,29,79
240985,21,225,71,154
240985,22,225,71,154
240985,23,225,71,154
240985,24,117,42,75
240985,25,108,29,79
240985,40,108,29,79
241100,1,968,471,497
241100,2,858,453,405
241100,3,850,450,400
241100,4,129,83,46
241100,5,721,367,354
241100,11,8,3,5
241100,12,110,18,92
241100,19,9,4,5
241100,20,712,363,349
241100,21,836,436,400
241100,22,794,425,369
241100,23,792,424,368
241100,24,127,82,45
241100,25,665,342,323
241100,31,2,1,1
241100,32,42,11,31
241100,39,8,3,5
241100,40,657,339,318
241100,41,132,35,97
241100,42,64,28,36
241100,43,58,26,32
241100,44,2,1,1
241100,45,56,25,31
241100,51,6,2,4
241100,52,68,7,61
241100,59,1,1,0
241100,60,55,24,31
241128,1,1082,496,586
241128,2,1008,485,523
241128,3,998,484,514
241128,4,211,119,92
241128,5,787,365,422
241128,11,10,1,9
241128,12,74,11,63
241128,19,46,20,26
241128,20,741,345,396
241128,21,953,448,505
241128,22,918,441,477
241128,23,914,441,473
241128,24,210,118,92
241128,25,704,323,381
241128,31,4,0,4
241128,32,35,7,28
241128,39,44,18,26
241128,40,660,305,355
241128,41,129,48,81
241128,42,90,44,46
241128,43,84,43,41
241128,44,1,1,0
241128,45,83,42,41
241128,51,6,1,5
241128,52,39,4,35
241128,59,2,2,0
241128,60,81,40,41
241146,1,560,180,380
241146,2,560,180,380
241146,3,560,180,380
241146,4,328,103,225
241146,5,232,77,155
241146,20,232,77,155
241146,21,557,179,378
241146,22,557,179,378
241146,23,557,179,378
241146,24,328,103,225
241146,25,229,76,153
241146,40,229,76,153
241146,41,3,1,2
241146,42,3,1,2
241146,43,3,1,2
241146,45,3,1,2
241146,60,3,1,2
241182,1,548,149,399
241182,2,548,149,399
241182,3,548,149,399
241182,4,195,55,140
241182,5,353,94,259
241182,20,353,94,259
241182,21,548,149,399
241182,22,548,149,399
241182,23,548,149,399
241182,24,195,55,140
241182,25,353,94,259
241182,40,353,94,259
241191,1,1403,536,867
241191,2,1287,519,768
241191,3,1261,513,748
241191,4,196,74,122
241191,5,1065,439,626
241191,11,26,6,20
241191,12,116,17,99
241191,19,113,52,61
241191,20,952,387,565
241191,21,1282,502,780
241191,22,1190,489,701
241191,23,1189,488,701
241191,24,195,74,121
241191,25,994,414,580
241191,31,1,1,0
241191,32,92,13,79
241191,39,111,52,59
241191,40,883,362,521
241191,41,121,34,87
241191,42,97,30,67
241191,43,72,25,47
241191,44,1,0,1
241191,45,71,25,46
241191,51,25,5,20
241191,52,24,4,20
241191,59,2,0,2
241191,60,69,25,44
241216,1,1429,1043,386
241216,2,1365,1011,354
241216,3,1365,1011,354
241216,4,270,192,78
241216,5,1095,819,276
241216,12,64,32,32
241216,19,84,62,22
241216,20,1011,757,254
241216,21,1038,764,274
241216,22,1015,753,262
241216,23,1015,753,262
241216,24,266,190,76
241216,25,749,563,186
241216,32,23,11,12
241216,39,78,58,20
241216,40,671,505,166
241216,41,391,279,112
241216,42,350,258,92
241216,43,350,258,92
241216,44,4,2,2
241216,45,346,256,90
241216,52,41,21,20
241216,59,6,4,2
241216,60,340,252,88
241225,1,2065,654,1411
241225,2,1657,535,1122
241225,3,1654,535,1119
241225,4,242,96,146
241225,5,1412,439,973
241225,11,3,0,3
241225,12,408,119,289
241225,19,143,43,100
241225,20,1269,396,873
241225,21,1476,466,1010
241225,22,1291,418,873
241225,23,1288,418,870
241225,24,229,91,138
241225,25,1059,327,732
241225,31,3,0,3
241225,32,185,48,137
241225,39,112,33,79
241225,40,947,294,653
241225,41,589,188,401
241225,42,366,117,249
241225,43,366,117,249
241225,44,13,5,8
241225,45,353,112,241
241225,52,223,71,152
241225,59,31,10,21
241225,60,322,102,220
241304,1,1823,574,1249
241304,2,1680,535,1145
241304,3,1680,535,1145
241304,4,295,112,183
241304,5,1385,423,962
241304,12,143,39,104
241304,20,1385,423,962
241304,21,817,290,527
241304,22,743,266,477
241304,23,743,266,477
241304,24,250,97,153
241304,25,493,169,324
241304,32,74,24,50
241304,40,493,169,324
241304,41,1006,284,722
241304,42,937,269,668
241304,43,937,269,668
241304,44,45,15,30
241304,45,892,254,638
241304,52,69,15,54
241304,60,892,254,638
241331,1,919,148,771
241331,2,142,16,126
241331,3,88,5,83
241331,5,88,5,83
241331,11,54,11,43
241331,12,777,132,645
241331,19,77,3,74
241331,20,11,2,9
241331,21,773,126,647
241331,22,78,5,73
241331,23,69,3,66
241331,25,69,3,66
241331,31,9,2,7
241331,32,695,121,574
241331,39,60,1,59
241331,40,9,2,7
241331,41,146,22,124
241331,42,64,11,53
241331,43,19,2,17
241331,45,19,2,17
241331,51,45,9,36
241331,52,82,11,71
241331,59,17,2,15
241331,60,2,0,2
241377,1,1876,764,1112
241377,2,1578,708,870
241377,3,1572,708,864
241377,4,265,140,125
241377,5,1307,568,739
241377,11,6,0,6
241377,12,298,56,242
241377,19,53,27,26
241377,20,1254,541,713
241377,21,1395,576,819
241377,22,1251,546,705
241377,23,1250,546,704
241377,24,237,124,113
241377,25,1013,422,591
241377,31,1,0,1
241377,32,144,30,114
241377,39,42,22,20
241377,40,971,400,571
241377,41,481,188,293
241377,42,327,162,165
241377,43,322,162,160
241377,44,28,16,12
241377,45,294,146,148
241377,51,5,0,5
241377,52,154,26,128
241377,59,11,5,6
241377,60,283,141,142
241386,1,827,198,629
241386,2,704,172,532
241386,3,703,172,531
241386,4,55,13,42
241386,5,648,159,489
241386,11,1,0,1
241386,12,123,26,97
241386,19,32,7,25
241386,20,616,152,464
241386,21,606,142,464
241386,22,559,131,428
241386,23,559,131,428
241386,24,46,11,35
241386,25,513,120,393
241386,32,47,11,36
241386,39,22,4,18
241386,40,491,116,375
241386,41,221,56,165
241386,42,145,41,104
241386,43,144,41,103
241386,44,9,2,7
241386,45,135,39,96
241386,51,1,0,1
241386,52,76,15,61
241386,59,10,3,7
241386,60,125,36,89
241395,1,986,318,668
241395,2,655,244,411
241395,3,594,228,366
241395,4,97,38,59
241395,5,497,190,307
241395,11,61,16,45
241395,12,331,74,257
241395,19,53,20,33
241395,20,444,170,274
241395,21,805,264,541
241395,22,556,212,344
241395,23,549,211,338
241395,24,97,38,59
241395,25,452,173,279
241395,31,7,1,6
241395,32,249,52,197
241395,39,51,20,31
241395,40,401,153,248
241395,41,181,54,127
241395,42,99,32,67
241395,43,45,17,28
241395,45,45,17,28
241395,51,54,15,39
241395,52,82,22,60
241395,59,2,0,2
241395,60,43,17,26
241410,1,8341,3290,5051
241410,2,6032,2492,3540
241410,3,5926,2461,3465
241410,4,1102,433,669
241410,5,4824,2028,2796
241410,11,106,31,75
241410,12,2309,798,1511
241410,19,223,122,101
241410,20,4601,1906,2695
241410,21,7150,2882,4268
241410,22,5479,2260,3219
241410,23,5453,2255,3198
241410,24,1099,433,666
241410,25,4354,1822,2532
241410,31,26,5,21
241410,32,1671,622,1049
241410,39,219,118,101
241410,40,4135,1704,2431
241410,41,1191,408,783
241410,42,553,232,321
241410,43,473,206,267
241410,44,3,0,3
241410,45,470,206,264
241410,51,80,26,54
241410,52,638,176,462
241410,59,4,4,0
241410,60,466,202,264
241517,1,987,256,731
241517,2,987,256,731
241517,3,987,256,731
241517,4,328,92,236
241517,5,659,164,495
241517,19,160,38,122
241517,20,499,126,373
241517,21,959,251,708
241517,22,959,251,708
241517,23,959,251,708
241517,24,328,92,236
241517,25,631,159,472
241517,39,150,36,114
241517,40,481,123,358
241517,41,28,5,23
241517,42,28,5,23
241517,43,28,5,23
241517,45,28,5,23
241517,59,10,2,8
241517,60,18,3,15
241614,1,202,122,80
241614,2,202,122,80
241614,3,199,120,79
241614,4,21,12,9
241614,5,178,108,70
241614,11,3,2,1
241614,19,37,22,15
241614,20,141,86,55
241614,21,110,65,45
241614,22,110,65,45
241614,23,110,65,45
241614,24,13,7,6
241614,25,97,58,39
241614,39,19,14,5
241614,40,78,44,34
241614,41,92,57,35
241614,42,92,57,35
241614,43,89,55,34
241614,44,8,5,3
241614,45,81,50,31
241614,51,3,2,1
241614,59,18,8,10
241614,60,63,42,21
241720,1,1387,637,750
241720,2,1387,637,750
241720,3,1387,637,750
241720,4,176,92,84
241720,5,1211,545,666
241720,19,209,112,97
241720,20,1002,433,569
241720,21,1171,550,621
241720,22,1171,550,621
241720,23,1171,550,621
241720,24,167,86,81
241720,25,1004,464,540
241720,39,184,103,81
241720,40,820,361,459
241720,41,216,87,129
241720,42,216,87,129
241720,43,216,87,129
241720,44,9,6,3
241720,45,207,81,126
241720,59,25,9,16
241720,60,182,72,110
241739,1,13631,4833,8798
241739,2,11503,4160,7343
241739,3,11503,4160,7343
241739,4,2142,827,1315
241739,5,9361,3333,6028
241739,12,2128,673,1455
241739,19,1322,504,818
241739,20,8039,2829,5210
241739,21,10202,3666,6536
241739,22,9192,3339,5853
241739,23,9192,3339,5853
241739,24,1984,765,1219
241739,25,7208,2574,4634
241739,32,1010,327,683
241739,39,1021,400,621
241739,40,6187,2174,4013
241739,41,3429,1167,2262
241739,42,2311,821,1490
241739,43,2311,821,1490
241739,44,158,62,96
241739,45,2153,759,1394
241739,52,1118,346,772
241739,59,301,104,197
241739,60,1852,655,1197
241766,1,492,330,162
241766,2,441,303,138
241766,3,424,288,136
241766,4,78,52,26
241766,5,346,236,110
241766,11,17,15,2
241766,12,51,27,24
241766,19,55,41,14
241766,20,291,195,96
241766,21,324,212,112
241766,22,289,194,95
241766,23,285,190,95
241766,24,24,11,13
241766,25,261,179,82
241766,31,4,4,0
241766,32,35,18,17
241766,39,3,2,1
241766,40,258,177,81
241766,41,168,118,50
241766,42,152,109,43
241766,43,139,98,41
241766,44,54,41,13
241766,45,85,57,28
241766,51,13,11,2
241766,52,16,9,7
241766,59,52,39,13
241766,60,33,18,15
241793,1,503,200,303
241793,12,503,200,303
241793,21,299,122,177
241793,32,299,122,177
241793,41,204,78,126
241793,52,204,78,126
241836,1,1195,423,772
241836,2,1195,423,772
241836,3,1195,423,772
241836,4,186,82,104
241836,5,1009,341,668
241836,19,45,20,25
241836,20,964,321,643
241836,21,850,314,536
241836,22,850,314,536
241836,23,850,314,536
241836,24,183,80,103
241836,25,667,234,433
241836,39,41,19,22
241836,40,626,215,411
241836,41,345,109,236
241836,42,345,109,236
241836,43,345,109,236
241836,44,3,2,1
241836,45,342,107,235
241836,59,4,1,3
241836,60,338,106,232
241906,1,397,96,301
241906,2,397,96,301
241906,3,397,96,301
241906,4,109,25,84
241906,5,288,71,217
241906,20,288,71,217
241906,21,397,96,301
241906,22,397,96,301
241906,23,397,96,301
241906,24,109,25,84
241906,25,288,71,217
241906,40,288,71,217
241951,1,529,201,328
241951,2,529,201,328
241951,3,529,201,328
241951,4,87,24,63
241951,5,442,177,265
241951,19,37,12,25
241951,20,405,165,240
241951,21,370,130,240
241951,22,370,130,240
241951,23,370,130,240
241951,24,86,24,62
241951,25,284,106,178
241951,39,30,11,19
241951,40,254,95,159
241951,41,159,71,88
241951,42,159,71,88
241951,43,159,71,88
241951,44,1,0,1
241951,45,158,71,87
241951,59,7,1,6
241951,60,151,70,81
242042,1,755,445,310
242042,2,755,445,310
242042,3,755,445,310
242042,4,319,184,135
242042,5,436,261,175
242042,20,436,261,175
242042,21,636,361,275
242042,22,636,361,275
242042,23,636,361,275
242042,24,308,179,129
242042,25,328,182,146
242042,40,328,182,146
242042,41,119,84,35
242042,42,119,84,35
242042,43,119,84,35
242042,44,11,5,6
242042,45,108,79,29
242042,60,108,79,29
242112,1,1255,585,670
242112,2,1255,585,670
242112,3,1255,585,670
242112,4,248,139,109
242112,5,1007,446,561
242112,19,260,142,118
242112,20,747,304,443
242112,21,1062,500,562
242112,22,1062,500,562
242112,23,1062,500,562
242112,24,245,138,107
242112,25,817,362,455
242112,39,244,135,109
242112,40,573,227,346
242112,41,193,85,108
242112,42,193,85,108
242112,43,193,85,108
242112,44,3,1,2
242112,45,190,84,106
242112,59,16,7,9
242112,60,174,77,97
242121,1,705,264,441
242121,2,705,264,441
242121,3,705,264,441
242121,4,160,68,92
242121,5,545,196,349
242121,19,17,10,7
242121,20,528,186,342
242121,21,458,181,277
242121,22,458,181,277
242121,23,458,181,277
242121,24,136,56,80
242121,25,322,125,197
242121,39,12,6,6
242121,40,310,119,191
242121,41,247,83,164
242121,42,247,83,164
242121,43,247,83,164
242121,44,24,12,12
242121,45,223,71,152
242121,59,5,4,1
242121,60,218,67,151
242130,1,542,183,359
242130,2,542,183,359
242130,3,542,183,359
242130,4,156,54,102
242130,5,386,129,257
242130,19,21,7,14
242130,20,365,122,243
242130,21,499,171,328
242130,22,499,171,328
242130,23,499,171,328
242130,24,151,51,100
242130,25,348,120,228
242130,39,20,6,14
242130,40,328,114,214
242130,41,43,12,31
242130,42,43,12,31
242130,43,43,12,31
242130,44,5,3,2
242130,45,38,9,29
242130,59,1,1,0
242130,60,37,8,29
242149,1,596,211,385
242149,2,596,211,385
242149,3,596,211,385
242149,4,225,72,153
242149,5,371,139,232
242149,19,18,9,9
242149,20,353,130,223
242149,21,503,178,325
242149,22,503,178,325
242149,23,503,178,325
242149,24,219,70,149
242149,25,284,108,176
242149,39,13,6,7
242149,40,271,102,169
242149,41,93,33,60
242149,42,93,33,60
242149,43,93,33,60
242149,44,6,2,4
242149,45,87,31,56
242149,59,5,3,2
242149,60,82,28,54
242316,1,335,124,211
242316,2,335,124,211
242316,3,335,124,211
242316,4,298,112,186
242316,5,37,12,25
242316,20,37,12,25
242316,21,335,124,211
242316,22,335,124,211
242316,23,335,124,211
242316,24,298,112,186
242316,25,37,12,25
242316,40,37,12,25
242413,1,266,194,72
242413,2,266,194,72
242413,3,266,194,72
242413,4,118,87,31
242413,5,148,107,41
242413,20,148,107,41
242413,21,266,194,72
242413,22,266,194,72
242413,23,266,194,72
242413,24,118,87,31
242413,25,148,107,41
242413,40,148,107,41
242422,1,16339,7119,9220
242422,2,16339,7119,9220
242422,3,16339,7119,9220
242422,4,8287,3900,4387
242422,5,8052,3219,4833
242422,20,8052,3219,4833
242422,21,16339,7119,9220
242422,22,16339,7119,9220
242422,23,16339,7119,9220
242422,24,8287,3900,4387
242422,25,8052,3219,4833
242422,40,8052,3219,4833
242556,1,861,522,339
242556,2,861,522,339
242556,3,861,522,339
242556,4,436,288,148
242556,5,425,234,191
242556,19,3,1,2
242556,20,422,233,189
242556,21,773,467,306
242556,22,773,467,306
242556,23,773,467,306
242556,24,436,288,148
242556,25,337,179,158
242556,39,3,1,2
242556,40,334,178,156
242556,41,88,55,33
242556,42,88,55,33
242556,43,88,55,33
242556,45,88,55,33
242556,60,88,55,33
242565,1,644,439,205
242565,2,644,439,205
242565,3,644,439,205
242565,4,272,185,87
242565,5,372,254,118
242565,20,372,254,118
242565,21,593,406,187
242565,22,593,406,187
242565,23,593,406,187
242565,24,254,170,84
242565,25,339,236,103
242565,40,339,236,103
242565,41,51,33,18
242565,42,51,33,18
242565,43,51,33,18
242565,44,18,15,3
242565,45,33,18,15
242565,60,33,18,15
242583,1,650,417,233
242583,2,650,417,233
242583,3,650,417,233
242583,4,279,195,84
242583,5,371,222,149
242583,19,24,12,12
242583,20,347,210,137
242583,21,542,343,199
242583,22,542,343,199
242583,23,542,343,199
242583,24,259,182,77
242583,25,283,161,122
242583,39,19,9,10
242583,40,264,152,112
242583,41,108,74,34
242583,42,108,74,34
242583,43,108,74,34
242583,44,20,13,7
242583,45,88,61,27
242583,59,5,3,2
242583,60,83,58,25
242617,1,5177,2313,2864
242617,2,4395,2088,2307
242617,3,4308,2053,2255
242617,4,892,438,454
242617,5,3416,1615,1801
242617,11,87,35,52
242617,12,782,225,557
242617,19,93,52,41
242617,20,3323,1563,1760
242617,21,4443,2034,2409
242617,22,3940,1881,2059
242617,23,3928,1878,2050
242617,24,882,432,450
242617,25,3046,1446,1600
242617,31,12,3,9
242617,32,503,153,350
242617,39,82,47,35
242617,40,2964,1399,1565
242617,41,734,279,455
242617,42,455,207,248
242617,43,380,175,205
242617,44,10,6,4
242617,45,370,169,201
242617,51,75,32,43
242617,52,279,72,207
242617,59,11,5,6
242617,60,359,164,195
242626,1,4595,2038,2557
242626,2,4280,1942,2338
242626,3,4203,1909,2294
242626,4,870,392,478
242626,5,3333,1517,1816
242626,11,77,33,44
242626,12,315,96,219
242626,19,102,43,59
242626,20,3231,1474,1757
242626,21,3938,1752,2186
242626,22,3666,1667,1999
242626,23,3662,1664,1998
242626,24,860,388,472
242626,25,2802,1276,1526
242626,31,4,3,1
242626,32,272,85,187
242626,39,90,36,54
242626,40,2712,1240,1472
242626,41,657,286,371
242626,42,614,275,339
242626,43,541,245,296
242626,44,10,4,6
242626,45,531,241,290
242626,51,73,30,43
242626,52,43,11,32
242626,59,12,7,5
242626,60,519,234,285
242635,1,4799,1888,2911
242635,2,4308,1755,2553
242635,3,4275,1747,2528
242635,4,833,389,444
242635,5,3442,1358,2084
242635,11,33,8,25
242635,12,491,133,358
242635,19,151,62,89
242635,20,3291,1296,1995
242635,21,4022,1611,2411
242635,22,3637,1515,2122
242635,23,3633,1514,2119
242635,24,817,380,437
242635,25,2816,1134,1682
242635,31,4,1,3
242635,32,385,96,289
242635,39,138,56,82
242635,40,2678,1078,1600
242635,41,777,277,500
242635,42,671,240,431
242635,43,642,233,409
242635,44,16,9,7
242635,45,626,224,402
242635,51,29,7,22
242635,52,106,37,69
242635,59,13,6,7
242635,60,613,218,395
242644,1,2073,773,1300
242644,2,2016,753,1263
242644,3,2005,753,1252
242644,4,513,194,319
242644,5,1492,559,933
242644,11,11,0,11
242644,12,57,20,37
242644,19,48,23,25
242644,20,1444,536,908
242644,21,1854,705,1149
242644,22,1811,692,1119
242644,23,1810,692,1118
242644,24,507,193,314
242644,25,1303,499,804
242644,31,1,0,1
242644,32,43,13,30
242644,39,44,22,22
242644,40,1259,477,782
242644,41,219,68,151
242644,42,205,61,144
242644,43,195,61,134
242644,44,6,1,5
242644,45,189,60,129
242644,51,10,0,10
242644,52,14,7,7
242644,59,4,1,3
242644,60,185,59,126
242653,1,9853,4066,5787
242653,2,7140,3196,3944
242653,3,6844,3089,3755
242653,4,856,390,466
242653,5,5988,2699,3289
242653,11,296,107,189
242653,12,2713,870,1843
242653,19,480,213,267
242653,20,5508,2486,3022
242653,21,7725,3210,4515
242653,22,5739,2561,3178
242653,23,5704,2545,3159
242653,24,819,374,445
242653,25,4885,2171,2714
242653,31,35,16,19
242653,32,1986,649,1337
242653,39,412,181,231
242653,40,4473,1990,2483
242653,41,2128,856,1272
242653,42,1401,635,766
242653,43,1140,544,596
242653,44,37,16,21
242653,45,1103,528,575
242653,51,261,91,170
242653,52,727,221,506
242653,59,68,32,36
242653,60,1035,496,539
242662,1,5821,2311,3510
242662,2,5416,2187,3229
242662,3,5353,2170,3183
242662,4,1064,441,623
242662,5,4289,1729,2560
242662,11,63,17,46
242662,12,405,124,281
242662,19,139,66,73
242662,20,4150,1663,2487
242662,21,4974,2022,2952
242662,22,4618,1914,2704
242662,23,4617,1913,2704
242662,24,1058,438,620
242662,25,3559,1475,2084
242662,31,1,1,0
242662,32,356,108,248
242662,39,131,64,67
242662,40,3428,1411,2017
242662,41,847,289,558
242662,42,798,273,525
242662,43,736,257,479
242662,44,6,3,3
242662,45,730,254,476
242662,51,62,16,46
242662,52,49,16,33
242662,59,8,2,6
242662,60,722,252,470
242680,1,2259,903,1356
242680,2,2179,868,1311
242680,3,2159,867,1292
242680,4,431,165,266
242680,5,1728,702,1026
242680,11,20,1,19
242680,12,80,35,45
242680,19,45,21,24
242680,20,1683,681,1002
242680,21,1902,757,1145
242680,22,1828,725,1103
242680,23,1826,725,1101
242680,24,413,156,257
242680,25,1413,569,844
242680,31,2,0,2
242680,32,74,32,42
242680,39,40,17,23
242680,40,1373,552,821
242680,41,357,146,211
242680,42,351,143,208
242680,43,333,142,191
242680,44,18,9,9
242680,45,315,133,182
242680,51,18,1,17
242680,52,6,3,3
242680,59,5,4,1
242680,60,310,129,181
242699,1,2169,766,1403
242699,2,2093,718,1375
242699,3,2054,707,1347
242699,4,324,118,206
242699,5,1730,589,1141
242699,11,39,11,28
242699,12,76,48,28
242699,19,77,30,47
242699,20,1653,559,1094
242699,21,1844,643,1201
242699,22,1784,607,1177
242699,23,1774,605,1169
242699,24,317,114,203
242699,25,1457,491,966
242699,31,10,2,8
242699,32,60,36,24
242699,39,70,28,42
242699,40,1387,463,924
242699,41,325,123,202
242699,42,309,111,198
242699,43,280,102,178
242699,44,7,4,3
242699,45,273,98,175
242699,51,29,9,20
242699,52,16,12,4
242699,59,7,2,5
242699,60,266,96,170
242705,1,4857,2685,2172
242705,2,4712,2644,2068
242705,3,4681,2635,2046
242705,4,926,533,393
242705,5,3755,2102,1653
242705,11,31,9,22
242705,12,145,41,104
242705,19,155,80,75
242705,20,3600,2022,1578
242705,21,4169,2291,1878
242705,22,4057,2261,1796
242705,23,4057,2261,1796
242705,24,917,526,391
242705,25,3140,1735,1405
242705,32,112,30,82
242705,39,140,77,63
242705,40,3000,1658,1342
242705,41,688,394,294
242705,42,655,383,272
242705,43,624,374,250
242705,44,9,7,2
242705,45,615,367,248
242705,51,31,9,22
242705,52,33,11,22
242705,59,15,3,12
242705,60,600,364,236
242723,1,803,354,449
242723,12,803,354,449
242723,21,457,201,256
242723,32,457,201,256
242723,41,346,153,193
242723,52,346,153,193
242750,1,102,51,51
242750,2,102,51,51
242750,3,102,51,51
242750,4,57,25,32
242750,5,45,26,19
242750,20,45,26,19
242750,21,102,51,51
242750,22,102,51,51
242750,23,102,51,51
242750,24,57,25,32
242750,25,45,26,19
242750,40,45,26,19
242820,1,1316,1107,209
242820,2,1316,1107,209
242820,3,1316,1107,209
242820,4,369,317,52
242820,5,947,790,157
242820,20,947,790,157
242820,21,1316,1107,209
242820,22,1316,1107,209
242820,23,1316,1107,209
242820,24,369,317,52
242820,25,947,790,157
242820,40,947,790,157
242884,1,4431,1217,3214
242884,2,4431,1217,3214
242884,3,4431,1217,3214
242884,4,2157,602,1555
242884,5,2274,615,1659
242884,20,2274,615,1659
242884,21,4425,1215,3210
242884,22,4425,1215,3210
242884,23,4425,1215,3210
242884,24,2157,602,1555
242884,25,2268,613,1655
242884,40,2268,613,1655
242884,41,6,2,4
242884,42,6,2,4
242884,43,6,2,4
242884,45,6,2,4
242884,60,6,2,4
242945,1,253,82,171
242945,2,253,82,171
242945,3,253,82,171
242945,4,224,74,150
242945,5,29,8,21
242945,20,29,8,21
242945,21,199,67,132
242945,22,199,67,132
242945,23,199,67,132
242945,24,180,60,120
242945,25,19,7,12
242945,40,19,7,12
242945,41,54,15,39
242945,42,54,15,39
242945,43,54,15,39
242945,44,44,14,30
242945,45,10,1,9
242945,60,10,1,9
242954,1,76,12,64
242954,2,76,12,64
242954,3,76,12,64
242954,4,73,12,61
242954,5,3,0,3
242954,20,3,0,3
242954,21,65,12,53
242954,22,65,12,53
242954,23,65,12,53
242954,24,63,12,51
242954,25,2,0,2
242954,40,2,0,2
242954,41,11,0,11
242954,42,11,0,11
242954,43,11,0,11
242954,44,10,0,10
242954,45,1,0,1
242954,60,1,0,1
242972,1,5213,1641,3572
242972,2,4998,1591,3407
242972,3,4993,1589,3404
242972,4,1291,462,829
242972,5,3702,1127,2575
242972,11,5,2,3
242972,12,215,50,165
242972,19,704,231,473
242972,20,2998,896,2102
242972,21,3525,1133,2392
242972,22,3354,1091,2263
242972,23,3354,1091,2263
242972,24,1029,379,650
242972,25,2325,712,1613
242972,32,171,42,129
242972,39,509,164,345
242972,40,1816,548,1268
242972,41,1688,508,1180
242972,42,1644,500,1144
242972,43,1639,498,1141
242972,44,262,83,179
242972,45,1377,415,962
242972,51,5,2,3
242972,52,44,8,36
242972,59,195,67,128
242972,60,1182,348,834
242981,1,1650,619,1031
242981,2,1650,619,1031
242981,3,1646,618,1028
242981,4,283,111,172
242981,5,1363,507,856
242981,11,4,1,3
242981,19,162,60,102
242981,20,1201,447,754
242981,21,1124,436,688
242981,22,1124,436,688
242981,23,1124,436,688
242981,24,274,110,164
242981,25,850,326,524
242981,39,129,48,81
242981,40,721,278,443
242981,41,526,183,343
242981,42,526,183,343
242981,43,522,182,340
242981,44,9,1,8
242981,45,513,181,332
242981,51,4,1,3
242981,59,33,12,21
242981,60,480,169,311
243072,1,2882,1104,1778
243072,2,2882,1104,1778
243072,3,2882,1104,1778
243072,4,546,230,316
243072,5,2336,874,1462
243072,19,506,199,307
243072,20,1830,675,1155
243072,21,2714,1024,1690
243072,22,2714,1024,1690
243072,23,2714,1024,1690
243072,24,525,222,303
243072,25,2189,802,1387
243072,39,472,183,289
243072,40,1717,619,1098
243072,41,168,80,88
243072,42,168,80,88
243072,43,168,80,88
243072,44,21,8,13
243072,45,147,72,75
243072,59,34,16,18
243072,60,113,56,57
243081,1,669,206,463
243081,12,669,206,463
243081,21,669,206,463
243081,32,669,206,463
243106,1,2973,1204,1769
243106,2,2973,1204,1769
243106,3,2886,1165,1721
243106,4,718,300,418
243106,5,2168,865,1303
243106,11,87,39,48
243106,19,72,32,40
243106,20,2096,833,1263
243106,21,2708,1089,1619
243106,22,2708,1089,1619
243106,23,2697,1085,1612
243106,24,718,300,418
243106,25,1979,785,1194
243106,31,11,4,7
243106,39,69,29,40
243106,40,1910,756,1154
243106,41,265,115,150
243106,42,265,115,150
243106,43,189,80,109
243106,45,189,80,109
243106,51,76,35,41
243106,59,3,3,0
243106,60,186,77,109
243115,1,3759,1518,2241
243115,2,3759,1518,2241
243115,3,3654,1487,2167
243115,4,863,377,486
243115,5,2791,1110,1681
243115,11,105,31,74
243115,19,21,12,9
243115,20,2770,1098,1672
243115,21,3456,1400,2056
243115,22,3456,1400,2056
243115,23,3430,1392,2038
243115,24,863,377,486
243115,25,2567,1015,1552
243115,31,26,8,18
243115,39,21,12,9
243115,40,2546,1003,1543
243115,41,303,118,185
243115,42,303,118,185
243115,43,224,95,129
243115,45,224,95,129
243115,51,79,23,56
243115,60,224,95,129
243133,1,5075,2422,2653
243133,2,5075,2422,2653
243133,3,4847,2350,2497
243133,4,1134,556,578
243133,5,3713,1794,1919
243133,11,228,72,156
243133,19,124,57,67
243133,20,3589,1737,1852
243133,21,4305,2073,2232
243133,22,4305,2073,2232
243133,23,4269,2059,2210
243133,24,1131,555,576
243133,25,3138,1504,1634
243133,31,36,14,22
243133,39,92,41,51
243133,40,3046,1463,1583
243133,41,770,349,421
243133,42,770,349,421
243133,43,578,291,287
243133,44,3,1,2
243133,45,575,290,285
243133,51,192,58,134
243133,59,32,16,16
243133,60,543,274,269
243142,1,3994,1526,2468
243142,2,3994,1526,2468
243142,3,3880,1469,2411
243142,4,973,362,611
243142,5,2907,1107,1800
243142,11,114,57,57
243142,19,55,22,33
243142,20,2852,1085,1767
243142,21,3155,1196,1959
243142,22,3155,1196,1959
243142,23,3123,1187,1936
243142,24,971,360,611
243142,25,2152,827,1325
243142,31,32,9,23
243142,39,55,22,33
243142,40,2097,805,1292
243142,41,839,330,509
243142,42,839,330,509
243142,43,757,282,475
243142,44,2,2,0
243142,45,755,280,475
243142,51,82,48,34
243142,60,755,280,475
243151,1,3816,1270,2546
243151,2,3816,1270,2546
243151,3,3779,1259,2520
243151,4,872,334,538
243151,5,2907,925,1982
243151,11,37,11,26
243151,19,148,51,97
243151,20,2759,874,1885
243151,21,3530,1186,2344
243151,22,3530,1186,2344
243151,23,3507,1178,2329
243151,24,871,334,537
243151,25,2636,844,1792
243151,31,23,8,15
243151,39,110,45,65
243151,40,2526,799,1727
243151,41,286,84,202
243151,42,286,84,202
243151,43,272,81,191
243151,44,1,0,1
243151,45,271,81,190
243151,51,14,3,11
243151,59,38,6,32
243151,60,233,75,158
243179,1,3495,1233,2262
243179,2,3495,1233,2262
243179,3,3383,1194,2189
243179,4,780,272,508
243179,5,2603,922,1681
243179,11,112,39,73
243179,19,59,23,36
243179,20,2544,899,1645
243179,21,3099,1097,2002
243179,22,3099,1097,2002
243179,23,3074,1087,1987
243179,24,777,271,506
243179,25,2297,816,1481
243179,31,25,10,15
243179,39,58,23,35
243179,40,2239,793,1446
243179,41,396,136,260
243179,42,396,136,260
243179,43,309,107,202
243179,44,3,1,2
243179,45,306,106,200
243179,51,87,29,58
243179,59,1,0,1
243179,60,305,106,199
243188,1,1559,762,797
243188,2,1559,762,797
243188,3,1504,738,766
243188,4,645,336,309
243188,5,859,402,457
243188,11,55,24,31
243188,19,24,16,8
243188,20,835,386,449
243188,21,1460,714,746
243188,22,1460,714,746
243188,23,1449,711,738
243188,24,645,336,309
243188,25,804,375,429
243188,31,11,3,8
243188,39,24,16,8
243188,40,780,359,421
243188,41,99,48,51
243188,42,99,48,51
243188,43,55,27,28
243188,45,55,27,28
243188,51,44,21,23
243188,60,55,27,28
243197,1,11838,6343,5495
243197,2,10944,5859,5085
243197,3,10697,5752,4945
243197,4,1851,991,860
243197,5,8846,4761,4085
243197,11,247,107,140
243197,12,894,484,410
243197,19,224,146,78
243197,20,8622,4615,4007
243197,21,11057,5924,5133
243197,22,10219,5468,4751
243197,23,10134,5433,4701
243197,24,1850,990,860
243197,25,8284,4443,3841
243197,31,85,35,50
243197,32,838,456,382
243197,39,221,143,78
243197,40,8063,4300,3763
243197,41,781,419,362
243197,42,725,391,334
243197,43,563,319,244
243197,44,1,1,0
243197,45,562,318,244
243197,51,162,72,90
243197,52,56,28,28
243197,59,3,3,0
243197,60,559,315,244
243203,1,2253,644,1609
243203,2,489,102,387
243203,3,489,102,387
243203,5,489,102,387
243203,12,1764,542,1222
243203,19,192,38,154
243203,20,297,64,233
243203,21,2123,601,1522
243203,22,453,91,362
243203,23,453,91,362
243203,25,453,91,362
243203,32,1670,510,1160
243203,39,185,36,149
243203,40,268,55,213
243203,41,130,43,87
243203,42,36,11,25
243203,43,36,11,25
243203,45,36,11,25
243203,52,94,32,62
243203,59,7,2,5
243203,60,29,9,20
243212,1,3120,1305,1815
243212,2,3120,1305,1815
243212,3,3120,1305,1815
243212,4,768,352,416
243212,5,2352,953,1399
243212,19,99,47,52
243212,20,2253,906,1347
243212,21,2881,1226,1655
243212,22,2881,1226,1655
243212,23,2881,1226,1655
243212,24,766,352,414
243212,25,2115,874,1241
243212,39,94,45,49
243212,40,2021,829,1192
243212,41,239,79,160
243212,42,239,79,160
243212,43,239,79,160
243212,44,2,0,2
243212,45,237,79,158
243212,59,5,2,3
243212,60,232,77,155
243221,1,15487,5911,9576
243221,2,12126,4627,7499
243221,3,11834,4479,7355
243221,4,2211,836,1375
243221,5,9623,3643,5980
243221,11,292,148,144
243221,12,3361,1284,2077
243221,19,359,128,231
243221,20,9264,3515,5749
243221,21,13538,5160,8378
243221,22,10780,4083,6697
243221,23,10613,3993,6620
243221,24,2180,821,1359
243221,25,8433,3172,5261
243221,31,167,90,77
243221,32,2758,1077,1681
243221,39,336,118,218
243221,40,8097,3054,5043
243221,41,1949,751,1198
243221,42,1346,544,802
243221,43,1221,486,735
243221,44,31,15,16
243221,45,1190,471,719
243221,51,125,58,67
243221,52,603,207,396
243221,59,23,10,13
243221,60,1167,461,706
243346,1,13420,5075,8345
243346,2,12287,4763,7524
243346,3,12287,4763,7524
243346,4,2340,1026,1314
243346,5,9947,3737,6210
243346,12,1133,312,821
243346,19,451,167,284
243346,20,9496,3570,5926
243346,21,9681,3800,5881
243346,22,9217,3658,5559
243346,23,9217,3658,5559
243346,24,2050,871,1179
243346,25,7167,2787,4380
243346,32,464,142,322
243346,39,295,108,187
243346,40,6872,2679,4193
243346,41,3739,1275,2464
243346,42,3070,1105,1965
243346,43,3070,1105,1965
243346,44,290,155,135
243346,45,2780,950,1830
243346,52,669,170,499
243346,59,156,59,97
243346,60,2624,891,1733
243407,1,14,6,8
243407,2,14,6,8
243407,3,14,6,8
243407,4,7,5,2
243407,5,7,1,6
243407,20,7,1,6
243407,21,14,6,8
243407,22,14,6,8
243407,23,14,6,8
243407,24,7,5,2
243407,25,7,1,6
243407,40,7,1,6
243416,1,33,6,27
243416,2,33,6,27
243416,3,33,6,27
243416,4,25,5,20
243416,5,8,1,7
243416,20,8,1,7
243416,21,33,6,27
243416,22,33,6,27
243416,23,33,6,27
243416,24,25,5,20
243416,25,8,1,7
243416,40,8,1,7
243443,1,5892,2242,3650
243443,2,5159,2030,3129
243443,3,5097,2003,3094
243443,4,728,278,450
243443,5,4369,1725,2644
243443,11,62,27,35
243443,12,733,212,521
243443,19,393,181,212
243443,20,3976,1544,2432
243443,21,4435,1754,2681
243443,22,4424,1752,2672
243443,23,4394,1739,2655
243443,24,669,262,407
243443,25,3725,1477,2248
243443,31,30,13,17
243443,32,11,2,9
243443,39,367,167,200
243443,40,3358,1310,2048
243443,41,1457,488,969
243443,42,735,278,457
243443,43,703,264,439
243443,44,59,16,43
243443,45,644,248,396
243443,51,32,14,18
243443,52,722,210,512
243443,59,26,14,12
243443,60,618,234,384
243498,1,224,134,90
243498,12,224,134,90
243498,21,49,33,16
243498,32,49,33,16
243498,41,175,101,74
243498,52,175,101,74
243568,1,467,184,283
243568,2,144,27,117
243568,3,144,27,117
243568,4,12,1,11
243568,5,132,26,106
243568,12,323,157,166
243568,20,132,26,106
243568,21,422,172,250
243568,22,101,16,85
243568,23,101,16,85
243568,24,12,1,11
243568,25,89,15,74
243568,32,321,156,165
243568,40,89,15,74
243568,41,45,12,33
243568,42,43,11,32
243568,43,43,11,32
243568,45,43,11,32
243568,52,2,1,1
243568,60,43,11,32
243577,1,4646,3633,1013
243577,2,3861,3077,784
243577,3,3840,3065,775
243577,4,364,302,62
243577,5,3476,2763,713
243577,11,21,12,9
243577,12,785,556,229
243577,19,247,204,43
243577,20,3229,2559,670
243577,21,2394,1849,545
243577,22,1873,1492,381
243577,23,1873,1492,381
243577,24,348,289,59
243577,25,1525,1203,322
243577,32,521,357,164
243577,39,141,113,28
243577,40,1384,1090,294
243577,41,2252,1784,468
243577,42,1988,1585,403
243577,43,1967,1573,394
243577,44,16,13,3
243577,45,1951,1560,391
243577,51,21,12,9
243577,52,264,199,65
243577,59,106,91,15
243577,60,1845,1469,376
243586,1,1501,595,906
243586,2,1386,547,839
243586,3,1369,539,830
243586,4,184,76,108
243586,5,1185,463,722
243586,11,17,8,9
243586,12,115,48,67
243586,19,108,51,57
243586,20,1077,412,665
243586,21,1263,501,762
243586,22,1205,479,726
243586,23,1201,478,723
243586,24,184,76,108
243586,25,1017,402,615
243586,31,4,1,3
243586,32,58,22,36
243586,39,105,51,54
243586,40,912,351,561
243586,41,238,94,144
243586,42,181,68,113
243586,43,168,61,107
243586,45,168,61,107
243586,51,13,7,6
243586,52,57,26,31
243586,59,3,0,3
243586,60,165,61,104
243601,1,17287,6958,10329
243601,2,14556,6051,8505
243601,3,14556,6051,8505
243601,4,2542,1162,1380
243601,5,12014,4889,7125
243601,12,2731,907,1824
243601,19,538,221,317
243601,20,11476,4668,6808
243601,21,12133,5077,7056
243601,22,10832,4618,6214
243601,23,10832,4618,6214
243601,24,2365,1087,1278
243601,25,8467,3531,4936
243601,32,1301,459,842
243601,39,367,150,217
243601,40,8100,3381,4719
243601,41,5154,1881,3273
243601,42,3724,1433,2291
243601,43,3724,1433,2291
243601,44,177,75,102
243601,45,3547,1358,2189
243601,52,1430,448,982
243601,59,171,71,100
243601,60,3376,1287,2089
243638,1,2446,1183,1263
243638,2,2446,1183,1263
243638,3,2446,1183,1263
243638,4,481,249,232
243638,5,1965,934,1031
243638,20,1965,934,1031
243638,21,1630,778,852
243638,22,1630,778,852
243638,23,1630,778,852
243638,24,338,172,166
243638,25,1292,606,686
243638,40,1292,606,686
243638,41,816,405,411
243638,42,816,405,411
243638,43,816,405,411
243638,44,143,77,66
243638,45,673,328,345
243638,60,673,328,345
243647,1,646,302,344
243647,2,646,302,344
243647,3,637,295,342
243647,4,216,115,101
243647,5,421,180,241
243647,11,9,7,2
243647,19,5,4,1
243647,20,416,176,240
243647,21,417,200,217
243647,22,417,200,217
243647,23,415,198,217
243647,24,182,93,89
243647,25,233,105,128
243647,31,2,2,0
243647,39,2,1,1
243647,40,231,104,127
243647,41,229,102,127
243647,42,229,102,127
243647,43,222,97,125
243647,44,34,22,12
243647,45,188,75,113
243647,51,7,5,2
243647,59,3,3,0
243647,60,185,72,113
243665,1,2321,703,1618
243665,2,2143,669,1474
243665,3,2023,626,1397
243665,4,345,123,222
243665,5,1678,503,1175
243665,11,120,43,77
243665,12,178,34,144
243665,19,123,42,81
243665,20,1555,461,1094
243665,21,1396,449,947
243665,22,1334,440,894
243665,23,1330,439,891
243665,24,301,104,197
243665,25,1029,335,694
243665,31,4,1,3
243665,32,62,9,53
243665,39,88,29,59
243665,40,941,306,635
243665,41,925,254,671
243665,42,809,229,580
243665,43,693,187,506
243665,44,44,19,25
243665,45,649,168,481
243665,51,116,42,74
243665,52,116,25,91
243665,59,35,13,22
243665,60,614,155,459
243744,1,18346,10382,7964
243744,2,7274,3743,3531
243744,3,6980,3706,3274
243744,4,1674,902,772
243744,5,5306,2804,2502
243744,11,294,37,257
243744,12,11072,6639,4433
243744,19,28,17,11
243744,20,5278,2787,2491
243744,21,15585,9045,6540
243744,22,6981,3706,3275
243744,23,6980,3706,3274
243744,24,1674,902,772
243744,25,5306,2804,2502
243744,31,1,0,1
243744,32,8604,5339,3265
243744,39,28,17,11
243744,40,5278,2787,2491
243744,41,2761,1337,1424
243744,42,293,37,256
243744,51,293,37,256
243744,52,2468,1300,1168
243780,1,39794,23234,16560
243780,2,30446,17672,12774
243780,3,30167,17517,12650
243780,4,6422,3659,2763
243780,5,23745,13858,9887
243780,11,279,155,124
243780,12,9348,5562,3786
243780,19,971,510,461
243780,20,22774,13348,9426
243780,21,34871,20132,14739
243780,22,28659,16593,12066
243780,23,28615,16562,12053
243780,24,6388,3639,2749
243780,25,22227,12923,9304
243780,31,44,31,13
243780,32,6212,3539,2673
243780,39,873,473,400
243780,40,21354,12450,8904
243780,41,4923,3102,1821
243780,42,1787,1079,708
243780,43,1552,955,597
243780,44,34,20,14
243780,45,1518,935,583
243780,51,235,124,111
243780,52,3136,2023,1113
243780,59,98,37,61
243780,60,1420,898,522
243799,1,56,9,47
243799,2,56,9,47
243799,3,56,9,47
243799,4,5,0,5
243799,5,51,9,42
243799,20,51,9,42
243799,21,56,9,47
243799,22,56,9,47
243799,23,56,9,47
243799,24,5,0,5
243799,25,51,9,42
243799,40,51,9,42
243823,1,922,492,430
243823,2,157,63,94
243823,3,157,63,94
243823,4,26,9,17
243823,5,131,54,77
243823,12,765,429,336
243823,19,107,40,67
243823,20,24,14,10
243823,21,819,451,368
243823,22,76,36,40
243823,23,76,36,40
243823,24,8,3,5
243823,25,68,33,35
243823,32,743,415,328
243823,39,52,25,27
243823,40,16,8,8
243823,41,103,41,62
243823,42,81,27,54
243823,43,81,27,54
243823,44,18,6,12
243823,45,63,21,42
243823,52,22,14,8
243823,59,55,15,40
243823,60,8,6,2
243832,1,1348,483,865
243832,2,1275,440,835
243832,3,1272,439,833
243832,4,112,32,80
243832,5,1160,407,753
243832,11,3,1,2
243832,12,73,43,30
243832,19,346,114,232
243832,20,814,293,521
243832,21,843,295,548
243832,22,778,256,522
243832,23,778,256,522
243832,24,94,26,68
243832,25,684,230,454
243832,32,65,39,26
243832,39,222,66,156
243832,40,462,164,298
243832,41,505,188,317
243832,42,497,184,313
243832,43,494,183,311
243832,44,18,6,12
243832,45,476,177,299
243832,51,3,1,2
243832,52,8,4,4
243832,59,124,48,76
243832,60,352,129,223
243841,1,789,234,555
243841,2,789,234,555
243841,3,789,234,555
243841,4,376,108,268
243841,5,413,126,287
243841,19,14,3,11
243841,20,399,123,276
243841,21,678,211,467
243841,22,678,211,467
243841,23,678,211,467
243841,24,361,106,255
243841,25,317,105,212
243841,39,13,2,11
243841,40,304,103,201
243841,41,111,23,88
243841,42,111,23,88
243841,43,111,23,88
243841,44,15,2,13
243841,45,96,21,75
243841,59,1,1,0
243841,60,95,20,75
244011,1,557,449,108
244011,2,557,449,108
244011,3,557,449,108
244011,4,91,75,16
244011,5,466,374,92
244011,19,4,4,0
244011,20,462,370,92
244011,21,435,360,75
244011,22,435,360,75
244011,23,435,360,75
244011,24,81,68,13
244011,25,354,292,62
244011,39,3,3,0
244011,40,351,289,62
244011,41,122,89,33
244011,42,122,89,33
244011,43,122,89,33
244011,44,10,7,3
244011,45,112,82,30
244011,59,1,1,0
244011,60,111,81,30
244154,1,218,194,24
244154,2,218,194,24
244154,3,218,194,24
244154,4,37,33,4
244154,5,181,161,20
244154,19,3,1,2
244154,20,178,160,18
244154,21,170,151,19
244154,22,170,151,19
244154,23,170,151,19
244154,24,34,31,3
244154,25,136,120,16
244154,39,3,1,2
244154,40,133,119,14
244154,41,48,43,5
244154,42,48,43,5
244154,43,48,43,5
244154,44,3,2,1
244154,45,45,41,4
244154,60,45,41,4
244190,1,905,424,481
244190,2,110,14,96
244190,3,105,13,92
244190,4,28,4,24
244190,5,77,9,68
244190,11,5,1,4
244190,12,795,410,385
244190,19,5,0,5
244190,20,72,9,63
244190,21,720,383,337
244190,22,28,4,24
244190,23,28,4,24
244190,24,6,2,4
244190,25,22,2,20
244190,32,692,379,313
244190,39,3,0,3
244190,40,19,2,17
244190,41,185,41,144
244190,42,82,10,72
244190,43,77,9,68
244190,44,22,2,20
244190,45,55,7,48
244190,51,5,1,4
244190,52,103,31,72
244190,59,2,0,2
244190,60,53,7,46
244233,1,633,177,456
244233,2,633,177,456
244233,3,633,177,456
244233,4,47,15,32
244233,5,586,162,424
244233,19,61,14,47
244233,20,525,148,377
244233,21,386,118,268
244233,22,386,118,268
244233,23,386,118,268
244233,24,33,9,24
244233,25,353,109,244
244233,39,33,8,25
244233,40,320,101,219
244233,41,247,59,188
244233,42,247,59,188
244233,43,247,59,188
244233,44,14,6,8
244233,45,233,53,180
244233,59,28,6,22
244233,60,205,47,158
244279,1,163,10,153
244279,2,163,10,153
244279,3,163,10,153
244279,4,40,5,35
244279,5,123,5,118
244279,20,123,5,118
244279,21,163,10,153
244279,22,163,10,153
244279,23,163,10,153
244279,24,40,5,35
244279,25,123,5,118
244279,40,123,5,118
244437,1,21123,8647,12476
244437,2,21123,8647,12476
244437,3,18982,7843,11139
244437,4,3410,1651,1759
244437,5,15572,6192,9380
244437,11,2141,804,1337
244437,19,2121,850,1271
244437,20,13451,5342,8109
244437,21,8140,3801,4339
244437,22,8140,3801,4339
244437,23,7836,3700,4136
244437,24,2133,1060,1073
244437,25,5703,2640,3063
244437,31,304,101,203
244437,39,974,450,524
244437,40,4729,2190,2539
244437,41,12983,4846,8137
244437,42,12983,4846,8137
244437,43,11146,4143,7003
244437,44,1277,591,686
244437,45,9869,3552,6317
244437,51,1837,703,1134
244437,59,1147,400,747
244437,60,8722,3152,5570
244446,1,4431,1814,2617
244446,2,4431,1814,2617
244446,3,4047,1685,2362
244446,4,696,365,331
244446,5,3351,1320,2031
244446,11,384,129,255
244446,19,1848,689,1159
244446,20,1503,631,872
244446,21,1470,704,766
244446,22,1470,704,766
244446,23,1403,692,711
244446,24,281,179,102
244446,25,1122,513,609
244446,31,67,12,55
244446,39,654,291,363
244446,40,468,222,246
244446,41,2961,1110,1851
244446,42,2961,1110,1851
244446,43,2644,993,1651
244446,44,415,186,229
244446,45,2229,807,1422
244446,51,317,117,200
244446,59,1194,398,796
244446,60,1035,409,626
244491,1,112,5,107
244491,2,112,5,107
244491,3,112,5,107
244491,4,24,1,23
244491,5,88,4,84
244491,20,88,4,84
244491,21,112,5,107
244491,22,112,5,107
244491,23,112,5,107
244491,24,24,1,23
244491,25,88,4,84
244491,40,88,4,84
244561,1,472,116,356
244561,2,472,116,356
244561,3,472,116,356
244561,4,243,57,186
244561,5,229,59,170
244561,20,229,59,170
244561,21,89,24,65
244561,22,89,24,65
244561,23,89,24,65
244561,24,30,8,22
244561,25,59,16,43
244561,40,59,16,43
244561,41,383,92,291
244561,42,383,92,291
244561,43,383,92,291
244561,44,213,49,164
244561,45,170,43,127
244561,60,170,43,127
244613,1,309,304,5
244613,2,309,304,5
244613,3,309,304,5
244613,4,181,177,4
244613,5,128,127,1
244613,20,128,127,1
244613,21,155,151,4
244613,22,155,151,4
244613,23,155,151,4
244613,24,91,87,4
244613,25,64,64,0
244613,40,64,64,0
244613,41,154,153,1
244613,42,154,153,1
244613,43,154,153,1
244613,44,90,90,0
244613,45,64,63,1
244613,60,64,63,1
245032,1,97,14,83
245032,2,97,14,83
245032,3,97,14,83
245032,5,97,14,83
245032,19,1,0,1
245032,20,96,14,82
245032,21,97,14,83
245032,22,97,14,83
245032,23,97,14,83
245032,25,97,14,83
245032,39,1,0,1
245032,40,96,14,82
245069,1,48,4,44
245069,2,48,4,44
245069,3,48,4,44
245069,4,26,3,23
245069,5,22,1,21
245069,20,22,1,21
245069,21,34,3,31
245069,22,34,3,31
245069,23,34,3,31
245069,24,17,2,15
245069,25,17,1,16
245069,40,17,1,16
245069,41,14,1,13
245069,42,14,1,13
245069,43,14,1,13
245069,44,9,1,8
245069,45,5,0,5
245069,60,5,0,5
245281,1,31,22,9
245281,2,31,22,9
245281,3,31,22,9
245281,4,6,3,3
245281,5,25,19,6
245281,20,25,19,6
245281,21,31,22,9
245281,22,31,22,9
245281,23,31,22,9
245281,24,6,3,3
245281,25,25,19,6
245281,40,25,19,6
245290,1,112,52,60
245290,2,112,52,60
245290,3,112,52,60
245290,4,46,24,22
245290,5,66,28,38
245290,20,66,28,38
245290,21,75,36,39
245290,22,75,36,39
245290,23,75,36,39
245290,24,31,16,15
245290,25,44,20,24
245290,40,44,20,24
245290,41,37,16,21
245290,42,37,16,21
245290,43,37,16,21
245290,44,15,8,7
245290,45,22,8,14
245290,60,22,8,14
245342,1,1344,664,680
245342,2,1344,664,680
245342,3,1344,664,680
245342,4,157,88,69
245342,5,1187,576,611
245342,19,150,50,100
245342,20,1037,526,511
245342,21,1344,664,680
245342,22,1344,664,680
245342,23,1344,664,680
245342,24,157,88,69
245342,25,1187,576,611
245342,39,150,50,100
245342,40,1037,526,511
245421,1,71,11,60
245421,2,71,11,60
245421,3,71,11,60
245421,4,15,5,10
245421,5,56,6,50
245421,19,49,5,44
245421,20,7,1,6
245421,21,65,11,54
245421,22,65,11,54
245421,23,65,11,54
245421,24,15,5,10
245421,25,50,6,44
245421,39,44,5,39
245421,40,6,1,5
245421,41,6,0,6
245421,42,6,0,6
245421,43,6,0,6
245421,45,6,0,6
245421,59,5,0,5
245421,60,1,0,1
245430,1,142,21,121
245430,2,142,21,121
245430,3,142,21,121
245430,4,14,2,12
245430,5,128,19,109
245430,19,41,6,35
245430,20,87,13,74
245430,21,113,18,95
245430,22,113,18,95
245430,23,113,18,95
245430,24,14,2,12
245430,25,99,16,83
245430,39,35,5,30
245430,40,64,11,53
245430,41,29,3,26
245430,42,29,3,26
245430,43,29,3,26
245430,45,29,3,26
245430,59,6,1,5
245430,60,23,2,21
245625,1,2358,941,1417
245625,2,2358,941,1417
245625,3,1444,555,889
245625,4,576,198,378
245625,5,868,357,511
245625,11,914,386,528
245625,19,152,54,98
245625,20,716,303,413
245625,21,922,408,514
245625,22,922,408,514
245625,23,743,335,408
245625,24,328,143,185
245625,25,415,192,223
245625,31,179,73,106
245625,39,55,24,31
245625,40,360,168,192
245625,41,1436,533,903
245625,42,1436,533,903
245625,43,701,220,481
245625,44,248,55,193
245625,45,453,165,288
245625,51,735,313,422
245625,59,97,30,67
245625,60,356,135,221
245652,1,419,230,189
245652,2,339,184,155
245652,3,339,184,155
245652,4,83,38,45
245652,5,256,146,110
245652,12,80,46,34
245652,20,256,146,110
245652,21,404,226,178
245652,22,336,183,153
245652,23,336,183,153
245652,24,83,38,45
245652,25,253,145,108
245652,32,68,43,25
245652,40,253,145,108
245652,41,15,4,11
245652,42,3,1,2
245652,43,3,1,2
245652,45,3,1,2
245652,52,12,3,9
245652,60,3,1,2
245731,1,46,46,0
245731,2,25,25,0
245731,3,25,25,0
245731,5,25,25,0
245731,12,21,21,0
245731,19,10,10,0
245731,20,15,15,0
245731,21,46,46,0
245731,22,25,25,0
245731,23,25,25,0
245731,25,25,25,0
245731,32,21,21,0
245731,39,10,10,0
245731,40,15,15,0
245777,1,54,54,0
245777,2,27,27,0
245777,3,27,27,0
245777,5,27,27,0
245777,12,27,27,0
245777,19,22,22,0
245777,20,5,5,0
245777,21,54,54,0
245777,22,27,27,0
245777,23,27,27,0
245777,25,27,27,0
245777,32,27,27,0
245777,39,22,22,0
245777,40,5,5,0
245838,1,986,270,716
245838,2,319,94,225
245838,3,137,31,106
245838,5,137,31,106
245838,11,182,63,119
245838,12,667,176,491
245838,19,34,6,28
245838,20,103,25,78
245838,21,666,172,494
245838,22,67,15,52
245838,23,67,15,52
245838,25,67,15,52
245838,32,599,157,442
245838,39,21,4,17
245838,40,46,11,35
245838,41,320,98,222
245838,42,252,79,173
245838,43,70,16,54
245838,45,70,16,54
245838,51,182,63,119
245838,52,68,19,49
245838,59,13,2,11
245838,60,57,14,43
245847,1,375,105,270
245847,2,168,62,106
245847,3,144,51,93
245847,5,144,51,93
245847,11,24,11,13
245847,12,207,43,164
245847,19,48,15,33
245847,20,96,36,60
245847,21,265,67,198
245847,22,85,30,55
245847,23,85,30,55
245847,25,85,30,55
245847,32,180,37,143
245847,39,36,11,25
245847,40,49,19,30
245847,41,110,38,72
245847,42,83,32,51
245847,43,59,21,38
245847,45,59,21,38
245847,51,24,11,13
245847,52,27,6,21
245847,59,12,4,8
245847,60,47,17,30
245865,1,725,157,568
245865,12,725,157,568
245865,21,587,126,461
245865,32,587,126,461
245865,41,138,31,107
245865,52,138,31,107
245883,1,884,179,705
245883,2,230,62,168
245883,3,230,62,168
245883,4,20,5,15
245883,5,210,57,153
245883,12,654,117,537
245883,19,47,18,29
245883,20,163,39,124
245883,21,495,101,394
245883,22,80,26,54
245883,23,80,26,54
245883,24,20,5,15
245883,25,60,21,39
245883,32,415,75,340
245883,39,22,11,11
245883,40,38,10,28
245883,41,389,78,311
245883,42,150,36,114
245883,43,150,36,114
245883,45,150,36,114
245883,52,239,42,197
245883,59,25,7,18
245883,60,125,29,96
245892,1,310,92,218
245892,2,116,34,82
245892,3,116,34,82
245892,5,116,34,82
245892,12,194,58,136
245892,19,42,12,30
245892,20,74,22,52
245892,21,131,42,89
245892,22,39,11,28
245892,23,39,11,28
245892,25,39,11,28
245892,32,92,31,61
245892,39,18,5,13
245892,40,21,6,15
245892,41,179,50,129
245892,42,77,23,54
245892,43,77,23,54
245892,45,77,23,54
245892,52,102,27,75
245892,59,24,7,17
245892,60,53,16,37
245953,1,2942,1086,1856
245953,2,2407,909,1498
245953,3,2347,887,1460
245953,4,302,110,192
245953,5,2045,777,1268
245953,11,60,22,38
245953,12,535,177,358
245953,19,478,173,305
245953,20,1567,604,963
245953,21,2235,838,1397
245953,22,1923,725,1198
245953,23,1918,724,1194
245953,24,286,104,182
245953,25,1632,620,1012
245953,31,5,1,4
245953,32,312,113,199
245953,39,465,169,296
245953,40,1167,451,716
245953,41,707,248,459
245953,42,484,184,300
245953,43,429,163,266
245953,44,16,6,10
245953,45,413,157,256
245953,51,55,21,34
245953,52,223,64,159
245953,59,13,4,9
245953,60,400,153,247
245962,1,360,87,273
245962,2,360,87,273
245962,3,360,87,273
245962,4,32,3,29
245962,5,328,84,244
245962,19,57,12,45
245962,20,271,72,199
245962,21,360,87,273
245962,22,360,87,273
245962,23,360,87,273
245962,24,32,3,29
245962,25,328,84,244
245962,39,57,12,45
245962,40,271,72,199
245980,1,31,2,29
245980,2,31,2,29
245980,3,31,2,29
245980,4,14,0,14
245980,5,17,2,15
245980,20,17,2,15
245980,21,31,2,29
245980,22,31,2,29
245980,23,31,2,29
245980,24,14,0,14
245980,25,17,2,15
245980,40,17,2,15
245999,1,2014,991,1023
245999,2,2014,991,1023
245999,3,921,459,462
245999,4,345,183,162
245999,5,576,276,300
245999,11,1093,532,561
245999,20,576,276,300
245999,21,573,281,292
245999,22,573,281,292
245999,23,573,281,292
245999,24,189,95,94
245999,25,384,186,198
245999,40,384,186,198
245999,41,1441,710,731
245999,42,1441,710,731
245999,43,348,178,170
245999,44,156,88,68
245999,45,192,90,102
245999,51,1093,532,561
245999,60,192,90,102
246008,1,236,50,186
246008,2,236,50,186
246008,3,236,50,186
246008,4,141,31,110
246008,5,95,19,76
246008,20,95,19,76
246008,21,236,50,186
246008,22,236,50,186
246008,23,236,50,186
246008,24,141,31,110
246008,25,95,19,76
246008,40,95,19,76
246017,1,279,140,139
246017,2,279,140,139
246017,3,279,140,139
246017,4,144,79,65
246017,5,135,61,74
246017,20,135,61,74
246017,21,186,94,92
246017,22,186,94,92
246017,23,186,94,92
246017,24,80,45,35
246017,25,106,49,57
246017,40,106,49,57
246017,41,93,46,47
246017,42,93,46,47
246017,43,93,46,47
246017,44,64,34,30
246017,45,29,12,17
246017,60,29,12,17
246035,1,242,34,208
246035,2,242,34,208
246035,3,242,34,208
246035,5,242,34,208
246035,20,242,34,208
246035,21,237,33,204
246035,22,237,33,204
246035,23,237,33,204
246035,25,237,33,204
246035,40,237,33,204
246035,41,5,1,4
246035,42,5,1,4
246035,43,5,1,4
246035,45,5,1,4
246035,60,5,1,4
246071,1,76,10,66
246071,2,76,10,66
246071,3,76,10,66
246071,4,12,1,11
246071,5,64,9,55
246071,20,64,9,55
246071,21,76,10,66
246071,22,76,10,66
246071,23,76,10,66
246071,24,12,1,11
246071,25,64,9,55
246071,40,64,9,55
246202,1,323,31,292
246202,2,323,31,292
246202,3,315,30,285
246202,4,40,4,36
246202,5,275,26,249
246202,11,8,1,7
246202,19,44,3,41
246202,20,231,23,208
246202,21,323,31,292
246202,22,323,31,292
246202,23,315,30,285
246202,24,40,4,36
246202,25,275,26,249
246202,31,8,1,7
246202,39,44,3,41
246202,40,231,23,208
246266,1,681,227,454
246266,2,681,227,454
246266,3,671,225,446
246266,4,169,61,108
246266,5,502,164,338
246266,11,10,2,8
246266,19,13,3,10
246266,20,489,161,328
246266,21,681,227,454
246266,22,681,227,454
246266,23,671,225,446
246266,24,169,61,108
246266,25,502,164,338
246266,31,10,2,8
246266,39,13,3,10
246266,40,489,161,328
246345,1,174,83,91
246345,12,174,83,91
246345,21,88,43,45
246345,32,88,43,45
246345,41,86,40,46
246345,52,86,40,46
246354,1,8427,3329,5098
246354,2,8427,3329,5098
246354,3,6637,2588,4049
246354,4,1350,546,804
246354,5,5287,2042,3245
246354,11,1790,741,1049
246354,19,444,189,255
246354,20,4843,1853,2990
246354,21,1399,538,861
246354,22,1399,538,861
246354,23,1368,521,847
246354,24,419,158,261
246354,25,949,363,586
246354,31,31,17,14
246354,39,68,32,36
246354,40,881,331,550
246354,41,7028,2791,4237
246354,42,7028,2791,4237
246354,43,5269,2067,3202
246354,44,931,388,543
246354,45,4338,1679,2659
246354,51,1759,724,1035
246354,59,376,157,219
246354,60,3962,1522,2440
246406,1,31,5,26
246406,2,31,5,26
246406,3,31,5,26
246406,4,9,0,9
246406,5,22,5,17
246406,20,22,5,17
246406,21,31,5,26
246406,22,31,5,26
246406,23,31,5,26
246406,24,9,0,9
246406,25,22,5,17
246406,40,22,5,17
246415,1,56,4,52
246415,2,56,4,52
246415,3,56,4,52
246415,5,56,4,52
246415,20,56,4,52
246415,21,13,1,12
246415,22,13,1,12
246415,23,13,1,12
246415,25,13,1,12
246415,40,13,1,12
246415,41,43,3,40
246415,42,43,3,40
246415,43,43,3,40
246415,45,43,3,40
246415,60,43,3,40
246460,1,80,15,65
246460,2,80,15,65
246460,3,80,15,65
246460,4,65,10,55
246460,5,15,5,10
246460,20,15,5,10
246460,21,80,15,65
246460,22,80,15,65
246460,23,80,15,65
246460,24,65,10,55
246460,25,15,5,10
246460,40,15,5,10
246594,1,72,3,69
246594,2,72,3,69
246594,3,72,3,69
246594,4,44,1,43
246594,5,28,2,26
246594,20,28,2,26
246594,21,72,3,69
246594,22,72,3,69
246594,23,72,3,69
246594,24,44,1,43
246594,25,28,2,26
246594,40,28,2,26
246789,1,114,75,39
246789,2,19,10,9
246789,3,18,9,9
246789,4,5,2,3
246789,5,13,7,6
246789,11,1,1,0
246789,12,95,65,30
246789,19,13,7,6
246789,21,88,62,26
246789,22,16,8,8
246789,23,16,8,8
246789,24,5,2,3
246789,25,11,6,5
246789,32,72,54,18
246789,39,11,6,5
246789,41,26,13,13
246789,42,3,2,1
246789,43,2,1,1
246789,45,2,1,1
246789,51,1,1,0
246789,52,23,11,12
246789,59,2,1,1
246813,1,4563,1592,2971
246813,2,4563,1592,2971
246813,3,4279,1484,2795
246813,4,898,350,548
246813,5,3381,1134,2247
246813,11,284,108,176
246813,19,517,185,332
246813,20,2864,949,1915
246813,21,1281,574,707
246813,22,1281,574,707
246813,23,1260,564,696
246813,24,337,156,181
246813,25,923,408,515
246813,31,21,10,11
246813,39,176,87,89
246813,40,747,321,426
246813,41,3282,1018,2264
246813,42,3282,1018,2264
246813,43,3019,920,2099
246813,44,561,194,367
246813,45,2458,726,1732
246813,51,263,98,165
246813,59,341,98,243
246813,60,2117,628,1489
246895,1,798,271,527
246895,2,798,271,527
246895,3,795,270,525
246895,4,352,74,278
246895,5,443,196,247
246895,11,3,1,2
246895,20,443,196,247
246895,21,389,257,132
246895,22,389,257,132
246895,23,386,256,130
246895,24,121,70,51
246895,25,265,186,79
246895,31,3,1,2
246895,40,265,186,79
246895,41,409,14,395
246895,42,409,14,395
246895,43,409,14,395
246895,44,231,4,227
246895,45,178,10,168
246895,60,178,10,168
246974,1,521,58,463
246974,2,521,58,463
246974,3,521,58,463
246974,4,70,13,57
246974,5,451,45,406
246974,19,86,5,81
246974,20,365,40,325
246974,21,505,56,449
246974,22,505,56,449
246974,23,505,56,449
246974,24,70,13,57
246974,25,435,43,392
246974,39,82,4,78
246974,40,353,39,314
246974,41,16,2,14
246974,42,16,2,14
246974,43,16,2,14
246974,45,16,2,14
246974,59,4,1,3
246974,60,12,1,11
247010,1,41,0,41
247010,2,41,0,41
247010,3,41,0,41
247010,4,38,0,38
247010,5,3,0,3
247010,20,3,0,3
247010,21,41,0,41
247010,22,41,0,41
247010,23,41,0,41
247010,24,38,0,38
247010,25,3,0,3
247010,40,3,0,3
247047,1,117,7,110
247047,2,117,7,110
247047,3,117,7,110
247047,4,56,3,53
247047,5,61,4,57
247047,20,61,4,57
247047,21,117,7,110
247047,22,117,7,110
247047,23,117,7,110
247047,24,56,3,53
247047,25,61,4,57
247047,40,61,4,57
247065,1,807,156,651
247065,2,807,156,651
247065,3,807,156,651
247065,4,90,25,65
247065,5,717,131,586
247065,19,189,26,163
247065,20,528,105,423
247065,21,492,78,414
247065,22,492,78,414
247065,23,492,78,414
247065,24,59,13,46
247065,25,433,65,368
247065,39,141,16,125
247065,40,292,49,243
247065,41,315,78,237
247065,42,315,78,237
247065,43,315,78,237
247065,44,31,12,19
247065,45,284,66,218
247065,59,48,10,38
247065,60,236,56,180
247153,1,191,57,134
247153,2,191,57,134
247153,3,191,57,134
247153,4,77,31,46
247153,5,114,26,88
247153,20,114,26,88
247153,21,191,57,134
247153,22,191,57,134
247153,23,191,57,134
247153,24,77,31,46
247153,25,114,26,88
247153,40,114,26,88
247162,1,81,29,52
247162,2,16,5,11
247162,3,16,5,11
247162,4,8,3,5
247162,5,8,2,6
247162,12,65,24,41
247162,20,8,2,6
247162,21,39,14,25
247162,32,39,14,25
247162,41,42,15,27
247162,42,16,5,11
247162,43,16,5,11
247162,44,8,3,5
247162,45,8,2,6
247162,52,26,10,16
247162,60,8,2,6
247409,1,208,16,192
247409,2,208,16,192
247409,3,208,16,192
247409,4,59,5,54
247409,5,149,11,138
247409,20,149,11,138
247409,21,208,16,192
247409,22,208,16,192
247409,23,208,16,192
247409,24,59,5,54
247409,25,149,11,138
247409,40,149,11,138
247603,1,3235,1527,1708
247603,2,3235,1527,1708
247603,3,2838,1353,1485
247603,4,690,392,298
247603,5,2148,961,1187
247603,11,397,174,223
247603,19,171,67,104
247603,20,1977,894,1083
247603,21,1746,897,849
247603,22,1746,897,849
247603,23,1693,868,825
247603,24,533,310,223
247603,25,1160,558,602
247603,31,53,29,24
247603,39,91,44,47
247603,40,1069,514,555
247603,41,1489,630,859
247603,42,1489,630,859
247603,43,1145,485,660
247603,44,157,82,75
247603,45,988,403,585
247603,51,344,145,199
247603,59,80,23,57
247603,60,908,380,528
247649,1,494,360,134
247649,2,494,360,134
247649,3,491,357,134
247649,4,138,115,23
247649,5,353,242,111
247649,11,3,3,0
247649,19,98,76,22
247649,20,255,166,89
247649,21,491,357,134
247649,22,491,357,134
247649,23,491,357,134
247649,24,138,115,23
247649,25,353,242,111
247649,39,98,76,22
247649,40,255,166,89
247649,41,3,3,0
247649,42,3,3,0
247649,51,3,3,0
247700,1,633,141,492
247700,2,633,141,492
247700,3,562,90,472
247700,4,62,15,47
247700,5,500,75,425
247700,11,71,51,20
247700,19,54,9,45
247700,20,446,66,380
247700,21,28,7,21
247700,22,28,7,21
247700,23,28,7,21
247700,24,2,0,2
247700,25,26,7,19
247700,39,3,2,1
247700,40,23,5,18
247700,41,605,134,471
247700,42,605,134,471
247700,43,534,83,451
247700,44,60,15,45
247700,45,474,68,406
247700,51,71,51,20
247700,59,51,7,44
247700,60,423,61,362
247773,1,74,74,0
247773,2,58,58,0
247773,3,58,58,0
247773,4,15,15,0
247773,5,43,43,0
247773,12,16,16,0
247773,19,3,3,0
247773,20,40,40,0
247773,21,69,69,0
247773,22,58,58,0
247773,23,58,58,0
247773,24,15,15,0
247773,25,43,43,0
247773,32,11,11,0
247773,39,3,3,0
247773,40,40,40,0
247773,41,5,5,0
247773,52,5,5,0
247825,1,60,40,20
247825,2,28,21,7
247825,3,28,21,7
247825,5,28,21,7
247825,12,32,19,13
247825,20,28,21,7
247825,21,16,10,6
247825,22,2,1,1
247825,23,2,1,1
247825,25,2,1,1
247825,32,14,9,5
247825,40,2,1,1
247825,41,44,30,14
247825,42,26,20,6
247825,43,26,20,6
247825,45,26,20,6
247825,52,18,10,8
247825,60,26,20,6
247834,1,27972,12393,15579
247834,2,27972,12393,15579
247834,3,24687,11019,13668
247834,4,5334,2597,2737
247834,5,19353,8422,10931
247834,11,3285,1374,1911
247834,19,2565,1036,1529
247834,20,16788,7386,9402
247834,21,9529,4613,4916
247834,22,9529,4613,4916
247834,23,9488,4594,4894
247834,24,3167,1547,1620
247834,25,6321,3047,3274
247834,31,41,19,22
247834,39,939,433,506
247834,40,5382,2614,2768
247834,41,18443,7780,10663
247834,42,18443,7780,10663
247834,43,15199,6425,8774
247834,44,2167,1050,1117
247834,45,13032,5375,7657
247834,51,3244,1355,1889
247834,59,1626,603,1023
247834,60,11406,4772,6634
247940,1,4286,1787,2499
247940,2,4286,1787,2499
247940,3,3296,1233,2063
247940,4,774,342,432
247940,5,2522,891,1631
247940,11,990,554,436
247940,19,163,77,86
247940,20,2359,814,1545
247940,21,1845,781,1064
247940,22,1845,781,1064
247940,23,1821,772,1049
247940,24,595,273,322
247940,25,1226,499,727
247940,31,24,9,15
247940,39,93,48,45
247940,40,1133,451,682
247940,41,2441,1006,1435
247940,42,2441,1006,1435
247940,43,1475,461,1014
247940,44,179,69,110
247940,45,1296,392,904
247940,51,966,545,421
247940,59,70,29,41
247940,60,1226,363,863
248165,1,62,3,59
248165,2,62,3,59
248165,3,62,3,59
248165,4,28,3,25
248165,5,34,0,34
248165,20,34,0,34
248165,21,40,3,37
248165,22,40,3,37
248165,23,40,3,37
248165,24,20,3,17
248165,25,20,0,20
248165,40,20,0,20
248165,41,22,0,22
248165,42,22,0,22
248165,43,22,0,22
248165,44,8,0,8
248165,45,14,0,14
248165,60,14,0,14
248192,1,28,0,28
248192,2,28,0,28
248192,3,28,0,28
248192,4,20,0,20
248192,5,8,0,8
248192,20,8,0,8
248192,21,15,0,15
248192,22,15,0,15
248192,23,15,0,15
248192,24,12,0,12
248192,25,3,0,3
248192,40,3,0,3
248192,41,13,0,13
248192,42,13,0,13
248192,43,13,0,13
248192,44,8,0,8
248192,45,5,0,5
248192,60,5,0,5
248305,1,118,5,113
248305,2,118,5,113
248305,3,118,5,113
248305,4,35,1,34
248305,5,83,4,79
248305,20,83,4,79
248305,21,97,5,92
248305,22,97,5,92
248305,23,97,5,92
248305,24,29,1,28
248305,25,68,4,64
248305,40,68,4,64
248305,41,21,0,21
248305,42,21,0,21
248305,43,21,0,21
248305,44,6,0,6
248305,45,15,0,15
248305,60,15,0,15
248314,1,6,0,6
248314,2,6,0,6
248314,3,6,0,6
248314,4,4,0,4
248314,5,2,0,2
248314,20,2,0,2
248314,21,5,0,5
248314,22,5,0,5
248314,23,5,0,5
248314,24,4,0,4
248314,25,1,0,1
248314,40,1,0,1
248314,41,1,0,1
248314,42,1,0,1
248314,43,1,0,1
248314,45,1,0,1
248314,60,1,0,1
248527,1,44,3,41
248527,2,44,3,41
248527,3,44,3,41
248527,4,39,3,36
248527,5,5,0,5
248527,20,5,0,5
248527,21,44,3,41
248527,22,44,3,41
248527,23,44,3,41
248527,24,39,3,36
248527,25,5,0,5
248527,40,5,0,5
248606,1,1165,698,467
248606,2,1165,698,467
248606,3,750,474,276
248606,4,339,242,97
248606,5,411,232,179
248606,11,415,224,191
248606,20,411,232,179
248606,21,238,89,149
248606,22,238,89,149
248606,23,229,89,140
248606,24,68,42,26
248606,25,161,47,114
248606,31,9,0,9
248606,40,161,47,114
248606,41,927,609,318
248606,42,927,609,318
248606,43,521,385,136
248606,44,271,200,71
248606,45,250,185,65
248606,51,406,224,182
248606,60,250,185,65
248624,1,109,9,100
248624,2,109,9,100
248624,3,108,9,99
248624,4,12,0,12
248624,5,96,9,87
248624,11,1,0,1
248624,20,96,9,87
248624,21,109,9,100
248624,22,109,9,100
248624,23,108,9,99
248624,24,12,0,12
248624,25,96,9,87
248624,31,1,0,1
248624,40,96,9,87
248633,1,60,1,59
248633,2,60,1,59
248633,3,60,1,59
248633,4,30,0,30
248633,5,30,1,29
248633,20,30,1,29
248633,21,60,1,59
248633,22,60,1,59
248633,23,60,1,59
248633,24,30,0,30
248633,25,30,1,29
248633,40,30,1,29
248660,1,207,16,191
248660,2,207,16,191
248660,3,207,16,191
248660,4,2,0,2
248660,5,205,16,189
248660,20,205,16,189
248660,21,160,14,146
248660,22,160,14,146
248660,23,160,14,146
248660,24,1,0,1
248660,25,159,14,145
248660,40,159,14,145
248660,41,47,2,45
248660,42,47,2,45
248660,43,47,2,45
248660,44,1,0,1
248660,45,46,2,44
248660,60,46,2,44
248703,1,161,5,156
248703,2,161,5,156
248703,3,161,5,156
248703,4,55,3,52
248703,5,106,2,104
248703,20,106,2,104
248703,21,92,3,89
248703,22,92,3,89
248703,23,92,3,89
248703,24,34,2,32
248703,25,58,1,57
248703,40,58,1,57
248703,41,69,2,67
248703,42,69,2,67
248703,43,69,2,67
248703,44,21,1,20
248703,45,48,1,47
248703,60,48,1,47
248776,1,1180,413,767
248776,2,1180,413,767
248776,3,1000,365,635
248776,4,272,115,157
248776,5,728,250,478
248776,11,180,48,132
248776,19,185,63,122
248776,20,543,187,356
248776,21,382,117,265
248776,22,382,117,265
248776,23,380,115,265
248776,24,76,36,40
248776,25,304,79,225
248776,31,2,2,0
248776,39,98,36,62
248776,40,206,43,163
248776,41,798,296,502
248776,42,798,296,502
248776,43,620,250,370
248776,44,196,79,117
248776,45,424,171,253
248776,51,178,46,132
248776,59,87,27,60
248776,60,337,144,193
248846,1,169,9,160
248846,2,169,9,160
248846,3,169,9,160
248846,4,67,6,61
248846,5,102,3,99
248846,19,43,2,41
248846,20,59,1,58
248846,21,151,8,143
248846,22,151,8,143
248846,23,151,8,143
248846,24,66,6,60
248846,25,85,2,83
248846,39,38,2,36
248846,40,47,0,47
248846,41,18,1,17
248846,42,18,1,17
248846,43,18,1,17
248846,44,1,0,1
248846,45,17,1,16
248846,59,5,0,5
248846,60,12,1,11
248882,1,397,101,296
248882,2,397,101,296
248882,3,396,100,296
248882,4,17,5,12
248882,5,379,95,284
248882,11,1,1,0
248882,19,74,22,52
248882,20,305,73,232
248882,21,51,20,31
248882,22,51,20,31
248882,23,51,20,31
248882,25,51,20,31
248882,39,13,4,9
248882,40,38,16,22
248882,41,346,81,265
248882,42,346,81,265
248882,43,345,80,265
248882,44,17,5,12
248882,45,328,75,253
248882,51,1,1,0
248882,59,61,18,43
248882,60,267,57,210
248925,1,1014,568,446
248925,2,1014,568,446
248925,3,749,422,327
248925,4,279,149,130
248925,5,470,273,197
248925,11,265,146,119
248925,20,470,273,197
248925,21,594,336,258
248925,22,594,336,258
248925,23,594,336,258
248925,24,226,117,109
248925,25,368,219,149
248925,40,368,219,149
248925,41,420,232,188
248925,42,420,232,188
248925,43,155,86,69
248925,44,53,32,21
248925,45,102,54,48
248925,51,265,146,119
248925,60,102,54,48
248934,1,10845,4796,6049
248934,2,10803,4760,6043
248934,3,10241,4533,5708
248934,4,948,395,553
248934,5,9293,4138,5155
248934,11,562,227,335
248934,12,42,36,6
248934,19,975,340,635
248934,20,8318,3798,4520
248934,21,10283,4569,5714
248934,22,10241,4533,5708
248934,23,10241,4533,5708
248934,24,948,395,553
248934,25,9293,4138,5155
248934,32,42,36,6
248934,39,975,340,635
248934,40,8318,3798,4520
248934,41,562,227,335
248934,42,562,227,335
248934,51,562,227,335
249061,1,93,2,91
249061,2,93,2,91
249061,3,93,2,91
249061,4,60,2,58
249061,5,33,0,33
249061,20,33,0,33
249061,21,55,0,55
249061,22,55,0,55
249061,23,55,0,55
249061,24,30,0,30
249061,25,25,0,25
249061,40,25,0,25
249061,41,38,2,36
249061,42,38,2,36
249061,43,38,2,36
249061,44,30,2,28
249061,45,8,0,8
249061,60,8,0,8
249140,1,435,146,289
249140,2,435,146,289
249140,3,435,146,289
249140,4,150,42,108
249140,5,285,104,181
249140,20,285,104,181
249140,21,435,146,289
249140,22,435,146,289
249140,23,435,146,289
249140,24,150,42,108
249140,25,285,104,181
249140,40,285,104,181
249238,1,272,31,241
249238,2,272,31,241
249238,3,272,31,241
249238,4,45,7,38
249238,5,227,24,203
249238,20,227,24,203
249238,21,181,19,162
249238,22,181,19,162
249238,23,181,19,162
249238,24,30,4,26
249238,25,151,15,136
249238,40,151,15,136
249238,41,91,12,79
249238,42,91,12,79
249238,43,91,12,79
249238,44,15,3,12
249238,45,76,9,67
249238,60,76,9,67
249566,1,374,350,24
249566,2,374,350,24
249566,3,374,350,24
249566,4,360,337,23
249566,5,14,13,1
249566,20,14,13,1
249566,21,374,350,24
249566,22,374,350,24
249566,23,374,350,24
249566,24,360,337,23
249566,25,14,13,1
249566,40,14,13,1
249609,1,224,114,110
249609,2,224,114,110
249609,3,224,114,110
249609,4,66,35,31
249609,5,158,79,79
249609,19,20,10,10
249609,20,138,69,69
249609,21,224,114,110
249609,22,224,114,110
249609,23,224,114,110
249609,24,66,35,31
249609,25,158,79,79
249609,39,20,10,10
249609,40,138,69,69
250027,1,212,44,168
250027,2,212,44,168
250027,3,211,44,167
250027,4,95,21,74
250027,5,116,23,93
250027,11,1,0,1
250027,19,72,15,57
250027,20,44,8,36
250027,21,211,44,167
250027,22,211,44,167
250027,23,211,44,167
250027,24,95,21,74
250027,25,116,23,93
250027,39,72,15,57
250027,40,44,8,36
250027,41,1,0,1
250027,42,1,0,1
250027,51,1,0,1
250072,1,119,3,116
250072,2,119,3,116
250072,3,119,3,116
250072,4,62,0,62
250072,5,57,3,54
250072,20,57,3,54
250072,21,96,3,93
250072,22,96,3,93
250072,23,96,3,93
250072,24,50,0,50
250072,25,46,3,43
250072,40,46,3,43
250072,41,23,0,23
250072,42,23,0,23
250072,43,23,0,23
250072,44,12,0,12
250072,45,11,0,11
250072,60,11,0,11
250285,1,385,370,15
250285,2,385,370,15
250285,3,385,370,15
250285,4,72,69,3
250285,5,313,301,12
250285,20,313,301,12
250285,21,347,334,13
250285,22,347,334,13
250285,23,347,334,13
250285,24,63,62,1
250285,25,284,272,12
250285,40,284,272,12
250285,41,38,36,2
250285,42,38,36,2
250285,43,38,36,2
250285,44,9,7,2
250285,45,29,29,0
250285,60,29,29,0
250407,1,161,25,136
250407,2,161,25,136
250407,3,161,25,136
250407,5,161,25,136
250407,20,161,25,136
250407,21,156,23,133
250407,22,156,23,133
250407,23,156,23,133
250407,25,156,23,133
250407,40,156,23,133
250407,41,5,2,3
250407,42,5,2,3
250407,43,5,2,3
250407,45,5,2,3
250407,60,5,2,3
250498,1,109,47,62
250498,2,109,47,62
250498,3,109,47,62
250498,4,34,16,18
250498,5,75,31,44
250498,20,75,31,44
250498,21,109,47,62
250498,22,109,47,62
250498,23,109,47,62
250498,24,34,16,18
250498,25,75,31,44
250498,40,75,31,44
250601,1,513,187,326
250601,2,513,187,326
250601,3,513,187,326
250601,4,12,2,10
250601,5,501,185,316
250601,19,8,0,8
250601,20,493,185,308
250601,21,358,144,214
250601,22,358,144,214
250601,23,358,144,214
250601,24,12,2,10
250601,25,346,142,204
250601,39,8,0,8
250601,40,338,142,196
250601,41,155,43,112
250601,42,155,43,112
250601,43,155,43,112
250601,45,155,43,112
250601,60,155,43,112
250744,1,515,32,483
250744,2,515,32,483
250744,3,515,32,483
250744,4,146,13,133
250744,5,369,19,350
250744,20,369,19,350
250744,21,515,32,483
250744,22,515,32,483
250744,23,515,32,483
250744,24,146,13,133
250744,25,369,19,350
250744,40,369,19,350
250832,1,64,0,64
250832,2,64,0,64
250832,3,64,0,64
250832,4,12,0,12
250832,5,52,0,52
250832,20,52,0,52
250832,21,64,0,64
250832,22,64,0,64
250832,23,64,0,64
250832,24,12,0,12
250832,25,52,0,52
250832,40,52,0,52
250902,1,74,4,70
250902,2,74,4,70
250902,3,74,4,70
250902,4,66,4,62
250902,5,8,0,8
250902,20,8,0,8
250902,21,38,3,35
250902,22,38,3,35
250902,23,38,3,35
250902,24,33,3,30
250902,25,5,0,5
250902,40,5,0,5
250902,41,36,1,35
250902,42,36,1,35
250902,43,36,1,35
250902,44,33,1,32
250902,45,3,0,3
250902,60,3,0,3
250993,1,448,241,207
250993,2,448,241,207
250993,3,106,55,51
250993,4,74,42,32
250993,5,32,13,19
250993,11,342,186,156
250993,20,32,13,19
250993,21,59,28,31
250993,22,59,28,31
250993,23,59,28,31
250993,24,38,21,17
250993,25,21,7,14
250993,40,21,7,14
250993,41,389,213,176
250993,42,389,213,176
250993,43,47,27,20
250993,44,36,21,15
250993,45,11,6,5
250993,51,342,186,156
250993,60,11,6,5
251075,1,335,58,277
251075,2,335,58,277
251075,3,335,58,277
251075,4,68,9,59
251075,5,267,49,218
251075,19,11,2,9
251075,20,256,47,209
251075,21,335,58,277
251075,22,335,58,277
251075,23,335,58,277
251075,24,68,9,59
251075,25,267,49,218
251075,39,11,2,9
251075,40,256,47,209
251251,1,295,166,129
251251,2,295,166,129
251251,3,295,166,129
251251,4,24,19,5
251251,5,271,147,124
251251,20,271,147,124
251251,21,197,125,72
251251,22,197,125,72
251251,23,197,125,72
251251,24,21,16,5
251251,25,176,109,67
251251,40,176,109,67
251251,41,98,41,57
251251,42,98,41,57
251251,43,98,41,57
251251,44,3,3,0
251251,45,95,38,57
251251,60,95,38,57
251260,1,4805,2023,2782
251260,2,4805,2023,2782
251260,3,4613,1938,2675
251260,4,1202,523,679
251260,5,3411,1415,1996
251260,11,192,85,107
251260,19,600,287,313
251260,20,2811,1128,1683
251260,21,2811,1292,1519
251260,22,2811,1292,1519
251260,23,2804,1285,1519
251260,24,1060,461,599
251260,25,1744,824,920
251260,31,7,7,0
251260,39,373,206,167
251260,40,1371,618,753
251260,41,1994,731,1263
251260,42,1994,731,1263
251260,43,1809,653,1156
251260,44,142,62,80
251260,45,1667,591,1076
251260,51,185,78,107
251260,59,227,81,146
251260,60,1440,510,930
251312,1,1627,330,1297
251312,2,1167,236,931
251312,3,1167,236,931
251312,4,35,6,29
251312,5,1132,230,902
251312,12,460,94,366
251312,19,277,57,220
251312,20,855,173,682
251312,21,888,205,683
251312,22,673,147,526
251312,23,673,147,526
251312,24,23,5,18
251312,25,650,142,508
251312,32,215,58,157
251312,39,134,28,106
251312,40,516,114,402
251312,41,739,125,614
251312,42,494,89,405
251312,43,494,89,405
251312,44,12,1,11
251312,45,482,88,394
251312,52,245,36,209
251312,59,143,29,114
251312,60,339,59,280
260293,1,4318,1074,3244
260293,2,4140,1049,3091
260293,3,4140,1049,3091
260293,4,80,19,61
260293,5,4060,1030,3030
260293,12,178,25,153
260293,19,224,69,155
260293,20,3836,961,2875
260293,21,2224,551,1673
260293,22,2157,541,1616
260293,23,2157,541,1616
260293,24,72,13,59
260293,25,2085,528,1557
260293,32,67,10,57
260293,39,139,39,100
260293,40,1946,489,1457
260293,41,2094,523,1571
260293,42,1983,508,1475
260293,43,1983,508,1475
260293,44,8,6,2
260293,45,1975,502,1473
260293,52,111,15,96
260293,59,85,30,55
260293,60,1890,472,1418
260336,1,23,3,20
260336,2,23,3,20
260336,3,23,3,20
260336,4,3,0,3
260336,5,20,3,17
260336,20,20,3,17
260336,21,23,3,20
260336,22,23,3,20
260336,23,23,3,20
260336,24,3,0,3
260336,25,20,3,17
260336,40,20,3,17
260354,1,112,17,95
260354,2,112,17,95
260354,3,112,17,95
260354,4,9,2,7
260354,5,103,15,88
260354,19,16,4,12
260354,20,87,11,76
260354,21,107,16,91
260354,22,107,16,91
260354,23,107,16,91
260354,24,9,2,7
260354,25,98,14,84
260354,39,15,4,11
260354,40,83,10,73
260354,41,5,1,4
260354,42,5,1,4
260354,43,5,1,4
260354,45,5,1,4
260354,59,1,0,1
260354,60,4,1,3
260363,1,35,2,33
260363,2,35,2,33
260363,3,35,2,33
260363,5,35,2,33
260363,20,35,2,33
260363,21,35,2,33
260363,22,35,2,33
260363,23,35,2,33
260363,25,35,2,33
260363,40,35,2,33
260372,1,303,98,205
260372,2,303,98,205
260372,3,254,75,179
260372,4,52,14,38
260372,5,202,61,141
260372,11,49,23,26
260372,19,15,4,11
260372,20,187,57,130
260372,21,194,64,130
260372,22,194,64,130
260372,23,184,59,125
260372,24,37,10,27
260372,25,147,49,98
260372,31,10,5,5
260372,39,10,4,6
260372,40,137,45,92
260372,41,109,34,75
260372,42,109,34,75
260372,43,70,16,54
260372,44,15,4,11
260372,45,55,12,43
260372,51,39,18,21
260372,59,5,0,5
260372,60,50,12,38
260664,1,149,124,25
260664,2,149,124,25
260664,3,149,124,25
260664,4,54,42,12
260664,5,95,82,13
260664,20,95,82,13
260664,21,149,124,25
260664,22,149,124,25
260664,23,149,124,25
260664,24,54,42,12
260664,25,95,82,13
260664,40,95,82,13
260691,1,1146,279,867
260691,2,1146,279,867
260691,3,1146,279,867
260691,4,325,76,249
260691,5,821,203,618
260691,20,821,203,618
260691,21,1146,279,867
260691,22,1146,279,867
260691,23,1146,279,867
260691,24,325,76,249
260691,25,821,203,618
260691,40,821,203,618
260789,1,608,170,438
260789,2,608,170,438
260789,3,608,170,438
260789,4,83,27,56
260789,5,525,143,382
260789,19,38,10,28
260789,20,487,133,354
260789,21,608,170,438
260789,22,608,170,438
260789,23,608,170,438
260789,24,83,27,56
260789,25,525,143,382
260789,39,38,10,28
260789,40,487,133,354
260813,1,209,27,182
260813,2,209,27,182
260813,3,209,27,182
260813,4,2,0,2
260813,5,207,27,180
260813,19,21,2,19
260813,20,186,25,161
260813,21,209,27,182
260813,22,209,27,182
260813,23,209,27,182
260813,24,2,0,2
260813,25,207,27,180
260813,39,21,2,19
260813,40,186,25,161
260901,1,52407,12838,39569
260901,2,40349,9830,30519
260901,3,40209,9745,30464
260901,4,4984,1175,3809
260901,5,35225,8570,26655
260901,11,140,85,55
260901,12,12058,3008,9050
260901,19,8818,2264,6554
260901,20,26407,6306,20101
260901,21,12935,3636,9299
260901,22,6413,1575,4838
260901,23,6412,1575,4837
260901,24,50,18,32
260901,25,6362,1557,4805
260901,31,1,0,1
260901,32,6522,2061,4461
260901,39,952,270,682
260901,40,5410,1287,4123
260901,41,39472,9202,30270
260901,42,33936,8255,25681
260901,43,33797,8170,25627
260901,44,4934,1157,3777
260901,45,28863,7013,21850
260901,51,139,85,54
260901,52,5536,947,4589
260901,59,7866,1994,5872
260901,60,20997,5019,15978
260910,1,449,92,357
260910,2,386,77,309
260910,3,386,77,309
260910,4,28,5,23
260910,5,358,72,286
260910,12,63,15,48
260910,19,108,20,88
260910,20,250,52,198
260910,21,302,70,232
260910,22,251,57,194
260910,23,251,57,194
260910,24,17,4,13
260910,25,234,53,181
260910,32,51,13,38
260910,39,58,11,47
260910,40,176,42,134
260910,41,147,22,125
260910,42,135,20,115
260910,43,135,20,115
260910,44,11,1,10
260910,45,124,19,105
260910,52,12,2,10
260910,59,50,9,41
260910,60,74,10,64
260929,1,150,5,145
260929,2,150,5,145
260929,3,150,5,145
260929,4,24,1,23
260929,5,126,4,122
260929,20,126,4,122
260929,21,114,5,109
260929,22,114,5,109
260929,23,114,5,109
260929,24,19,1,18
260929,25,95,4,91
260929,40,95,4,91
260929,41,36,0,36
260929,42,36,0,36
260929,43,36,0,36
260929,44,5,0,5
260929,45,31,0,31
260929,60,31,0,31
260947,1,41,21,20
260947,2,41,21,20
260947,3,41,21,20
260947,4,5,3,2
260947,5,36,18,18
260947,19,6,6,0
260947,20,30,12,18
260947,21,22,12,10
260947,22,22,12,10
260947,23,22,12,10
260947,24,2,1,1
260947,25,20,11,9
260947,39,1,1,0
260947,40,19,10,9
260947,41,19,9,10
260947,42,19,9,10
260947,43,19,9,10
260947,44,3,2,1
260947,45,16,7,9
260947,59,5,5,0
260947,60,11,2,9
260956,1,186,132,54
260956,12,186,132,54
260956,21,182,130,52
260956,32,182,130,52
260956,41,4,2,2
260956,52,4,2,2
260965,1,61,1,60
260965,2,61,1,60
260965,3,61,1,60
260965,4,7,0,7
260965,5,54,1,53
260965,20,54,1,53
260965,21,61,1,60
260965,22,61,1,60
260965,23,61,1,60
260965,24,7,0,7
260965,25,54,1,53
260965,40,54,1,53
260974,1,248,222,26
260974,2,248,222,26
260974,3,248,222,26
260974,4,30,26,4
260974,5,218,196,22
260974,19,7,7,0
260974,20,211,189,22
260974,21,193,174,19
260974,22,193,174,19
260974,23,193,174,19
260974,24,27,23,4
260974,25,166,151,15
260974,39,5,5,0
260974,40,161,146,15
260974,41,55,48,7
260974,42,55,48,7
260974,43,55,48,7
260974,44,3,3,0
260974,45,52,45,7
260974,59,2,2,0
260974,60,50,43,7
260992,1,756,121,635
260992,2,756,121,635
260992,3,756,121,635
260992,4,199,42,157
260992,5,557,79,478
260992,19,79,15,64
260992,20,478,64,414
260992,21,342,70,272
260992,22,342,70,272
260992,23,342,70,272
260992,24,123,33,90
260992,25,219,37,182
260992,40,219,37,182
260992,41,414,51,363
260992,42,414,51,363
260992,43,414,51,363
260992,44,76,9,67
260992,45,338,42,296
260992,59,79,15,64
260992,60,259,27,232
261375,1,1762,943,819
261375,2,1762,943,819
261375,3,1762,943,819
261375,4,89,54,35
261375,5,1673,889,784
261375,20,1673,889,784
261375,21,362,114,248
261375,22,362,114,248
261375,23,362,114,248
261375,24,63,30,33
261375,25,299,84,215
261375,40,299,84,215
261375,41,1400,829,571
261375,42,1400,829,571
261375,43,1400,829,571
261375,44,26,24,2
261375,45,1374,805,569
261375,60,1374,805,569
261384,1,694,489,205
261384,2,694,489,205
261384,3,694,489,205
261384,4,64,54,10
261384,5,630,435,195
261384,20,630,435,195
261384,21,142,126,16
261384,22,142,126,16
261384,23,142,126,16
261384,24,27,26,1
261384,25,115,100,15
261384,40,115,100,15
261384,41,552,363,189
261384,42,552,363,189
261384,43,552,363,189
261384,44,37,28,9
261384,45,515,335,180
261384,60,515,335,180
261393,1,736,550,186
261393,2,736,550,186
261393,3,736,550,186
261393,4,87,79,8
261393,5,649,471,178
261393,20,649,471,178
261393,21,156,120,36
261393,22,156,120,36
261393,23,156,120,36
261393,24,39,32,7
261393,25,117,88,29
261393,40,117,88,29
261393,41,580,430,150
261393,42,580,430,150
261393,43,580,430,150
261393,44,48,47,1
261393,45,532,383,149
261393,60,532,383,149
261436,1,977,51,926
261436,2,977,51,926
261436,3,977,51,926
261436,4,486,34,452
261436,5,491,17,474
261436,20,491,17,474
261436,21,977,51,926
261436,22,977,51,926
261436,23,977,51,926
261436,24,486,34,452
261436,25,491,17,474
261436,40,491,17,474
261472,1,581,462,119
261472,2,581,462,119
261472,3,581,462,119
261472,4,66,51,15
261472,5,515,411,104
261472,19,8,5,3
261472,20,507,406,101
261472,21,392,312,80
261472,22,392,312,80
261472,23,392,312,80
261472,24,56,42,14
261472,25,336,270,66
261472,39,7,4,3
261472,40,329,266,63
261472,41,189,150,39
261472,42,189,150,39
261472,43,189,150,39
261472,44,10,9,1
261472,45,179,141,38
261472,59,1,1,0
261472,60,178,140,38
261676,1,127,6,121
261676,2,127,6,121
261676,3,127,6,121
261676,4,62,2,60
261676,5,65,4,61
261676,20,65,4,61
261676,21,127,6,121
261676,22,127,6,121
261676,23,127,6,121
261676,24,62,2,60
261676,25,65,4,61
261676,40,65,4,61
261685,1,128,20,108
261685,2,128,20,108
261685,3,128,20,108
261685,4,35,3,32
261685,5,93,17,76
261685,20,93,17,76
261685,21,128,20,108
261685,22,128,20,108
261685,23,128,20,108
261685,24,35,3,32
261685,25,93,17,76
261685,40,93,17,76
261719,1,204,5,199
261719,2,204,5,199
261719,3,204,5,199
261719,4,115,1,114
261719,5,89,4,85
261719,20,89,4,85
261719,21,204,5,199
261719,22,204,5,199
261719,23,204,5,199
261719,24,115,1,114
261719,25,89,4,85
261719,40,89,4,85
261773,1,27,10,17
261773,2,27,10,17
261773,3,27,10,17
261773,4,25,8,17
261773,5,2,2,0
261773,20,2,2,0
261773,21,25,8,17
261773,22,25,8,17
261773,23,25,8,17
261773,24,24,7,17
261773,25,1,1,0
261773,40,1,1,0
261773,41,2,2,0
261773,42,2,2,0
261773,43,2,2,0
261773,44,1,1,0
261773,45,1,1,0
261773,60,1,1,0
261861,1,118,8,110
261861,2,118,8,110
261861,3,118,8,110
261861,4,30,0,30
261861,5,88,8,80
261861,19,25,2,23
261861,20,63,6,57
261861,21,118,8,110
261861,22,118,8,110
261861,23,118,8,110
261861,24,30,0,30
261861,25,88,8,80
261861,39,25,2,23
261861,40,63,6,57
261931,1,195,55,140
261931,2,195,55,140
261931,3,193,53,140
261931,4,14,4,10
261931,5,179,49,130
261931,11,2,2,0
261931,19,28,2,26
261931,20,151,47,104
261931,21,195,55,140
261931,22,195,55,140
261931,23,193,53,140
261931,24,14,4,10
261931,25,179,49,130
261931,31,2,2,0
261931,39,28,2,26
261931,40,151,47,104
262022,1,178,101,77
262022,12,178,101,77
262022,21,41,23,18
262022,32,41,23,18
262022,41,137,78,59
262022,52,137,78,59
262031,1,7396,3184,4212
262031,2,7396,3184,4212
262031,3,6744,2892,3852
262031,4,1561,768,793
262031,5,5183,2124,3059
262031,11,652,292,360
262031,19,586,253,333
262031,20,4597,1871,2726
262031,21,3549,1675,1874
262031,22,3549,1675,1874
262031,23,3451,1615,1836
262031,24,1155,574,581
262031,25,2296,1041,1255
262031,31,98,60,38
262031,39,376,165,211
262031,40,1920,876,1044
262031,41,3847,1509,2338
262031,42,3847,1509,2338
262031,43,3293,1277,2016
262031,44,406,194,212
262031,45,2887,1083,1804
262031,51,554,232,322
262031,59,210,88,122
262031,60,2677,995,1682
262086,1,7746,2795,4951
262086,2,3885,1473,2412
262086,3,3642,1327,2315
262086,4,46,20,26
262086,5,3596,1307,2289
262086,11,243,146,97
262086,12,3861,1322,2539
262086,19,761,253,508
262086,20,2835,1054,1781
262086,21,3037,1025,2012
262086,22,1552,597,955
262086,23,1528,586,942
262086,24,10,5,5
262086,25,1518,581,937
262086,31,24,11,13
262086,32,1485,428,1057
262086,39,293,93,200
262086,40,1225,488,737
262086,41,4709,1770,2939
262086,42,2333,876,1457
262086,43,2114,741,1373
262086,44,36,15,21
262086,45,2078,726,1352
262086,51,219,135,84
262086,52,2376,894,1482
262086,59,468,160,308
262086,60,1610,566,1044
262129,1,793,338,455
262129,2,793,338,455
262129,3,793,338,455
262129,4,222,88,134
262129,5,571,250,321
262129,19,31,19,12
262129,20,540,231,309
262129,21,793,338,455
262129,22,793,338,455
262129,23,793,338,455
262129,24,222,88,134
262129,25,571,250,321
262129,39,31,19,12
262129,40,540,231,309
262235,1,55,3,52
262235,2,55,3,52
262235,3,55,3,52
262235,4,3,0,3
262235,5,52,3,49
262235,20,52,3,49
262235,21,55,3,52
262235,22,55,3,52
262235,23,55,3,52
262235,24,3,0,3
262235,25,52,3,49
262235,40,52,3,49
262299,1,84,7,77
262299,2,84,7,77
262299,3,84,7,77
262299,4,25,1,24
262299,5,59,6,53
262299,20,59,6,53
262299,21,68,7,61
262299,22,68,7,61
262299,23,68,7,61
262299,24,20,1,19
262299,25,48,6,42
262299,40,48,6,42
262299,41,16,0,16
262299,42,16,0,16
262299,43,16,0,16
262299,44,5,0,5
262299,45,11,0,11
262299,60,11,0,11
262332,1,1551,740,811
262332,2,1551,740,811
262332,3,1548,739,809
262332,4,119,42,77
262332,5,1429,697,732
262332,11,3,1,2
262332,19,129,42,87
262332,20,1300,655,645
262332,21,1551,740,811
262332,22,1551,740,811
262332,23,1548,739,809
262332,24,119,42,77
262332,25,1429,697,732
262332,31,3,1,2
262332,39,129,42,87
262332,40,1300,655,645
262341,1,693,628,65
262341,2,693,628,65
262341,3,693,628,65
262341,4,320,295,25
262341,5,373,333,40
262341,20,373,333,40
262341,21,693,628,65
262341,22,693,628,65
262341,23,693,628,65
262341,24,320,295,25
262341,25,373,333,40
262341,40,373,333,40
262369,1,157,2,155
262369,2,157,2,155
262369,3,157,2,155
262369,4,106,1,105
262369,5,51,1,50
262369,20,51,1,50
262369,21,157,2,155
262369,22,157,2,155
262369,23,157,2,155
262369,24,106,1,105
262369,25,51,1,50
262369,40,51,1,50
262402,1,212,206,6
262402,2,212,206,6
262402,3,212,206,6
262402,4,93,90,3
262402,5,119,116,3
262402,20,119,116,3
262402,21,212,206,6
262402,22,212,206,6
262402,23,212,206,6
262402,24,93,90,3
262402,25,119,116,3
262402,40,119,116,3
262457,1,686,176,510
262457,2,686,176,510
262457,3,686,176,510
262457,4,54,12,42
262457,5,632,164,468
262457,19,104,26,78
262457,20,528,138,390
262457,21,686,176,510
262457,22,686,176,510
262457,23,686,176,510
262457,24,54,12,42
262457,25,632,164,468
262457,39,104,26,78
262457,40,528,138,390
262466,1,72,27,45
262466,2,72,27,45
262466,3,72,27,45
262466,5,72,27,45
262466,20,72,27,45
262466,41,72,27,45
262466,42,72,27,45
262466,43,72,27,45
262466,45,72,27,45
262466,60,72,27,45
262509,1,466,103,363
262509,2,466,103,363
262509,3,466,103,363
262509,4,81,19,62
262509,5,385,84,301
262509,19,26,1,25
262509,20,359,83,276
262509,21,466,103,363
262509,22,466,103,363
262509,23,466,103,363
262509,24,81,19,62
262509,25,385,84,301
262509,39,26,1,25
262509,40,359,83,276
262660,1,80,2,78
262660,2,80,2,78
262660,3,80,2,78
262660,4,25,2,23
262660,5,55,0,55
262660,20,55,0,55
262660,21,52,1,51
262660,22,52,1,51
262660,23,52,1,51
262660,24,15,1,14
262660,25,37,0,37
262660,40,37,0,37
262660,41,28,1,27
262660,42,28,1,27
262660,43,28,1,27
262660,44,10,1,9
262660,45,18,0,18
262660,60,18,0,18
362700,1,355,56,299
362700,2,355,56,299
362700,3,355,56,299
362700,4,35,2,33
362700,5,320,54,266
362700,20,320,54,266
362700,21,331,49,282
362700,22,331,49,282
362700,23,331,49,282
362700,24,34,2,32
362700,25,297,47,250
362700,40,297,47,250
362700,41,24,7,17
362700,42,24,7,17
362700,43,24,7,17
362700,44,1,0,1
362700,45,23,7,16
362700,60,23,7,16
362782,1,171,2,169
362782,2,171,2,169
362782,3,171,2,169
362782,4,22,0,22
362782,5,149,2,147
362782,20,149,2,147
362782,21,129,0,129
362782,22,129,0,129
362782,23,129,0,129
362782,24,21,0,21
362782,25,108,0,108
362782,40,108,0,108
362782,41,42,2,40
362782,42,42,2,40
362782,43,42,2,40
362782,44,1,0,1
362782,45,41,2,39
362782,60,41,2,39
363013,1,62,5,57
363013,2,62,5,57
363013,3,62,5,57
363013,4,21,2,19
363013,5,41,3,38
363013,20,41,3,38
363013,21,62,5,57
363013,22,62,5,57
363013,23,62,5,57
363013,24,21,2,19
363013,25,41,3,38
363013,40,41,3,38
363077,1,268,38,230
363077,2,268,38,230
363077,3,268,38,230
363077,4,66,15,51
363077,5,202,23,179
363077,20,202,23,179
363077,21,152,23,129
363077,22,152,23,129
363077,23,152,23,129
363077,24,44,8,36
363077,25,108,15,93
363077,40,108,15,93
363077,41,116,15,101
363077,42,116,15,101
363077,43,116,15,101
363077,44,22,7,15
363077,45,94,8,86
363077,60,94,8,86
363147,1,87,5,82
363147,2,87,5,82
363147,3,87,5,82
363147,4,13,2,11
363147,5,74,3,71
363147,20,74,3,71
363147,21,21,2,19
363147,22,21,2,19
363147,23,21,2,19
363147,24,5,1,4
363147,25,16,1,15
363147,40,16,1,15
363147,41,66,3,63
363147,42,66,3,63
363147,43,66,3,63
363147,44,8,1,7
363147,45,58,2,56
363147,60,58,2,56
363165,1,914,517,397
363165,2,914,517,397
363165,3,914,517,397
363165,4,269,156,113
363165,5,645,361,284
363165,20,645,361,284
363165,21,503,305,198
363165,22,503,305,198
363165,23,503,305,198
363165,24,139,76,63
363165,25,364,229,135
363165,40,364,229,135
363165,41,411,212,199
363165,42,411,212,199
363165,43,411,212,199
363165,44,130,80,50
363165,45,281,132,149
363165,60,281,132,149
363387,1,1256,325,931
363387,2,1256,325,931
363387,3,1252,323,929
363387,4,125,34,91
363387,5,1127,289,838
363387,11,4,2,2
363387,19,122,30,92
363387,20,1005,259,746
363387,21,914,236,678
363387,22,914,236,678
363387,23,913,235,678
363387,24,66,15,51
363387,25,847,220,627
363387,31,1,1,0
363387,39,68,19,49
363387,40,779,201,578
363387,41,342,89,253
363387,42,342,89,253
363387,43,339,88,251
363387,44,59,19,40
363387,45,280,69,211
363387,51,3,1,2
363387,59,54,11,43
363387,60,226,58,168
363439,1,255,42,213
363439,2,255,42,213
363439,3,255,42,213
363439,4,22,3,19
363439,5,233,39,194
363439,19,37,8,29
363439,20,196,31,165
363439,21,185,28,157
363439,22,185,28,157
363439,23,185,28,157
363439,24,22,3,19
363439,25,163,25,138
363439,39,25,5,20
363439,40,138,20,118
363439,41,70,14,56
363439,42,70,14,56
363439,43,70,14,56
363439,45,70,14,56
363439,59,12,3,9
363439,60,58,11,47
363590,1,451,70,381
363590,2,451,70,381
363590,3,451,70,381
363590,4,59,6,53
363590,5,392,64,328
363590,19,58,10,48
363590,20,334,54,280
363590,21,440,64,376
363590,22,440,64,376
363590,23,440,64,376
363590,24,59,6,53
363590,25,381,58,323
363590,39,57,10,47
363590,40,324,48,276
363590,41,11,6,5
363590,42,11,6,5
363590,43,11,6,5
363590,45,11,6,5
363590,59,1,0,1
363590,60,10,6,4
363633,1,1657,759,898
363633,2,1657,759,898
363633,3,868,389,479
363633,4,121,69,52
363633,5,747,320,427
363633,11,789,370,419
363633,19,34,13,21
363633,20,713,307,406
363633,21,527,238,289
363633,22,527,238,289
363633,23,509,228,281
363633,24,87,52,35
363633,25,422,176,246
363633,31,18,10,8
363633,39,18,5,13
363633,40,404,171,233
363633,41,1130,521,609
363633,42,1130,521,609
363633,43,359,161,198
363633,44,34,17,17
363633,45,325,144,181
363633,51,771,360,411
363633,59,16,8,8
363633,60,309,136,173
363679,1,134,5,129
363679,2,134,5,129
363679,3,134,5,129
363679,4,63,1,62
363679,5,71,4,67
363679,20,71,4,67
363679,21,98,4,94
363679,22,98,4,94
363679,23,98,4,94
363679,24,50,1,49
363679,25,48,3,45
363679,40,48,3,45
363679,41,36,1,35
363679,42,36,1,35
363679,43,36,1,35
363679,44,13,0,13
363679,45,23,1,22
363679,60,23,1,22
363712,1,51,51,0
363712,2,51,51,0
363712,3,51,51,0
363712,4,18,18,0
363712,5,33,33,0
363712,19,18,18,0
363712,20,15,15,0
363712,21,51,51,0
363712,22,51,51,0
363712,23,51,51,0
363712,24,18,18,0
363712,25,33,33,0
363712,39,18,18,0
363712,40,15,15,0
363721,1,336,140,196
363721,12,336,140,196
363721,21,195,82,113
363721,32,195,82,113
363721,41,141,58,83
363721,52,141,58,83
363882,1,53,1,52
363882,2,53,1,52
363882,3,53,1,52
363882,4,6,0,6
363882,5,47,1,46
363882,20,47,1,46
363882,21,3,0,3
363882,22,3,0,3
363882,23,3,0,3
363882,24,1,0,1
363882,25,2,0,2
363882,40,2,0,2
363882,41,50,1,49
363882,42,50,1,49
363882,43,50,1,49
363882,44,5,0,5
363882,45,45,1,44
363882,60,45,1,44
363907,1,1529,645,884
363907,2,1161,568,593
363907,3,1159,567,592
363907,4,159,74,85
363907,5,1000,493,507
363907,11,2,1,1
363907,12,368,77,291
363907,19,64,36,28
363907,20,936,457,479
363907,21,1087,480,607
363907,22,936,444,492
363907,23,936,444,492
363907,24,152,71,81
363907,25,784,373,411
363907,32,151,36,115
363907,39,53,32,21
363907,40,731,341,390
363907,41,442,165,277
363907,42,225,124,101
363907,43,223,123,100
363907,44,7,3,4
363907,45,216,120,96
363907,51,2,1,1
363907,52,217,41,176
363907,59,11,4,7
363907,60,205,116,89
363916,1,604,173,431
363916,2,489,157,332
363916,3,483,156,327
363916,4,29,8,21
363916,5,454,148,306
363916,11,6,1,5
363916,12,115,16,99
363916,19,32,14,18
363916,20,422,134,288
363916,21,445,133,312
363916,22,407,129,278
363916,23,406,129,277
363916,24,28,8,20
363916,25,378,121,257
363916,31,1,0,1
363916,32,38,4,34
363916,39,31,13,18
363916,40,347,108,239
363916,41,159,40,119
363916,42,82,28,54
363916,43,77,27,50
363916,44,1,0,1
363916,45,76,27,49
363916,51,5,1,4
363916,52,77,12,65
363916,59,1,1,0
363916,60,75,26,49
363934,1,1017,877,140
363934,2,959,833,126
363934,3,959,833,126
363934,4,107,94,13
363934,5,852,739,113
363934,12,58,44,14
363934,19,118,94,24
363934,20,734,645,89
363934,21,1014,875,139
363934,22,959,833,126
363934,23,959,833,126
363934,24,107,94,13
363934,25,852,739,113
363934,32,55,42,13
363934,39,118,94,24
363934,40,734,645,89
363934,41,3,2,1
363934,52,3,2,1
364016,1,9477,4145,5332
364016,2,9477,4145,5332
364016,3,7068,3145,3923
364016,4,1368,667,701
364016,5,5700,2478,3222
364016,11,2409,1000,1409
364016,19,851,378,473
364016,20,4849,2100,2749
364016,21,2671,1382,1289
364016,22,2671,1382,1289
364016,23,2378,1223,1155
364016,24,780,391,389
364016,25,1598,832,766
364016,31,293,159,134
364016,39,205,115,90
364016,40,1393,717,676
364016,41,6806,2763,4043
364016,42,6806,2763,4043
364016,43,4690,1922,2768
364016,44,588,276,312
364016,45,4102,1646,2456
364016,51,2116,841,1275
364016,59,646,263,383
364016,60,3456,1383,2073
364025,1,14399,6769,7630
364025,2,14399,6769,7630
364025,3,9621,4694,4927
364025,4,2004,996,1008
364025,5,7617,3698,3919
364025,11,4778,2075,2703
364025,19,879,417,462
364025,20,6738,3281,3457
364025,21,4467,2330,2137
364025,22,4467,2330,2137
364025,23,3867,2043,1824
364025,24,1269,629,640
364025,25,2598,1414,1184
364025,31,600,287,313
364025,39,266,156,110
364025,40,2332,1258,1074
364025,41,9932,4439,5493
364025,42,9932,4439,5493
364025,43,5754,2651,3103
364025,44,735,367,368
364025,45,5019,2284,2735
364025,51,4178,1788,2390
364025,59,613,261,352
364025,60,4406,2023,2383
364122,1,6,2,4
364122,2,6,2,4
364122,3,6,2,4
364122,5,6,2,4
364122,20,6,2,4
364122,21,6,2,4
364122,22,6,2,4
364122,23,6,2,4
364122,25,6,2,4
364122,40,6,2,4
364168,1,396,333,63
364168,2,396,333,63
364168,3,396,333,63
364168,4,159,127,32
364168,5,237,206,31
364168,19,2,2,0
364168,20,235,204,31
364168,21,385,324,61
364168,22,385,324,61
364168,23,385,324,61
364168,24,150,118,32
364168,25,235,206,29
364168,39,2,2,0
364168,40,233,204,29
364168,41,11,9,2
364168,42,11,9,2
364168,43,11,9,2
364168,44,9,9,0
364168,45,2,0,2
364168,60,2,0,2
364326,1,371,34,337
364326,2,371,34,337
364326,3,371,34,337
364326,5,371,34,337
364326,20,371,34,337
364326,21,371,34,337
364326,22,371,34,337
364326,23,371,34,337
364326,25,371,34,337
364326,40,371,34,337
364335,1,915,125,790
364335,2,915,125,790
364335,3,915,125,790
364335,4,108,11,97
364335,5,807,114,693
364335,20,807,114,693
364335,21,915,125,790
364335,22,915,125,790
364335,23,915,125,790
364335,24,108,11,97
364335,25,807,114,693
364335,40,807,114,693
364548,1,296,134,162
364548,2,296,134,162
364548,3,296,134,162
364548,4,278,129,149
364548,5,18,5,13
364548,20,18,5,13
364548,21,265,109,156
364548,22,265,109,156
364548,23,265,109,156
364548,24,248,105,143
364548,25,17,4,13
364548,40,17,4,13
364548,41,31,25,6
364548,42,31,25,6
364548,43,31,25,6
364548,44,30,24,6
364548,45,1,1,0
364548,60,1,1,0
364575,1,39,5,34
364575,2,39,5,34
364575,3,39,5,34
364575,4,24,3,21
364575,5,15,2,13
364575,20,15,2,13
364575,21,39,5,34
364575,22,39,5,34
364575,23,39,5,34
364575,24,24,3,21
364575,25,15,2,13
364575,40,15,2,13
364584,1,129,24,105
364584,2,129,24,105
364584,3,129,24,105
364584,4,32,4,28
364584,5,97,20,77
364584,20,97,20,77
364584,21,65,16,49
364584,22,65,16,49
364584,23,65,16,49
364584,24,26,3,23
364584,25,39,13,26
364584,40,39,13,26
364584,41,64,8,56
364584,42,64,8,56
364584,43,64,8,56
364584,44,6,1,5
364584,45,58,7,51
364584,60,58,7,51
364593,1,2,0,2
364593,2,2,0,2
364593,3,2,0,2
364593,5,2,0,2
364593,20,2,0,2
364593,21,2,0,2
364593,22,2,0,2
364593,23,2,0,2
364593,25,2,0,2
364593,40,2,0,2
364618,1,34,2,32
364618,2,34,2,32
364618,3,34,2,32
364618,4,21,1,20
364618,5,13,1,12
364618,20,13,1,12
364618,21,34,2,32
364618,22,34,2,32
364618,23,34,2,32
364618,24,21,1,20
364618,25,13,1,12
364618,40,13,1,12
364627,1,421,194,227
364627,2,421,194,227
364627,3,421,194,227
364627,4,270,121,149
364627,5,151,73,78
364627,20,151,73,78
364627,21,107,23,84
364627,22,107,23,84
364627,23,107,23,84
364627,24,67,16,51
364627,25,40,7,33
364627,40,40,7,33
364627,41,314,171,143
364627,42,314,171,143
364627,43,314,171,143
364627,44,203,105,98
364627,45,111,66,45
364627,60,111,66,45
364636,1,55,30,25
364636,2,55,30,25
364636,3,55,30,25
364636,4,32,21,11
364636,5,23,9,14
364636,20,23,9,14
364636,21,55,30,25
364636,22,55,30,25
364636,23,55,30,25
364636,24,32,21,11
364636,25,23,9,14
364636,40,23,9,14
364751,1,221,10,211
364751,2,221,10,211
364751,3,221,10,211
364751,4,66,3,63
364751,5,155,7,148
364751,20,155,7,148
364751,21,221,10,211
364751,22,221,10,211
364751,23,221,10,211
364751,24,66,3,63
364751,25,155,7,148
364751,40,155,7,148
364760,1,75,7,68
364760,2,75,7,68
364760,3,75,7,68
364760,4,61,5,56
364760,5,14,2,12
364760,20,14,2,12
364760,21,39,3,36
364760,22,39,3,36
364760,23,39,3,36
364760,24,34,3,31
364760,25,5,0,5
364760,40,5,0,5
364760,41,36,4,32
364760,42,36,4,32
364760,43,36,4,32
364760,44,27,2,25
364760,45,9,2,7
364760,60,9,2,7
364812,1,52,0,52
364812,2,52,0,52
364812,3,52,0,52
364812,4,28,0,28
364812,5,24,0,24
364812,20,24,0,24
364812,21,4,0,4
364812,22,4,0,4
364812,23,4,0,4
364812,24,1,0,1
364812,25,3,0,3
364812,40,3,0,3
364812,41,48,0,48
364812,42,48,0,48
364812,43,48,0,48
364812,44,27,0,27
364812,45,21,0,21
364812,60,21,0,21
364946,1,198,85,113
364946,2,198,85,113
364946,3,198,85,113
364946,4,98,45,53
364946,5,100,40,60
364946,20,100,40,60
364946,21,72,29,43
364946,22,72,29,43
364946,23,72,29,43
364946,24,24,13,11
364946,25,48,16,32
364946,40,48,16,32
364946,41,126,56,70
364946,42,126,56,70
364946,43,126,56,70
364946,44,74,32,42
364946,45,52,24,28
364946,60,52,24,28
364955,1,645,124,521
364955,2,645,124,521
364955,3,645,124,521
364955,4,126,12,114
364955,5,519,112,407
364955,19,38,11,27
364955,20,481,101,380
364955,21,645,124,521
364955,22,645,124,521
364955,23,645,124,521
364955,24,126,12,114
364955,25,519,112,407
364955,39,38,11,27
364955,40,481,101,380
364964,1,134,49,85
364964,2,134,49,85
364964,3,134,49,85
364964,4,73,36,37
364964,5,61,13,48
364964,20,61,13,48
364964,21,72,4,68
364964,22,72,4,68
364964,23,72,4,68
364964,24,31,1,30
364964,25,41,3,38
364964,40,41,3,38
364964,41,62,45,17
364964,42,62,45,17
364964,43,62,45,17
364964,44,42,35,7
364964,45,20,10,10
364964,60,20,10,10
364973,1,655,358,297
364973,2,655,358,297
364973,3,655,358,297
364973,4,132,66,66
364973,5,523,292,231
364973,19,37,23,14
364973,20,486,269,217
364973,21,655,358,297
364973,22,655,358,297
364973,23,655,358,297
364973,24,132,66,66
364973,25,523,292,231
364973,39,37,23,14
364973,40,486,269,217
365055,1,1158,522,636
365055,2,1158,522,636
365055,3,1158,522,636
365055,4,296,146,150
365055,5,862,376,486
365055,19,77,32,45
365055,20,785,344,441
365055,21,920,416,504
365055,22,920,416,504
365055,23,920,416,504
365055,24,262,131,131
365055,25,658,285,373
365055,39,62,23,39
365055,40,596,262,334
365055,41,238,106,132
365055,42,238,106,132
365055,43,238,106,132
365055,44,34,15,19
365055,45,204,91,113
365055,59,15,9,6
365055,60,189,82,107
365073,1,94,2,92
365073,2,94,2,92
365073,3,94,2,92
365073,4,10,0,10
365073,5,84,2,82
365073,20,84,2,82
365073,21,68,2,66
365073,22,68,2,66
365073,23,68,2,66
365073,24,3,0,3
365073,25,65,2,63
365073,40,65,2,63
365073,41,26,0,26
365073,42,26,0,26
365073,43,26,0,26
365073,44,7,0,7
365073,45,19,0,19
365073,60,19,0,19
365091,1,328,17,311
365091,2,328,17,311
365091,3,328,17,311
365091,4,21,2,19
365091,5,307,15,292
365091,20,307,15,292
365091,21,328,17,311
365091,22,328,17,311
365091,23,328,17,311
365091,24,21,2,19
365091,25,307,15,292
365091,40,307,15,292
365125,1,136,8,128
365125,2,136,8,128
365125,3,136,8,128
365125,4,22,0,22
365125,5,114,8,106
365125,20,114,8,106
365125,21,136,8,128
365125,22,136,8,128
365125,23,136,8,128
365125,24,22,0,22
365125,25,114,8,106
365125,40,114,8,106
365198,1,470,203,267
365198,2,470,203,267
365198,3,92,27,65
365198,4,22,6,16
365198,5,70,21,49
365198,11,378,176,202
365198,20,70,21,49
365198,21,63,10,53
365198,22,63,10,53
365198,23,63,10,53
365198,24,17,3,14
365198,25,46,7,39
365198,40,46,7,39
365198,41,407,193,214
365198,42,407,193,214
365198,43,29,17,12
365198,44,5,3,2
365198,45,24,14,10
365198,51,378,176,202
365198,60,24,14,10
365204,1,2746,816,1930
365204,2,2746,816,1930
365204,3,2746,816,1930
365204,4,2026,578,1448
365204,5,720,238,482
365204,20,720,238,482
365204,21,2746,816,1930
365204,22,2746,816,1930
365204,23,2746,816,1930
365204,24,2026,578,1448
365204,25,720,238,482
365204,40,720,238,482
365213,1,543,282,261
365213,2,543,282,261
365213,3,252,119,133
365213,4,81,49,32
365213,5,171,70,101
365213,11,291,163,128
365213,20,171,70,101
365213,21,100,50,50
365213,22,100,50,50
365213,23,100,50,50
365213,24,16,14,2
365213,25,84,36,48
365213,40,84,36,48
365213,41,443,232,211
365213,42,443,232,211
365213,43,152,69,83
365213,44,65,35,30
365213,45,87,34,53
365213,51,291,163,128
365213,60,87,34,53
365240,1,171,94,77
365240,2,171,94,77
365240,3,171,94,77
365240,4,53,28,25
365240,5,118,66,52
365240,20,118,66,52
365240,21,115,53,62
365240,22,115,53,62
365240,23,115,53,62
365240,24,42,21,21
365240,25,73,32,41
365240,40,73,32,41
365240,41,56,41,15
365240,42,56,41,15
365240,43,56,41,15
365240,44,11,7,4
365240,45,45,34,11
365240,60,45,34,11
365374,1,1402,773,629
365374,2,1402,773,629
365374,3,360,168,192
365374,4,127,78,49
365374,5,233,90,143
365374,11,1042,605,437
365374,20,233,90,143
365374,21,258,105,153
365374,22,258,105,153
365374,23,258,105,153
365374,24,67,35,32
365374,25,191,70,121
365374,40,191,70,121
365374,41,1144,668,476
365374,42,1144,668,476
365374,43,102,63,39
365374,44,60,43,17
365374,45,42,20,22
365374,51,1042,605,437
365374,60,42,20,22
365383,1,119,16,103
365383,2,119,16,103
365383,3,119,16,103
365383,4,108,15,93
365383,5,11,1,10
365383,20,11,1,10
365383,21,119,16,103
365383,22,119,16,103
365383,23,119,16,103
365383,24,108,15,93
365383,25,11,1,10
365383,40,11,1,10
365426,1,322,151,171
365426,12,322,151,171
365426,21,227,95,132
365426,32,227,95,132
365426,41,95,56,39
365426,52,95,56,39
365453,1,17,0,17
365453,2,17,0,17
365453,3,17,0,17
365453,4,3,0,3
365453,5,14,0,14
365453,20,14,0,14
365453,21,17,0,17
365453,22,17,0,17
365453,23,17,0,17
365453,24,3,0,3
365453,25,14,0,14
365453,40,14,0,14
365480,1,807,438,369
365480,2,807,438,369
365480,3,304,156,148
365480,4,121,76,45
365480,5,183,80,103
365480,11,503,282,221
365480,20,183,80,103
365480,21,155,62,93
365480,22,155,62,93
365480,23,155,62,93
365480,24,45,24,21
365480,25,110,38,72
365480,40,110,38,72
365480,41,652,376,276
365480,42,652,376,276
365480,43,149,94,55
365480,44,76,52,24
365480,45,73,42,31
365480,51,503,282,221
365480,60,73,42,31
365505,1,55,9,46
365505,2,55,9,46
365505,3,55,9,46
365505,4,55,9,46
365505,21,55,9,46
365505,22,55,9,46
365505,23,55,9,46
365505,24,55,9,46
365569,1,28,10,18
365569,2,28,10,18
365569,3,28,10,18
365569,4,20,6,14
365569,5,8,4,4
365569,20,8,4,4
365569,21,16,5,11
365569,22,16,5,11
365569,23,16,5,11
365569,24,13,5,8
365569,25,3,0,3
365569,40,3,0,3
365569,41,12,5,7
365569,42,12,5,7
365569,43,12,5,7
365569,44,7,1,6
365569,45,5,4,1
365569,60,5,4,1
365693,1,144,2,142
365693,2,144,2,142
365693,3,144,2,142
365693,4,103,1,102
365693,5,41,1,40
365693,20,41,1,40
365693,21,118,2,116
365693,22,118,2,116
365693,23,118,2,116
365693,24,85,1,84
365693,25,33,1,32
365693,40,33,1,32
365693,41,26,0,26
365693,42,26,0,26
365693,43,26,0,26
365693,44,18,0,18
365693,45,8,0,8
365693,60,8,0,8
365763,1,53,25,28
365763,2,53,25,28
365763,3,43,22,21
365763,4,31,16,15
365763,5,12,6,6
365763,11,10,3,7
365763,20,12,6,6
365763,21,53,25,28
365763,22,53,25,28
365763,23,43,22,21
365763,24,31,16,15
365763,25,12,6,6
365763,31,10,3,7
365763,40,12,6,6
365824,1,186,13,173
365824,2,186,13,173
365824,3,186,13,173
365824,4,62,4,58
365824,5,124,9,115
365824,20,124,9,115
365824,21,186,13,173
365824,22,186,13,173
365824,23,186,13,173
365824,24,62,4,58
365824,25,124,9,115
365824,40,124,9,115
365833,1,176,13,163
365833,2,176,13,163
365833,3,176,13,163
365833,4,51,4,47
365833,5,125,9,116
365833,20,125,9,116
365833,21,176,13,163
365833,22,176,13,163
365833,23,176,13,163
365833,24,51,4,47
365833,25,125,9,116
365833,40,125,9,116
366003,1,126,79,47
366003,2,110,65,45
366003,3,107,63,44
366003,4,31,21,10
366003,5,76,42,34
366003,11,3,2,1
366003,12,16,14,2
366003,20,76,42,34
366003,21,30,21,9
366003,22,21,12,9
366003,23,21,12,9
366003,24,13,6,7
366003,25,8,6,2
366003,32,9,9,0
366003,40,8,6,2
366003,41,96,58,38
366003,42,89,53,36
366003,43,86,51,35
366003,44,18,15,3
366003,45,68,36,32
366003,51,3,2,1
366003,52,7,5,2
366003,60,68,36,32
366155,1,27,22,5
366155,2,27,22,5
366155,3,27,22,5
366155,4,12,10,2
366155,5,15,12,3
366155,20,15,12,3
366155,21,27,22,5
366155,22,27,22,5
366155,23,27,22,5
366155,24,12,10,2
366155,25,15,12,3
366155,40,15,12,3
366191,1,1343,1303,40
366191,2,1343,1303,40
366191,3,1343,1303,40
366191,4,373,363,10
366191,5,970,940,30
366191,20,970,940,30
366191,21,1343,1303,40
366191,22,1343,1303,40
366191,23,1343,1303,40
366191,24,373,363,10
366191,25,970,940,30
366191,40,970,940,30
366252,1,5678,3575,2103
366252,2,5678,3575,2103
366252,3,5615,3548,2067
366252,4,1418,975,443
366252,5,4197,2573,1624
366252,11,63,27,36
366252,19,435,240,195
366252,20,3762,2333,1429
366252,21,4774,3201,1573
366252,22,4774,3201,1573
366252,23,4766,3197,1569
366252,24,1387,962,425
366252,25,3379,2235,1144
366252,31,8,4,4
366252,39,365,220,145
366252,40,3014,2015,999
366252,41,904,374,530
366252,42,904,374,530
366252,43,849,351,498
366252,44,31,13,18
366252,45,818,338,480
366252,51,55,23,32
366252,59,70,20,50
366252,60,748,318,430
366261,1,219,96,123
366261,2,219,96,123
366261,3,219,96,123
366261,4,39,15,24
366261,5,180,81,99
366261,19,21,7,14
366261,20,159,74,85
366261,21,200,89,111
366261,22,200,89,111
366261,23,200,89,111
366261,24,39,15,24
366261,25,161,74,87
366261,39,6,2,4
366261,40,155,72,83
366261,41,19,7,12
366261,42,19,7,12
366261,43,19,7,12
366261,45,19,7,12
366261,59,15,5,10
366261,60,4,2,2
366270,1,678,21,657
366270,2,678,21,657
366270,3,678,21,657
366270,4,48,2,46
366270,5,630,19,611
366270,19,162,4,158
366270,20,468,15,453
366270,21,678,21,657
366270,22,678,21,657
366270,23,678,21,657
366270,24,48,2,46
366270,25,630,19,611
366270,39,162,4,158
366270,40,468,15,453
366289,1,134,62,72
366289,2,134,62,72
366289,3,4,2,2
366289,4,4,2,2
366289,11,130,60,70
366289,21,134,62,72
366289,22,134,62,72
366289,23,4,2,2
366289,24,4,2,2
366289,31,130,60,70
366340,1,404,199,205
366340,2,404,199,205
366340,3,316,159,157
366340,4,124,55,69
366340,5,192,104,88
366340,11,88,40,48
366340,20,192,104,88
366340,21,206,105,101
366340,22,206,105,101
366340,23,205,105,100
366340,24,43,23,20
366340,25,162,82,80
366340,31,1,0,1
366340,40,162,82,80
366340,41,198,94,104
366340,42,198,94,104
366340,43,111,54,57
366340,44,81,32,49
366340,45,30,22,8
366340,51,87,40,47
366340,60,30,22,8
366368,1,104,54,50
366368,12,104,54,50
366368,21,104,54,50
366368,32,104,54,50
366395,1,26711,12423,14288
366395,2,26711,12423,14288
366395,3,22701,10660,12041
366395,4,5445,2881,2564
366395,5,17256,7779,9477
366395,11,4010,1763,2247
366395,19,1322,652,670
366395,20,15934,7127,8807
366395,21,14831,7386,7445
366395,22,14831,7386,7445
366395,23,14813,7377,7436
366395,24,4603,2455,2148
366395,25,10210,4922,5288
366395,31,18,9,9
366395,39,1019,521,498
366395,40,9191,4401,4790
366395,41,11880,5037,6843
366395,42,11880,5037,6843
366395,43,7888,3283,4605
366395,44,842,426,416
366395,45,7046,2857,4189
366395,51,3992,1754,2238
366395,59,303,131,172
366395,60,6743,2726,4017
366401,1,8631,4286,4345
366401,2,8631,4286,4345
366401,3,7955,3978,3977
366401,4,1693,904,789
366401,5,6262,3074,3188
366401,11,676,308,368
366401,19,789,367,422
366401,20,5473,2707,2766
366401,21,2923,1572,1351
366401,22,2923,1572,1351
366401,23,2890,1552,1338
366401,24,868,476,392
366401,25,2022,1076,946
366401,31,33,20,13
366401,39,144,84,60
366401,40,1878,992,886
366401,41,5708,2714,2994
366401,42,5708,2714,2994
366401,43,5065,2426,2639
366401,44,825,428,397
366401,45,4240,1998,2242
366401,51,643,288,355
366401,59,645,283,362
366401,60,3595,1715,1880
366438,1,92,3,89
366438,2,92,3,89
366438,3,92,3,89
366438,4,69,3,66
366438,5,23,0,23
366438,20,23,0,23
366438,21,40,0,40
366438,22,40,0,40
366438,23,40,0,40
366438,24,25,0,25
366438,25,15,0,15
366438,40,15,0,15
366438,41,52,3,49
366438,42,52,3,49
366438,43,52,3,49
366438,44,44,3,41
366438,45,8,0,8
366438,60,8,0,8
366447,1,1244,567,677
366447,2,1244,567,677
366447,3,1109,513,596
366447,4,270,159,111
366447,5,839,354,485
366447,11,135,54,81
366447,19,134,41,93
366447,20,705,313,392
366447,21,356,173,183
366447,22,356,173,183
366447,23,344,165,179
366447,24,79,54,25
366447,25,265,111,154
366447,31,12,8,4
366447,39,39,11,28
366447,40,226,100,126
366447,41,888,394,494
366447,42,888,394,494
366447,43,765,348,417
366447,44,191,105,86
366447,45,574,243,331
366447,51,123,46,77
366447,59,95,30,65
366447,60,479,213,266
366465,1,2216,694,1522
366465,2,2216,694,1522
366465,3,2149,674,1475
366465,4,350,154,196
366465,5,1799,520,1279
366465,11,67,20,47
366465,19,582,187,395
366465,20,1217,333,884
366465,21,854,310,544
366465,22,854,310,544
366465,23,854,310,544
366465,24,157,76,81
366465,25,697,234,463
366465,39,242,98,144
366465,40,455,136,319
366465,41,1362,384,978
366465,42,1362,384,978
366465,43,1295,364,931
366465,44,193,78,115
366465,45,1102,286,816
366465,51,67,20,47
366465,59,340,89,251
366465,60,762,197,565
366535,1,472,124,348
366535,2,472,124,348
366535,3,472,124,348
366535,4,171,44,127
366535,5,301,80,221
366535,19,32,32,0
366535,20,269,48,221
366535,21,472,124,348
366535,22,472,124,348
366535,23,472,124,348
366535,24,171,44,127
366535,25,301,80,221
366535,39,32,32,0
366535,40,269,48,221
366544,1,383,80,303
366544,2,383,80,303
366544,3,383,80,303
366544,4,46,6,40
366544,5,337,74,263
366544,19,43,6,37
366544,20,294,68,226
366544,21,326,59,267
366544,22,326,59,267
366544,23,326,59,267
366544,24,46,6,40
366544,25,280,53,227
366544,39,39,4,35
366544,40,241,49,192
366544,41,57,21,36
366544,42,57,21,36
366544,43,57,21,36
366544,45,57,21,36
366544,59,4,2,2
366544,60,53,19,34
366553,1,1263,308,955
366553,2,1263,308,955
366553,3,1261,308,953
366553,4,156,38,118
366553,5,1105,270,835
366553,11,2,0,2
366553,19,236,37,199
366553,20,869,233,636
366553,21,880,245,635
366553,22,880,245,635
366553,23,880,245,635
366553,24,119,33,86
366553,25,761,212,549
366553,39,148,27,121
366553,40,613,185,428
366553,41,383,63,320
366553,42,383,63,320
366553,43,381,63,318
366553,44,37,5,32
366553,45,344,58,286
366553,51,2,0,2
366553,59,88,10,78
366553,60,256,48,208
366571,1,24,3,21
366571,2,24,3,21
366571,3,24,3,21
366571,5,24,3,21
366571,20,24,3,21
366571,21,24,3,21
366571,22,24,3,21
366571,23,24,3,21
366571,25,24,3,21
366571,40,24,3,21
366580,1,478,425,53
366580,2,478,425,53
366580,3,478,425,53
366580,4,50,43,7
366580,5,428,382,46
366580,19,9,7,2
366580,20,419,375,44
366580,21,368,331,37
366580,22,368,331,37
366580,23,368,331,37
366580,24,44,38,6
366580,25,324,293,31
366580,39,9,7,2
366580,40,315,286,29
366580,41,110,94,16
366580,42,110,94,16
366580,43,110,94,16
366580,44,6,5,1
366580,45,104,89,15
366580,60,104,89,15
366605,1,53,12,41
366605,12,53,12,41
366605,21,44,11,33
366605,32,44,11,33
366605,41,9,1,8
366605,52,9,1,8
366623,1,108,57,51
366623,2,108,57,51
366623,3,108,57,51
366623,4,6,3,3
366623,5,102,54,48
366623,20,102,54,48
366623,21,7,4,3
366623,22,7,4,3
366623,23,7,4,3
366623,24,3,2,1
366623,25,4,2,2
366623,40,4,2,2
366623,41,101,53,48
366623,42,101,53,48
366623,43,101,53,48
366623,44,3,1,2
366623,45,98,52,46
366623,60,98,52,46
366632,1,40,3,37
366632,2,40,3,37
366632,3,40,3,37
366632,4,21,0,21
366632,5,19,3,16
366632,20,19,3,16
366632,21,40,3,37
366632,22,40,3,37
366632,23,40,3,37
366632,24,21,0,21
366632,25,19,3,16
366632,40,19,3,16
366650,1,400,319,81
366650,2,400,319,81
366650,3,400,319,81
366650,4,67,52,15
366650,5,333,267,66
366650,19,5,3,2
366650,20,328,264,64
366650,21,294,241,53
366650,22,294,241,53
366650,23,294,241,53
366650,24,49,41,8
366650,25,245,200,45
366650,39,4,3,1
366650,40,241,197,44
366650,41,106,78,28
366650,42,106,78,28
366650,43,106,78,28
366650,44,18,11,7
366650,45,88,67,21
366650,59,1,0,1
366650,60,87,67,20
366678,1,432,361,71
366678,2,432,361,71
366678,3,432,361,71
366678,4,66,53,13
366678,5,366,308,58
366678,19,10,9,1
366678,20,356,299,57
366678,21,348,294,54
366678,22,348,294,54
366678,23,348,294,54
366678,24,61,50,11
366678,25,287,244,43
366678,39,9,8,1
366678,40,278,236,42
366678,41,84,67,17
366678,42,84,67,17
366678,43,84,67,17
366678,44,5,3,2
366678,45,79,64,15
366678,59,1,1,0
366678,60,78,63,15
366696,1,650,512,138
366696,2,650,512,138
366696,3,650,512,138
366696,4,109,80,29
366696,5,541,432,109
366696,19,5,5,0
366696,20,536,427,109
366696,21,575,453,122
366696,22,575,453,122
366696,23,575,453,122
366696,24,105,77,28
366696,25,470,376,94
366696,39,5,5,0
366696,40,465,371,94
366696,41,75,59,16
366696,42,75,59,16
366696,43,75,59,16
366696,44,4,3,1
366696,45,71,56,15
366696,60,71,56,15
366711,1,11300,4418,6882
366711,2,10738,4245,6493
366711,3,10689,4231,6458
366711,4,2158,761,1397
366711,5,8531,3470,5061
366711,11,49,14,35
366711,12,562,173,389
366711,19,1614,695,919
366711,20,6917,2775,4142
366711,21,9177,3535,5642
366711,22,8852,3436,5416
366711,23,8824,3428,5396
366711,24,2100,734,1366
366711,25,6724,2694,4030
366711,31,28,8,20
366711,32,325,99,226
366711,39,1186,519,667
366711,40,5538,2175,3363
366711,41,2123,883,1240
366711,42,1886,809,1077
366711,43,1865,803,1062
366711,44,58,27,31
366711,45,1807,776,1031
366711,51,21,6,15
366711,52,237,74,163
366711,59,428,176,252
366711,60,1379,600,779
366748,1,795,285,510
366748,2,326,138,188
366748,3,311,133,178
366748,4,15,5,10
366748,5,296,128,168
366748,11,15,5,10
366748,12,469,147,322
366748,19,120,45,75
366748,20,176,83,93
366748,21,289,109,180
366748,22,130,52,78
366748,23,118,49,69
366748,24,6,1,5
366748,25,112,48,64
366748,31,12,3,9
366748,32,159,57,102
366748,39,44,18,26
366748,40,68,30,38
366748,41,506,176,330
366748,42,196,86,110
366748,43,193,84,109
366748,44,9,4,5
366748,45,184,80,104
366748,51,3,2,1
366748,52,310,90,220
366748,59,76,27,49
366748,60,108,53,55
366793,1,77,36,41
366793,12,77,36,41
366793,21,35,15,20
366793,32,35,15,20
366793,41,42,21,21
366793,52,42,21,21
366960,1,490,99,391
366960,2,490,99,391
366960,3,490,99,391
366960,4,88,11,77
366960,5,402,88,314
366960,19,13,4,9
366960,20,389,84,305
366960,21,490,99,391
366960,22,490,99,391
366960,23,490,99,391
366960,24,88,11,77
366960,25,402,88,314
366960,39,13,4,9
366960,40,389,84,305
367024,1,875,240,635
367024,2,780,210,570
367024,3,779,210,569
367024,4,91,28,63
367024,5,688,182,506
367024,11,1,0,1
367024,12,95,30,65
367024,19,231,67,164
367024,20,457,115,342
367024,21,553,152,401
367024,22,502,134,368
367024,23,502,134,368
367024,24,60,17,43
367024,25,442,117,325
367024,32,51,18,33
367024,39,141,46,95
367024,40,301,71,230
367024,41,322,88,234
367024,42,278,76,202
367024,43,277,76,201
367024,44,31,11,20
367024,45,246,65,181
367024,51,1,0,1
367024,52,44,12,32
367024,59,90,21,69
367024,60,156,44,112
367051,1,111,2,109
367051,2,111,2,109
367051,3,111,2,109
367051,4,46,1,45
367051,5,65,1,64
367051,20,65,1,64
367051,21,58,2,56
367051,22,58,2,56
367051,23,58,2,56
367051,24,19,1,18
367051,25,39,1,38
367051,40,39,1,38
367051,41,53,0,53
367051,42,53,0,53
367051,43,53,0,53
367051,44,27,0,27
367051,45,26,0,26
367051,60,26,0,26
367088,1,74,2,72
367088,2,74,2,72
367088,3,74,2,72
367088,4,25,2,23
367088,5,49,0,49
367088,20,49,0,49
367088,21,74,2,72
367088,22,74,2,72
367088,23,74,2,72
367088,24,25,2,23
367088,25,49,0,49
367088,40,49,0,49
367097,1,113,39,74
367097,2,113,39,74
367097,3,113,39,74
367097,4,47,16,31
367097,5,66,23,43
367097,20,66,23,43
367097,21,113,39,74
367097,22,113,39,74
367097,23,113,39,74
367097,24,47,16,31
367097,25,66,23,43
367097,40,66,23,43
367103,1,30,9,21
367103,2,30,9,21
367103,3,30,9,21
367103,4,5,0,5
367103,5,25,9,16
367103,20,25,9,16
367103,21,30,9,21
367103,22,30,9,21
367103,23,30,9,21
367103,24,5,0,5
367103,25,25,9,16
367103,40,25,9,16
367112,1,580,112,468
367112,2,580,112,468
367112,3,580,112,468
367112,4,125,28,97
367112,5,455,84,371
367112,19,66,15,51
367112,20,389,69,320
367112,21,382,75,307
367112,22,382,75,307
367112,23,382,75,307
367112,24,107,22,85
367112,25,275,53,222
367112,39,26,8,18
367112,40,249,45,204
367112,41,198,37,161
367112,42,198,37,161
367112,43,198,37,161
367112,44,18,6,12
367112,45,180,31,149
367112,59,40,7,33
367112,60,140,24,116
367130,1,116,7,109
367130,2,116,7,109
367130,3,116,7,109
367130,4,39,3,36
367130,5,77,4,73
367130,20,77,4,73
367130,21,78,5,73
367130,22,78,5,73
367130,23,78,5,73
367130,24,30,3,27
367130,25,48,2,46
367130,40,48,2,46
367130,41,38,2,36
367130,42,38,2,36
367130,43,38,2,36
367130,44,9,0,9
367130,45,29,2,27
367130,60,29,2,27
367158,1,80,2,78
367158,2,80,2,78
367158,3,80,2,78
367158,4,17,1,16
367158,5,63,1,62
367158,20,63,1,62
367158,21,80,2,78
367158,22,80,2,78
367158,23,80,2,78
367158,24,17,1,16
367158,25,63,1,62
367158,40,63,1,62
367194,1,596,445,151
367194,2,576,430,146
367194,3,556,419,137
367194,4,101,74,27
367194,5,455,345,110
367194,11,20,11,9
367194,12,20,15,5
367194,19,94,69,25
367194,20,361,276,85
367194,21,393,292,101
367194,22,381,283,98
367194,23,381,283,98
367194,24,87,65,22
367194,25,294,218,76
367194,32,12,9,3
367194,39,62,43,19
367194,40,232,175,57
367194,41,203,153,50
367194,42,195,147,48
367194,43,175,136,39
367194,44,14,9,5
367194,45,161,127,34
367194,51,20,11,9
367194,52,8,6,2
367194,59,32,26,6
367194,60,129,101,28
367316,1,177,16,161
367316,2,177,16,161
367316,3,177,16,161
367316,4,107,12,95
367316,5,70,4,66
367316,20,70,4,66
367316,21,177,16,161
367316,22,177,16,161
367316,23,177,16,161
367316,24,107,12,95
367316,25,70,4,66
367316,40,70,4,66
367334,1,179,164,15
367334,2,179,164,15
367334,3,179,164,15
367334,4,125,117,8
367334,5,54,47,7
367334,20,54,47,7
367334,21,114,105,9
367334,22,114,105,9
367334,23,114,105,9
367334,24,83,78,5
367334,25,31,27,4
367334,40,31,27,4
367334,41,65,59,6
367334,42,65,59,6
367334,43,65,59,6
367334,44,42,39,3
367334,45,23,20,3
367334,60,23,20,3
367361,1,31,9,22
367361,2,31,9,22
367361,3,30,9,21
367361,4,12,3,9
367361,5,18,6,12
367361,11,1,0,1
367361,20,18,6,12
367361,21,30,9,21
367361,22,30,9,21
367361,23,30,9,21
367361,24,12,3,9
367361,25,18,6,12
367361,40,18,6,12
367361,41,1,0,1
367361,42,1,0,1
367361,51,1,0,1
367398,1,267,52,215
367398,2,267,52,215
367398,3,267,52,215
367398,4,214,42,172
367398,5,53,10,43
367398,20,53,10,43
367398,21,154,29,125
367398,22,154,29,125
367398,23,154,29,125
367398,24,118,22,96
367398,25,36,7,29
367398,40,36,7,29
367398,41,113,23,90
367398,42,113,23,90
367398,43,113,23,90
367398,44,96,20,76
367398,45,17,3,14
367398,60,17,3,14
367431,1,34,5,29
367431,2,34,5,29
367431,3,34,5,29
367431,4,23,3,20
367431,5,11,2,9
367431,20,11,2,9
367431,21,34,5,29
367431,22,34,5,29
367431,23,34,5,29
367431,24,23,3,20
367431,25,11,2,9
367431,40,11,2,9
367459,1,8020,3353,4667
367459,2,8020,3353,4667
367459,3,6698,2811,3887
367459,4,1559,716,843
367459,5,5139,2095,3044
367459,11,1322,542,780
367459,19,566,244,322
367459,20,4573,1851,2722
367459,21,2843,1322,1521
367459,22,2843,1322,1521
367459,23,2752,1265,1487
367459,24,952,449,503
367459,25,1800,816,984
367459,31,91,57,34
367459,39,253,127,126
367459,40,1547,689,858
367459,41,5177,2031,3146
367459,42,5177,2031,3146
367459,43,3946,1546,2400
367459,44,607,267,340
367459,45,3339,1279,2060
367459,51,1231,485,746
367459,59,313,117,196
367459,60,3026,1162,1864
367662,1,55,1,54
367662,2,55,1,54
367662,3,55,1,54
367662,4,51,1,50
367662,5,4,0,4
367662,20,4,0,4
367662,21,7,0,7
367662,22,7,0,7
367662,23,7,0,7
367662,24,6,0,6
367662,25,1,0,1
367662,40,1,0,1
367662,41,48,1,47
367662,42,48,1,47
367662,43,48,1,47
367662,44,45,1,44
367662,45,3,0,3
367662,60,3,0,3
367839,1,375,153,222
367839,2,343,145,198
367839,3,343,145,198
367839,4,35,18,17
367839,5,308,127,181
367839,12,32,8,24
367839,19,33,9,24
367839,20,275,118,157
367839,21,349,145,204
367839,22,329,138,191
367839,23,329,138,191
367839,24,32,15,17
367839,25,297,123,174
367839,32,20,7,13
367839,39,28,8,20
367839,40,269,115,154
367839,41,26,8,18
367839,42,14,7,7
367839,43,14,7,7
367839,44,3,3,0
367839,45,11,4,7
367839,52,12,1,11
367839,59,5,1,4
367839,60,6,3,3
367875,1,202,97,105
367875,2,202,97,105
367875,3,202,97,105
367875,4,87,38,49
367875,5,115,59,56
367875,20,115,59,56
367875,21,202,97,105
367875,22,202,97,105
367875,23,202,97,105
367875,24,87,38,49
367875,25,115,59,56
367875,40,115,59,56
367884,1,2078,735,1343
367884,2,1877,677,1200
367884,3,1864,672,1192
367884,4,170,72,98
367884,5,1694,600,1094
367884,11,13,5,8
367884,12,201,58,143
367884,19,287,103,184
367884,20,1407,497,910
367884,21,1323,512,811
367884,22,1303,505,798
367884,23,1303,505,798
367884,24,145,61,84
367884,25,1158,444,714
367884,32,20,7,13
367884,39,221,85,136
367884,40,937,359,578
367884,41,755,223,532
367884,42,574,172,402
367884,43,561,167,394
367884,44,25,11,14
367884,45,536,156,380
367884,51,13,5,8
367884,52,181,51,130
367884,59,66,18,48
367884,60,470,138,332
367909,1,449,97,352
367909,2,449,97,352
367909,3,449,97,352
367909,4,44,11,33
367909,5,405,86,319
367909,19,58,14,44
367909,20,347,72,275
367909,21,319,63,256
367909,22,319,63,256
367909,23,319,63,256
367909,24,44,11,33
367909,25,275,52,223
367909,39,38,9,29
367909,40,237,43,194
367909,41,130,34,96
367909,42,130,34,96
367909,43,130,34,96
367909,45,130,34,96
367909,59,20,5,15
367909,60,110,29,81
367936,1,1920,447,1473
367936,2,435,132,303
367936,3,434,132,302
367936,4,51,19,32
367936,5,383,113,270
367936,11,1,0,1
367936,12,1485,315,1170
367936,19,103,24,79
367936,20,280,89,191
367936,21,236,58,178
367936,22,112,33,79
367936,23,112,33,79
367936,24,17,7,10
367936,25,95,26,69
367936,32,124,25,99
367936,39,32,8,24
367936,40,63,18,45
367936,41,1684,389,1295
367936,42,323,99,224
367936,43,322,99,223
367936,44,34,12,22
367936,45,288,87,201
367936,51,1,0,1
367936,52,1361,290,1071
367936,59,71,16,55
367936,60,217,71,146
367954,1,1705,637,1068
367954,12,1705,637,1068
367954,21,1363,503,860
367954,32,1363,503,860
367954,41,342,134,208
367954,52,342,134,208
367972,1,131,12,119
367972,2,131,12,119
367972,3,131,12,119
367972,4,30,1,29
367972,5,101,11,90
367972,20,101,11,90
367972,21,131,12,119
367972,22,131,12,119
367972,23,131,12,119
367972,24,30,1,29
367972,25,101,11,90
367972,40,101,11,90
367981,1,87,4,83
367981,2,87,4,83
367981,3,87,4,83
367981,4,3,0,3
367981,5,84,4,80
367981,20,84,4,80
367981,21,36,1,35
367981,22,36,1,35
367981,23,36,1,35
367981,24,2,0,2
367981,25,34,1,33
367981,40,34,1,33
367981,41,51,3,48
367981,42,51,3,48
367981,43,51,3,48
367981,44,1,0,1
367981,45,50,3,47
367981,60,50,3,47
368036,1,30,6,24
368036,2,30,6,24
368036,3,30,6,24
368036,4,16,4,12
368036,5,14,2,12
368036,20,14,2,12
368036,21,30,6,24
368036,22,30,6,24
368036,23,30,6,24
368036,24,16,4,12
368036,25,14,2,12
368036,40,14,2,12
368230,1,180,21,159
368230,2,180,21,159
368230,3,180,21,159
368230,4,65,9,56
368230,5,115,12,103
368230,20,115,12,103
368230,21,134,17,117
368230,22,134,17,117
368230,23,134,17,117
368230,24,57,9,48
368230,25,77,8,69
368230,40,77,8,69
368230,41,46,4,42
368230,42,46,4,42
368230,43,46,4,42
368230,44,8,0,8
368230,45,38,4,34
368230,60,38,4,34
368364,1,104,44,60
368364,2,104,44,60
368364,3,104,44,60
368364,4,77,35,42
368364,5,27,9,18
368364,20,27,9,18
368364,21,74,30,44
368364,22,74,30,44
368364,23,74,30,44
368364,24,52,23,29
368364,25,22,7,15
368364,40,22,7,15
368364,41,30,14,16
368364,42,30,14,16
368364,43,30,14,16
368364,44,25,12,13
368364,45,5,2,3
368364,60,5,2,3
368407,1,90,8,82
368407,2,90,8,82
368407,3,90,8,82
368407,4,25,3,22
368407,5,65,5,60
368407,20,65,5,60
368407,21,64,6,58
368407,22,64,6,58
368407,23,64,6,58
368407,24,20,3,17
368407,25,44,3,41
368407,40,44,3,41
368407,41,26,2,24
368407,42,26,2,24
368407,43,26,2,24
368407,44,5,0,5
368407,45,21,2,19
368407,60,21,2,19
368443,1,497,142,355
368443,2,497,142,355
368443,3,497,142,355
368443,4,50,12,38
368443,5,447,130,317
368443,19,105,28,77
368443,20,342,102,240
368443,21,433,122,311
368443,22,433,122,311
368443,23,433,122,311
368443,24,45,11,34
368443,25,388,111,277
368443,39,102,28,74
368443,40,286,83,203
368443,41,64,20,44
368443,42,64,20,44
368443,43,64,20,44
368443,44,5,1,4
368443,45,59,19,40
368443,59,3,0,3
368443,60,56,19,37
368452,1,279,128,151
368452,2,279,128,151
368452,3,279,128,151
368452,4,83,29,54
368452,5,196,99,97
368452,19,19,11,8
368452,20,177,88,89
368452,21,279,128,151
368452,22,279,128,151
368452,23,279,128,151
368452,24,83,29,54
368452,25,196,99,97
368452,39,19,11,8
368452,40,177,88,89
368540,1,38,3,35
368540,2,38,3,35
368540,3,38,3,35
368540,4,8,0,8
368540,5,30,3,27
368540,20,30,3,27
368540,21,38,3,35
368540,22,38,3,35
368540,23,38,3,35
368540,24,8,0,8
368540,25,30,3,27
368540,40,30,3,27
368601,1,720,507,213
368601,2,720,507,213
368601,3,720,507,213
368601,4,114,72,42
368601,5,606,435,171
368601,19,15,10,5
368601,20,591,425,166
368601,21,578,419,159
368601,22,578,419,159
368601,23,578,419,159
368601,24,93,56,37
368601,25,485,363,122
368601,39,10,6,4
368601,40,475,357,118
368601,41,142,88,54
368601,42,142,88,54
368601,43,142,88,54
368601,44,21,16,5
368601,45,121,72,49
368601,59,5,4,1
368601,60,116,68,48
368629,1,787,177,610
368629,2,787,177,610
368629,3,787,177,610
368629,4,228,44,184
368629,5,559,133,426
368629,20,559,133,426
368629,21,787,177,610
368629,22,787,177,610
368629,23,787,177,610
368629,24,228,44,184
368629,25,559,133,426
368629,40,559,133,426
368647,1,25,0,25
368647,2,25,0,25
368647,3,25,0,25
368647,5,25,0,25
368647,20,25,0,25
368647,21,25,0,25
368647,22,25,0,25
368647,23,25,0,25
368647,25,25,0,25
368647,40,25,0,25
368771,1,111,29,82
368771,2,111,29,82
368771,3,111,29,82
368771,4,5,2,3
368771,5,106,27,79
368771,20,106,27,79
368771,21,111,29,82
368771,22,111,29,82
368771,23,111,29,82
368771,24,5,2,3
368771,25,106,27,79
368771,40,106,27,79
368780,1,396,127,269
368780,2,396,127,269
368780,3,396,127,269
368780,4,124,50,74
368780,5,272,77,195
368780,20,272,77,195
368780,21,396,127,269
368780,22,396,127,269
368780,23,396,127,269
368780,24,124,50,74
368780,25,272,77,195
368780,40,272,77,195
368805,1,422,107,315
368805,2,422,107,315
368805,3,422,107,315
368805,4,51,14,37
368805,5,371,93,278
368805,19,31,7,24
368805,20,340,86,254
368805,21,378,91,287
368805,22,378,91,287
368805,23,378,91,287
368805,24,51,14,37
368805,25,327,77,250
368805,39,28,6,22
368805,40,299,71,228
368805,41,44,16,28
368805,42,44,16,28
368805,43,44,16,28
368805,45,44,16,28
368805,59,3,1,2
368805,60,41,15,26
368832,1,40,5,35
368832,2,40,5,35
368832,3,40,5,35
368832,4,12,1,11
368832,5,28,4,24
368832,20,28,4,24
368832,21,26,4,22
368832,22,26,4,22
368832,23,26,4,22
368832,24,7,1,6
368832,25,19,3,16
368832,40,19,3,16
368832,41,14,1,13
368832,42,14,1,13
368832,43,14,1,13
368832,44,5,0,5
368832,45,9,1,8
368832,60,9,1,8
368911,1,1533,409,1124
368911,2,1533,409,1124
368911,3,1351,358,993
368911,4,287,115,172
368911,5,1064,243,821
368911,11,182,51,131
368911,19,139,42,97
368911,20,925,201,724
368911,21,442,152,290
368911,22,442,152,290
368911,23,427,147,280
368911,24,99,47,52
368911,25,328,100,228
368911,31,15,5,10
368911,39,56,20,36
368911,40,272,80,192
368911,41,1091,257,834
368911,42,1091,257,834
368911,43,924,211,713
368911,44,188,68,120
368911,45,736,143,593
368911,51,167,46,121
368911,59,83,22,61
368911,60,653,121,532
369002,1,529,262,267
369002,12,529,262,267
369002,21,269,134,135
369002,32,269,134,135
369002,41,260,128,132
369002,52,260,128,132
369084,1,476,291,185
369084,2,476,291,185
369084,3,476,291,185
369084,4,55,30,25
369084,5,421,261,160
369084,19,25,16,9
369084,20,396,245,151
369084,21,350,219,131
369084,22,350,219,131
369084,23,350,219,131
369084,24,53,30,23
369084,25,297,189,108
369084,39,21,14,7
369084,40,276,175,101
369084,41,126,72,54
369084,42,126,72,54
369084,43,126,72,54
369084,44,2,0,2
369084,45,124,72,52
369084,59,4,2,2
369084,60,120,70,50
369109,1,106,15,91
369109,2,106,15,91
369109,3,106,15,91
369109,4,26,5,21
369109,5,80,10,70
369109,20,80,10,70
369109,21,47,11,36
369109,22,47,11,36
369109,23,47,11,36
369109,24,24,5,19
369109,25,23,6,17
369109,40,23,6,17
369109,41,59,4,55
369109,42,59,4,55
369109,43,59,4,55
369109,44,2,0,2
369109,45,57,4,53
369109,60,57,4,53
369400,1,3208,3125,83
369400,2,3208,3125,83
369400,3,3208,3125,83
369400,4,648,633,15
369400,5,2560,2492,68
369400,20,2560,2492,68
369400,21,3208,3125,83
369400,22,3208,3125,83
369400,23,3208,3125,83
369400,24,648,633,15
369400,25,2560,2492,68
369400,40,2560,2492,68
369419,1,840,397,443
369419,2,840,397,443
369419,3,840,397,443
369419,4,703,339,364
369419,5,137,58,79
369419,20,137,58,79
369419,21,840,397,443
369419,22,840,397,443
369419,23,840,397,443
369419,24,703,339,364
369419,25,137,58,79
369419,40,137,58,79
369446,1,80,6,74
369446,2,80,6,74
369446,3,80,6,74
369446,4,10,1,9
369446,5,70,5,65
369446,20,70,5,65
369446,21,38,3,35
369446,22,38,3,35
369446,23,38,3,35
369446,24,7,0,7
369446,25,31,3,28
369446,40,31,3,28
369446,41,42,3,39
369446,42,42,3,39
369446,43,42,3,39
369446,44,3,1,2
369446,45,39,2,37
369446,60,39,2,37
369455,1,108,52,56
369455,2,108,52,56
369455,3,108,52,56
369455,5,108,52,56
369455,19,108,52,56
369455,21,108,52,56
369455,22,108,52,56
369455,23,108,52,56
369455,25,108,52,56
369455,39,108,52,56
369516,1,448,151,297
369516,2,431,144,287
369516,3,431,144,287
369516,4,51,22,29
369516,5,380,122,258
369516,12,17,7,10
369516,19,67,20,47
369516,20,313,102,211
369516,21,448,151,297
369516,22,431,144,287
369516,23,431,144,287
369516,24,51,22,29
369516,25,380,122,258
369516,32,17,7,10
369516,39,67,20,47
369516,40,313,102,211
369659,1,224,54,170
369659,12,224,54,170
369659,21,204,48,156
369659,32,204,48,156
369659,41,20,6,14
369659,52,20,6,14
369668,1,197,75,122
369668,2,197,75,122
369668,3,195,75,120
369668,4,176,75,101
369668,5,19,0,19
369668,11,2,0,2
369668,20,19,0,19
369668,21,178,75,103
369668,22,178,75,103
369668,23,176,75,101
369668,24,176,75,101
369668,31,2,0,2
369668,41,19,0,19
369668,42,19,0,19
369668,43,19,0,19
369668,45,19,0,19
369668,60,19,0,19
369686,1,169,15,154
369686,2,169,15,154
369686,3,169,15,154
369686,4,95,11,84
369686,5,74,4,70
369686,20,74,4,70
369686,21,169,15,154
369686,22,169,15,154
369686,23,169,15,154
369686,24,95,11,84
369686,25,74,4,70
369686,40,74,4,70
369695,1,98,8,90
369695,2,98,8,90
369695,3,98,8,90
369695,4,27,1,26
369695,5,71,7,64
369695,20,71,7,64
369695,21,98,8,90
369695,22,98,8,90
369695,23,98,8,90
369695,24,27,1,26
369695,25,71,7,64
369695,40,71,7,64
369783,1,521,47,474
369783,2,521,47,474
369783,3,521,47,474
369783,4,100,8,92
369783,5,421,39,382
369783,20,421,39,382
369783,21,521,47,474
369783,22,521,47,474
369783,23,521,47,474
369783,24,100,8,92
369783,25,421,39,382
369783,40,421,39,382
369792,1,17,6,11
369792,2,17,6,11
369792,3,17,6,11
369792,5,17,6,11
369792,20,17,6,11
369792,21,17,6,11
369792,22,17,6,11
369792,23,17,6,11
369792,25,17,6,11
369792,40,17,6,11
369817,1,81,50,31
369817,12,81,50,31
369817,21,3,1,2
369817,32,3,1,2
369817,41,78,49,29
369817,52,78,49,29
369862,1,304,46,258
369862,2,304,46,258
369862,3,304,46,258
369862,4,97,19,78
369862,5,207,27,180
369862,19,32,4,28
369862,20,175,23,152
369862,21,183,27,156
369862,22,183,27,156
369862,23,183,27,156
369862,24,62,12,50
369862,25,121,15,106
369862,39,18,4,14
369862,40,103,11,92
369862,41,121,19,102
369862,42,121,19,102
369862,43,121,19,102
369862,44,35,7,28
369862,45,86,12,74
369862,59,14,0,14
369862,60,72,12,60
369905,1,614,104,510
369905,2,614,104,510
369905,3,613,103,510
369905,4,32,10,22
369905,5,581,93,488
369905,11,1,1,0
369905,19,93,10,83
369905,20,488,83,405
369905,21,237,46,191
369905,22,237,46,191
369905,23,237,46,191
369905,24,21,5,16
369905,25,216,41,175
369905,39,37,4,33
369905,40,179,37,142
369905,41,377,58,319
369905,42,377,58,319
369905,43,376,57,319
369905,44,11,5,6
369905,45,365,52,313
369905,51,1,1,0
369905,59,56,6,50
369905,60,309,46,263
369950,1,187,164,23
369950,2,187,164,23
369950,3,187,164,23
369950,4,29,27,2
369950,5,158,137,21
369950,20,158,137,21
369950,21,187,164,23
369950,22,187,164,23
369950,23,187,164,23
369950,24,29,27,2
369950,25,158,137,21
369950,40,158,137,21
371034,1,26,10,16
371034,2,26,10,16
371034,3,26,10,16
371034,4,16,5,11
371034,5,10,5,5
371034,20,10,5,5
371034,21,26,10,16
371034,22,26,10,16
371034,23,26,10,16
371034,24,16,5,11
371034,25,10,5,5
371034,40,10,5,5
371052,1,359,33,326
371052,2,359,33,326
371052,3,359,33,326
371052,4,59,3,56
371052,5,300,30,270
371052,19,69,9,60
371052,20,231,21,210
371052,21,359,33,326
371052,22,359,33,326
371052,23,359,33,326
371052,24,59,3,56
371052,25,300,30,270
371052,39,69,9,60
371052,40,231,21,210
371140,1,36,1,35
371140,2,36,1,35
371140,3,36,1,35
371140,4,19,0,19
371140,5,17,1,16
371140,20,17,1,16
371140,21,28,1,27
371140,22,28,1,27
371140,23,28,1,27
371140,24,14,0,14
371140,25,14,1,13
371140,40,14,1,13
371140,41,8,0,8
371140,42,8,0,8
371140,43,8,0,8
371140,44,5,0,5
371140,45,3,0,3
371140,60,3,0,3
371265,1,782,191,591
371265,2,782,191,591
371265,3,782,191,591
371265,4,136,28,108
371265,5,646,163,483
371265,20,646,163,483
371265,21,782,191,591
371265,22,782,191,591
371265,23,782,191,591
371265,24,136,28,108
371265,25,646,163,483
371265,40,646,163,483
371690,1,1317,240,1077
371690,2,1317,240,1077
371690,3,1317,240,1077
371690,4,514,111,403
371690,5,803,129,674
371690,20,803,129,674
371690,21,579,100,479
371690,22,579,100,479
371690,23,579,100,479
371690,24,407,77,330
371690,25,172,23,149
371690,40,172,23,149
371690,41,738,140,598
371690,42,738,140,598
371690,43,738,140,598
371690,44,107,34,73
371690,45,631,106,525
371690,60,631,106,525
371760,1,1418,440,978
371760,2,1418,440,978
371760,3,1409,437,972
371760,4,168,62,106
371760,5,1241,375,866
371760,11,9,3,6
371760,19,112,34,78
371760,20,1129,341,788
371760,21,1011,316,695
371760,22,1011,316,695
371760,23,1010,315,695
371760,24,114,43,71
371760,25,896,272,624
371760,31,1,1,0
371760,39,57,18,39
371760,40,839,254,585
371760,41,407,124,283
371760,42,407,124,283
371760,43,399,122,277
371760,44,54,19,35
371760,45,345,103,242
371760,51,8,2,6
371760,59,55,16,39
371760,60,290,87,203
371779,1,1249,377,872
371779,2,1249,377,872
371779,3,1244,375,869
371779,4,135,39,96
371779,5,1109,336,773
371779,11,5,2,3
371779,19,91,29,62
371779,20,1018,307,711
371779,21,823,244,579
371779,22,823,244,579
371779,23,823,244,579
371779,24,75,20,55
371779,25,748,224,524
371779,39,45,15,30
371779,40,703,209,494
371779,41,426,133,293
371779,42,426,133,293
371779,43,421,131,290
371779,44,60,19,41
371779,45,361,112,249
371779,51,5,2,3
371779,59,46,14,32
371779,60,315,98,217
371830,1,55,33,22
371830,2,55,33,22
371830,3,55,33,22
371830,4,27,18,9
371830,5,28,15,13
371830,20,28,15,13
371830,21,31,17,14
371830,22,31,17,14
371830,23,31,17,14
371830,24,17,11,6
371830,25,14,6,8
371830,40,14,6,8
371830,41,24,16,8
371830,42,24,16,8
371830,43,24,16,8
371830,44,10,7,3
371830,45,14,9,5
371830,60,14,9,5
371928,1,83,36,47
371928,2,83,36,47
371928,3,83,36,47
371928,4,37,14,23
371928,5,46,22,24
371928,20,46,22,24
371928,21,83,36,47
371928,22,83,36,47
371928,23,83,36,47
371928,24,37,14,23
371928,25,46,22,24
371928,40,46,22,24
371964,1,51,28,23
371964,2,51,28,23
371964,3,51,28,23
371964,4,49,26,23
371964,5,2,2,0
371964,20,2,2,0
371964,21,51,28,23
371964,22,51,28,23
371964,23,51,28,23
371964,24,49,26,23
371964,25,2,2,0
371964,40,2,2,0
371982,1,574,145,429
371982,2,574,145,429
371982,3,574,145,429
371982,4,71,17,54
371982,5,503,128,375
371982,19,54,8,46
371982,20,449,120,329
371982,21,510,123,387
371982,22,510,123,387
371982,23,510,123,387
371982,24,71,17,54
371982,25,439,106,333
371982,39,53,7,46
371982,40,386,99,287
371982,41,64,22,42
371982,42,64,22,42
371982,43,64,22,42
371982,45,64,22,42
371982,59,1,1,0
371982,60,63,21,42
372000,1,77,6,71
372000,2,77,6,71
372000,3,77,6,71
372000,4,27,2,25
372000,5,50,4,46
372000,20,50,4,46
372000,21,65,5,60
372000,22,65,5,60
372000,23,65,5,60
372000,24,17,2,15
372000,25,48,3,45
372000,40,48,3,45
372000,41,12,1,11
372000,42,12,1,11
372000,43,12,1,11
372000,44,10,0,10
372000,45,2,1,1
372000,60,2,1,1
372028,1,177,25,152
372028,2,177,25,152
372028,3,177,25,152
372028,4,50,9,41
372028,5,127,16,111
372028,20,127,16,111
372028,21,177,25,152
372028,22,177,25,152
372028,23,177,25,152
372028,24,50,9,41
372028,25,127,16,111
372028,40,127,16,111
372037,1,1029,289,740
372037,2,1029,289,740
372037,3,1029,289,740
372037,4,142,33,109
372037,5,887,256,631
372037,19,102,24,78
372037,20,785,232,553
372037,21,953,261,692
372037,22,953,261,692
372037,23,953,261,692
372037,24,140,33,107
372037,25,813,228,585
372037,39,96,21,75
372037,40,717,207,510
372037,41,76,28,48
372037,42,76,28,48
372037,43,76,28,48
372037,44,2,0,2
372037,45,74,28,46
372037,59,6,3,3
372037,60,68,25,43
372073,1,344,137,207
372073,2,344,137,207
372073,3,344,137,207
372073,4,54,23,31
372073,5,290,114,176
372073,19,67,22,45
372073,20,223,92,131
372073,21,344,137,207
372073,22,344,137,207
372073,23,344,137,207
372073,24,54,23,31
372073,25,290,114,176
372073,39,67,22,45
372073,40,223,92,131
372082,1,471,190,281
372082,2,471,190,281
372082,3,444,163,281
372082,4,44,15,29
372082,5,400,148,252
372082,11,27,27,0
372082,20,400,148,252
372082,21,251,101,150
372082,22,251,101,150
372082,23,251,101,150
372082,24,32,11,21
372082,25,219,90,129
372082,40,219,90,129
372082,41,220,89,131
372082,42,220,89,131
372082,43,193,62,131
372082,44,12,4,8
372082,45,181,58,123
372082,51,27,27,0
372082,60,181,58,123
372213,1,212044,64930,147114
372213,2,170144,53084,117060
372213,3,166816,51651,115165
372213,4,10685,3073,7612
372213,5,156131,48578,107553
372213,11,3328,1433,1895
372213,12,41900,11846,30054
372213,19,11422,4031,7391
372213,20,144709,44547,100162
372213,21,212044,64930,147114
372213,22,170144,53084,117060
372213,23,166816,51651,115165
372213,24,10685,3073,7612
372213,25,156131,48578,107553
372213,31,3328,1433,1895
372213,32,41900,11846,30054
372213,39,11422,4031,7391
372213,40,144709,44547,100162
372222,1,6122,3601,2521
372222,2,5340,3206,2134
372222,3,5339,3206,2133
372222,4,65,26,39
372222,5,5274,3180,2094
372222,11,1,0,1
372222,12,782,395,387
372222,19,472,285,187
372222,20,4802,2895,1907
372222,21,6122,3601,2521
372222,22,5340,3206,2134
372222,23,5339,3206,2133
372222,24,65,26,39
372222,25,5274,3180,2094
372222,31,1,0,1
372222,32,782,395,387
372222,39,472,285,187
372222,40,4802,2895,1907
372240,1,32,3,29
372240,2,32,3,29
372240,3,32,3,29
372240,4,14,2,12
372240,5,18,1,17
372240,20,18,1,17
372240,21,32,3,29
372240,22,32,3,29
372240,23,32,3,29
372240,24,14,2,12
372240,25,18,1,17
372240,40,18,1,17
372329,1,258,45,213
372329,2,258,45,213
372329,3,258,45,213
372329,4,232,33,199
372329,5,26,12,14
372329,20,26,12,14
372329,21,258,45,213
372329,22,258,45,213
372329,23,258,45,213
372329,24,232,33,199
372329,25,26,12,14
372329,40,26,12,14
372356,1,101,3,98
372356,2,101,3,98
372356,3,101,3,98
372356,4,14,0,14
372356,5,87,3,84
372356,20,87,3,84
372356,21,101,3,98
372356,22,101,3,98
372356,23,101,3,98
372356,24,14,0,14
372356,25,87,3,84
372356,40,87,3,84
372462,1,144,8,136
372462,2,144,8,136
372462,3,144,8,136
372462,4,10,0,10
372462,5,134,8,126
372462,20,134,8,126
372462,21,137,8,129
372462,22,137,8,129
372462,23,137,8,129
372462,24,10,0,10
372462,25,127,8,119
372462,40,127,8,119
372462,41,7,0,7
372462,42,7,0,7
372462,43,7,0,7
372462,45,7,0,7
372462,60,7,0,7
372578,1,269,147,122
372578,2,269,147,122
372578,3,269,147,122
372578,4,30,22,8
372578,5,239,125,114
372578,19,23,7,16
372578,20,216,118,98
372578,21,183,107,76
372578,22,183,107,76
372578,23,183,107,76
372578,24,27,19,8
372578,25,156,88,68
372578,39,8,2,6
372578,40,148,86,62
372578,41,86,40,46
372578,42,86,40,46
372578,43,86,40,46
372578,44,3,3,0
372578,45,83,37,46
372578,59,15,5,10
372578,60,68,32,36
372718,1,224,32,192
372718,2,224,32,192
372718,3,224,32,192
372718,4,30,5,25
372718,5,194,27,167
372718,20,194,27,167
372718,21,183,26,157
372718,22,183,26,157
372718,23,183,26,157
372718,24,27,5,22
372718,25,156,21,135
372718,40,156,21,135
372718,41,41,6,35
372718,42,41,6,35
372718,43,41,6,35
372718,44,3,0,3
372718,45,38,6,32
372718,60,38,6,32
372772,1,279,77,202
372772,2,279,77,202
372772,3,279,77,202
372772,4,66,20,46
372772,5,213,57,156
372772,19,14,2,12
372772,20,199,55,144
372772,21,279,77,202
372772,22,279,77,202
372772,23,279,77,202
372772,24,66,20,46
372772,25,213,57,156
372772,39,14,2,12
372772,40,199,55,144
372921,1,617,266,351
372921,2,617,266,351
372921,3,617,266,351
372921,4,119,58,61
372921,5,498,208,290
372921,19,73,22,51
372921,20,425,186,239
372921,21,617,266,351
372921,22,617,266,351
372921,23,617,266,351
372921,24,119,58,61
372921,25,498,208,290
372921,39,73,22,51
372921,40,425,186,239
372958,1,495,118,377
372958,2,495,118,377
372958,3,495,118,377
372958,4,144,28,116
372958,5,351,90,261
372958,19,1,0,1
372958,20,350,90,260
372958,21,495,118,377
372958,22,495,118,377
372958,23,495,118,377
372958,24,144,28,116
372958,25,351,90,261
372958,39,1,0,1
372958,40,350,90,260
373058,1,239,96,143
373058,2,239,96,143
373058,3,239,96,143
373058,4,39,18,21
373058,5,200,78,122
373058,19,20,5,15
373058,20,180,73,107
373058,21,239,96,143
373058,22,239,96,143
373058,23,239,96,143
373058,24,39,18,21
373058,25,200,78,122
373058,39,20,5,15
373058,40,180,73,107
373085,1,364,97,267
373085,2,364,97,267
373085,3,364,97,267
373085,4,62,25,37
373085,5,302,72,230
373085,19,20,8,12
373085,20,282,64,218
373085,21,364,97,267
373085,22,364,97,267
373085,23,364,97,267
373085,24,62,25,37
373085,25,302,72,230
373085,39,20,8,12
373085,40,282,64,218
373216,1,175,3,172
373216,2,175,3,172
373216,3,175,3,172
373216,4,122,1,121
373216,5,53,2,51
373216,20,53,2,51
373216,21,175,3,172
373216,22,175,3,172
373216,23,175,3,172
373216,24,122,1,121
373216,25,53,2,51
373216,40,53,2,51
373340,1,53,1,52
373340,2,53,1,52
373340,3,53,1,52
373340,4,6,0,6
373340,5,47,1,46
373340,20,47,1,46
373340,21,39,0,39
373340,22,39,0,39
373340,23,39,0,39
373340,24,6,0,6
373340,25,33,0,33
373340,40,33,0,33
373340,41,14,1,13
373340,42,14,1,13
373340,43,14,1,13
373340,45,14,1,13
373340,60,14,1,13
373526,1,256,221,35
373526,2,256,221,35
373526,3,256,221,35
373526,4,119,98,21
373526,5,137,123,14
373526,20,137,123,14
373526,21,256,221,35
373526,22,256,221,35
373526,23,256,221,35
373526,24,119,98,21
373526,25,137,123,14
373526,40,137,123,14
373605,1,36,2,34
373605,2,36,2,34
373605,3,36,2,34
373605,4,18,1,17
373605,5,18,1,17
373605,20,18,1,17
373605,21,36,2,34
373605,22,36,2,34
373605,23,36,2,34
373605,24,18,1,17
373605,25,18,1,17
373605,40,18,1,17
373678,1,168,84,84
373678,2,168,84,84
373678,3,168,84,84
373678,4,50,29,21
373678,5,118,55,63
373678,20,118,55,63
373678,21,117,60,57
373678,22,117,60,57
373678,23,117,60,57
373678,24,30,21,9
373678,25,87,39,48
373678,40,87,39,48
373678,41,51,24,27
373678,42,51,24,27
373678,43,51,24,27
373678,44,20,8,12
373678,45,31,16,15
373678,60,31,16,15
373696,1,176,87,89
373696,2,176,87,89
373696,3,176,87,89
373696,4,65,27,38
373696,5,111,60,51
373696,20,111,60,51
373696,21,176,87,89
373696,22,176,87,89
373696,23,176,87,89
373696,24,65,27,38
373696,25,111,60,51
373696,40,111,60,51
373711,1,59,1,58
373711,2,59,1,58
373711,3,59,1,58
373711,4,12,1,11
373711,5,47,0,47
373711,20,47,0,47
373711,21,59,1,58
373711,22,59,1,58
373711,23,59,1,58
373711,24,12,1,11
373711,25,47,0,47
373711,40,47,0,47
373784,1,1078,712,366
373784,2,1078,712,366
373784,3,1078,712,366
373784,4,200,143,57
373784,5,878,569,309
373784,20,878,569,309
373784,21,1078,712,366
373784,22,1078,712,366
373784,23,1078,712,366
373784,24,200,143,57
373784,25,878,569,309
373784,40,878,569,309
373827,1,457,356,101
373827,2,457,356,101
373827,3,456,355,101
373827,4,94,74,20
373827,5,362,281,81
373827,11,1,1,0
373827,19,22,20,2
373827,20,340,261,79
373827,21,429,334,95
373827,22,429,334,95
373827,23,429,334,95
373827,24,93,73,20
373827,25,336,261,75
373827,39,21,19,2
373827,40,315,242,73
373827,41,28,22,6
373827,42,28,22,6
373827,43,27,21,6
373827,44,1,1,0
373827,45,26,20,6
373827,51,1,1,0
373827,59,1,1,0
373827,60,25,19,6
373890,1,356,61,295
373890,2,356,61,295
373890,3,356,61,295
373890,4,75,18,57
373890,5,281,43,238
373890,20,281,43,238
373890,21,356,61,295
373890,22,356,61,295
373890,23,356,61,295
373890,24,75,18,57
373890,25,281,43,238
373890,40,281,43,238
374024,1,380,80,300
374024,12,380,80,300
374024,41,380,80,300
374024,52,380,80,300
374112,1,26,4,22
374112,2,26,4,22
374112,3,26,4,22
374112,4,6,2,4
374112,5,20,2,18
374112,20,20,2,18
374112,21,24,2,22
374112,22,24,2,22
374112,23,24,2,22
374112,24,4,0,4
374112,25,20,2,18
374112,40,20,2,18
374112,41,2,2,0
374112,42,2,2,0
374112,43,2,2,0
374112,44,2,2,0
374316,1,121,59,62
374316,2,121,59,62
374316,3,121,59,62
374316,4,7,2,5
374316,5,114,57,57
374316,20,114,57,57
374316,21,77,35,42
374316,22,77,35,42
374316,23,77,35,42
374316,24,4,1,3
374316,25,73,34,39
374316,40,73,34,39
374316,41,44,24,20
374316,42,44,24,20
374316,43,44,24,20
374316,44,3,1,2
374316,45,41,23,18
374316,60,41,23,18
374343,1,76,2,74
374343,2,76,2,74
374343,3,76,2,74
374343,4,25,2,23
374343,5,51,0,51
374343,20,51,0,51
374343,21,76,2,74
374343,22,76,2,74
374343,23,76,2,74
374343,24,25,2,23
374343,25,51,0,51
374343,40,51,0,51
374440,1,46,0,46
374440,2,46,0,46
374440,3,46,0,46
374440,4,17,0,17
374440,5,29,0,29
374440,20,29,0,29
374440,21,46,0,46
374440,22,46,0,46
374440,23,46,0,46
374440,24,17,0,17
374440,25,29,0,29
374440,40,29,0,29
374574,1,579,94,485
374574,2,579,94,485
374574,3,579,94,485
374574,4,154,19,135
374574,5,425,75,350
374574,20,425,75,350
374574,21,361,74,287
374574,22,361,74,287
374574,23,361,74,287
374574,24,101,15,86
374574,25,260,59,201
374574,40,260,59,201
374574,41,218,20,198
374574,42,218,20,198
374574,43,218,20,198
374574,44,53,4,49
374574,45,165,16,149
374574,60,165,16,149
374592,1,98,22,76
374592,2,98,22,76
374592,3,98,22,76
374592,4,96,22,74
374592,5,2,0,2
374592,20,2,0,2
374592,21,98,22,76
374592,22,98,22,76
374592,23,98,22,76
374592,24,96,22,74
374592,25,2,0,2
374592,40,2,0,2
374875,1,994,241,753
374875,2,994,241,753
374875,3,994,241,753
374875,4,187,41,146
374875,5,807,200,607
374875,19,75,24,51
374875,20,732,176,556
374875,21,994,241,753
374875,22,994,241,753
374875,23,994,241,753
374875,24,187,41,146
374875,25,807,200,607
374875,39,75,24,51
374875,40,732,176,556
374927,1,68,3,65
374927,2,68,3,65
374927,3,68,3,65
374927,4,33,0,33
374927,5,35,3,32
374927,20,35,3,32
374927,21,41,3,38
374927,22,41,3,38
374927,23,41,3,38
374927,24,21,0,21
374927,25,20,3,17
374927,40,20,3,17
374927,41,27,0,27
374927,42,27,0,27
374927,43,27,0,27
374927,44,12,0,12
374927,45,15,0,15
374927,60,15,0,15
374972,1,570,160,410
374972,2,570,160,410
374972,3,499,129,370
374972,4,51,19,32
374972,5,448,110,338
374972,11,71,31,40
374972,19,84,26,58
374972,20,364,84,280
374972,21,316,87,229
374972,22,316,87,229
374972,23,316,87,229
374972,24,45,17,28
374972,25,271,70,201
374972,39,62,19,43
374972,40,209,51,158
374972,41,254,73,181
374972,42,254,73,181
374972,43,183,42,141
374972,44,6,2,4
374972,45,177,40,137
374972,51,71,31,40
374972,59,22,7,15
374972,60,155,33,122
374990,1,78,5,73
374990,2,78,5,73
374990,3,78,5,73
374990,4,25,2,23
374990,5,53,3,50
374990,20,53,3,50
374990,21,51,5,46
374990,22,51,5,46
374990,23,51,5,46
374990,24,20,2,18
374990,25,31,3,28
374990,40,31,3,28
374990,41,27,0,27
374990,42,27,0,27
374990,43,27,0,27
374990,44,5,0,5
374990,45,22,0,22
374990,60,22,0,22
375106,1,89,77,12
375106,2,89,77,12
375106,3,89,77,12
375106,4,58,53,5
375106,5,31,24,7
375106,20,31,24,7
375106,21,81,69,12
375106,22,81,69,12
375106,23,81,69,12
375106,24,51,46,5
375106,25,30,23,7
375106,40,30,23,7
375106,41,8,8,0
375106,42,8,8,0
375106,43,8,8,0
375106,44,7,7,0
375106,45,1,1,0
375106,60,1,1,0
375230,1,125,125,0
375230,2,125,125,0
375230,3,125,125,0
375230,4,10,10,0
375230,5,115,115,0
375230,19,40,40,0
375230,20,75,75,0
375230,21,125,125,0
375230,22,125,125,0
375230,23,125,125,0
375230,24,10,10,0
375230,25,115,115,0
375230,39,40,40,0
375230,40,75,75,0
375300,1,135,12,123
375300,2,135,12,123
375300,3,135,12,123
375300,4,64,3,61
375300,5,71,9,62
375300,20,71,9,62
375300,21,135,12,123
375300,22,135,12,123
375300,23,135,12,123
375300,24,64,3,61
375300,25,71,9,62
375300,40,71,9,62
375319,1,64,5,59
375319,2,64,5,59
375319,3,64,5,59
375319,4,29,3,26
375319,5,35,2,33
375319,20,35,2,33
375319,21,64,5,59
375319,22,64,5,59
375319,23,64,5,59
375319,24,29,3,26
375319,25,35,2,33
375319,40,35,2,33
375373,1,252,78,174
375373,2,252,78,174
375373,3,252,78,174
375373,4,151,59,92
375373,5,101,19,82
375373,20,101,19,82
375373,21,252,78,174
375373,22,252,78,174
375373,23,252,78,174
375373,24,151,59,92
375373,25,101,19,82
375373,40,101,19,82
375407,1,145,45,100
375407,2,145,45,100
375407,3,145,45,100
375407,4,41,14,27
375407,5,104,31,73
375407,20,104,31,73
375407,21,114,34,80
375407,22,114,34,80
375407,23,114,34,80
375407,24,33,12,21
375407,25,81,22,59
375407,40,81,22,59
375407,41,31,11,20
375407,42,31,11,20
375407,43,31,11,20
375407,44,8,2,6
375407,45,23,9,14
375407,60,23,9,14
375416,1,438,110,328
375416,2,438,110,328
375416,3,438,110,328
375416,4,160,41,119
375416,5,278,69,209
375416,19,6,1,5
375416,20,272,68,204
375416,21,438,110,328
375416,22,438,110,328
375416,23,438,110,328
375416,24,160,41,119
375416,25,278,69,209
375416,39,6,1,5
375416,40,272,68,204
375489,1,448,64,384
375489,2,448,64,384
375489,3,448,64,384
375489,4,86,11,75
375489,5,362,53,309
375489,19,24,3,21
375489,20,338,50,288
375489,21,448,64,384
375489,22,448,64,384
375489,23,448,64,384
375489,24,86,11,75
375489,25,362,53,309
375489,39,24,3,21
375489,40,338,50,288
375540,1,111,4,107
375540,2,111,4,107
375540,3,111,4,107
375540,4,56,2,54
375540,5,55,2,53
375540,20,55,2,53
375540,21,42,1,41
375540,22,42,1,41
375540,23,42,1,41
375540,24,18,1,17
375540,25,24,0,24
375540,40,24,0,24
375540,41,69,3,66
375540,42,69,3,66
375540,43,69,3,66
375540,44,38,1,37
375540,45,31,2,29
375540,60,31,2,29
375568,1,18,0,18
375568,2,18,0,18
375568,3,18,0,18
375568,4,7,0,7
375568,5,11,0,11
375568,20,11,0,11
375568,21,8,0,8
375568,22,8,0,8
375568,23,8,0,8
375568,24,4,0,4
375568,25,4,0,4
375568,40,4,0,4
375568,41,10,0,10
375568,42,10,0,10
375568,43,10,0,10
375568,44,3,0,3
375568,45,7,0,7
375568,60,7,0,7
375647,1,47,10,37
375647,2,47,10,37
375647,3,47,10,37
375647,4,28,7,21
375647,5,19,3,16
375647,20,19,3,16
375647,21,47,10,37
375647,22,47,10,37
375647,23,47,10,37
375647,24,28,7,21
375647,25,19,3,16
375647,40,19,3,16
375656,1,164,61,103
375656,2,164,61,103
375656,3,96,28,68
375656,4,54,13,41
375656,5,42,15,27
375656,11,68,33,35
375656,20,42,15,27
375656,21,66,18,48
375656,22,66,18,48
375656,23,66,18,48
375656,24,36,7,29
375656,25,30,11,19
375656,40,30,11,19
375656,41,98,43,55
375656,42,98,43,55
375656,43,30,10,20
375656,44,18,6,12
375656,45,12,4,8
375656,51,68,33,35
375656,60,12,4,8
375683,1,923,593,330
375683,2,923,593,330
375683,3,923,593,330
375683,4,726,442,284
375683,5,197,151,46
375683,20,197,151,46
375683,21,204,160,44
375683,22,204,160,44
375683,23,204,160,44
375683,24,67,46,21
375683,25,137,114,23
375683,40,137,114,23
375683,41,719,433,286
375683,42,719,433,286
375683,43,719,433,286
375683,44,659,396,263
375683,45,60,37,23
375683,60,60,37,23
375692,1,123,64,59
375692,2,123,64,59
375692,3,26,7,19
375692,4,15,3,12
375692,5,11,4,7
375692,11,97,57,40
375692,20,11,4,7
375692,21,17,4,13
375692,22,17,4,13
375692,23,17,4,13
375692,24,8,1,7
375692,25,9,3,6
375692,40,9,3,6
375692,41,106,60,46
375692,42,106,60,46
375692,43,9,3,6
375692,44,7,2,5
375692,45,2,1,1
375692,51,97,57,40
375692,60,2,1,1
375708,1,288,154,134
375708,2,288,154,134
375708,3,288,154,134
375708,4,173,96,77
375708,5,115,58,57
375708,20,115,58,57
375708,21,73,19,54
375708,22,73,19,54
375708,23,73,19,54
375708,24,36,8,28
375708,25,37,11,26
375708,40,37,11,26
375708,41,215,135,80
375708,42,215,135,80
375708,43,215,135,80
375708,44,137,88,49
375708,45,78,47,31
375708,60,78,47,31
375717,1,101,53,48
375717,2,101,53,48
375717,3,60,21,39
375717,4,29,15,14
375717,5,31,6,25
375717,11,41,32,9
375717,20,31,6,25
375717,21,45,18,27
375717,22,45,18,27
375717,23,45,18,27
375717,24,22,13,9
375717,25,23,5,18
375717,40,23,5,18
375717,41,56,35,21
375717,42,56,35,21
375717,43,15,3,12
375717,44,7,2,5
375717,45,8,1,7
375717,51,41,32,9
375717,60,8,1,7
375726,1,195,87,108
375726,2,195,87,108
375726,3,195,87,108
375726,4,106,46,60
375726,5,89,41,48
375726,20,89,41,48
375726,21,107,52,55
375726,22,107,52,55
375726,23,107,52,55
375726,24,48,23,25
375726,25,59,29,30
375726,40,59,29,30
375726,41,88,35,53
375726,42,88,35,53
375726,43,88,35,53
375726,44,58,23,35
375726,45,30,12,18
375726,60,30,12,18
375735,1,75,28,47
375735,2,75,28,47
375735,3,75,28,47
375735,4,62,27,35
375735,5,13,1,12
375735,20,13,1,12
375735,21,40,16,24
375735,22,40,16,24
375735,23,40,16,24
375735,24,36,16,20
375735,25,4,0,4
375735,40,4,0,4
375735,41,35,12,23
375735,42,35,12,23
375735,43,35,12,23
375735,44,26,11,15
375735,45,9,1,8
375735,60,9,1,8
375744,1,246,168,78
375744,2,246,168,78
375744,3,246,168,78
375744,4,20,13,7
375744,5,226,155,71
375744,20,226,155,71
375744,21,102,60,42
375744,22,102,60,42
375744,23,102,60,42
375744,24,4,3,1
375744,25,98,57,41
375744,40,98,57,41
375744,41,144,108,36
375744,42,144,108,36
375744,43,144,108,36
375744,44,16,10,6
375744,45,128,98,30
375744,60,128,98,30
375753,1,57,45,12
375753,2,57,45,12
375753,3,26,24,2
375753,4,21,20,1
375753,5,5,4,1
375753,11,31,21,10
375753,20,5,4,1
375753,21,26,24,2
375753,22,26,24,2
375753,23,26,24,2
375753,24,21,20,1
375753,25,5,4,1
375753,40,5,4,1
375753,41,31,21,10
375753,42,31,21,10
375753,51,31,21,10
375762,1,101,36,65
375762,2,101,36,65
375762,3,52,23,29
375762,4,21,10,11
375762,5,31,13,18
375762,11,49,13,36
375762,20,31,13,18
375762,21,35,15,20
375762,22,35,15,20
375762,23,35,15,20
375762,24,15,8,7
375762,25,20,7,13
375762,40,20,7,13
375762,41,66,21,45
375762,42,66,21,45
375762,43,17,8,9
375762,44,6,2,4
375762,45,11,6,5
375762,51,49,13,36
375762,60,11,6,5
375841,1,563,301,262
375841,2,563,301,262
375841,3,563,301,262
375841,4,88,43,45
375841,5,475,258,217
375841,19,34,15,19
375841,20,441,243,198
375841,21,563,301,262
375841,22,563,301,262
375841,23,563,301,262
375841,24,88,43,45
375841,25,475,258,217
375841,39,34,15,19
375841,40,441,243,198
375939,1,405,102,303
375939,2,405,102,303
375939,3,405,102,303
375939,4,122,32,90
375939,5,283,70,213
375939,19,42,7,35
375939,20,241,63,178
375939,21,405,102,303
375939,22,405,102,303
375939,23,405,102,303
375939,24,122,32,90
375939,25,283,70,213
375939,39,42,7,35
375939,40,241,63,178
375966,1,142,12,130
375966,2,142,12,130
375966,3,142,12,130
375966,4,11,1,10
375966,5,131,11,120
375966,20,131,11,120
375966,21,63,7,56
375966,22,63,7,56
375966,23,63,7,56
375966,24,8,1,7
375966,25,55,6,49
375966,40,55,6,49
375966,41,79,5,74
375966,42,79,5,74
375966,43,79,5,74
375966,44,3,0,3
375966,45,76,5,71
375966,60,76,5,71
375984,1,337,33,304
375984,2,337,33,304
375984,3,337,33,304
375984,4,112,12,100
375984,5,225,21,204
375984,20,225,21,204
375984,21,281,32,249
375984,22,281,32,249
375984,23,281,32,249
375984,24,105,12,93
375984,25,176,20,156
375984,40,176,20,156
375984,41,56,1,55
375984,42,56,1,55
375984,43,56,1,55
375984,44,7,0,7
375984,45,49,1,48
375984,60,49,1,48
376136,1,96,9,87
376136,2,96,9,87
376136,3,96,9,87
376136,5,96,9,87
376136,20,96,9,87
376136,21,47,5,42
376136,22,47,5,42
376136,23,47,5,42
376136,25,47,5,42
376136,40,47,5,42
376136,41,49,4,45
376136,42,49,4,45
376136,43,49,4,45
376136,45,49,4,45
376136,60,49,4,45
376224,1,743,207,536
376224,2,743,207,536
376224,3,743,207,536
376224,4,182,61,121
376224,5,561,146,415
376224,19,85,26,59
376224,20,476,120,356
376224,21,651,188,463
376224,22,651,188,463
376224,23,651,188,463
376224,24,182,61,121
376224,25,469,127,342
376224,39,76,26,50
376224,40,393,101,292
376224,41,92,19,73
376224,42,92,19,73
376224,43,92,19,73
376224,45,92,19,73
376224,59,9,0,9
376224,60,83,19,64
376242,1,87,58,29
376242,2,87,58,29
376242,3,87,58,29
376242,4,35,20,15
376242,5,52,38,14
376242,20,52,38,14
376242,21,87,58,29
376242,22,87,58,29
376242,23,87,58,29
376242,24,35,20,15
376242,25,52,38,14
376242,40,52,38,14
376288,1,82,19,63
376288,2,82,19,63
376288,3,82,19,63
376288,4,58,16,42
376288,5,24,3,21
376288,20,24,3,21
376288,21,82,19,63
376288,22,82,19,63
376288,23,82,19,63
376288,24,58,16,42
376288,25,24,3,21
376288,40,24,3,21
376321,1,752,241,511
376321,2,752,241,511
376321,3,752,241,511
376321,4,417,152,265
376321,5,335,89,246
376321,19,335,89,246
376321,21,517,159,358
376321,22,517,159,358
376321,23,517,159,358
376321,24,313,113,200
376321,25,204,46,158
376321,39,204,46,158
376321,41,235,82,153
376321,42,235,82,153
376321,43,235,82,153
376321,44,104,39,65
376321,45,131,43,88
376321,59,131,43,88
376330,1,325,60,265
376330,2,325,60,265
376330,3,325,60,265
376330,4,35,12,23
376330,5,290,48,242
376330,20,290,48,242
376330,21,319,58,261
376330,22,319,58,261
376330,23,319,58,261
376330,24,35,12,23
376330,25,284,46,238
376330,40,284,46,238
376330,41,6,2,4
376330,42,6,2,4
376330,43,6,2,4
376330,45,6,2,4
376330,60,6,2,4
376385,1,1260,465,795
376385,2,1260,465,795
376385,3,1260,465,795
376385,4,754,296,458
376385,5,506,169,337
376385,19,155,64,91
376385,20,351,105,246
376385,21,1191,447,744
376385,22,1191,447,744
376385,23,1191,447,744
376385,24,739,290,449
376385,25,452,157,295
376385,39,129,57,72
376385,40,323,100,223
376385,41,69,18,51
376385,42,69,18,51
376385,43,69,18,51
376385,44,15,6,9
376385,45,54,12,42
376385,59,26,7,19
376385,60,28,5,23
376446,1,84,2,82
376446,2,84,2,82
376446,3,84,2,82
376446,4,8,0,8
376446,5,76,2,74
376446,20,76,2,74
376446,21,63,1,62
376446,22,63,1,62
376446,23,63,1,62
376446,24,6,0,6
376446,25,57,1,56
376446,40,57,1,56
376446,41,21,1,20
376446,42,21,1,20
376446,43,21,1,20
376446,44,2,0,2
376446,45,19,1,18
376446,60,19,1,18
376631,1,37,6,31
376631,2,37,6,31
376631,3,37,6,31
376631,4,20,3,17
376631,5,17,3,14
376631,20,17,3,14
376631,21,27,4,23
376631,22,27,4,23
376631,23,27,4,23
376631,24,16,3,13
376631,25,11,1,10
376631,40,11,1,10
376631,41,10,2,8
376631,42,10,2,8
376631,43,10,2,8
376631,44,4,0,4
376631,45,6,2,4
376631,60,6,2,4
376668,1,30,10,20
376668,2,30,10,20
376668,3,30,10,20
376668,4,23,7,16
376668,5,7,3,4
376668,20,7,3,4
376668,21,16,1,15
376668,22,16,1,15
376668,23,16,1,15
376668,24,14,1,13
376668,25,2,0,2
376668,40,2,0,2
376668,41,14,9,5
376668,42,14,9,5
376668,43,14,9,5
376668,44,9,6,3
376668,45,5,3,2
376668,60,5,3,2
376677,1,119,43,76
376677,2,119,43,76
376677,3,119,43,76
376677,4,16,9,7
376677,5,103,34,69
376677,20,103,34,69
376677,21,117,42,75
376677,22,117,42,75
376677,23,117,42,75
376677,24,16,9,7
376677,25,101,33,68
376677,40,101,33,68
376677,41,2,1,1
376677,42,2,1,1
376677,43,2,1,1
376677,45,2,1,1
376677,60,2,1,1
376695,1,1000,513,487
376695,2,1000,513,487
376695,3,988,510,478
376695,4,260,130,130
376695,5,728,380,348
376695,11,12,3,9
376695,19,3,2,1
376695,20,725,378,347
376695,21,673,333,340
376695,22,673,333,340
376695,23,673,333,340
376695,24,235,117,118
376695,25,438,216,222
376695,39,2,1,1
376695,40,436,215,221
376695,41,327,180,147
376695,42,327,180,147
376695,43,315,177,138
376695,44,25,13,12
376695,45,290,164,126
376695,51,12,3,9
376695,59,1,1,0
376695,60,289,163,126
376987,1,102,6,96
376987,2,102,6,96
376987,3,102,6,96
376987,4,92,5,87
376987,5,10,1,9
376987,20,10,1,9
376987,21,102,6,96
376987,22,102,6,96
376987,23,102,6,96
376987,24,92,5,87
376987,25,10,1,9
376987,40,10,1,9
377069,1,585,516,69
377069,2,585,516,69
377069,3,585,516,69
377069,4,86,72,14
377069,5,499,444,55
377069,19,15,12,3
377069,20,484,432,52
377069,21,459,404,55
377069,22,459,404,55
377069,23,459,404,55
377069,24,73,62,11
377069,25,386,342,44
377069,39,14,11,3
377069,40,372,331,41
377069,41,126,112,14
377069,42,126,112,14
377069,43,126,112,14
377069,44,13,10,3
377069,45,113,102,11
377069,59,1,1,0
377069,60,112,101,11
377111,1,408,108,300
377111,2,408,108,300
377111,3,408,108,300
377111,4,120,34,86
377111,5,288,74,214
377111,19,2,1,1
377111,20,286,73,213
377111,21,408,108,300
377111,22,408,108,300
377111,23,408,108,300
377111,24,120,34,86
377111,25,288,74,214
377111,39,2,1,1
377111,40,286,73,213
377193,1,35,3,32
377193,2,35,3,32
377193,3,35,3,32
377193,4,1,1,0
377193,5,34,2,32
377193,20,34,2,32
377193,21,15,2,13
377193,22,15,2,13
377193,23,15,2,13
377193,25,15,2,13
377193,40,15,2,13
377193,41,20,1,19
377193,42,20,1,19
377193,43,20,1,19
377193,44,1,1,0
377193,45,19,0,19
377193,60,19,0,19
377218,1,156,155,1
377218,2,156,155,1
377218,3,156,155,1
377218,4,21,21,0
377218,5,135,134,1
377218,19,45,45,0
377218,20,90,89,1
377218,21,156,155,1
377218,22,156,155,1
377218,23,156,155,1
377218,24,21,21,0
377218,25,135,134,1
377218,39,45,45,0
377218,40,90,89,1
377272,1,59,8,51
377272,2,59,8,51
377272,3,59,8,51
377272,4,54,8,46
377272,5,5,0,5
377272,20,5,0,5
377272,21,59,8,51
377272,22,59,8,51
377272,23,59,8,51
377272,24,54,8,46
377272,25,5,0,5
377272,40,5,0,5
377281,1,68,8,60
377281,2,68,8,60
377281,3,68,8,60
377281,4,65,7,58
377281,5,3,1,2
377281,20,3,1,2
377281,21,68,8,60
377281,22,68,8,60
377281,23,68,8,60
377281,24,65,7,58
377281,25,3,1,2
377281,40,3,1,2
377315,1,82,1,81
377315,2,82,1,81
377315,3,82,1,81
377315,4,30,1,29
377315,5,52,0,52
377315,20,52,0,52
377315,21,82,1,81
377315,22,82,1,81
377315,23,82,1,81
377315,24,30,1,29
377315,25,52,0,52
377315,40,52,0,52
377342,1,207,44,163
377342,2,207,44,163
377342,3,207,44,163
377342,4,179,38,141
377342,5,28,6,22
377342,20,28,6,22
377342,21,207,44,163
377342,22,207,44,163
377342,23,207,44,163
377342,24,179,38,141
377342,25,28,6,22
377342,40,28,6,22
377449,1,138,28,110
377449,2,138,28,110
377449,3,138,28,110
377449,4,39,10,29
377449,5,99,18,81
377449,20,99,18,81
377449,21,86,22,64
377449,22,86,22,64
377449,23,86,22,64
377449,24,24,8,16
377449,25,62,14,48
377449,40,62,14,48
377449,41,52,6,46
377449,42,52,6,46
377449,43,52,6,46
377449,44,15,2,13
377449,45,37,4,33
377449,60,37,4,33
377458,1,260,17,243
377458,2,260,17,243
377458,3,260,17,243
377458,4,63,5,58
377458,5,197,12,185
377458,20,197,12,185
377458,21,170,14,156
377458,22,170,14,156
377458,23,170,14,156
377458,24,40,3,37
377458,25,130,11,119
377458,40,130,11,119
377458,41,90,3,87
377458,42,90,3,87
377458,43,90,3,87
377458,44,23,2,21
377458,45,67,1,66
377458,60,67,1,66
377485,1,58,2,56
377485,2,58,2,56
377485,3,30,2,28
377485,4,15,0,15
377485,5,15,2,13
377485,11,28,0,28
377485,20,15,2,13
377485,21,19,0,19
377485,22,19,0,19
377485,23,19,0,19
377485,24,14,0,14
377485,25,5,0,5
377485,40,5,0,5
377485,41,39,2,37
377485,42,39,2,37
377485,43,11,2,9
377485,44,1,0,1
377485,45,10,2,8
377485,51,28,0,28
377485,60,10,2,8
377546,1,94,28,66
377546,2,94,28,66
377546,3,94,28,66
377546,4,33,10,23
377546,5,61,18,43
377546,19,11,2,9
377546,20,50,16,34
377546,21,89,25,64
377546,22,89,25,64
377546,23,89,25,64
377546,24,33,10,23
377546,25,56,15,41
377546,39,10,2,8
377546,40,46,13,33
377546,41,5,3,2
377546,42,5,3,2
377546,43,5,3,2
377546,45,5,3,2
377546,59,1,0,1
377546,60,4,3,1
377555,1,4604,2256,2348
377555,2,4104,2054,2050
377555,3,4077,2043,2034
377555,4,570,258,312
377555,5,3507,1785,1722
377555,11,27,11,16
377555,12,500,202,298
377555,19,744,333,411
377555,20,2763,1452,1311
377555,21,3699,1877,1822
377555,22,3432,1761,1671
377555,23,3429,1760,1669
377555,24,554,251,303
377555,25,2875,1509,1366
377555,31,3,1,2
377555,32,267,116,151
377555,39,571,271,300
377555,40,2304,1238,1066
377555,41,905,379,526
377555,42,672,293,379
377555,43,648,283,365
377555,44,16,7,9
377555,45,632,276,356
377555,51,24,10,14
377555,52,233,86,147
377555,59,173,62,111
377555,60,459,214,245
377564,1,4295,1900,2395
377564,2,3626,1692,1934
377564,3,3587,1673,1914
377564,4,410,176,234
377564,5,3177,1497,1680
377564,11,39,19,20
377564,12,669,208,461
377564,19,755,315,440
377564,20,2422,1182,1240
377564,21,3463,1599,1864
377564,22,3114,1463,1651
377564,23,3107,1460,1647
377564,24,392,164,228
377564,25,2715,1296,1419
377564,31,7,3,4
377564,32,349,136,213
377564,39,653,282,371
377564,40,2062,1014,1048
377564,41,832,301,531
377564,42,512,229,283
377564,43,480,213,267
377564,44,18,12,6
377564,45,462,201,261
377564,51,32,16,16
377564,52,320,72,248
377564,59,102,33,69
377564,60,360,168,192
377643,1,125,4,121
377643,2,125,4,121
377643,3,125,4,121
377643,4,32,0,32
377643,5,93,4,89
377643,20,93,4,89
377643,21,125,4,121
377643,22,125,4,121
377643,23,125,4,121
377643,24,32,0,32
377643,25,93,4,89
377643,40,93,4,89
377652,1,223,21,202
377652,2,223,21,202
377652,3,223,21,202
377652,4,156,16,140
377652,5,67,5,62
377652,19,52,2,50
377652,20,15,3,12
377652,21,223,21,202
377652,22,223,21,202
377652,23,223,21,202
377652,24,156,16,140
377652,25,67,5,62
377652,39,52,2,50
377652,40,15,3,12
377661,1,55,4,51
377661,2,55,4,51
377661,3,55,4,51
377661,4,35,2,33
377661,5,20,2,18
377661,20,20,2,18
377661,21,55,4,51
377661,22,55,4,51
377661,23,55,4,51
377661,24,35,2,33
377661,25,20,2,18
377661,40,20,2,18
377670,1,66,3,63
377670,2,66,3,63
377670,3,66,3,63
377670,4,50,2,48
377670,5,16,1,15
377670,20,16,1,15
377670,21,66,3,63
377670,22,66,3,63
377670,23,66,3,63
377670,24,50,2,48
377670,25,16,1,15
377670,40,16,1,15
377722,1,372,5,367
377722,2,372,5,367
377722,3,372,5,367
377722,4,78,2,76
377722,5,294,3,291
377722,20,294,3,291
377722,21,372,5,367
377722,22,372,5,367
377722,23,372,5,367
377722,24,78,2,76
377722,25,294,3,291
377722,40,294,3,291
377759,1,50,46,4
377759,2,50,46,4
377759,3,50,46,4
377759,4,21,19,2
377759,5,29,27,2
377759,20,29,27,2
377759,21,50,46,4
377759,22,50,46,4
377759,23,50,46,4
377759,24,21,19,2
377759,25,29,27,2
377759,40,29,27,2
378105,1,233,30,203
378105,2,233,30,203
378105,3,233,30,203
378105,4,85,9,76
378105,5,148,21,127
378105,20,148,21,127
378105,21,178,23,155
378105,22,178,23,155
378105,23,178,23,155
378105,24,66,9,57
378105,25,112,14,98
378105,40,112,14,98
378105,41,55,7,48
378105,42,55,7,48
378105,43,55,7,48
378105,44,19,0,19
378105,45,36,7,29
378105,60,36,7,29
378406,1,457,369,88
378406,2,457,369,88
378406,3,457,369,88
378406,4,53,44,9
378406,5,404,325,79
378406,19,7,6,1
378406,20,397,319,78
378406,21,360,290,70
378406,22,360,290,70
378406,23,360,290,70
378406,24,45,37,8
378406,25,315,253,62
378406,39,7,6,1
378406,40,308,247,61
378406,41,97,79,18
378406,42,97,79,18
378406,43,97,79,18
378406,44,8,7,1
378406,45,89,72,17
378406,60,89,72,17
378576,1,510,131,379
378576,2,125,33,92
378576,3,124,33,91
378576,4,37,8,29
378576,5,87,25,62
378576,11,1,0,1
378576,12,385,98,287
378576,19,6,1,5
378576,20,81,24,57
378576,21,305,79,226
378576,22,48,14,34
378576,23,48,14,34
378576,24,21,6,15
378576,25,27,8,19
378576,32,257,65,192
378576,39,3,0,3
378576,40,24,8,16
378576,41,205,52,153
378576,42,77,19,58
378576,43,76,19,57
378576,44,16,2,14
378576,45,60,17,43
378576,51,1,0,1
378576,52,128,33,95
378576,59,3,1,2
378576,60,57,16,41
378886,1,198,95,103
378886,2,198,95,103
378886,3,198,95,103
378886,4,19,10,9
378886,5,179,85,94
378886,20,179,85,94
378886,21,72,32,40
378886,22,72,32,40
378886,23,72,32,40
378886,24,12,5,7
378886,25,60,27,33
378886,40,60,27,33
378886,41,126,63,63
378886,42,126,63,63
378886,43,126,63,63
378886,44,7,5,2
378886,45,119,58,61
378886,60,119,58,61
378956,1,692,662,30
378956,2,692,662,30
378956,3,692,662,30
378956,4,99,96,3
378956,5,593,566,27
378956,20,593,566,27
378956,21,692,662,30
378956,22,692,662,30
378956,23,692,662,30
378956,24,99,96,3
378956,25,593,566,27
378956,40,593,566,27
379029,1,317,52,265
379029,2,317,52,265
379029,3,317,52,265
379029,4,26,6,20
379029,5,291,46,245
379029,19,21,2,19
379029,20,270,44,226
379029,21,317,52,265
379029,22,317,52,265
379029,23,317,52,265
379029,24,26,6,20
379029,25,291,46,245
379029,39,21,2,19
379029,40,270,44,226
379135,1,85,75,10
379135,2,85,75,10
379135,3,85,75,10
379135,4,40,35,5
379135,5,45,40,5
379135,20,45,40,5
379135,21,73,64,9
379135,22,73,64,9
379135,23,73,64,9
379135,24,34,29,5
379135,25,39,35,4
379135,40,39,35,4
379135,41,12,11,1
379135,42,12,11,1
379135,43,12,11,1
379135,44,6,6,0
379135,45,6,5,1
379135,60,6,5,1
379621,1,51,14,37
379621,2,51,14,37
379621,3,51,14,37
379621,4,19,5,14
379621,5,32,9,23
379621,20,32,9,23
379621,21,51,14,37
379621,22,51,14,37
379621,23,51,14,37
379621,24,19,5,14
379621,25,32,9,23
379621,40,32,9,23
379746,1,46,4,42
379746,2,46,4,42
379746,3,46,4,42
379746,4,27,3,24
379746,5,19,1,18
379746,20,19,1,18
379746,21,46,4,42
379746,22,46,4,42
379746,23,46,4,42
379746,24,27,3,24
379746,25,19,1,18
379746,40,19,1,18
379782,1,182,36,146
379782,2,125,21,104
379782,3,125,21,104
379782,4,3,2,1
379782,5,122,19,103
379782,12,57,15,42
379782,19,22,2,20
379782,20,100,17,83
379782,21,182,36,146
379782,22,125,21,104
379782,23,125,21,104
379782,24,3,2,1
379782,25,122,19,103
379782,32,57,15,42
379782,39,22,2,20
379782,40,100,17,83
380067,1,177,2,175
380067,2,177,2,175
380067,3,177,2,175
380067,4,103,1,102
380067,5,74,1,73
380067,20,74,1,73
380067,21,177,2,175
380067,22,177,2,175
380067,23,177,2,175
380067,24,103,1,102
380067,25,74,1,73
380067,40,74,1,73
380094,1,354,82,272
380094,2,354,82,272
380094,3,354,82,272
380094,4,135,28,107
380094,5,219,54,165
380094,19,1,0,1
380094,20,218,54,164
380094,21,354,82,272
380094,22,354,82,272
380094,23,354,82,272
380094,24,135,28,107
380094,25,219,54,165
380094,39,1,0,1
380094,40,218,54,164
380359,1,531,194,337
380359,2,531,194,337
380359,3,514,186,328
380359,4,133,60,73
380359,5,381,126,255
380359,11,17,8,9
380359,19,22,5,17
380359,20,359,121,238
380359,21,298,121,177
380359,22,298,121,177
380359,23,292,118,174
380359,24,92,47,45
380359,25,200,71,129
380359,31,6,3,3
380359,39,7,3,4
380359,40,193,68,125
380359,41,233,73,160
380359,42,233,73,160
380359,43,222,68,154
380359,44,41,13,28
380359,45,181,55,126
380359,51,11,5,6
380359,59,15,2,13
380359,60,166,53,113
380368,1,2272,1052,1220
380368,2,2272,1052,1220
380368,3,996,466,530
380368,4,190,109,81
380368,5,806,357,449
380368,11,1276,586,690
380368,19,145,82,63
380368,20,661,275,386
380368,21,824,411,413
380368,22,824,411,413
380368,23,626,330,296
380368,24,168,105,63
380368,25,458,225,233
380368,31,198,81,117
380368,39,89,58,31
380368,40,369,167,202
380368,41,1448,641,807
380368,42,1448,641,807
380368,43,370,136,234
380368,44,22,4,18
380368,45,348,132,216
380368,51,1078,505,573
380368,59,56,24,32
380368,60,292,108,184
380377,1,681,232,449
380377,2,681,232,449
380377,3,653,226,427
380377,4,104,51,53
380377,5,549,175,374
380377,11,28,6,22
380377,19,8,1,7
380377,20,541,174,367
380377,21,514,189,325
380377,22,514,189,325
380377,23,512,188,324
380377,24,79,42,37
380377,25,433,146,287
380377,31,2,1,1
380377,39,4,1,3
380377,40,429,145,284
380377,41,167,43,124
380377,42,167,43,124
380377,43,141,38,103
380377,44,25,9,16
380377,45,116,29,87
380377,51,26,5,21
380377,59,4,0,4
380377,60,112,29,83
380401,1,79,1,78
380401,2,79,1,78
380401,3,79,1,78
380401,4,19,0,19
380401,5,60,1,59
380401,20,60,1,59
380401,21,52,0,52
380401,22,52,0,52
380401,23,52,0,52
380401,24,11,0,11
380401,25,41,0,41
380401,40,41,0,41
380401,41,27,1,26
380401,42,27,1,26
380401,43,27,1,26
380401,44,8,0,8
380401,45,19,1,18
380401,60,19,1,18
380438,1,336,85,251
380438,2,336,85,251
380438,3,307,82,225
380438,4,115,29,86
380438,5,192,53,139
380438,11,29,3,26
380438,19,19,4,15
380438,20,173,49,124
380438,21,137,37,100
380438,22,137,37,100
380438,23,110,34,76
380438,24,59,14,45
380438,25,51,20,31
380438,31,27,3,24
380438,39,9,3,6
380438,40,42,17,25
380438,41,199,48,151
380438,42,199,48,151
380438,43,197,48,149
380438,44,56,15,41
380438,45,141,33,108
380438,51,2,0,2
380438,59,10,1,9
380438,60,131,32,99
380456,1,132,4,128
380456,2,132,4,128
380456,3,132,4,128
380456,4,23,0,23
380456,5,109,4,105
380456,20,109,4,105
380456,21,106,2,104
380456,22,106,2,104
380456,23,106,2,104
380456,24,21,0,21
380456,25,85,2,83
380456,40,85,2,83
380456,41,26,2,24
380456,42,26,2,24
380456,43,26,2,24
380456,44,2,0,2
380456,45,24,2,22
380456,60,24,2,22
380465,1,1703,923,780
380465,2,1056,643,413
380465,3,958,566,392
380465,4,13,3,10
380465,5,945,563,382
380465,11,98,77,21
380465,12,647,280,367
380465,19,69,45,24
380465,20,876,518,358
380465,21,1703,923,780
380465,22,1056,643,413
380465,23,958,566,392
380465,24,13,3,10
380465,25,945,563,382
380465,31,98,77,21
380465,32,647,280,367
380465,39,69,45,24
380465,40,876,518,358
380474,1,346,74,272
380474,2,346,74,272
380474,3,346,74,272
380474,4,130,23,107
380474,5,216,51,165
380474,20,216,51,165
380474,21,193,44,149
380474,22,193,44,149
380474,23,193,44,149
380474,24,78,14,64
380474,25,115,30,85
380474,40,115,30,85
380474,41,153,30,123
380474,42,153,30,123
380474,43,153,30,123
380474,44,52,9,43
380474,45,101,21,80
380474,60,101,21,80
381255,1,187,130,57
381255,2,187,130,57
381255,3,187,130,57
381255,4,50,31,19
381255,5,137,99,38
381255,20,137,99,38
381255,21,64,38,26
381255,22,64,38,26
381255,23,64,38,26
381255,24,36,21,15
381255,25,28,17,11
381255,40,28,17,11
381255,41,123,92,31
381255,42,123,92,31
381255,43,123,92,31
381255,44,14,10,4
381255,45,109,82,27
381255,60,109,82,27
381282,1,133,87,46
381282,2,133,87,46
381282,3,133,87,46
381282,4,38,24,14
381282,5,95,63,32
381282,20,95,63,32
381282,21,111,81,30
381282,22,111,81,30
381282,23,111,81,30
381282,24,32,23,9
381282,25,79,58,21
381282,40,79,58,21
381282,41,22,6,16
381282,42,22,6,16
381282,43,22,6,16
381282,44,6,1,5
381282,45,16,5,11
381282,60,16,5,11
381325,1,155,54,101
381325,2,155,54,101
381325,3,155,54,101
381325,4,45,11,34
381325,5,110,43,67
381325,20,110,43,67
381325,21,105,34,71
381325,22,105,34,71
381325,23,105,34,71
381325,24,36,8,28
381325,25,69,26,43
381325,40,69,26,43
381325,41,50,20,30
381325,42,50,20,30
381325,43,50,20,30
381325,44,9,3,6
381325,45,41,17,24
381325,60,41,17,24
381334,1,72,33,39
381334,2,72,33,39
381334,3,72,33,39
381334,4,18,9,9
381334,5,54,24,30
381334,20,54,24,30
381334,21,28,11,17
381334,22,28,11,17
381334,23,28,11,17
381334,24,14,6,8
381334,25,14,5,9
381334,40,14,5,9
381334,41,44,22,22
381334,42,44,22,22
381334,43,44,22,22
381334,44,4,3,1
381334,45,40,19,21
381334,60,40,19,21
381352,1,136,36,100
381352,12,136,36,100
381352,21,115,29,86
381352,32,115,29,86
381352,41,21,7,14
381352,52,21,7,14
381361,1,82,18,64
381361,2,82,18,64
381361,3,82,18,64
381361,4,14,4,10
381361,5,68,14,54
381361,20,68,14,54
381361,21,82,18,64
381361,22,82,18,64
381361,23,82,18,64
381361,24,14,4,10
381361,25,68,14,54
381361,40,68,14,54
381370,1,301,13,288
381370,2,301,13,288
381370,3,301,13,288
381370,4,119,10,109
381370,5,182,3,179
381370,20,182,3,179
381370,21,212,11,201
381370,22,212,11,201
381370,23,212,11,201
381370,24,90,9,81
381370,25,122,2,120
381370,40,122,2,120
381370,41,89,2,87
381370,42,89,2,87
381370,43,89,2,87
381370,44,29,1,28
381370,45,60,1,59
381370,60,60,1,59
381404,1,231,12,219
381404,2,231,12,219
381404,3,231,12,219
381404,4,96,2,94
381404,5,135,10,125
381404,20,135,10,125
381404,21,131,6,125
381404,22,131,6,125
381404,23,131,6,125
381404,24,53,1,52
381404,25,78,5,73
381404,40,78,5,73
381404,41,100,6,94
381404,42,100,6,94
381404,43,100,6,94
381404,44,43,1,42
381404,45,57,5,52
381404,60,57,5,52
381459,1,187,140,47
381459,12,187,140,47
381459,21,31,27,4
381459,32,31,27,4
381459,41,156,113,43
381459,52,156,113,43
381486,1,14,0,14
381486,2,14,0,14
381486,3,14,0,14
381486,4,6,0,6
381486,5,8,0,8
381486,20,8,0,8
381486,21,14,0,14
381486,22,14,0,14
381486,23,14,0,14
381486,24,6,0,6
381486,25,8,0,8
381486,40,8,0,8
381529,1,249,67,182
381529,2,249,67,182
381529,3,229,63,166
381529,4,29,11,18
381529,5,200,52,148
381529,11,20,4,16
381529,20,200,52,148
381529,21,211,60,151
381529,22,211,60,151
381529,23,195,56,139
381529,24,26,10,16
381529,25,169,46,123
381529,31,16,4,12
381529,40,169,46,123
381529,41,38,7,31
381529,42,38,7,31
381529,43,34,7,27
381529,44,3,1,2
381529,45,31,6,25
381529,51,4,0,4
381529,60,31,6,25
381617,1,1039,275,764
381617,2,1039,275,764
381617,3,1036,274,762
381617,4,170,71,99
381617,5,866,203,663
381617,11,3,1,2
381617,19,64,15,49
381617,20,802,188,614
381617,21,626,176,450
381617,22,626,176,450
381617,23,626,176,450
381617,24,119,45,74
381617,25,507,131,376
381617,39,43,9,34
381617,40,464,122,342
381617,41,413,99,314
381617,42,413,99,314
381617,43,410,98,312
381617,44,51,26,25
381617,45,359,72,287
381617,51,3,1,2
381617,59,21,6,15
381617,60,338,66,272
381635,1,77,5,72
381635,2,77,5,72
381635,3,77,5,72
381635,4,32,2,30
381635,5,45,3,42
381635,20,45,3,42
381635,21,49,4,45
381635,22,49,4,45
381635,23,49,4,45
381635,24,24,2,22
381635,25,25,2,23
381635,40,25,2,23
381635,41,28,1,27
381635,42,28,1,27
381635,43,28,1,27
381635,44,8,0,8
381635,45,20,1,19
381635,60,20,1,19
381644,1,154,12,142
381644,2,154,12,142
381644,3,154,12,142
381644,4,46,5,41
381644,5,108,7,101
381644,20,108,7,101
381644,21,154,12,142
381644,22,154,12,142
381644,23,154,12,142
381644,24,46,5,41
381644,25,108,7,101
381644,40,108,7,101
381699,1,34,2,32
381699,2,34,2,32
381699,3,34,2,32
381699,4,28,1,27
381699,5,6,1,5
381699,20,6,1,5
381699,21,22,2,20
381699,22,22,2,20
381699,23,22,2,20
381699,24,18,1,17
381699,25,4,1,3
381699,40,4,1,3
381699,41,12,0,12
381699,42,12,0,12
381699,43,12,0,12
381699,44,10,0,10
381699,45,2,0,2
381699,60,2,0,2
381705,1,39,2,37
381705,2,39,2,37
381705,3,39,2,37
381705,4,33,2,31
381705,5,6,0,6
381705,20,6,0,6
381705,21,24,1,23
381705,22,24,1,23
381705,23,24,1,23
381705,24,21,1,20
381705,25,3,0,3
381705,40,3,0,3
381705,41,15,1,14
381705,42,15,1,14
381705,43,15,1,14
381705,44,12,1,11
381705,45,3,0,3
381705,60,3,0,3
381732,1,201,38,163
381732,2,201,38,163
381732,3,199,38,161
381732,4,38,5,33
381732,5,161,33,128
381732,11,2,0,2
381732,20,161,33,128
381732,21,119,21,98
381732,22,119,21,98
381732,23,119,21,98
381732,24,34,5,29
381732,25,85,16,69
381732,40,85,16,69
381732,41,82,17,65
381732,42,82,17,65
381732,43,80,17,63
381732,44,4,0,4
381732,45,76,17,59
381732,51,2,0,2
381732,60,76,17,59
381741,1,7,3,4
381741,2,7,3,4
381741,3,7,3,4
381741,5,7,3,4
381741,20,7,3,4
381741,21,7,3,4
381741,22,7,3,4
381741,23,7,3,4
381741,25,7,3,4
381741,40,7,3,4
381750,1,52,4,48
381750,2,52,4,48
381750,3,52,4,48
381750,4,20,2,18
381750,5,32,2,30
381750,20,32,2,30
381750,21,41,3,38
381750,22,41,3,38
381750,23,41,3,38
381750,24,15,2,13
381750,25,26,1,25
381750,40,26,1,25
381750,41,11,1,10
381750,42,11,1,10
381750,43,11,1,10
381750,44,5,0,5
381750,45,6,1,5
381750,60,6,1,5
381787,1,275,121,154
381787,2,275,121,154
381787,3,275,121,154
381787,4,20,12,8
381787,5,255,109,146
381787,19,1,0,1
381787,20,254,109,145
381787,21,185,72,113
381787,22,185,72,113
381787,23,185,72,113
381787,24,19,11,8
381787,25,166,61,105
381787,39,1,0,1
381787,40,165,61,104
381787,41,90,49,41
381787,42,90,49,41
381787,43,90,49,41
381787,44,1,1,0
381787,45,89,48,41
381787,60,89,48,41
381866,1,50,15,35
381866,2,50,15,35
381866,3,50,15,35
381866,4,18,8,10
381866,5,32,7,25
381866,20,32,7,25
381866,21,50,15,35
381866,22,50,15,35
381866,23,50,15,35
381866,24,18,8,10
381866,25,32,7,25
381866,40,32,7,25
381909,1,730,580,150
381909,2,730,580,150
381909,3,730,580,150
381909,4,97,77,20
381909,5,633,503,130
381909,19,3,3,0
381909,20,630,500,130
381909,21,606,477,129
381909,22,606,477,129
381909,23,606,477,129
381909,24,89,72,17
381909,25,517,405,112
381909,39,3,3,0
381909,40,514,402,112
381909,41,124,103,21
381909,42,124,103,21
381909,43,124,103,21
381909,44,8,5,3
381909,45,116,98,18
381909,60,116,98,18
381945,1,43,15,28
381945,2,43,15,28
381945,3,19,5,14
381945,4,19,5,14
381945,11,24,10,14
381945,21,43,15,28
381945,22,43,15,28
381945,23,19,5,14
381945,24,19,5,14
381945,31,24,10,14
382063,1,928,465,463
382063,2,449,271,178
382063,3,437,261,176
382063,4,3,1,2
382063,5,434,260,174
382063,11,12,10,2
382063,12,479,194,285
382063,19,23,17,6
382063,20,411,243,168
382063,21,928,465,463
382063,22,449,271,178
382063,23,437,261,176
382063,24,3,1,2
382063,25,434,260,174
382063,31,12,10,2
382063,32,479,194,285
382063,39,23,17,6
382063,40,411,243,168
382258,1,176,39,137
382258,2,176,39,137
382258,3,176,39,137
382258,4,90,29,61
382258,5,86,10,76
382258,20,86,10,76
382258,21,76,11,65
382258,22,76,11,65
382258,23,76,11,65
382258,24,28,7,21
382258,25,48,4,44
382258,40,48,4,44
382258,41,100,28,72
382258,42,100,28,72
382258,43,100,28,72
382258,44,62,22,40
382258,45,38,6,32
382258,60,38,6,32
382267,1,54,3,51
382267,2,54,3,51
382267,3,54,3,51
382267,4,10,3,7
382267,5,44,0,44
382267,20,44,0,44
382267,21,53,3,50
382267,22,53,3,50
382267,23,53,3,50
382267,24,9,3,6
382267,25,44,0,44
382267,40,44,0,44
382267,41,1,0,1
382267,42,1,0,1
382267,43,1,0,1
382267,44,1,0,1
382276,1,484,77,407
382276,2,484,77,407
382276,3,484,77,407
382276,4,152,26,126
382276,5,332,51,281
382276,20,332,51,281
382276,21,390,66,324
382276,22,390,66,324
382276,23,390,66,324
382276,24,125,24,101
382276,25,265,42,223
382276,40,265,42,223
382276,41,94,11,83
382276,42,94,11,83
382276,43,94,11,83
382276,44,27,2,25
382276,45,67,9,58
382276,60,67,9,58
382416,1,80,8,72
382416,2,80,8,72
382416,3,80,8,72
382416,4,7,0,7
382416,5,73,8,65
382416,20,73,8,65
382416,21,80,8,72
382416,22,80,8,72
382416,23,80,8,72
382416,24,7,0,7
382416,25,73,8,65
382416,40,73,8,65
382461,1,65,4,61
382461,2,65,4,61
382461,3,65,4,61
382461,4,7,0,7
382461,5,58,4,54
382461,20,58,4,54
382461,21,53,2,51
382461,22,53,2,51
382461,23,53,2,51
382461,24,6,0,6
382461,25,47,2,45
382461,40,47,2,45
382461,41,12,2,10
382461,42,12,2,10
382461,43,12,2,10
382461,44,1,0,1
382461,45,11,2,9
382461,60,11,2,9
382504,1,381,114,267
382504,2,381,114,267
382504,3,381,114,267
382504,4,214,63,151
382504,5,167,51,116
382504,20,167,51,116
382504,21,381,114,267
382504,22,381,114,267
382504,23,381,114,267
382504,24,214,63,151
382504,25,167,51,116
382504,40,167,51,116
382771,1,524,127,397
382771,2,524,127,397
382771,3,524,127,397
382771,4,151,39,112
382771,5,373,88,285
382771,19,101,22,79
382771,20,272,66,206
382771,21,366,91,275
382771,22,366,91,275
382771,23,366,91,275
382771,24,109,26,83
382771,25,257,65,192
382771,39,73,17,56
382771,40,184,48,136
382771,41,158,36,122
382771,42,158,36,122
382771,43,158,36,122
382771,44,42,13,29
382771,45,116,23,93
382771,59,28,5,23
382771,60,88,18,70
382780,1,247,24,223
382780,2,247,24,223
382780,3,247,24,223
382780,4,45,0,45
382780,5,202,24,178
382780,20,202,24,178
382780,21,247,24,223
382780,22,247,24,223
382780,23,247,24,223
382780,24,45,0,45
382780,25,202,24,178
382780,40,202,24,178
382896,1,357,62,295
382896,2,357,62,295
382896,3,357,62,295
382896,4,89,7,82
382896,5,268,55,213
382896,19,44,15,29
382896,20,224,40,184
382896,21,357,62,295
382896,22,357,62,295
382896,23,357,62,295
382896,24,89,7,82
382896,25,268,55,213
382896,39,44,15,29
382896,40,224,40,184
382902,1,90,2,88
382902,2,90,2,88
382902,3,90,2,88
382902,4,34,0,34
382902,5,56,2,54
382902,20,56,2,54
382902,21,90,2,88
382902,22,90,2,88
382902,23,90,2,88
382902,24,34,0,34
382902,25,56,2,54
382902,40,56,2,54
382911,1,149,77,72
382911,2,149,77,72
382911,3,147,77,70
382911,4,51,32,19
382911,5,96,45,51
382911,11,2,0,2
382911,19,8,4,4
382911,20,88,41,47
382911,21,122,68,54
382911,22,122,68,54
382911,23,122,68,54
382911,24,47,30,17
382911,25,75,38,37
382911,39,8,4,4
382911,40,67,34,33
382911,41,27,9,18
382911,42,27,9,18
382911,43,25,9,16
382911,44,4,2,2
382911,45,21,7,14
382911,51,2,0,2
382911,60,21,7,14
382957,1,457,108,349
382957,2,457,108,349
382957,3,457,108,349
382957,4,90,33,57
382957,5,367,75,292
382957,19,50,14,36
382957,20,317,61,256
382957,21,457,108,349
382957,22,457,108,349
382957,23,457,108,349
382957,24,90,33,57
382957,25,367,75,292
382957,39,50,14,36
382957,40,317,61,256
383020,1,74,14,60
383020,2,20,2,18
383020,3,20,2,18
383020,5,20,2,18
383020,12,54,12,42
383020,20,20,2,18
383020,21,48,11,37
383020,22,10,1,9
383020,23,10,1,9
383020,25,10,1,9
383020,32,38,10,28
383020,40,10,1,9
383020,41,26,3,23
383020,42,10,1,9
383020,43,10,1,9
383020,45,10,1,9
383020,52,16,2,14
383020,60,10,1,9
383084,1,4151,2131,2020
383084,2,4151,2131,2020
383084,3,3704,1938,1766
383084,4,2351,1203,1148
383084,5,1353,735,618
383084,11,447,193,254
383084,20,1353,735,618
383084,21,1684,904,780
383084,22,1684,904,780
383084,23,1534,834,700
383084,24,942,456,486
383084,25,592,378,214
383084,31,150,70,80
383084,40,592,378,214
383084,41,2467,1227,1240
383084,42,2467,1227,1240
383084,43,2170,1104,1066
383084,44,1409,747,662
383084,45,761,357,404
383084,51,297,123,174
383084,60,761,357,404
383163,1,435,15,420
383163,2,435,15,420
383163,3,435,15,420
383163,4,84,3,81
383163,5,351,12,339
383163,20,351,12,339
383163,21,49,1,48
383163,22,49,1,48
383163,23,49,1,48
383163,24,8,0,8
383163,25,41,1,40
383163,40,41,1,40
383163,41,386,14,372
383163,42,386,14,372
383163,43,386,14,372
383163,44,76,3,73
383163,45,310,11,299
383163,60,310,11,299
383172,1,35,10,25
383172,2,35,10,25
383172,3,35,10,25
383172,4,33,9,24
383172,5,2,1,1
383172,20,2,1,1
383172,21,35,10,25
383172,22,35,10,25
383172,23,35,10,25
383172,24,33,9,24
383172,25,2,1,1
383172,40,2,1,1
383190,1,3406,1413,1993
383190,2,3406,1413,1993
383190,3,2922,1264,1658
383190,4,727,365,362
383190,5,2195,899,1296
383190,11,484,149,335
383190,19,300,121,179
383190,20,1895,778,1117
383190,21,1598,767,831
383190,22,1598,767,831
383190,23,1586,761,825
383190,24,457,228,229
383190,25,1129,533,596
383190,31,12,6,6
383190,39,166,75,91
383190,40,963,458,505
383190,41,1808,646,1162
383190,42,1808,646,1162
383190,43,1336,503,833
383190,44,270,137,133
383190,45,1066,366,700
383190,51,472,143,329
383190,59,134,46,88
383190,60,932,320,612
383251,1,97,4,93
383251,2,97,4,93
383251,3,97,4,93
383251,4,23,0,23
383251,5,74,4,70
383251,20,74,4,70
383251,21,97,4,93
383251,22,97,4,93
383251,23,97,4,93
383251,24,23,0,23
383251,25,74,4,70
383251,40,74,4,70
383279,1,185,14,171
383279,2,185,14,171
383279,3,185,14,171
383279,4,23,3,20
383279,5,162,11,151
383279,20,162,11,151
383279,21,89,8,81
383279,22,89,8,81
383279,23,89,8,81
383279,24,15,3,12
383279,25,74,5,69
383279,40,74,5,69
383279,41,96,6,90
383279,42,96,6,90
383279,43,96,6,90
383279,44,8,0,8
383279,45,88,6,82
383279,60,88,6,82
383297,1,311,5,306
383297,2,311,5,306
383297,3,311,5,306
383297,4,94,1,93
383297,5,217,4,213
383297,20,217,4,213
383297,21,224,2,222
383297,22,224,2,222
383297,23,224,2,222
383297,24,79,1,78
383297,25,145,1,144
383297,40,145,1,144
383297,41,87,3,84
383297,42,87,3,84
383297,43,87,3,84
383297,44,15,0,15
383297,45,72,3,69
383297,60,72,3,69
383312,1,89,32,57
383312,2,89,32,57
383312,3,89,32,57
383312,4,82,31,51
383312,5,7,1,6
383312,20,7,1,6
383312,21,89,32,57
383312,22,89,32,57
383312,23,89,32,57
383312,24,82,31,51
383312,25,7,1,6
383312,40,7,1,6
383330,1,95,36,59
383330,2,95,36,59
383330,3,95,36,59
383330,4,60,30,30
383330,5,35,6,29
383330,20,35,6,29
383330,21,72,26,46
383330,22,72,26,46
383330,23,72,26,46
383330,24,45,21,24
383330,25,27,5,22
383330,40,27,5,22
383330,41,23,10,13
383330,42,23,10,13
383330,43,23,10,13
383330,44,15,9,6
383330,45,8,1,7
383330,60,8,1,7
383367,1,264,81,183
383367,2,264,81,183
383367,3,264,81,183
383367,4,141,43,98
383367,5,123,38,85
383367,20,123,38,85
383367,21,226,76,150
383367,22,226,76,150
383367,23,226,76,150
383367,24,113,42,71
383367,25,113,34,79
383367,40,113,34,79
383367,41,38,5,33
383367,42,38,5,33
383367,43,38,5,33
383367,44,28,1,27
383367,45,10,4,6
383367,60,10,4,6
383400,1,72,11,61
383400,2,72,11,61
383400,3,72,11,61
383400,5,72,11,61
383400,20,72,11,61
383400,21,72,11,61
383400,22,72,11,61
383400,23,72,11,61
383400,25,72,11,61
383400,40,72,11,61
383464,1,132,10,122
383464,2,132,10,122
383464,3,132,10,122
383464,4,100,8,92
383464,5,32,2,30
383464,20,32,2,30
383464,21,132,10,122
383464,22,132,10,122
383464,23,132,10,122
383464,24,100,8,92
383464,25,32,2,30
383464,40,32,2,30
383507,1,11,3,8
383507,2,11,3,8
383507,3,11,3,8
383507,4,6,2,4
383507,5,5,1,4
383507,20,5,1,4
383507,21,11,3,8
383507,22,11,3,8
383507,23,11,3,8
383507,24,6,2,4
383507,25,5,1,4
383507,40,5,1,4
383525,1,85,14,71
383525,2,85,14,71
383525,3,85,14,71
383525,4,17,4,13
383525,5,68,10,58
383525,20,68,10,58
383525,21,85,14,71
383525,22,85,14,71
383525,23,85,14,71
383525,24,17,4,13
383525,25,68,10,58
383525,40,68,10,58
383765,1,63,2,61
383765,2,63,2,61
383765,3,63,2,61
383765,4,29,0,29
383765,5,34,2,32
383765,20,34,2,32
383765,21,63,2,61
383765,22,63,2,61
383765,23,63,2,61
383765,24,29,0,29
383765,25,34,2,32
383765,40,34,2,32
383792,1,277,5,272
383792,2,277,5,272
383792,3,277,5,272
383792,4,123,4,119
383792,5,154,1,153
383792,20,154,1,153
383792,21,277,5,272
383792,22,277,5,272
383792,23,277,5,272
383792,24,123,4,119
383792,25,154,1,153
383792,40,154,1,153
383899,1,838,180,658
383899,2,838,180,658
383899,3,838,180,658
383899,4,759,169,590
383899,5,79,11,68
383899,20,79,11,68
383899,21,698,147,551
383899,22,698,147,551
383899,23,698,147,551
383899,24,624,137,487
383899,25,74,10,64
383899,40,74,10,64
383899,41,140,33,107
383899,42,140,33,107
383899,43,140,33,107
383899,44,135,32,103
383899,45,5,1,4
383899,60,5,1,4
383950,1,256,34,222
383950,2,256,34,222
383950,3,256,34,222
383950,4,89,13,76
383950,5,167,21,146
383950,20,167,21,146
383950,21,237,32,205
383950,22,237,32,205
383950,23,237,32,205
383950,24,83,12,71
383950,25,154,20,134
383950,40,154,20,134
383950,41,19,2,17
383950,42,19,2,17
383950,43,19,2,17
383950,44,6,1,5
383950,45,13,1,12
383950,60,13,1,12
383996,1,895,349,546
383996,2,895,349,546
383996,3,568,206,362
383996,4,86,43,43
383996,5,482,163,319
383996,11,327,143,184
383996,19,60,18,42
383996,20,422,145,277
383996,21,235,99,136
383996,22,235,99,136
383996,23,203,85,118
383996,24,69,33,36
383996,25,134,52,82
383996,31,32,14,18
383996,39,13,4,9
383996,40,121,48,73
383996,41,660,250,410
383996,42,660,250,410
383996,43,365,121,244
383996,44,17,10,7
383996,45,348,111,237
383996,51,295,129,166
383996,59,47,14,33
383996,60,301,97,204
384209,1,594,176,418
384209,2,594,176,418
384209,3,594,176,418
384209,4,253,66,187
384209,5,341,110,231
384209,20,341,110,231
384209,21,594,176,418
384209,22,594,176,418
384209,23,594,176,418
384209,24,253,66,187
384209,25,341,110,231
384209,40,341,110,231
384254,1,190,132,58
384254,2,190,132,58
384254,3,190,132,58
384254,4,41,26,15
384254,5,149,106,43
384254,19,20,14,6
384254,20,129,92,37
384254,21,188,130,58
384254,22,188,130,58
384254,23,188,130,58
384254,24,41,26,15
384254,25,147,104,43
384254,39,20,14,6
384254,40,127,90,37
384254,41,2,2,0
384254,42,2,2,0
384254,43,2,2,0
384254,45,2,2,0
384254,60,2,2,0
384306,1,140,25,115
384306,12,140,25,115
384306,21,106,20,86
384306,32,106,20,86
384306,41,34,5,29
384306,52,34,5,29
384333,1,8832,3673,5159
384333,2,8832,3673,5159
384333,3,7634,3175,4459
384333,4,1636,780,856
384333,5,5998,2395,3603
384333,11,1198,498,700
384333,19,793,350,443
384333,20,5205,2045,3160
384333,21,2810,1255,1555
384333,22,2810,1255,1555
384333,23,2671,1197,1474
384333,24,855,402,453
384333,25,1816,795,1021
384333,31,139,58,81
384333,39,206,101,105
384333,40,1610,694,916
384333,41,6022,2418,3604
384333,42,6022,2418,3604
384333,43,4963,1978,2985
384333,44,781,378,403
384333,45,4182,1600,2582
384333,51,1059,440,619
384333,59,587,249,338
384333,60,3595,1351,2244
384342,1,5215,2414,2801
384342,2,5215,2414,2801
384342,3,4692,2193,2499
384342,4,783,403,380
384342,5,3909,1790,2119
384342,11,523,221,302
384342,19,474,235,239
384342,20,3435,1555,1880
384342,21,2241,1160,1081
384342,22,2241,1160,1081
384342,23,2177,1132,1045
384342,24,511,279,232
384342,25,1666,853,813
384342,31,64,28,36
384342,39,250,138,112
384342,40,1416,715,701
384342,41,2974,1254,1720
384342,42,2974,1254,1720
384342,43,2515,1061,1454
384342,44,272,124,148
384342,45,2243,937,1306
384342,51,459,193,266
384342,59,224,97,127
384342,60,2019,840,1179
384412,1,341,168,173
384412,2,330,163,167
384412,3,320,155,165
384412,4,12,5,7
384412,5,308,150,158
384412,11,10,8,2
384412,12,11,5,6
384412,19,21,6,15
384412,20,287,144,143
384412,21,341,168,173
384412,22,330,163,167
384412,23,320,155,165
384412,24,12,5,7
384412,25,308,150,158
384412,31,10,8,2
384412,32,11,5,6
384412,39,21,6,15
384412,40,287,144,143
384421,1,86,86,0
384421,2,86,86,0
384421,3,86,86,0
384421,4,32,32,0
384421,5,54,54,0
384421,19,1,1,0
384421,20,53,53,0
384421,21,86,86,0
384421,22,86,86,0
384421,23,86,86,0
384421,24,32,32,0
384421,25,54,54,0
384421,39,1,1,0
384421,40,53,53,0
385008,1,477,60,417
385008,2,477,60,417
385008,3,477,60,417
385008,4,54,6,48
385008,5,423,54,369
385008,19,45,4,41
385008,20,378,50,328
385008,21,465,59,406
385008,22,465,59,406
385008,23,465,59,406
385008,24,54,6,48
385008,25,411,53,358
385008,39,45,4,41
385008,40,366,49,317
385008,41,12,1,11
385008,42,12,1,11
385008,43,12,1,11
385008,45,12,1,11
385008,60,12,1,11
385132,1,99,8,91
385132,2,99,8,91
385132,3,99,8,91
385132,4,90,7,83
385132,5,9,1,8
385132,20,9,1,8
385132,21,89,7,82
385132,22,89,7,82
385132,23,89,7,82
385132,24,87,6,81
385132,25,2,1,1
385132,40,2,1,1
385132,41,10,1,9
385132,42,10,1,9
385132,43,10,1,9
385132,44,3,1,2
385132,45,7,0,7
385132,60,7,0,7
385503,1,464,68,396
385503,2,464,68,396
385503,3,464,68,396
385503,4,66,10,56
385503,5,398,58,340
385503,19,64,15,49
385503,20,334,43,291
385503,21,408,58,350
385503,22,408,58,350
385503,23,408,58,350
385503,24,61,10,51
385503,25,347,48,299
385503,39,56,13,43
385503,40,291,35,256
385503,41,56,10,46
385503,42,56,10,46
385503,43,56,10,46
385503,44,5,0,5
385503,45,51,10,41
385503,59,8,2,6
385503,60,43,8,35
385549,1,174,26,148
385549,2,174,26,148
385549,3,174,26,148
385549,4,47,4,43
385549,5,127,22,105
385549,20,127,22,105
385549,21,174,26,148
385549,22,174,26,148
385549,23,174,26,148
385549,24,47,4,43
385549,25,127,22,105
385549,40,127,22,105
385619,1,1252,625,627
385619,2,1184,581,603
385619,3,1184,581,603
385619,4,54,31,23
385619,5,1130,550,580
385619,12,68,44,24
385619,19,3,0,3
385619,20,1127,550,577
385619,21,1203,595,608
385619,22,1184,581,603
385619,23,1184,581,603
385619,24,54,31,23
385619,25,1130,550,580
385619,32,19,14,5
385619,39,3,0,3
385619,40,1127,550,577
385619,41,49,30,19
385619,52,49,30,19
386153,1,257,0,257
386153,2,257,0,257
386153,3,257,0,257
386153,4,257,0,257
386153,21,143,0,143
386153,22,143,0,143
386153,23,143,0,143
386153,24,143,0,143
386153,41,114,0,114
386153,42,114,0,114
386153,43,114,0,114
386153,44,114,0,114
386472,1,378,93,285
386472,2,378,93,285
386472,3,377,93,284
386472,4,12,2,10
386472,5,365,91,274
386472,11,1,0,1
386472,19,34,8,26
386472,20,331,83,248
386472,21,256,65,191
386472,22,256,65,191
386472,23,256,65,191
386472,24,11,2,9
386472,25,245,63,182
386472,39,20,5,15
386472,40,225,58,167
386472,41,122,28,94
386472,42,122,28,94
386472,43,121,28,93
386472,44,1,0,1
386472,45,120,28,92
386472,51,1,0,1
386472,59,14,3,11
386472,60,106,25,81
387660,1,3,3,0
387660,2,3,3,0
387660,3,3,3,0
387660,4,1,1,0
387660,5,2,2,0
387660,20,2,2,0
387660,21,3,3,0
387660,22,3,3,0
387660,23,3,3,0
387660,24,1,1,0
387660,25,2,2,0
387660,40,2,2,0
387819,1,105,21,84
387819,2,105,21,84
387819,3,105,21,84
387819,4,59,15,44
387819,5,46,6,40
387819,20,46,6,40
387819,21,91,18,73
387819,22,91,18,73
387819,23,91,18,73
387819,24,51,12,39
387819,25,40,6,34
387819,40,40,6,34
387819,41,14,3,11
387819,42,14,3,11
387819,43,14,3,11
387819,44,8,3,5
387819,45,6,0,6
387819,60,6,0,6
387925,1,262,33,229
387925,2,262,33,229
387925,3,262,33,229
387925,4,84,8,76
387925,5,178,25,153
387925,19,4,0,4
387925,20,174,25,149
387925,21,262,33,229
387925,22,262,33,229
387925,23,262,33,229
387925,24,84,8,76
387925,25,178,25,153
387925,39,4,0,4
387925,40,174,25,149
388043,1,710,148,562
388043,2,710,148,562
388043,3,704,147,557
388043,4,46,13,33
388043,5,658,134,524
388043,11,6,1,5
388043,19,151,27,124
388043,20,507,107,400
388043,21,503,113,390
388043,22,503,113,390
388043,23,503,113,390
388043,24,43,12,31
388043,25,460,101,359
388043,39,123,25,98
388043,40,337,76,261
388043,41,207,35,172
388043,42,207,35,172
388043,43,201,34,167
388043,44,3,1,2
388043,45,198,33,165
388043,51,6,1,5
388043,59,28,2,26
388043,60,170,31,139
388520,1,498,282,216
388520,2,498,282,216
388520,3,493,278,215
388520,4,46,22,24
388520,5,447,256,191
388520,11,5,4,1
388520,19,49,21,28
388520,20,398,235,163
388520,21,74,41,33
388520,22,74,41,33
388520,23,74,41,33
388520,24,14,7,7
388520,25,60,34,26
388520,39,15,6,9
388520,40,45,28,17
388520,41,424,241,183
388520,42,424,241,183
388520,43,419,237,182
388520,44,32,15,17
388520,45,387,222,165
388520,51,5,4,1
388520,59,34,15,19
388520,60,353,207,146
388663,1,139,13,126
388663,2,139,13,126
388663,3,139,13,126
388663,4,42,8,34
388663,5,97,5,92
388663,20,97,5,92
388663,21,139,13,126
388663,22,139,13,126
388663,23,139,13,126
388663,24,42,8,34
388663,25,97,5,92
388663,40,97,5,92
389727,1,365,60,305
389727,2,365,60,305
389727,3,365,60,305
389727,4,163,24,139
389727,5,202,36,166
389727,20,202,36,166
389727,21,246,42,204
389727,22,246,42,204
389727,23,246,42,204
389727,24,139,20,119
389727,25,107,22,85
389727,40,107,22,85
389727,41,119,18,101
389727,42,119,18,101
389727,43,119,18,101
389727,44,24,4,20
389727,45,95,14,81
389727,60,95,14,81
389860,1,385,179,206
389860,2,385,179,206
389860,3,385,179,206
389860,4,180,101,79
389860,5,205,78,127
389860,20,205,78,127
389860,21,270,139,131
389860,22,270,139,131
389860,23,270,139,131
389860,24,133,84,49
389860,25,137,55,82
389860,40,137,55,82
389860,41,115,40,75
389860,42,115,40,75
389860,43,115,40,75
389860,44,47,17,30
389860,45,68,23,45
389860,60,68,23,45
390701,1,29693,6911,22782
390701,2,29460,6845,22615
390701,3,29460,6845,22615
390701,4,314,127,187
390701,5,29146,6718,22428
390701,12,233,66,167
390701,19,6213,1590,4623
390701,20,22933,5128,17805
390701,21,15437,3309,12128
390701,22,15344,3291,12053
390701,23,15344,3291,12053
390701,24,180,61,119
390701,25,15164,3230,11934
390701,32,93,18,75
390701,39,3751,915,2836
390701,40,11413,2315,9098
390701,41,14256,3602,10654
390701,42,14116,3554,10562
390701,43,14116,3554,10562
390701,44,134,66,68
390701,45,13982,3488,10494
390701,52,140,48,92
390701,59,2462,675,1787
390701,60,11520,2813,8707
390905,1,350,171,179
390905,2,350,171,179
390905,3,350,171,179
390905,4,246,121,125
390905,5,104,50,54
390905,20,104,50,54
390905,21,350,171,179
390905,22,350,171,179
390905,23,350,171,179
390905,24,246,121,125
390905,25,104,50,54
390905,40,104,50,54
391005,1,241,10,231
391005,2,241,10,231
391005,3,241,10,231
391005,4,15,1,14
391005,5,226,9,217
391005,20,226,9,217
391005,21,241,10,231
391005,22,241,10,231
391005,23,241,10,231
391005,24,15,1,14
391005,25,226,9,217
391005,40,226,9,217
391333,1,34,3,31
391333,2,34,3,31
391333,3,34,3,31
391333,4,9,0,9
391333,5,25,3,22
391333,20,25,3,22
391333,21,34,3,31
391333,22,34,3,31
391333,23,34,3,31
391333,24,9,0,9
391333,25,25,3,22
391333,40,25,3,22
391546,1,64,7,57
391546,2,64,7,57
391546,3,64,7,57
391546,4,30,5,25
391546,5,34,2,32
391546,20,34,2,32
391546,21,5,3,2
391546,22,5,3,2
391546,23,5,3,2
391546,24,3,2,1
391546,25,2,1,1
391546,40,2,1,1
391546,41,59,4,55
391546,42,59,4,55
391546,43,59,4,55
391546,44,27,3,24
391546,45,32,1,31
391546,60,32,1,31
391564,1,230,20,210
391564,2,230,20,210
391564,3,230,20,210
391564,4,165,14,151
391564,5,65,6,59
391564,20,65,6,59
391564,21,175,15,160
391564,22,175,15,160
391564,23,175,15,160
391564,24,120,9,111
391564,25,55,6,49
391564,40,55,6,49
391564,41,55,5,50
391564,42,55,5,50
391564,43,55,5,50
391564,44,45,5,40
391564,45,10,0,10
391564,60,10,0,10
391582,1,28,2,26
391582,2,28,2,26
391582,3,28,2,26
391582,5,28,2,26
391582,20,28,2,26
391582,21,23,2,21
391582,22,23,2,21
391582,23,23,2,21
391582,25,23,2,21
391582,40,23,2,21
391582,41,5,0,5
391582,42,5,0,5
391582,43,5,0,5
391582,45,5,0,5
391582,60,5,0,5
391759,1,73,4,69
391759,2,73,4,69
391759,3,73,4,69
391759,4,39,2,37
391759,5,34,2,32
391759,20,34,2,32
391759,21,2,0,2
391759,22,2,0,2
391759,23,2,0,2
391759,24,1,0,1
391759,25,1,0,1
391759,40,1,0,1
391759,41,71,4,67
391759,42,71,4,67
391759,43,71,4,67
391759,44,38,2,36
391759,45,33,2,31
391759,60,33,2,31
391810,1,56,10,46
391810,2,56,10,46
391810,3,56,10,46
391810,4,10,1,9
391810,5,46,9,37
391810,20,46,9,37
391810,21,56,10,46
391810,22,56,10,46
391810,23,56,10,46
391810,24,10,1,9
391810,25,46,9,37
391810,40,46,9,37
392257,1,810,96,714
392257,2,810,96,714
392257,3,810,96,714
392257,4,802,94,708
392257,5,8,2,6
392257,19,6,1,5
392257,20,2,1,1
392257,21,810,96,714
392257,22,810,96,714
392257,23,810,96,714
392257,24,802,94,708
392257,25,8,2,6
392257,39,6,1,5
392257,40,2,1,1
392354,1,10,7,3
392354,2,10,7,3
392354,3,10,7,3
392354,4,1,1,0
392354,5,9,6,3
392354,20,9,6,3
392354,21,10,7,3
392354,22,10,7,3
392354,23,10,7,3
392354,24,1,1,0
392354,25,9,6,3
392354,40,9,6,3
392415,1,382,35,347
392415,2,382,35,347
392415,3,382,35,347
392415,4,58,6,52
392415,5,324,29,295
392415,20,324,29,295
392415,21,382,35,347
392415,22,382,35,347
392415,23,382,35,347
392415,24,58,6,52
392415,25,324,29,295
392415,40,324,29,295
392798,1,44,4,40
392798,2,44,4,40
392798,3,44,4,40
392798,4,6,1,5
392798,5,38,3,35
392798,20,38,3,35
392798,21,29,3,26
392798,22,29,3,26
392798,23,29,3,26
392798,24,3,1,2
392798,25,26,2,24
392798,40,26,2,24
392798,41,15,1,14
392798,42,15,1,14
392798,43,15,1,14
392798,44,3,0,3
392798,45,12,1,11
392798,60,12,1,11
392840,1,363,165,198
392840,2,363,165,198
392840,3,334,152,182
392840,4,58,23,35
392840,5,276,129,147
392840,11,29,13,16
392840,19,25,14,11
392840,20,251,115,136
392840,21,251,107,144
392840,22,251,107,144
392840,23,251,107,144
392840,24,53,21,32
392840,25,198,86,112
392840,39,20,10,10
392840,40,178,76,102
392840,41,112,58,54
392840,42,112,58,54
392840,43,83,45,38
392840,44,5,2,3
392840,45,78,43,35
392840,51,29,13,16
392840,59,5,4,1
392840,60,73,39,34
393180,1,425,145,280
393180,2,425,145,280
393180,3,425,145,280
393180,4,138,47,91
393180,5,287,98,189
393180,19,8,1,7
393180,20,279,97,182
393180,21,425,145,280
393180,22,425,145,280
393180,23,425,145,280
393180,24,138,47,91
393180,25,287,98,189
393180,39,8,1,7
393180,40,279,97,182
393524,1,159,13,146
393524,2,159,13,146
393524,3,159,13,146
393524,4,48,5,43
393524,5,111,8,103
393524,20,111,8,103
393524,21,159,13,146
393524,22,159,13,146
393524,23,159,13,146
393524,24,48,5,43
393524,25,111,8,103
393524,40,111,8,103
393649,1,1444,435,1009
393649,2,1444,435,1009
393649,3,1444,435,1009
393649,4,443,153,290
393649,5,1001,282,719
393649,20,1001,282,719
393649,21,1444,435,1009
393649,22,1444,435,1009
393649,23,1444,435,1009
393649,24,443,153,290
393649,25,1001,282,719
393649,40,1001,282,719
393861,1,142,25,117
393861,2,142,25,117
393861,3,142,25,117
393861,4,54,10,44
393861,5,88,15,73
393861,20,88,15,73
393861,21,101,15,86
393861,22,101,15,86
393861,23,101,15,86
393861,24,44,9,35
393861,25,57,6,51
393861,40,57,6,51
393861,41,41,10,31
393861,42,41,10,31
393861,43,41,10,31
393861,44,10,1,9
393861,45,31,9,22
393861,60,31,9,22
393977,1,54,1,53
393977,2,54,1,53
393977,3,54,1,53
393977,4,20,0,20
393977,5,34,1,33
393977,20,34,1,33
393977,21,54,1,53
393977,22,54,1,53
393977,23,54,1,53
393977,24,20,0,20
393977,25,34,1,33
393977,40,34,1,33
395195,1,101,19,82
395195,2,101,19,82
395195,3,101,19,82
395195,4,50,11,39
395195,5,51,8,43
395195,20,51,8,43
395195,21,101,19,82
395195,22,101,19,82
395195,23,101,19,82
395195,24,50,11,39
395195,25,51,8,43
395195,40,51,8,43
395362,1,1783,647,1136
395362,2,1783,647,1136
395362,3,1479,520,959
395362,4,306,131,175
395362,5,1173,389,784
395362,11,304,127,177
395362,19,104,32,72
395362,20,1069,357,712
395362,21,750,268,482
395362,22,750,268,482
395362,23,679,236,443
395362,24,157,64,93
395362,25,522,172,350
395362,31,71,32,39
395362,39,45,14,31
395362,40,477,158,319
395362,41,1033,379,654
395362,42,1033,379,654
395362,43,800,284,516
395362,44,149,67,82
395362,45,651,217,434
395362,51,233,95,138
395362,59,59,18,41
395362,60,592,199,393
395690,1,913,306,607
395690,2,913,306,607
395690,3,913,306,607
395690,4,626,218,408
395690,5,287,88,199
395690,20,287,88,199
395690,21,617,214,403
395690,22,617,214,403
395690,23,617,214,403
395690,24,422,153,269
395690,25,195,61,134
395690,40,195,61,134
395690,41,296,92,204
395690,42,296,92,204
395690,43,296,92,204
395690,44,204,65,139
395690,45,92,27,65
395690,60,92,27,65
397270,1,82,58,24
397270,2,33,21,12
397270,3,33,21,12
397270,4,10,7,3
397270,5,23,14,9
397270,12,49,37,12
397270,19,6,6,0
397270,20,17,8,9
397270,21,82,58,24
397270,22,33,21,12
397270,23,33,21,12
397270,24,10,7,3
397270,25,23,14,9
397270,32,49,37,12
397270,39,6,6,0
397270,40,17,8,9
397942,1,1014,131,883
397942,2,1014,131,883
397942,3,1014,131,883
397942,4,346,48,298
397942,5,668,83,585
397942,20,668,83,585
397942,21,1014,131,883
397942,22,1014,131,883
397942,23,1014,131,883
397942,24,346,48,298
397942,25,668,83,585
397942,40,668,83,585
398130,1,538,377,161
398130,2,538,377,161
398130,3,536,376,160
398130,4,63,49,14
398130,5,473,327,146
398130,11,2,1,1
398130,19,44,31,13
398130,20,429,296,133
398130,21,340,253,87
398130,22,340,253,87
398130,23,339,252,87
398130,24,53,41,12
398130,25,286,211,75
398130,31,1,1,0
398130,39,33,25,8
398130,40,253,186,67
398130,41,198,124,74
398130,42,198,124,74
398130,43,197,124,73
398130,44,10,8,2
398130,45,187,116,71
398130,51,1,0,1
398130,59,11,6,5
398130,60,176,110,66
398574,1,1400,1270,130
398574,2,1400,1270,130
398574,3,1400,1270,130
398574,4,253,237,16
398574,5,1147,1033,114
398574,19,64,58,6
398574,20,1083,975,108
398574,21,1400,1270,130
398574,22,1400,1270,130
398574,23,1400,1270,130
398574,24,253,237,16
398574,25,1147,1033,114
398574,39,64,58,6
398574,40,1083,975,108
399212,1,10939,6764,4175
399212,2,10939,6764,4175
399212,3,10055,6285,3770
399212,4,2151,1145,1006
399212,5,7904,5140,2764
399212,11,884,479,405
399212,19,1112,691,421
399212,20,6792,4449,2343
399212,21,1938,958,980
399212,22,1938,958,980
399212,23,1897,932,965
399212,24,769,345,424
399212,25,1128,587,541
399212,31,41,26,15
399212,39,99,52,47
399212,40,1029,535,494
399212,41,9001,5806,3195
399212,42,9001,5806,3195
399212,43,8158,5353,2805
399212,44,1382,800,582
399212,45,6776,4553,2223
399212,51,843,453,390
399212,59,1013,639,374
399212,60,5763,3914,1849
399869,1,496,472,24
399869,2,496,472,24
399869,3,493,469,24
399869,4,135,124,11
399869,5,358,345,13
399869,11,3,3,0
399869,20,358,345,13
399869,21,496,472,24
399869,22,496,472,24
399869,23,493,469,24
399869,24,135,124,11
399869,25,358,345,13
399869,31,3,3,0
399869,40,358,345,13
399911,1,412,150,262
399911,2,412,150,262
399911,3,412,150,262
399911,4,112,44,68
399911,5,300,106,194
399911,20,300,106,194
399911,21,412,150,262
399911,22,412,150,262
399911,23,412,150,262
399911,24,112,44,68
399911,25,300,106,194
399911,40,300,106,194
400080,1,947,214,733
400080,2,947,214,733
400080,3,947,214,733
400080,4,941,211,730
400080,5,6,3,3
400080,20,6,3,3
400080,21,947,214,733
400080,22,947,214,733
400080,23,947,214,733
400080,24,941,211,730
400080,25,6,3,3
400080,40,6,3,3
400187,1,506,85,421
400187,2,506,85,421
400187,3,506,85,421
400187,4,331,51,280
400187,5,175,34,141
400187,20,175,34,141
400187,21,368,66,302
400187,22,368,66,302
400187,23,368,66,302
400187,24,264,44,220
400187,25,104,22,82
400187,40,104,22,82
400187,41,138,19,119
400187,42,138,19,119
400187,43,138,19,119
400187,44,67,7,60
400187,45,71,12,59
400187,60,71,12,59
401223,1,261,113,148
401223,2,122,42,80
401223,3,122,42,80
401223,4,5,1,4
401223,5,117,41,76
401223,12,139,71,68
401223,19,12,5,7
401223,20,105,36,69
401223,21,167,71,96
401223,22,73,24,49
401223,23,73,24,49
401223,24,2,0,2
401223,25,71,24,47
401223,32,94,47,47
401223,39,7,4,3
401223,40,64,20,44
401223,41,94,42,52
401223,42,49,18,31
401223,43,49,18,31
401223,44,3,1,2
401223,45,46,17,29
401223,52,45,24,21
401223,59,5,1,4
401223,60,41,16,25
401250,1,211,47,164
401250,12,211,47,164
401250,21,154,37,117
401250,32,154,37,117
401250,41,57,10,47
401250,52,57,10,47
401339,1,169,84,85
401339,2,169,84,85
401339,3,169,84,85
401339,4,57,20,37
401339,5,112,64,48
401339,20,112,64,48
401339,21,169,84,85
401339,22,169,84,85
401339,23,169,84,85
401339,24,57,20,37
401339,25,112,64,48
401339,40,112,64,48
401481,1,52,0,52
401481,2,52,0,52
401481,3,52,0,52
401481,4,20,0,20
401481,5,32,0,32
401481,20,32,0,32
401481,21,16,0,16
401481,22,16,0,16
401481,23,16,0,16
401481,24,8,0,8
401481,25,8,0,8
401481,40,8,0,8
401481,41,36,0,36
401481,42,36,0,36
401481,43,36,0,36
401481,44,12,0,12
401481,45,24,0,24
401481,60,24,0,24
402563,1,102,2,100
402563,2,102,2,100
402563,3,102,2,100
402563,4,20,0,20
402563,5,82,2,80
402563,20,82,2,80
402563,21,102,2,100
402563,22,102,2,100
402563,23,102,2,100
402563,24,20,0,20
402563,25,82,2,80
402563,40,82,2,80
402615,1,276,117,159
402615,2,242,100,142
402615,3,242,100,142
402615,5,242,100,142
402615,12,34,17,17
402615,20,242,100,142
402615,21,144,58,86
402615,22,133,53,80
402615,23,133,53,80
402615,25,133,53,80
402615,32,11,5,6
402615,40,133,53,80
402615,41,132,59,73
402615,42,109,47,62
402615,43,109,47,62
402615,45,109,47,62
402615,52,23,12,11
402615,60,109,47,62
402776,1,224,86,138
402776,2,224,86,138
402776,3,224,86,138
402776,4,32,17,15
402776,5,192,69,123
402776,19,11,2,9
402776,20,181,67,114
402776,21,127,53,74
402776,22,127,53,74
402776,23,127,53,74
402776,24,22,12,10
402776,25,105,41,64
402776,39,3,0,3
402776,40,102,41,61
402776,41,97,33,64
402776,42,97,33,64
402776,43,97,33,64
402776,44,10,5,5
402776,45,87,28,59
402776,59,8,2,6
402776,60,79,26,53
402800,1,144,14,130
402800,2,144,14,130
402800,3,144,14,130
402800,4,23,2,21
402800,5,121,12,109
402800,20,121,12,109
402800,21,106,11,95
402800,22,106,11,95
402800,23,106,11,95
402800,24,18,2,16
402800,25,88,9,79
402800,40,88,9,79
402800,41,38,3,35
402800,42,38,3,35
402800,43,38,3,35
402800,44,5,0,5
402800,45,33,3,30
402800,60,33,3,30
402828,1,381,164,217
402828,12,381,164,217
402828,21,289,154,135
402828,32,289,154,135
402828,41,92,10,82
402828,52,92,10,82
403414,1,41,0,41
403414,2,41,0,41
403414,3,41,0,41
403414,4,6,0,6
403414,5,35,0,35
403414,20,35,0,35
403414,21,17,0,17
403414,22,17,0,17
403414,23,17,0,17
403414,24,4,0,4
403414,25,13,0,13
403414,40,13,0,13
403414,41,24,0,24
403414,42,24,0,24
403414,43,24,0,24
403414,44,2,0,2
403414,45,22,0,22
403414,60,22,0,22
403469,1,2194,778,1416
403469,2,2194,778,1416
403469,3,446,187,259
403469,4,96,36,60
403469,5,350,151,199
403469,11,1748,591,1157
403469,19,10,7,3
403469,20,340,144,196
403469,21,226,82,144
403469,22,226,82,144
403469,23,201,76,125
403469,24,69,24,45
403469,25,132,52,80
403469,31,25,6,19
403469,39,6,5,1
403469,40,126,47,79
403469,41,1968,696,1272
403469,42,1968,696,1272
403469,43,245,111,134
403469,44,27,12,15
403469,45,218,99,119
403469,51,1723,585,1138
403469,59,4,2,2
403469,60,214,97,117
403478,1,972,406,566
403478,2,972,406,566
403478,3,533,232,301
403478,4,174,88,86
403478,5,359,144,215
403478,11,439,174,265
403478,19,9,3,6
403478,20,350,141,209
403478,21,421,203,218
403478,22,421,203,218
403478,23,399,193,206
403478,24,160,80,80
403478,25,239,113,126
403478,31,22,10,12
403478,39,6,3,3
403478,40,233,110,123
403478,41,551,203,348
403478,42,551,203,348
403478,43,134,39,95
403478,44,14,8,6
403478,45,120,31,89
403478,51,417,164,253
403478,59,3,0,3
403478,60,117,31,86
403487,1,4512,2932,1580
403487,2,4512,2932,1580
403487,3,840,474,366
403487,4,364,232,132
403487,5,476,242,234
403487,11,3672,2458,1214
403487,19,39,22,17
403487,20,437,220,217
403487,21,554,295,259
403487,22,554,295,259
403487,23,528,282,246
403487,24,269,151,118
403487,25,259,131,128
403487,31,26,13,13
403487,39,26,16,10
403487,40,233,115,118
403487,41,3958,2637,1321
403487,42,3958,2637,1321
403487,43,312,192,120
403487,44,95,81,14
403487,45,217,111,106
403487,51,3646,2445,1201
403487,59,13,6,7
403487,60,204,105,99
404037,1,32,4,28
404037,2,32,4,28
404037,3,32,4,28
404037,4,3,1,2
404037,5,29,3,26
404037,20,29,3,26
404037,21,32,4,28
404037,22,32,4,28
404037,23,32,4,28
404037,24,3,1,2
404037,25,29,3,26
404037,40,29,3,26
404055,1,223,47,176
404055,2,223,47,176
404055,3,223,47,176
404055,4,80,15,65
404055,5,143,32,111
404055,20,143,32,111
404055,21,223,47,176
404055,22,223,47,176
404055,23,223,47,176
404055,24,80,15,65
404055,25,143,32,111
404055,40,143,32,111
404073,1,3105,861,2244
404073,2,3082,851,2231
404073,3,3066,844,2222
404073,4,315,108,207
404073,5,2751,736,2015
404073,11,16,7,9
404073,12,23,10,13
404073,19,384,100,284
404073,20,2367,636,1731
404073,21,1314,387,927
404073,22,1310,384,926
404073,23,1310,384,926
404073,24,175,68,107
404073,25,1135,316,819
404073,32,4,3,1
404073,39,156,51,105
404073,40,979,265,714
404073,41,1791,474,1317
404073,42,1772,467,1305
404073,43,1756,460,1296
404073,44,140,40,100
404073,45,1616,420,1196
404073,51,16,7,9
404073,52,19,7,12
404073,59,228,49,179
404073,60,1388,371,1017
404082,1,4383,1374,3009
404082,2,4358,1367,2991
404082,3,4345,1363,2982
404082,4,715,264,451
404082,5,3630,1099,2531
404082,11,13,4,9
404082,12,25,7,18
404082,19,327,98,229
404082,20,3303,1001,2302
404082,21,2256,761,1495
404082,22,2253,760,1493
404082,23,2252,760,1492
404082,24,563,208,355
404082,25,1689,552,1137
404082,31,1,0,1
404082,32,3,1,2
404082,39,164,57,107
404082,40,1525,495,1030
404082,41,2127,613,1514
404082,42,2105,607,1498
404082,43,2093,603,1490
404082,44,152,56,96
404082,45,1941,547,1394
404082,51,12,4,8
404082,52,22,6,16
404082,59,163,41,122
404082,60,1778,506,1272
404222,1,221,79,142
404222,12,221,79,142
404222,21,217,76,141
404222,32,217,76,141
404222,41,4,3,1
404222,52,4,3,1
404338,1,159,58,101
404338,2,128,48,80
404338,3,128,48,80
404338,4,12,1,11
404338,5,116,47,69
404338,12,31,10,21
404338,19,20,7,13
404338,20,96,40,56
404338,21,159,58,101
404338,22,128,48,80
404338,23,128,48,80
404338,24,12,1,11
404338,25,116,47,69
404338,32,31,10,21
404338,39,20,7,13
404338,40,96,40,56
404365,1,312,175,137
404365,2,312,175,137
404365,3,312,175,137
404365,4,42,25,17
404365,5,270,150,120
404365,19,29,13,16
404365,20,241,137,104
404365,21,312,175,137
404365,22,312,175,137
404365,23,312,175,137
404365,24,42,25,17
404365,25,270,150,120
404365,39,29,13,16
404365,40,241,137,104
404374,1,236,87,149
404374,2,236,87,149
404374,3,236,87,149
404374,4,32,13,19
404374,5,204,74,130
404374,19,20,6,14
404374,20,184,68,116
404374,21,236,87,149
404374,22,236,87,149
404374,23,236,87,149
404374,24,32,13,19
404374,25,204,74,130
404374,39,20,6,14
404374,40,184,68,116
404383,1,540,368,172
404383,2,540,368,172
404383,3,540,368,172
404383,4,59,42,17
404383,5,481,326,155
404383,19,39,19,20
404383,20,442,307,135
404383,21,540,368,172
404383,22,540,368,172
404383,23,540,368,172
404383,24,59,42,17
404383,25,481,326,155
404383,39,39,19,20
404383,40,442,307,135
404426,1,3694,1549,2145
404426,2,3694,1549,2145
404426,3,2794,1222,1572
404426,4,647,300,347
404426,5,2147,922,1225
404426,11,900,327,573
404426,19,416,222,194
404426,20,1731,700,1031
404426,21,1009,505,504
404426,22,1009,505,504
404426,23,979,490,489
404426,24,288,140,148
404426,25,691,350,341
404426,31,30,15,15
404426,39,151,97,54
404426,40,540,253,287
404426,41,2685,1044,1641
404426,42,2685,1044,1641
404426,43,1815,732,1083
404426,44,359,160,199
404426,45,1456,572,884
404426,51,870,312,558
404426,59,265,125,140
404426,60,1191,447,744
404499,1,756,94,662
404499,2,756,94,662
404499,3,756,94,662
404499,4,103,16,87
404499,5,653,78,575
404499,19,82,8,74
404499,20,571,70,501
404499,21,738,91,647
404499,22,738,91,647
404499,23,738,91,647
404499,24,103,16,87
404499,25,635,75,560
404499,39,82,8,74
404499,40,553,67,486
404499,41,18,3,15
404499,42,18,3,15
404499,43,18,3,15
404499,45,18,3,15
404499,60,18,3,15
404505,1,360,40,320
404505,2,360,40,320
404505,3,360,40,320
404505,4,53,6,47
404505,5,307,34,273
404505,19,55,6,49
404505,20,252,28,224
404505,21,325,36,289
404505,22,325,36,289
404505,23,325,36,289
404505,24,53,6,47
404505,25,272,30,242
404505,39,55,6,49
404505,40,217,24,193
404505,41,35,4,31
404505,42,35,4,31
404505,43,35,4,31
404505,45,35,4,31
404505,60,35,4,31
404514,1,588,62,526
404514,2,588,62,526
404514,3,588,62,526
404514,4,64,4,60
404514,5,524,58,466
404514,19,70,9,61
404514,20,454,49,405
404514,21,588,62,526
404514,22,588,62,526
404514,23,588,62,526
404514,24,64,4,60
404514,25,524,58,466
404514,39,70,9,61
404514,40,454,49,405
404648,1,1549,503,1046
404648,2,1545,503,1042
404648,3,1534,501,1033
404648,4,302,129,173
404648,5,1232,372,860
404648,11,11,2,9
404648,12,4,0,4
404648,19,101,32,69
404648,20,1131,340,791
404648,21,903,335,568
404648,22,903,335,568
404648,23,902,335,567
404648,24,210,105,105
404648,25,692,230,462
404648,31,1,0,1
404648,39,54,23,31
404648,40,638,207,431
404648,41,646,168,478
404648,42,642,168,474
404648,43,632,166,466
404648,44,92,24,68
404648,45,540,142,398
404648,51,10,2,8
404648,52,4,0,4
404648,59,47,9,38
404648,60,493,133,360
404684,1,404,136,268
404684,2,404,136,268
404684,3,404,136,268
404684,4,189,68,121
404684,5,215,68,147
404684,20,215,68,147
404684,21,404,136,268
404684,22,404,136,268
404684,23,404,136,268
404684,24,189,68,121
404684,25,215,68,147
404684,40,215,68,147
404718,1,105,2,103
404718,2,105,2,103
404718,3,105,2,103
404718,4,53,1,52
404718,5,52,1,51
404718,20,52,1,51
404718,21,105,2,103
404718,22,105,2,103
404718,23,105,2,103
404718,24,53,1,52
404718,25,52,1,51
404718,40,52,1,51
404806,1,402,114,288
404806,2,402,114,288
404806,3,402,114,288
404806,4,93,29,64
404806,5,309,85,224
404806,20,309,85,224
404806,21,223,57,166
404806,22,223,57,166
404806,23,223,57,166
404806,24,73,19,54
404806,25,150,38,112
404806,40,150,38,112
404806,41,179,57,122
404806,42,179,57,122
404806,43,179,57,122
404806,44,20,10,10
404806,45,159,47,112
404806,60,159,47,112
404912,1,951,163,788
404912,2,951,163,788
404912,3,940,163,777
404912,4,321,39,282
404912,5,619,124,495
404912,11,11,0,11
404912,20,619,124,495
404912,21,951,163,788
404912,22,951,163,788
404912,23,940,163,777
404912,24,321,39,282
404912,25,619,124,495
404912,31,11,0,11
404912,40,619,124,495
404921,1,88,28,60
404921,2,88,28,60
404921,3,88,28,60
404921,5,88,28,60
404921,20,88,28,60
404921,21,88,28,60
404921,22,88,28,60
404921,23,88,28,60
404921,25,88,28,60
404921,40,88,28,60
404994,1,4706,1549,3157
404994,2,4706,1549,3157
404994,3,4652,1523,3129
404994,4,1378,450,928
404994,5,3274,1073,2201
404994,11,54,26,28
404994,19,100,28,72
404994,20,3174,1045,2129
404994,21,4368,1433,2935
404994,22,4368,1433,2935
404994,23,4349,1419,2930
404994,24,1357,437,920
404994,25,2992,982,2010
404994,31,19,14,5
404994,39,98,28,70
404994,40,2894,954,1940
404994,41,338,116,222
404994,42,338,116,222
404994,43,303,104,199
404994,44,21,13,8
404994,45,282,91,191
404994,51,35,12,23
404994,59,2,0,2
404994,60,280,91,189
405012,1,79,3,76
405012,2,79,3,76
405012,3,79,3,76
405012,4,60,2,58
405012,5,19,1,18
405012,20,19,1,18
405012,21,79,3,76
405012,22,79,3,76
405012,23,79,3,76
405012,24,60,2,58
405012,25,19,1,18
405012,40,19,1,18
405021,1,57,3,54
405021,2,57,3,54
405021,3,57,3,54
405021,4,19,1,18
405021,5,38,2,36
405021,20,38,2,36
405021,21,57,3,54
405021,22,57,3,54
405021,23,57,3,54
405021,24,19,1,18
405021,25,38,2,36
405021,40,38,2,36
405058,1,118,118,0
405058,2,118,118,0
405058,3,118,118,0
405058,4,42,42,0
405058,5,76,76,0
405058,20,76,76,0
405058,21,118,118,0
405058,22,118,118,0
405058,23,118,118,0
405058,24,42,42,0
405058,25,76,76,0
405058,40,76,76,0
405076,1,320,51,269
405076,2,320,51,269
405076,3,320,51,269
405076,4,271,45,226
405076,5,49,6,43
405076,20,49,6,43
405076,21,320,51,269
405076,22,320,51,269
405076,23,320,51,269
405076,24,271,45,226
405076,25,49,6,43
405076,40,49,6,43
405748,1,16,10,6
405748,2,16,10,6
405748,3,16,10,6
405748,4,12,7,5
405748,5,4,3,1
405748,20,4,3,1
405748,21,9,7,2
405748,22,9,7,2
405748,23,9,7,2
405748,24,7,5,2
405748,25,2,2,0
405748,40,2,2,0
405748,41,7,3,4
405748,42,7,3,4
405748,43,7,3,4
405748,44,5,2,3
405748,45,2,1,1
405748,60,2,1,1
405854,1,155,155,0
405854,2,155,155,0
405854,3,155,155,0
405854,4,27,27,0
405854,5,128,128,0
405854,20,128,128,0
405854,21,155,155,0
405854,22,155,155,0
405854,23,155,155,0
405854,24,27,27,0
405854,25,128,128,0
405854,40,128,128,0
405872,1,3785,1493,2292
405872,2,3785,1493,2292
405872,3,3583,1417,2166
405872,4,733,361,372
405872,5,2850,1056,1794
405872,11,202,76,126
405872,19,251,91,160
405872,20,2599,965,1634
405872,21,1437,708,729
405872,22,1437,708,729
405872,23,1427,700,727
405872,24,513,258,255
405872,25,914,442,472
405872,31,10,8,2
405872,39,77,30,47
405872,40,837,412,425
405872,41,2348,785,1563
405872,42,2348,785,1563
405872,43,2156,717,1439
405872,44,220,103,117
405872,45,1936,614,1322
405872,51,192,68,124
405872,59,174,61,113
405872,60,1762,553,1209
405979,1,1849,735,1114
405979,2,1414,608,806
405979,3,1414,608,806
405979,4,29,8,21
405979,5,1385,600,785
405979,12,435,127,308
405979,19,106,49,57
405979,20,1279,551,728
405979,21,1849,735,1114
405979,22,1414,608,806
405979,23,1414,608,806
405979,24,29,8,21
405979,25,1385,600,785
405979,32,435,127,308
405979,39,106,49,57
405979,40,1279,551,728
405988,1,2106,920,1186
405988,2,1662,761,901
405988,3,1661,761,900
405988,4,19,10,9
405988,5,1642,751,891
405988,11,1,0,1
405988,12,444,159,285
405988,19,129,55,74
405988,20,1513,696,817
405988,21,2106,920,1186
405988,22,1662,761,901
405988,23,1661,761,900
405988,24,19,10,9
405988,25,1642,751,891
405988,31,1,0,1
405988,32,444,159,285
405988,39,129,55,74
405988,40,1513,696,817
405997,1,2462,1008,1454
405997,2,2098,851,1247
405997,3,2097,850,1247
405997,4,63,28,35
405997,5,2034,822,1212
405997,11,1,1,0
405997,12,364,157,207
405997,19,143,68,75
405997,20,1891,754,1137
405997,21,2462,1008,1454
405997,22,2098,851,1247
405997,23,2097,850,1247
405997,24,63,28,35
405997,25,2034,822,1212
405997,31,1,1,0
405997,32,364,157,207
405997,39,143,68,75
405997,40,1891,754,1137
406006,1,1655,724,931
406006,2,1374,610,764
406006,3,1374,610,764
406006,4,18,5,13
406006,5,1356,605,751
406006,12,281,114,167
406006,19,117,57,60
406006,20,1239,548,691
406006,21,1655,724,931
406006,22,1374,610,764
406006,23,1374,610,764
406006,24,18,5,13
406006,25,1356,605,751
406006,32,281,114,167
406006,39,117,57,60
406006,40,1239,548,691
406015,1,9954,4389,5565
406015,2,8309,3859,4450
406015,3,8302,3855,4447
406015,4,127,32,95
406015,5,8175,3823,4352
406015,11,7,4,3
406015,12,1645,530,1115
406015,19,772,379,393
406015,20,7403,3444,3959
406015,21,9954,4389,5565
406015,22,8309,3859,4450
406015,23,8302,3855,4447
406015,24,127,32,95
406015,25,8175,3823,4352
406015,31,7,4,3
406015,32,1645,530,1115
406015,39,772,379,393
406015,40,7403,3444,3959
406024,1,790,110,680
406024,2,790,110,680
406024,3,790,110,680
406024,4,38,3,35
406024,5,752,107,645
406024,19,167,23,144
406024,20,585,84,501
406024,21,427,63,364
406024,22,427,63,364
406024,23,427,63,364
406024,24,37,3,34
406024,25,390,60,330
406024,39,46,6,40
406024,40,344,54,290
406024,41,363,47,316
406024,42,363,47,316
406024,43,363,47,316
406024,44,1,0,1
406024,45,362,47,315
406024,59,121,17,104
406024,60,241,30,211
406033,1,1119,166,953
406033,2,1119,166,953
406033,3,1119,166,953
406033,4,96,21,75
406033,5,1023,145,878
406033,19,215,33,182
406033,20,808,112,696
406033,21,715,115,600
406033,22,715,115,600
406033,23,715,115,600
406033,24,95,21,74
406033,25,620,94,526
406033,39,93,14,79
406033,40,527,80,447
406033,41,404,51,353
406033,42,404,51,353
406033,43,404,51,353
406033,44,1,0,1
406033,45,403,51,352
406033,59,122,19,103
406033,60,281,32,249
406051,1,78,6,72
406051,2,78,6,72
406051,3,78,6,72
406051,4,12,2,10
406051,5,66,4,62
406051,20,66,4,62
406051,21,78,6,72
406051,22,78,6,72
406051,23,78,6,72
406051,24,12,2,10
406051,25,66,4,62
406051,40,66,4,62
406149,1,77,25,52
406149,2,77,25,52
406149,3,77,25,52
406149,4,34,13,21
406149,5,43,12,31
406149,20,43,12,31
406149,21,77,25,52
406149,22,77,25,52
406149,23,77,25,52
406149,24,34,13,21
406149,25,43,12,31
406149,40,43,12,31
406194,1,186,90,96
406194,2,186,90,96
406194,3,186,90,96
406194,4,16,4,12
406194,5,170,86,84
406194,19,2,1,1
406194,20,168,85,83
406194,21,127,58,69
406194,22,127,58,69
406194,23,127,58,69
406194,24,14,3,11
406194,25,113,55,58
406194,39,1,1,0
406194,40,112,54,58
406194,41,59,32,27
406194,42,59,32,27
406194,43,59,32,27
406194,44,2,1,1
406194,45,57,31,26
406194,59,1,0,1
406194,60,56,31,25
406200,1,1763,387,1376
406200,2,1763,387,1376
406200,3,1763,387,1376
406200,4,741,136,605
406200,5,1022,251,771
406200,20,1022,251,771
406200,21,1763,387,1376
406200,22,1763,387,1376
406200,23,1763,387,1376
406200,24,741,136,605
406200,25,1022,251,771
406200,40,1022,251,771
406219,1,189,41,148
406219,2,189,41,148
406219,3,189,41,148
406219,4,15,4,11
406219,5,174,37,137
406219,19,28,11,17
406219,20,146,26,120
406219,21,126,27,99
406219,22,126,27,99
406219,23,126,27,99
406219,24,12,4,8
406219,25,114,23,91
406219,39,24,10,14
406219,40,90,13,77
406219,41,63,14,49
406219,42,63,14,49
406219,43,63,14,49
406219,44,3,0,3
406219,45,60,14,46
406219,59,4,1,3
406219,60,56,13,43
406325,1,96,4,92
406325,2,96,4,92
406325,3,96,4,92
406325,4,16,0,16
406325,5,80,4,76
406325,20,80,4,76
406325,21,76,3,73
406325,22,76,3,73
406325,23,76,3,73
406325,24,16,0,16
406325,25,60,3,57
406325,40,60,3,57
406325,41,20,1,19
406325,42,20,1,19
406325,43,20,1,19
406325,45,20,1,19
406325,60,20,1,19
406361,1,37,5,32
406361,2,37,5,32
406361,3,37,5,32
406361,4,4,1,3
406361,5,33,4,29
406361,20,33,4,29
406361,21,37,5,32
406361,22,37,5,32
406361,23,37,5,32
406361,24,4,1,3
406361,25,33,4,29
406361,40,33,4,29
406413,1,107,19,88
406413,2,107,19,88
406413,3,107,19,88
406413,4,57,8,49
406413,5,50,11,39
406413,20,50,11,39
406413,21,107,19,88
406413,22,107,19,88
406413,23,107,19,88
406413,24,57,8,49
406413,25,50,11,39
406413,40,50,11,39
406422,1,92,4,88
406422,2,92,4,88
406422,3,92,4,88
406422,4,30,1,29
406422,5,62,3,59
406422,20,62,3,59
406422,21,59,2,57
406422,22,59,2,57
406422,23,59,2,57
406422,24,30,1,29
406422,25,29,1,28
406422,40,29,1,28
406422,41,33,2,31
406422,42,33,2,31
406422,43,33,2,31
406422,45,33,2,31
406422,60,33,2,31
406486,1,63,12,51
406486,2,63,12,51
406486,3,63,12,51
406486,4,36,7,29
406486,5,27,5,22
406486,20,27,5,22
406486,21,25,5,20
406486,22,25,5,20
406486,23,25,5,20
406486,24,19,4,15
406486,25,6,1,5
406486,40,6,1,5
406486,41,38,7,31
406486,42,38,7,31
406486,43,38,7,31
406486,44,17,3,14
406486,45,21,4,17
406486,60,21,4,17
406495,1,160,10,150
406495,2,160,10,150
406495,3,160,10,150
406495,4,142,9,133
406495,5,18,1,17
406495,20,18,1,17
406495,21,125,9,116
406495,22,125,9,116
406495,23,125,9,116
406495,24,114,8,106
406495,25,11,1,10
406495,40,11,1,10
406495,41,35,1,34
406495,42,35,1,34
406495,43,35,1,34
406495,44,28,1,27
406495,45,7,0,7
406495,60,7,0,7
406547,1,444,107,337
406547,2,444,107,337
406547,3,444,107,337
406547,4,55,13,42
406547,5,389,94,295
406547,19,31,5,26
406547,20,358,89,269
406547,21,341,77,264
406547,22,341,77,264
406547,23,341,77,264
406547,24,53,12,41
406547,25,288,65,223
406547,39,30,4,26
406547,40,258,61,197
406547,41,103,30,73
406547,42,103,30,73
406547,43,103,30,73
406547,44,2,1,1
406547,45,101,29,72
406547,59,1,1,0
406547,60,100,28,72
407009,1,3661,1311,2350
407009,2,3249,1189,2060
407009,3,3243,1184,2059
407009,4,271,98,173
407009,5,2972,1086,1886
407009,11,6,5,1
407009,12,412,122,290
407009,19,637,236,401
407009,20,2335,850,1485
407009,21,2911,1046,1865
407009,22,2694,977,1717
407009,23,2694,977,1717
407009,24,267,95,172
407009,25,2427,882,1545
407009,32,217,69,148
407009,39,526,191,335
407009,40,1901,691,1210
407009,41,750,265,485
407009,42,555,212,343
407009,43,549,207,342
407009,44,4,3,1
407009,45,545,204,341
407009,51,6,5,1
407009,52,195,53,142
407009,59,111,45,66
407009,60,434,159,275
407054,1,158,38,120
407054,2,158,38,120
407054,3,158,38,120
407054,4,52,13,39
407054,5,106,25,81
407054,20,106,25,81
407054,21,19,6,13
407054,22,19,6,13
407054,23,19,6,13
407054,24,9,4,5
407054,25,10,2,8
407054,40,10,2,8
407054,41,139,32,107
407054,42,139,32,107
407054,43,139,32,107
407054,44,43,9,34
407054,45,96,23,73
407054,60,96,23,73
407063,1,591,418,173
407063,2,591,418,173
407063,3,591,418,173
407063,4,69,57,12
407063,5,522,361,161
407063,19,6,2,4
407063,20,516,359,157
407063,21,441,331,110
407063,22,441,331,110
407063,23,441,331,110
407063,24,61,52,9
407063,25,380,279,101
407063,39,5,2,3
407063,40,375,277,98
407063,41,150,87,63
407063,42,150,87,63
407063,43,150,87,63
407063,44,8,5,3
407063,45,142,82,60
407063,59,1,0,1
407063,60,141,82,59
407090,1,286,5,281
407090,2,286,5,281
407090,3,286,5,281
407090,4,2,0,2
407090,5,284,5,279
407090,20,284,5,279
407090,21,103,2,101
407090,22,103,2,101
407090,23,103,2,101
407090,25,103,2,101
407090,40,103,2,101
407090,41,183,3,180
407090,42,183,3,180
407090,43,183,3,180
407090,44,2,0,2
407090,45,181,3,178
407090,60,181,3,178
407142,1,109,2,107
407142,2,109,2,107
407142,3,109,2,107
407142,4,11,0,11
407142,5,98,2,96
407142,20,98,2,96
407142,21,109,2,107
407142,22,109,2,107
407142,23,109,2,107
407142,24,11,0,11
407142,25,98,2,96
407142,40,98,2,96
407151,1,99,3,96
407151,2,99,3,96
407151,3,99,3,96
407151,4,23,1,22
407151,5,76,2,74
407151,20,76,2,74
407151,21,99,3,96
407151,22,99,3,96
407151,23,99,3,96
407151,24,23,1,22
407151,25,76,2,74
407151,40,76,2,74
407179,1,155,6,149
407179,2,155,6,149
407179,3,155,6,149
407179,4,63,1,62
407179,5,92,5,87
407179,20,92,5,87
407179,21,125,5,120
407179,22,125,5,120
407179,23,125,5,120
407179,24,55,1,54
407179,25,70,4,66
407179,40,70,4,66
407179,41,30,1,29
407179,42,30,1,29
407179,43,30,1,29
407179,44,8,0,8
407179,45,22,1,21
407179,60,22,1,21
407285,1,169,58,111
407285,2,169,58,111
407285,3,162,55,107
407285,4,12,6,6
407285,5,150,49,101
407285,11,7,3,4
407285,19,31,9,22
407285,20,119,40,79
407285,21,100,37,63
407285,22,100,37,63
407285,23,97,36,61
407285,24,8,6,2
407285,25,89,30,59
407285,31,3,1,2
407285,39,20,5,15
407285,40,69,25,44
407285,41,69,21,48
407285,42,69,21,48
407285,43,65,19,46
407285,44,4,0,4
407285,45,61,19,42
407285,51,4,2,2
407285,59,11,4,7
407285,60,50,15,35
407319,1,505,330,175
407319,2,505,330,175
407319,3,505,330,175
407319,4,79,46,33
407319,5,426,284,142
407319,19,22,11,11
407319,20,404,273,131
407319,21,344,237,107
407319,22,344,237,107
407319,23,344,237,107
407319,24,63,38,25
407319,25,281,199,82
407319,39,18,9,9
407319,40,263,190,73
407319,41,161,93,68
407319,42,161,93,68
407319,43,161,93,68
407319,44,16,8,8
407319,45,145,85,60
407319,59,4,2,2
407319,60,141,83,58
407328,1,121,23,98
407328,2,121,23,98
407328,3,120,23,97
407328,4,40,7,33
407328,5,80,16,64
407328,11,1,0,1
407328,20,80,16,64
407328,21,110,22,88
407328,22,110,22,88
407328,23,110,22,88
407328,24,38,7,31
407328,25,72,15,57
407328,40,72,15,57
407328,41,11,1,10
407328,42,11,1,10
407328,43,10,1,9
407328,44,2,0,2
407328,45,8,1,7
407328,51,1,0,1
407328,60,8,1,7
407355,1,237,12,225
407355,2,237,12,225
407355,3,237,12,225
407355,4,28,1,27
407355,5,209,11,198
407355,20,209,11,198
407355,21,236,12,224
407355,22,236,12,224
407355,23,236,12,224
407355,24,28,1,27
407355,25,208,11,197
407355,40,208,11,197
407355,41,1,0,1
407355,42,1,0,1
407355,43,1,0,1
407355,45,1,0,1
407355,60,1,0,1
407391,1,172,18,154
407391,2,172,18,154
407391,3,172,18,154
407391,4,12,1,11
407391,5,160,17,143
407391,20,160,17,143
407391,21,123,14,109
407391,22,123,14,109
407391,23,123,14,109
407391,24,9,1,8
407391,25,114,13,101
407391,40,114,13,101
407391,41,49,4,45
407391,42,49,4,45
407391,43,49,4,45
407391,44,3,0,3
407391,45,46,4,42
407391,60,46,4,42
407407,1,153,19,134
407407,2,153,19,134
407407,3,153,19,134
407407,4,40,4,36
407407,5,113,15,98
407407,20,113,15,98
407407,21,110,14,96
407407,22,110,14,96
407407,23,110,14,96
407407,24,32,3,29
407407,25,78,11,67
407407,40,78,11,67
407407,41,43,5,38
407407,42,43,5,38
407407,43,43,5,38
407407,44,8,1,7
407407,45,35,4,31
407407,60,35,4,31
407425,1,197,10,187
407425,2,197,10,187
407425,3,197,10,187
407425,4,27,0,27
407425,5,170,10,160
407425,20,170,10,160
407425,21,108,3,105
407425,22,108,3,105
407425,23,108,3,105
407425,24,21,0,21
407425,25,87,3,84
407425,40,87,3,84
407425,41,89,7,82
407425,42,89,7,82
407425,43,89,7,82
407425,44,6,0,6
407425,45,83,7,76
407425,60,83,7,76
407434,1,99,2,97
407434,2,99,2,97
407434,3,99,2,97
407434,4,41,0,41
407434,5,58,2,56
407434,20,58,2,56
407434,21,71,1,70
407434,22,71,1,70
407434,23,71,1,70
407434,24,37,0,37
407434,25,34,1,33
407434,40,34,1,33
407434,41,28,1,27
407434,42,28,1,27
407434,43,28,1,27
407434,44,4,0,4
407434,45,24,1,23
407434,60,24,1,23
407452,1,68,52,16
407452,2,68,52,16
407452,3,64,49,15
407452,4,52,38,14
407452,5,12,11,1
407452,11,4,3,1
407452,20,12,11,1
407452,21,64,49,15
407452,22,64,49,15
407452,23,64,49,15
407452,24,52,38,14
407452,25,12,11,1
407452,40,12,11,1
407452,41,4,3,1
407452,42,4,3,1
407452,51,4,3,1
407461,1,188,130,58
407461,2,188,130,58
407461,3,188,130,58
407461,4,91,68,23
407461,5,97,62,35
407461,20,97,62,35
407461,21,188,130,58
407461,22,188,130,58
407461,23,188,130,58
407461,24,91,68,23
407461,25,97,62,35
407461,40,97,62,35
407470,1,186,5,181
407470,2,186,5,181
407470,3,186,5,181
407470,4,99,3,96
407470,5,87,2,85
407470,20,87,2,85
407470,21,123,3,120
407470,22,123,3,120
407470,23,123,3,120
407470,24,71,2,69
407470,25,52,1,51
407470,40,52,1,51
407470,41,63,2,61
407470,42,63,2,61
407470,43,63,2,61
407470,44,28,1,27
407470,45,35,1,34
407470,60,35,1,34
407489,1,96,54,42
407489,2,96,54,42
407489,3,96,54,42
407489,4,28,15,13
407489,5,68,39,29
407489,20,68,39,29
407489,21,55,26,29
407489,22,55,26,29
407489,23,55,26,29
407489,24,17,8,9
407489,25,38,18,20
407489,40,38,18,20
407489,41,41,28,13
407489,42,41,28,13
407489,43,41,28,13
407489,44,11,7,4
407489,45,30,21,9
407489,60,30,21,9
407504,1,32,5,27
407504,2,32,5,27
407504,3,32,5,27
407504,4,11,1,10
407504,5,21,4,17
407504,20,21,4,17
407504,21,32,5,27
407504,22,32,5,27
407504,23,32,5,27
407504,24,11,1,10
407504,25,21,4,17
407504,40,21,4,17
407513,1,374,152,222
407513,2,374,152,222
407513,3,374,152,222
407513,4,177,75,102
407513,5,197,77,120
407513,20,197,77,120
407513,21,236,98,138
407513,22,236,98,138
407513,23,236,98,138
407513,24,113,49,64
407513,25,123,49,74
407513,40,123,49,74
407513,41,138,54,84
407513,42,138,54,84
407513,43,138,54,84
407513,44,64,26,38
407513,45,74,28,46
407513,60,74,28,46
407522,1,35,13,22
407522,2,35,13,22
407522,3,35,13,22
407522,4,27,11,16
407522,5,8,2,6
407522,20,8,2,6
407522,21,33,11,22
407522,22,33,11,22
407522,23,33,11,22
407522,24,26,10,16
407522,25,7,1,6
407522,40,7,1,6
407522,41,2,2,0
407522,42,2,2,0
407522,43,2,2,0
407522,44,1,1,0
407522,45,1,1,0
407522,60,1,1,0
407568,1,124,5,119
407568,2,124,5,119
407568,3,124,5,119
407568,4,14,0,14
407568,5,110,5,105
407568,20,110,5,105
407568,21,50,0,50
407568,22,50,0,50
407568,23,50,0,50
407568,24,10,0,10
407568,25,40,0,40
407568,40,40,0,40
407568,41,74,5,69
407568,42,74,5,69
407568,43,74,5,69
407568,44,4,0,4
407568,45,70,5,65
407568,60,70,5,65
407577,1,321,146,175
407577,2,321,146,175
407577,3,321,146,175
407577,4,273,119,154
407577,5,48,27,21
407577,20,48,27,21
407577,21,281,128,153
407577,22,281,128,153
407577,23,281,128,153
407577,24,244,108,136
407577,25,37,20,17
407577,40,37,20,17
407577,41,40,18,22
407577,42,40,18,22
407577,43,40,18,22
407577,44,29,11,18
407577,45,11,7,4
407577,60,11,7,4
407595,1,230,92,138
407595,2,230,92,138
407595,3,115,46,69
407595,4,115,46,69
407595,11,115,46,69
407595,21,230,92,138
407595,22,230,92,138
407595,23,115,46,69
407595,24,115,46,69
407595,31,115,46,69
407601,1,97,50,47
407601,2,97,50,47
407601,3,12,3,9
407601,4,6,2,4
407601,5,6,1,5
407601,11,85,47,38
407601,20,6,1,5
407601,21,3,1,2
407601,22,3,1,2
407601,23,3,1,2
407601,24,2,1,1
407601,25,1,0,1
407601,40,1,0,1
407601,41,94,49,45
407601,42,94,49,45
407601,43,9,2,7
407601,44,4,1,3
407601,45,5,1,4
407601,51,85,47,38
407601,60,5,1,4
407629,1,3594,1947,1647
407629,12,3594,1947,1647
407629,21,3594,1947,1647
407629,32,3594,1947,1647
407683,1,137,10,127
407683,2,137,10,127
407683,3,137,10,127
407683,4,30,4,26
407683,5,107,6,101
407683,20,107,6,101
407683,21,67,6,61
407683,22,67,6,61
407683,23,67,6,61
407683,24,14,2,12
407683,25,53,4,49
407683,40,53,4,49
407683,41,70,4,66
407683,42,70,4,66
407683,43,70,4,66
407683,44,16,2,14
407683,45,54,2,52
407683,60,54,2,52
407708,1,360,12,348
407708,2,360,12,348
407708,3,360,12,348
407708,4,42,1,41
407708,5,318,11,307
407708,20,318,11,307
407708,21,360,12,348
407708,22,360,12,348
407708,23,360,12,348
407708,24,42,1,41
407708,25,318,11,307
407708,40,318,11,307
407726,1,67,1,66
407726,2,67,1,66
407726,3,67,1,66
407726,4,21,0,21
407726,5,46,1,45
407726,20,46,1,45
407726,21,49,1,48
407726,22,49,1,48
407726,23,49,1,48
407726,24,18,0,18
407726,25,31,1,30
407726,40,31,1,30
407726,41,18,0,18
407726,42,18,0,18
407726,43,18,0,18
407726,44,3,0,3
407726,45,15,0,15
407726,60,15,0,15
407735,1,102,6,96
407735,2,102,6,96
407735,3,102,6,96
407735,4,45,4,41
407735,5,57,2,55
407735,20,57,2,55
407735,21,102,6,96
407735,22,102,6,96
407735,23,102,6,96
407735,24,45,4,41
407735,25,57,2,55
407735,40,57,2,55
407832,1,392,260,132
407832,2,392,260,132
407832,3,392,260,132
407832,4,208,146,62
407832,5,184,114,70
407832,20,184,114,70
407832,21,287,191,96
407832,22,287,191,96
407832,23,287,191,96
407832,24,177,128,49
407832,25,110,63,47
407832,40,110,63,47
407832,41,105,69,36
407832,42,105,69,36
407832,43,105,69,36
407832,44,31,18,13
407832,45,74,51,23
407832,60,74,51,23
408039,1,659,147,512
408039,2,659,147,512
408039,3,659,147,512
408039,4,76,21,55
408039,5,583,126,457
408039,19,101,26,75
408039,20,482,100,382
408039,21,659,147,512
408039,22,659,147,512
408039,23,659,147,512
408039,24,76,21,55
408039,25,583,126,457
408039,39,101,26,75
408039,40,482,100,382
408066,1,121,9,112
408066,2,121,9,112
408066,3,121,9,112
408066,4,26,2,24
408066,5,95,7,88
408066,20,95,7,88
408066,21,73,7,66
408066,22,73,7,66
408066,23,73,7,66
408066,24,18,2,16
408066,25,55,5,50
408066,40,55,5,50
408066,41,48,2,46
408066,42,48,2,46
408066,43,48,2,46
408066,44,8,0,8
408066,45,40,2,38
408066,60,40,2,38
408163,1,78,0,78
408163,2,78,0,78
408163,3,78,0,78
408163,4,13,0,13
408163,5,65,0,65
408163,20,65,0,65
408163,21,78,0,78
408163,22,78,0,78
408163,23,78,0,78
408163,24,13,0,13
408163,25,65,0,65
408163,40,65,0,65
408312,1,112,11,101
408312,2,112,11,101
408312,3,112,11,101
408312,4,16,2,14
408312,5,96,9,87
408312,19,18,2,16
408312,20,78,7,71
408312,21,112,11,101
408312,22,112,11,101
408312,23,112,11,101
408312,24,16,2,14
408312,25,96,9,87
408312,39,18,2,16
408312,40,78,7,71
408385,1,358,86,272
408385,2,358,86,272
408385,3,358,86,272
408385,4,306,77,229
408385,5,52,9,43
408385,20,52,9,43
408385,21,358,86,272
408385,22,358,86,272
408385,23,358,86,272
408385,24,306,77,229
408385,25,52,9,43
408385,40,52,9,43
408394,1,755,537,218
408394,2,755,537,218
408394,3,428,348,80
408394,4,105,97,8
408394,5,323,251,72
408394,11,327,189,138
408394,19,61,47,14
408394,20,262,204,58
408394,21,392,315,77
408394,22,392,315,77
408394,23,303,251,52
408394,24,87,79,8
408394,25,216,172,44
408394,31,89,64,25
408394,39,48,39,9
408394,40,168,133,35
408394,41,363,222,141
408394,42,363,222,141
408394,43,125,97,28
408394,44,18,18,0
408394,45,107,79,28
408394,51,238,125,113
408394,59,13,8,5
408394,60,94,71,23
408844,1,2448,685,1763
408844,2,2420,671,1749
408844,3,1803,484,1319
408844,4,332,94,238
408844,5,1471,390,1081
408844,11,617,187,430
408844,12,28,14,14
408844,20,1471,390,1081
408844,21,1773,502,1271
408844,22,1754,493,1261
408844,23,1312,346,966
408844,24,283,82,201
408844,25,1029,264,765
408844,31,442,147,295
408844,32,19,9,10
408844,40,1029,264,765
408844,41,675,183,492
408844,42,666,178,488
408844,43,491,138,353
408844,44,49,12,37
408844,45,442,126,316
408844,51,175,40,135
408844,52,9,5,4
408844,60,442,126,316
408862,1,302,17,285
408862,2,302,17,285
408862,3,302,17,285
408862,4,126,10,116
408862,5,176,7,169
408862,20,176,7,169
408862,21,109,7,102
408862,22,109,7,102
408862,23,109,7,102
408862,24,45,4,41
408862,25,64,3,61
408862,40,64,3,61
408862,41,193,10,183
408862,42,193,10,183
408862,43,193,10,183
408862,44,81,6,75
408862,45,112,4,108
408862,60,112,4,108
409032,1,116,7,109
409032,2,116,7,109
409032,3,116,7,109
409032,4,108,7,101
409032,5,8,0,8
409032,20,8,0,8
409032,21,116,7,109
409032,22,116,7,109
409032,23,116,7,109
409032,24,108,7,101
409032,25,8,0,8
409032,40,8,0,8
409069,1,531,406,125
409069,2,531,406,125
409069,3,531,406,125
409069,4,76,63,13
409069,5,455,343,112
409069,19,10,5,5
409069,20,445,338,107
409069,21,386,300,86
409069,22,386,300,86
409069,23,386,300,86
409069,24,67,54,13
409069,25,319,246,73
409069,39,4,4,0
409069,40,315,242,73
409069,41,145,106,39
409069,42,145,106,39
409069,43,145,106,39
409069,44,9,9,0
409069,45,136,97,39
409069,59,6,1,5
409069,60,130,96,34
409120,1,189,65,124
409120,2,189,65,124
409120,3,189,65,124
409120,4,74,35,39
409120,5,115,30,85
409120,20,115,30,85
409120,21,189,65,124
409120,22,189,65,124
409120,23,189,65,124
409120,24,74,35,39
409120,25,115,30,85
409120,40,115,30,85
409166,1,93,4,89
409166,2,93,4,89
409166,3,93,4,89
409166,4,30,2,28
409166,5,63,2,61
409166,20,63,2,61
409166,21,92,4,88
409166,22,92,4,88
409166,23,92,4,88
409166,24,30,2,28
409166,25,62,2,60
409166,40,62,2,60
409166,41,1,0,1
409166,42,1,0,1
409166,43,1,0,1
409166,45,1,0,1
409166,60,1,0,1
409193,1,231,229,2
409193,2,231,229,2
409193,3,231,229,2
409193,4,25,25,0
409193,5,206,204,2
409193,20,206,204,2
409193,21,231,229,2
409193,22,231,229,2
409193,23,231,229,2
409193,24,25,25,0
409193,25,206,204,2
409193,40,206,204,2
409254,1,253,10,243
409254,12,253,10,243
409254,21,42,0,42
409254,32,42,0,42
409254,41,211,10,201
409254,52,211,10,201
409315,1,31232,13554,17678
409315,2,31232,13554,17678
409315,3,18034,7624,10410
409315,4,3863,1850,2013
409315,5,14171,5774,8397
409315,11,13198,5930,7268
409315,19,1044,475,569
409315,20,13127,5299,7828
409315,21,10349,4538,5811
409315,22,10349,4538,5811
409315,23,8972,3971,5001
409315,24,2688,1302,1386
409315,25,6284,2669,3615
409315,31,1377,567,810
409315,39,543,247,296
409315,40,5741,2422,3319
409315,41,20883,9016,11867
409315,42,20883,9016,11867
409315,43,9062,3653,5409
409315,44,1175,548,627
409315,45,7887,3105,4782
409315,51,11821,5363,6458
409315,59,501,228,273
409315,60,7386,2877,4509
409537,1,83,22,61
409537,2,83,22,61
409537,3,83,22,61
409537,4,39,15,24
409537,5,44,7,37
409537,20,44,7,37
409537,21,58,9,49
409537,22,58,9,49
409537,23,58,9,49
409537,24,26,6,20
409537,25,32,3,29
409537,40,32,3,29
409537,41,25,13,12
409537,42,25,13,12
409537,43,25,13,12
409537,44,13,9,4
409537,45,12,4,8
409537,60,12,4,8
409591,1,106,48,58
409591,2,106,48,58
409591,3,106,48,58
409591,4,56,35,21
409591,5,50,13,37
409591,20,50,13,37
409591,21,68,31,37
409591,22,68,31,37
409591,23,68,31,37
409591,24,33,21,12
409591,25,35,10,25
409591,40,35,10,25
409591,41,38,17,21
409591,42,38,17,21
409591,43,38,17,21
409591,44,23,14,9
409591,45,15,3,12
409591,60,15,3,12
409616,1,420,206,214
409616,12,420,206,214
409616,21,420,206,214
409616,32,420,206,214
409670,1,461,126,335
409670,2,461,126,335
409670,3,461,126,335
409670,4,19,6,13
409670,5,442,120,322
409670,19,53,13,40
409670,20,389,107,282
409670,21,385,99,286
409670,22,385,99,286
409670,23,385,99,286
409670,24,19,6,13
409670,25,366,93,273
409670,39,47,9,38
409670,40,319,84,235
409670,41,76,27,49
409670,42,76,27,49
409670,43,76,27,49
409670,45,76,27,49
409670,59,6,4,2
409670,60,70,23,47
409698,1,5732,2157,3575
409698,2,5306,2033,3273
409698,3,5153,1965,3188
409698,4,866,305,561
409698,5,4287,1660,2627
409698,11,153,68,85
409698,12,426,124,302
409698,19,744,308,436
409698,20,3543,1352,2191
409698,21,5205,1965,3240
409698,22,4954,1893,3061
409698,23,4848,1851,2997
409698,24,862,305,557
409698,25,3986,1546,2440
409698,31,106,42,64
409698,32,251,72,179
409698,39,675,286,389
409698,40,3311,1260,2051
409698,41,527,192,335
409698,42,352,140,212
409698,43,305,114,191
409698,44,4,0,4
409698,45,301,114,187
409698,51,47,26,21
409698,52,175,52,123
409698,59,69,22,47
409698,60,232,92,140
409829,1,81,1,80
409829,2,81,1,80
409829,3,81,1,80
409829,5,81,1,80
409829,20,81,1,80
409829,21,78,1,77
409829,22,78,1,77
409829,23,78,1,77
409829,25,78,1,77
409829,40,78,1,77
409829,41,3,0,3
409829,42,3,0,3
409829,43,3,0,3
409829,45,3,0,3
409829,60,3,0,3
409838,1,45,18,27
409838,2,45,18,27
409838,3,45,18,27
409838,5,45,18,27
409838,20,45,18,27
409838,21,31,12,19
409838,22,31,12,19
409838,23,31,12,19
409838,25,31,12,19
409838,40,31,12,19
409838,41,14,6,8
409838,42,14,6,8
409838,43,14,6,8
409838,45,14,6,8
409838,60,14,6,8
409874,1,1076,293,783
409874,2,1076,293,783
409874,3,1076,293,783
409874,4,103,24,79
409874,5,973,269,704
409874,19,90,32,58
409874,20,883,237,646
409874,21,758,201,557
409874,22,758,201,557
409874,23,758,201,557
409874,24,72,15,57
409874,25,686,186,500
409874,39,44,15,29
409874,40,642,171,471
409874,41,318,92,226
409874,42,318,92,226
409874,43,318,92,226
409874,44,31,9,22
409874,45,287,83,204
409874,59,46,17,29
409874,60,241,66,175
410070,1,722,138,584
410070,2,722,138,584
410070,3,722,138,584
410070,4,179,45,134
410070,5,543,93,450
410070,19,106,12,94
410070,20,437,81,356
410070,21,722,138,584
410070,22,722,138,584
410070,23,722,138,584
410070,24,179,45,134
410070,25,543,93,450
410070,39,106,12,94
410070,40,437,81,356
410256,1,80,13,67
410256,2,80,13,67
410256,3,80,13,67
410256,4,19,3,16
410256,5,61,10,51
410256,20,61,10,51
410256,21,80,13,67
410256,22,80,13,67
410256,23,80,13,67
410256,24,19,3,16
410256,25,61,10,51
410256,40,61,10,51
410283,1,1033,267,766
410283,2,1033,267,766
410283,3,1033,267,766
410283,4,382,101,281
410283,5,651,166,485
410283,20,651,166,485
410283,21,1033,267,766
410283,22,1033,267,766
410283,23,1033,267,766
410283,24,382,101,281
410283,25,651,166,485
410283,40,651,166,485
410496,1,412,118,294
410496,2,412,118,294
410496,3,368,89,279
410496,4,42,8,34
410496,5,326,81,245
410496,11,44,29,15
410496,19,82,16,66
410496,20,244,65,179
410496,21,293,75,218
410496,22,293,75,218
410496,23,293,75,218
410496,24,40,8,32
410496,25,253,67,186
410496,39,78,15,63
410496,40,175,52,123
410496,41,119,43,76
410496,42,119,43,76
410496,43,75,14,61
410496,44,2,0,2
410496,45,73,14,59
410496,51,44,29,15
410496,59,4,1,3
410496,60,69,13,56
410502,1,1906,918,988
410502,2,1906,918,988
410502,3,1906,918,988
410502,4,325,146,179
410502,5,1581,772,809
410502,19,229,107,122
410502,20,1352,665,687
410502,21,1157,552,605
410502,22,1157,552,605
410502,23,1157,552,605
410502,24,234,103,131
410502,25,923,449,474
410502,39,148,73,75
410502,40,775,376,399
410502,41,749,366,383
410502,42,749,366,383
410502,43,749,366,383
410502,44,91,43,48
410502,45,658,323,335
410502,59,81,34,47
410502,60,577,289,288
410520,1,447,34,413
410520,2,447,34,413
410520,3,447,34,413
410520,4,5,1,4
410520,5,442,33,409
410520,20,442,33,409
410520,21,183,18,165
410520,22,183,18,165
410520,23,183,18,165
410520,24,4,0,4
410520,25,179,18,161
410520,40,179,18,161
410520,41,264,16,248
410520,42,264,16,248
410520,43,264,16,248
410520,44,1,1,0
410520,45,263,15,248
410520,60,263,15,248
410539,1,207,41,166
410539,2,207,41,166
410539,3,207,41,166
410539,4,58,9,49
410539,5,149,32,117
410539,20,149,32,117
410539,21,207,41,166
410539,22,207,41,166
410539,23,207,41,166
410539,24,58,9,49
410539,25,149,32,117
410539,40,149,32,117
410788,1,575,305,270
410788,2,575,305,270
410788,3,575,305,270
410788,4,81,45,36
410788,5,494,260,234
410788,20,494,260,234
410788,21,287,151,136
410788,22,287,151,136
410788,23,287,151,136
410788,24,32,18,14
410788,25,255,133,122
410788,40,255,133,122
410788,41,288,154,134
410788,42,288,154,134
410788,43,288,154,134
410788,44,49,27,22
410788,45,239,127,112
410788,60,239,127,112
410797,1,172,121,51
410797,2,172,121,51
410797,3,172,121,51
410797,4,48,37,11
410797,5,124,84,40
410797,20,124,84,40
410797,21,172,121,51
410797,22,172,121,51
410797,23,172,121,51
410797,24,48,37,11
410797,25,124,84,40
410797,40,124,84,40
410964,1,35,1,34
410964,2,35,1,34
410964,3,35,1,34
410964,4,3,0,3
410964,5,32,1,31
410964,20,32,1,31
410964,21,19,1,18
410964,22,19,1,18
410964,23,19,1,18
410964,24,3,0,3
410964,25,16,1,15
410964,40,16,1,15
410964,41,16,0,16
410964,42,16,0,16
410964,43,16,0,16
410964,45,16,0,16
410964,60,16,0,16
411055,1,477,362,115
411055,2,477,362,115
411055,3,477,362,115
411055,4,229,192,37
411055,5,248,170,78
411055,20,248,170,78
411055,21,477,362,115
411055,22,477,362,115
411055,23,477,362,115
411055,24,229,192,37
411055,25,248,170,78
411055,40,248,170,78
411374,1,612,52,560
411374,2,612,52,560
411374,3,612,52,560
411374,4,485,35,450
411374,5,127,17,110
411374,20,127,17,110
411374,21,612,52,560
411374,22,612,52,560
411374,23,612,52,560
411374,24,485,35,450
411374,25,127,17,110
411374,40,127,17,110
411684,1,108,37,71
411684,2,108,37,71
411684,3,108,37,71
411684,4,20,5,15
411684,5,88,32,56
411684,20,88,32,56
411684,21,108,37,71
411684,22,108,37,71
411684,23,108,37,71
411684,24,20,5,15
411684,25,88,32,56
411684,40,88,32,56
411754,1,44,19,25
411754,2,44,19,25
411754,3,44,19,25
411754,5,44,19,25
411754,20,44,19,25
411754,21,44,19,25
411754,22,44,19,25
411754,23,44,19,25
411754,25,44,19,25
411754,40,44,19,25
412003,1,56,9,47
412003,2,56,9,47
412003,3,54,8,46
412003,4,14,6,8
412003,5,40,2,38
412003,11,2,1,1
412003,19,9,2,7
412003,20,31,0,31
412003,21,48,5,43
412003,22,48,5,43
412003,23,48,5,43
412003,24,8,3,5
412003,25,40,2,38
412003,39,9,2,7
412003,40,31,0,31
412003,41,8,4,4
412003,42,8,4,4
412003,43,6,3,3
412003,44,6,3,3
412003,51,2,1,1
412173,1,694,68,626
412173,2,694,68,626
412173,3,693,68,625
412173,4,42,3,39
412173,5,651,65,586
412173,11,1,0,1
412173,19,182,13,169
412173,20,469,52,417
412173,21,694,68,626
412173,22,694,68,626
412173,23,693,68,625
412173,24,42,3,39
412173,25,651,65,586
412173,31,1,0,1
412173,39,182,13,169
412173,40,469,52,417
412535,1,47,3,44
412535,2,47,3,44
412535,3,47,3,44
412535,4,12,1,11
412535,5,35,2,33
412535,20,35,2,33
412535,21,46,3,43
412535,22,46,3,43
412535,23,46,3,43
412535,24,12,1,11
412535,25,34,2,32
412535,40,34,2,32
412535,41,1,0,1
412535,42,1,0,1
412535,43,1,0,1
412535,45,1,0,1
412535,60,1,0,1
412544,1,73,11,62
412544,2,73,11,62
412544,3,73,11,62
412544,4,7,0,7
412544,5,66,11,55
412544,20,66,11,55
412544,21,62,10,52
412544,22,62,10,52
412544,23,62,10,52
412544,24,7,0,7
412544,25,55,10,45
412544,40,55,10,45
412544,41,11,1,10
412544,42,11,1,10
412544,43,11,1,10
412544,45,11,1,10
412544,60,11,1,10
412599,1,814,242,572
412599,2,814,242,572
412599,3,814,242,572
412599,4,264,68,196
412599,5,550,174,376
412599,19,4,4,0
412599,20,546,170,376
412599,21,814,242,572
412599,22,814,242,572
412599,23,814,242,572
412599,24,264,68,196
412599,25,550,174,376
412599,39,4,4,0
412599,40,546,170,376
412650,1,83,77,6
412650,2,83,77,6
412650,3,83,77,6
412650,4,71,66,5
412650,5,12,11,1
412650,20,12,11,1
412650,21,72,66,6
412650,22,72,66,6
412650,23,72,66,6
412650,24,62,57,5
412650,25,10,9,1
412650,40,10,9,1
412650,41,11,11,0
412650,42,11,11,0
412650,43,11,11,0
412650,44,9,9,0
412650,45,2,2,0
412650,60,2,2,0
413176,1,43,13,30
413176,2,43,13,30
413176,3,43,13,30
413176,4,35,13,22
413176,5,8,0,8
413176,20,8,0,8
413176,21,43,13,30
413176,22,43,13,30
413176,23,43,13,30
413176,24,35,13,22
413176,25,8,0,8
413176,40,8,0,8
413343,1,22,1,21
413343,2,22,1,21
413343,3,22,1,21
413343,4,4,0,4
413343,5,18,1,17
413343,20,18,1,17
413343,21,22,1,21
413343,22,22,1,21
413343,23,22,1,21
413343,24,4,0,4
413343,25,18,1,17
413343,40,18,1,17
413413,1,34007,8527,25480
413413,2,7947,2586,5361
413413,3,7935,2582,5353
413413,4,142,57,85
413413,5,7793,2525,5268
413413,11,12,4,8
413413,12,26060,5941,20119
413413,19,512,133,379
413413,20,7281,2392,4889
413413,21,2108,683,1425
413413,22,1291,488,803
413413,23,1290,487,803
413413,24,2,2,0
413413,25,1288,485,803
413413,31,1,1,0
413413,32,817,195,622
413413,39,23,13,10
413413,40,1265,472,793
413413,41,31899,7844,24055
413413,42,6656,2098,4558
413413,43,6645,2095,4550
413413,44,140,55,85
413413,45,6505,2040,4465
413413,51,11,3,8
413413,52,25243,5746,19497
413413,59,489,120,369
413413,60,6016,1920,4096
413617,1,661,182,479
413617,2,661,182,479
413617,3,511,154,357
413617,4,89,38,51
413617,5,422,116,306
413617,11,150,28,122
413617,19,41,9,32
413617,20,381,107,274
413617,21,217,89,128
413617,22,217,89,128
413617,23,217,89,128
413617,24,63,30,33
413617,25,154,59,95
413617,39,16,5,11
413617,40,138,54,84
413617,41,444,93,351
413617,42,444,93,351
413617,43,294,65,229
413617,44,26,8,18
413617,45,268,57,211
413617,51,150,28,122
413617,59,25,4,21
413617,60,243,53,190
413626,1,348,144,204
413626,2,348,144,204
413626,3,340,142,198
413626,4,119,54,65
413626,5,221,88,133
413626,11,8,2,6
413626,20,221,88,133
413626,21,275,121,154
413626,22,275,121,154
413626,23,275,121,154
413626,24,108,50,58
413626,25,167,71,96
413626,40,167,71,96
413626,41,73,23,50
413626,42,73,23,50
413626,43,65,21,44
413626,44,11,4,7
413626,45,54,17,37
413626,51,8,2,6
413626,60,54,17,37
413635,1,257,58,199
413635,2,257,58,199
413635,3,257,58,199
413635,4,108,29,79
413635,5,149,29,120
413635,20,149,29,120
413635,21,257,58,199
413635,22,257,58,199
413635,23,257,58,199
413635,24,108,29,79
413635,25,149,29,120
413635,40,149,29,120
413644,1,62,18,44
413644,12,62,18,44
413644,21,53,17,36
413644,32,53,17,36
413644,41,9,1,8
413644,52,9,1,8
413680,1,458,440,18
413680,2,458,440,18
413680,3,458,440,18
413680,4,199,193,6
413680,5,259,247,12
413680,20,259,247,12
413680,21,458,440,18
413680,22,458,440,18
413680,23,458,440,18
413680,24,199,193,6
413680,25,259,247,12
413680,40,259,247,12
413778,1,212,26,186
413778,2,212,26,186
413778,3,212,26,186
413778,4,157,20,137
413778,5,55,6,49
413778,20,55,6,49
413778,21,212,26,186
413778,22,212,26,186
413778,23,212,26,186
413778,24,157,20,137
413778,25,55,6,49
413778,40,55,6,49
413802,1,983,445,538
413802,2,983,445,538
413802,3,983,445,538
413802,4,68,34,34
413802,5,915,411,504
413802,20,915,411,504
413802,21,331,30,301
413802,22,331,30,301
413802,23,331,30,301
413802,24,24,2,22
413802,25,307,28,279
413802,40,307,28,279
413802,41,652,415,237
413802,42,652,415,237
413802,43,652,415,237
413802,44,44,32,12
413802,45,608,383,225
413802,60,608,383,225
413820,1,17,0,17
413820,2,17,0,17
413820,3,17,0,17
413820,4,4,0,4
413820,5,13,0,13
413820,20,13,0,13
413820,21,17,0,17
413820,22,17,0,17
413820,23,17,0,17
413820,24,4,0,4
413820,25,13,0,13
413820,40,13,0,13
413839,1,289,238,51
413839,2,289,238,51
413839,3,289,238,51
413839,4,66,50,16
413839,5,223,188,35
413839,19,5,5,0
413839,20,218,183,35
413839,21,236,194,42
413839,22,236,194,42
413839,23,236,194,42
413839,24,59,45,14
413839,25,177,149,28
413839,39,5,5,0
413839,40,172,144,28
413839,41,53,44,9
413839,42,53,44,9
413839,43,53,44,9
413839,44,7,5,2
413839,45,46,39,7
413839,60,46,39,7
413848,1,312,257,55
413848,2,312,257,55
413848,3,312,257,55
413848,4,40,38,2
413848,5,272,219,53
413848,19,5,4,1
413848,20,267,215,52
413848,21,261,215,46
413848,22,261,215,46
413848,23,261,215,46
413848,24,40,38,2
413848,25,221,177,44
413848,39,3,2,1
413848,40,218,175,43
413848,41,51,42,9
413848,42,51,42,9
413848,43,51,42,9
413848,45,51,42,9
413848,59,2,2,0
413848,60,49,40,9
413857,1,547,388,159
413857,2,547,388,159
413857,3,547,388,159
413857,4,62,46,16
413857,5,485,342,143
413857,19,16,8,8
413857,20,469,334,135
413857,21,376,274,102
413857,22,376,274,102
413857,23,376,274,102
413857,24,57,42,15
413857,25,319,232,87
413857,39,10,6,4
413857,40,309,226,83
413857,41,171,114,57
413857,42,171,114,57
413857,43,171,114,57
413857,44,5,4,1
413857,45,166,110,56
413857,59,6,2,4
413857,60,160,108,52
413866,1,353,286,67
413866,2,353,286,67
413866,3,353,286,67
413866,4,60,49,11
413866,5,293,237,56
413866,20,293,237,56
413866,21,285,232,53
413866,22,285,232,53
413866,23,285,232,53
413866,24,56,46,10
413866,25,229,186,43
413866,40,229,186,43
413866,41,68,54,14
413866,42,68,54,14
413866,43,68,54,14
413866,44,4,3,1
413866,45,64,51,13
413866,60,64,51,13
413884,1,552,411,141
413884,2,552,411,141
413884,3,552,411,141
413884,4,107,79,28
413884,5,445,332,113
413884,19,4,3,1
413884,20,441,329,112
413884,21,402,299,103
413884,22,402,299,103
413884,23,402,299,103
413884,24,82,58,24
413884,25,320,241,79
413884,39,4,3,1
413884,40,316,238,78
413884,41,150,112,38
413884,42,150,112,38
413884,43,150,112,38
413884,44,25,21,4
413884,45,125,91,34
413884,60,125,91,34
413945,1,78,4,74
413945,2,78,4,74
413945,3,78,4,74
413945,4,21,0,21
413945,5,57,4,53
413945,20,57,4,53
413945,21,78,4,74
413945,22,78,4,74
413945,23,78,4,74
413945,24,21,0,21
413945,25,57,4,53
413945,40,57,4,53
413972,1,76,5,71
413972,2,76,5,71
413972,3,76,5,71
413972,4,53,3,50
413972,5,23,2,21
413972,20,23,2,21
413972,21,58,5,53
413972,22,58,5,53
413972,23,58,5,53
413972,24,45,3,42
413972,25,13,2,11
413972,40,13,2,11
413972,41,18,0,18
413972,42,18,0,18
413972,43,18,0,18
413972,44,8,0,8
413972,45,10,0,10
413972,60,10,0,10
414054,1,48,0,48
414054,2,48,0,48
414054,3,48,0,48
414054,4,23,0,23
414054,5,25,0,25
414054,20,25,0,25
414054,21,46,0,46
414054,22,46,0,46
414054,23,46,0,46
414054,24,22,0,22
414054,25,24,0,24
414054,40,24,0,24
414054,41,2,0,2
414054,42,2,0,2
414054,43,2,0,2
414054,44,1,0,1
414054,45,1,0,1
414054,60,1,0,1
414063,1,179,9,170
414063,2,179,9,170
414063,3,179,9,170
414063,4,56,1,55
414063,5,123,8,115
414063,20,123,8,115
414063,21,149,6,143
414063,22,149,6,143
414063,23,149,6,143
414063,24,53,0,53
414063,25,96,6,90
414063,40,96,6,90
414063,41,30,3,27
414063,42,30,3,27
414063,43,30,3,27
414063,44,3,1,2
414063,45,27,2,25
414063,60,27,2,25
414124,1,298,218,80
414124,2,298,218,80
414124,3,298,218,80
414124,4,222,168,54
414124,5,76,50,26
414124,20,76,50,26
414124,21,271,200,71
414124,22,271,200,71
414124,23,271,200,71
414124,24,200,154,46
414124,25,71,46,25
414124,40,71,46,25
414124,41,27,18,9
414124,42,27,18,9
414124,43,27,18,9
414124,44,22,14,8
414124,45,5,4,1
414124,60,5,4,1
414160,1,2257,597,1660
414160,2,2239,592,1647
414160,3,2202,581,1621
414160,4,286,105,181
414160,5,1916,476,1440
414160,11,37,11,26
414160,12,18,5,13
414160,19,230,73,157
414160,20,1686,403,1283
414160,21,1077,303,774
414160,22,1070,301,769
414160,23,1070,301,769
414160,24,198,74,124
414160,25,872,227,645
414160,32,7,2,5
414160,39,111,37,74
414160,40,761,190,571
414160,41,1180,294,886
414160,42,1169,291,878
414160,43,1132,280,852
414160,44,88,31,57
414160,45,1044,249,795
414160,51,37,11,26
414160,52,11,3,8
414160,59,119,36,83
414160,60,925,213,712
414452,1,25,0,25
414452,2,25,0,25
414452,3,25,0,25
414452,4,16,0,16
414452,5,9,0,9
414452,20,9,0,9
414452,21,25,0,25
414452,22,25,0,25
414452,23,25,0,25
414452,24,16,0,16
414452,25,9,0,9
414452,40,9,0,9
414461,1,3262,3093,169
414461,2,3262,3093,169
414461,3,3262,3093,169
414461,4,1046,996,50
414461,5,2216,2097,119
414461,19,441,402,39
414461,20,1775,1695,80
414461,21,2780,2646,134
414461,22,2780,2646,134
414461,23,2780,2646,134
414461,24,1046,996,50
414461,25,1734,1650,84
414461,39,291,269,22
414461,40,1443,1381,62
414461,41,482,447,35
414461,42,482,447,35
414461,43,482,447,35
414461,45,482,447,35
414461,59,150,133,17
414461,60,332,314,18
414489,1,79,2,77
414489,2,79,2,77
414489,3,79,2,77
414489,4,77,2,75
414489,5,2,0,2
414489,20,2,0,2
414489,21,79,2,77
414489,22,79,2,77
414489,23,79,2,77
414489,24,77,2,75
414489,25,2,0,2
414489,40,2,0,2
414531,1,271,235,36
414531,2,271,235,36
414531,3,271,235,36
414531,4,53,42,11
414531,5,218,193,25
414531,19,4,4,0
414531,20,214,189,25
414531,21,201,175,26
414531,22,201,175,26
414531,23,201,175,26
414531,24,41,35,6
414531,25,160,140,20
414531,39,3,3,0
414531,40,157,137,20
414531,41,70,60,10
414531,42,70,60,10
414531,43,70,60,10
414531,44,12,7,5
414531,45,58,53,5
414531,59,1,1,0
414531,60,57,52,5
414540,1,278,17,261
414540,2,278,17,261
414540,3,278,17,261
414540,4,69,4,65
414540,5,209,13,196
414540,20,209,13,196
414540,21,233,14,219
414540,22,233,14,219
414540,23,233,14,219
414540,24,60,2,58
414540,25,173,12,161
414540,40,173,12,161
414540,41,45,3,42
414540,42,45,3,42
414540,43,45,3,42
414540,44,9,2,7
414540,45,36,1,35
414540,60,36,1,35
414559,1,18,3,15
414559,2,18,3,15
414559,3,18,3,15
414559,4,10,3,7
414559,5,8,0,8
414559,20,8,0,8
414559,21,18,3,15
414559,22,18,3,15
414559,23,18,3,15
414559,24,10,3,7
414559,25,8,0,8
414559,40,8,0,8
414568,1,538,358,180
414568,2,538,358,180
414568,3,538,358,180
414568,4,98,68,30
414568,5,440,290,150
414568,19,8,4,4
414568,20,432,286,146
414568,21,386,260,126
414568,22,386,260,126
414568,23,386,260,126
414568,24,80,57,23
414568,25,306,203,103
414568,39,7,4,3
414568,40,299,199,100
414568,41,152,98,54
414568,42,152,98,54
414568,43,152,98,54
414568,44,18,11,7
414568,45,134,87,47
414568,59,1,0,1
414568,60,133,87,46
414586,1,527,282,245
414586,2,527,282,245
414586,3,527,282,245
414586,4,60,37,23
414586,5,467,245,222
414586,19,19,3,16
414586,20,448,242,206
414586,21,306,185,121
414586,22,306,185,121
414586,23,306,185,121
414586,24,52,29,23
414586,25,254,156,98
414586,39,9,1,8
414586,40,245,155,90
414586,41,221,97,124
414586,42,221,97,124
414586,43,221,97,124
414586,44,8,8,0
414586,45,213,89,124
414586,59,10,2,8
414586,60,203,87,116
414595,1,602,160,442
414595,2,145,39,106
414595,3,139,38,101
414595,4,15,5,10
414595,5,124,33,91
414595,11,6,1,5
414595,12,457,121,336
414595,19,11,3,8
414595,20,113,30,83
414595,21,422,116,306
414595,22,45,14,31
414595,23,43,13,30
414595,24,9,4,5
414595,25,34,9,25
414595,31,2,1,1
414595,32,377,102,275
414595,39,8,2,6
414595,40,26,7,19
414595,41,180,44,136
414595,42,100,25,75
414595,43,96,25,71
414595,44,6,1,5
414595,45,90,24,66
414595,51,4,0,4
414595,52,80,19,61
414595,59,3,1,2
414595,60,87,23,64
414708,1,5270,1815,3455
414708,2,4513,1560,2953
414708,3,4449,1537,2912
414708,4,195,78,117
414708,5,4254,1459,2795
414708,11,64,23,41
414708,12,757,255,502
414708,19,357,116,241
414708,20,3897,1343,2554
414708,21,1619,573,1046
414708,22,1283,457,826
414708,23,1283,457,826
414708,24,46,25,21
414708,25,1237,432,805
414708,32,336,116,220
414708,39,5,3,2
414708,40,1232,429,803
414708,41,3651,1242,2409
414708,42,3230,1103,2127
414708,43,3166,1080,2086
414708,44,149,53,96
414708,45,3017,1027,1990
414708,51,64,23,41
414708,52,421,139,282
414708,59,352,113,239
414708,60,2665,914,1751
414823,1,1952,745,1207
414823,2,1952,745,1207
414823,3,1937,736,1201
414823,4,491,191,300
414823,5,1446,545,901
414823,11,15,9,6
414823,19,160,45,115
414823,20,1286,500,786
414823,21,1900,724,1176
414823,22,1900,724,1176
414823,23,1885,715,1170
414823,24,486,188,298
414823,25,1399,527,872
414823,31,15,9,6
414823,39,158,45,113
414823,40,1241,482,759
414823,41,52,21,31
414823,42,52,21,31
414823,43,52,21,31
414823,44,5,3,2
414823,45,47,18,29
414823,59,2,0,2
414823,60,45,18,27
414841,1,224,181,43
414841,2,224,181,43
414841,3,224,181,43
414841,4,20,15,5
414841,5,204,166,38
414841,19,3,3,0
414841,20,201,163,38
414841,21,168,133,35
414841,22,168,133,35
414841,23,168,133,35
414841,24,20,15,5
414841,25,148,118,30
414841,39,3,3,0
414841,40,145,115,30
414841,41,56,48,8
414841,42,56,48,8
414841,43,56,48,8
414841,45,56,48,8
414841,60,56,48,8
414869,1,111,3,108
414869,2,111,3,108
414869,3,111,3,108
414869,4,24,2,22
414869,5,87,1,86
414869,20,87,1,86
414869,21,63,2,61
414869,22,63,2,61
414869,23,63,2,61
414869,24,18,2,16
414869,25,45,0,45
414869,40,45,0,45
414869,41,48,1,47
414869,42,48,1,47
414869,43,48,1,47
414869,44,6,0,6
414869,45,42,1,41
414869,60,42,1,41
414878,1,541,159,382
414878,2,438,135,303
414878,3,435,134,301
414878,4,4,1,3
414878,5,431,133,298
414878,11,3,1,2
414878,12,103,24,79
414878,19,59,21,38
414878,20,372,112,260
414878,21,353,92,261
414878,22,297,84,213
414878,23,297,84,213
414878,24,2,1,1
414878,25,295,83,212
414878,32,56,8,48
414878,39,36,11,25
414878,40,259,72,187
414878,41,188,67,121
414878,42,141,51,90
414878,43,138,50,88
414878,44,2,0,2
414878,45,136,50,86
414878,51,3,1,2
414878,52,47,16,31
414878,59,23,10,13
414878,60,113,40,73
414911,1,2506,1049,1457
414911,2,2506,1049,1457
414911,3,1336,571,765
414911,4,177,84,93
414911,5,1159,487,672
414911,11,1170,478,692
414911,19,49,18,31
414911,20,1110,469,641
414911,21,984,418,566
414911,22,984,418,566
414911,23,909,392,517
414911,24,130,61,69
414911,25,779,331,448
414911,31,75,26,49
414911,39,36,14,22
414911,40,743,317,426
414911,41,1522,631,891
414911,42,1522,631,891
414911,43,427,179,248
414911,44,47,23,24
414911,45,380,156,224
414911,51,1095,452,643
414911,59,13,4,9
414911,60,367,152,215
414939,1,272,50,222
414939,2,272,50,222
414939,3,272,50,222
414939,4,75,12,63
414939,5,197,38,159
414939,20,197,38,159
414939,21,272,50,222
414939,22,272,50,222
414939,23,272,50,222
414939,24,75,12,63
414939,25,197,38,159
414939,40,197,38,159
414966,1,126,69,57
414966,12,126,69,57
414966,21,42,23,19
414966,32,42,23,19
414966,41,84,46,38
414966,52,84,46,38
415039,1,96,3,93
415039,2,96,3,93
415039,3,96,3,93
415039,4,54,2,52
415039,5,42,1,41
415039,20,42,1,41
415039,21,73,3,70
415039,22,73,3,70
415039,23,73,3,70
415039,24,43,2,41
415039,25,30,1,29
415039,40,30,1,29
415039,41,23,0,23
415039,42,23,0,23
415039,43,23,0,23
415039,44,11,0,11
415039,45,12,0,12
415039,60,12,0,12
415057,1,117,115,2
415057,2,117,115,2
415057,3,117,115,2
415057,4,69,69,0
415057,5,48,46,2
415057,20,48,46,2
415057,21,117,115,2
415057,22,117,115,2
415057,23,117,115,2
415057,24,69,69,0
415057,25,48,46,2
415057,40,48,46,2
415729,1,19,9,10
415729,2,19,9,10
415729,3,19,9,10
415729,4,2,1,1
415729,5,17,8,9
415729,20,17,8,9
415729,21,11,4,7
415729,22,11,4,7
415729,23,11,4,7
415729,24,2,1,1
415729,25,9,3,6
415729,40,9,3,6
415729,41,8,5,3
415729,42,8,5,3
415729,43,8,5,3
415729,45,8,5,3
415729,60,8,5,3
415774,1,641,84,557
415774,2,641,84,557
415774,3,641,84,557
415774,4,198,22,176
415774,5,443,62,381
415774,20,443,62,381
415774,21,437,65,372
415774,22,437,65,372
415774,23,437,65,372
415774,24,139,18,121
415774,25,298,47,251
415774,40,298,47,251
415774,41,204,19,185
415774,42,204,19,185
415774,43,204,19,185
415774,44,59,4,55
415774,45,145,15,130
415774,60,145,15,130
415987,1,486,57,429
415987,2,486,57,429
415987,3,486,57,429
415987,4,171,28,143
415987,5,315,29,286
415987,20,315,29,286
415987,21,333,31,302
415987,22,333,31,302
415987,23,333,31,302
415987,24,87,15,72
415987,25,246,16,230
415987,40,246,16,230
415987,41,153,26,127
415987,42,153,26,127
415987,43,153,26,127
415987,44,84,13,71
415987,45,69,13,56
415987,60,69,13,56
416458,1,557,155,402
416458,2,557,155,402
416458,3,557,155,402
416458,4,117,32,85
416458,5,440,123,317
416458,20,440,123,317
416458,21,557,155,402
416458,22,557,155,402
416458,23,557,155,402
416458,24,117,32,85
416458,25,440,123,317
416458,40,440,123,317
416670,1,135,5,130
416670,2,135,5,130
416670,3,135,5,130
416670,4,80,3,77
416670,5,55,2,53
416670,20,55,2,53
416670,21,56,2,54
416670,22,56,2,54
416670,23,56,2,54
416670,24,34,1,33
416670,25,22,1,21
416670,40,22,1,21
416670,41,79,3,76
416670,42,79,3,76
416670,43,79,3,76
416670,44,46,2,44
416670,45,33,1,32
416670,60,33,1,32
416801,1,317,113,204
416801,2,313,112,201
416801,3,313,112,201
416801,5,313,112,201
416801,12,4,1,3
416801,19,166,63,103
416801,20,147,49,98
416801,21,283,103,180
416801,22,279,102,177
416801,23,279,102,177
416801,25,279,102,177
416801,32,4,1,3
416801,39,164,63,101
416801,40,115,39,76
416801,41,34,10,24
416801,42,34,10,24
416801,43,34,10,24
416801,45,34,10,24
416801,59,2,0,2
416801,60,32,10,22
416962,1,2180,871,1309
416962,2,1754,738,1016
416962,3,1753,738,1015
416962,4,43,20,23
416962,5,1710,718,992
416962,11,1,0,1
416962,12,426,133,293
416962,19,126,59,67
416962,20,1584,659,925
416962,21,2180,871,1309
416962,22,1754,738,1016
416962,23,1753,738,1015
416962,24,43,20,23
416962,25,1710,718,992
416962,31,1,0,1
416962,32,426,133,293
416962,39,126,59,67
416962,40,1584,659,925
416971,1,57,0,57
416971,2,57,0,57
416971,3,57,0,57
416971,4,22,0,22
416971,5,35,0,35
416971,20,35,0,35
416971,21,29,0,29
416971,22,29,0,29
416971,23,29,0,29
416971,24,13,0,13
416971,25,16,0,16
416971,40,16,0,16
416971,41,28,0,28
416971,42,28,0,28
416971,43,28,0,28
416971,44,9,0,9
416971,45,19,0,19
416971,60,19,0,19
416980,1,61,0,61
416980,2,61,0,61
416980,3,61,0,61
416980,4,24,0,24
416980,5,37,0,37
416980,20,37,0,37
416980,21,38,0,38
416980,22,38,0,38
416980,23,38,0,38
416980,24,18,0,18
416980,25,20,0,20
416980,40,20,0,20
416980,41,23,0,23
416980,42,23,0,23
416980,43,23,0,23
416980,44,6,0,6
416980,45,17,0,17
416980,60,17,0,17
417008,1,148,4,144
417008,2,148,4,144
417008,3,148,4,144
417008,4,55,2,53
417008,5,93,2,91
417008,20,93,2,91
417008,21,148,4,144
417008,22,148,4,144
417008,23,148,4,144
417008,24,55,2,53
417008,25,93,2,91
417008,40,93,2,91
417062,1,89,1,88
417062,2,89,1,88
417062,3,89,1,88
417062,4,22,0,22
417062,5,67,1,66
417062,20,67,1,66
417062,21,89,1,88
417062,22,89,1,88
417062,23,89,1,88
417062,24,22,0,22
417062,25,67,1,66
417062,40,67,1,66
417105,1,495,207,288
417105,2,495,207,288
417105,3,495,207,288
417105,4,132,60,72
417105,5,363,147,216
417105,20,363,147,216
417105,21,378,160,218
417105,22,378,160,218
417105,23,378,160,218
417105,24,115,54,61
417105,25,263,106,157
417105,40,263,106,157
417105,41,117,47,70
417105,42,117,47,70
417105,43,117,47,70
417105,44,17,6,11
417105,45,100,41,59
417105,60,100,41,59
417123,1,142,69,73
417123,2,142,69,73
417123,3,142,69,73
417123,4,48,25,23
417123,5,94,44,50
417123,20,94,44,50
417123,21,118,52,66
417123,22,118,52,66
417123,23,118,52,66
417123,24,41,19,22
417123,25,77,33,44
417123,40,77,33,44
417123,41,24,17,7
417123,42,24,17,7
417123,43,24,17,7
417123,44,7,6,1
417123,45,17,11,6
417123,60,17,11,6
417132,1,561,16,545
417132,2,561,16,545
417132,3,561,16,545
417132,4,193,3,190
417132,5,368,13,355
417132,20,368,13,355
417132,21,464,12,452
417132,22,464,12,452
417132,23,464,12,452
417132,24,153,1,152
417132,25,311,11,300
417132,40,311,11,300
417132,41,97,4,93
417132,42,97,4,93
417132,43,97,4,93
417132,44,40,2,38
417132,45,57,2,55
417132,60,57,2,55
417178,1,55,5,50
417178,2,55,5,50
417178,3,55,5,50
417178,4,7,0,7
417178,5,48,5,43
417178,20,48,5,43
417178,21,55,5,50
417178,22,55,5,50
417178,23,55,5,50
417178,24,7,0,7
417178,25,48,5,43
417178,40,48,5,43
417187,1,21,1,20
417187,2,21,1,20
417187,3,21,1,20
417187,4,1,1,0
417187,5,20,0,20
417187,20,20,0,20
417187,21,21,1,20
417187,22,21,1,20
417187,23,21,1,20
417187,24,1,1,0
417187,25,20,0,20
417187,40,20,0,20
417248,1,41,39,2
417248,2,41,39,2
417248,3,41,39,2
417248,4,38,37,1
417248,5,3,2,1
417248,20,3,2,1
417248,21,41,39,2
417248,22,41,39,2
417248,23,41,39,2
417248,24,38,37,1
417248,25,3,2,1
417248,40,3,2,1
417257,1,39,7,32
417257,2,39,7,32
417257,3,39,7,32
417257,4,9,0,9
417257,5,30,7,23
417257,20,30,7,23
417257,21,39,7,32
417257,22,39,7,32
417257,23,39,7,32
417257,24,9,0,9
417257,25,30,7,23
417257,40,30,7,23
417275,1,13,2,11
417275,2,13,2,11
417275,3,13,2,11
417275,4,3,1,2
417275,5,10,1,9
417275,20,10,1,9
417275,21,13,2,11
417275,22,13,2,11
417275,23,13,2,11
417275,24,3,1,2
417275,25,10,1,9
417275,40,10,1,9
417318,1,127,73,54
417318,2,127,73,54
417318,3,126,72,54
417318,4,19,7,12
417318,5,107,65,42
417318,11,1,1,0
417318,19,7,3,4
417318,20,100,62,38
417318,21,127,73,54
417318,22,127,73,54
417318,23,126,72,54
417318,24,19,7,12
417318,25,107,65,42
417318,31,1,1,0
417318,39,7,3,4
417318,40,100,62,38
417327,1,425,131,294
417327,2,425,131,294
417327,3,425,131,294
417327,4,33,13,20
417327,5,392,118,274
417327,19,50,14,36
417327,20,342,104,238
417327,21,300,94,206
417327,22,300,94,206
417327,23,300,94,206
417327,24,25,10,15
417327,25,275,84,191
417327,39,39,10,29
417327,40,236,74,162
417327,41,125,37,88
417327,42,125,37,88
417327,43,125,37,88
417327,44,8,3,5
417327,45,117,34,83
417327,59,11,4,7
417327,60,106,30,76
417345,1,12,0,12
417345,12,12,0,12
417345,21,12,0,12
417345,32,12,0,12
417381,1,168,16,152
417381,2,168,16,152
417381,3,168,16,152
417381,4,53,7,46
417381,5,115,9,106
417381,20,115,9,106
417381,21,138,11,127
417381,22,138,11,127
417381,23,138,11,127
417381,24,45,4,41
417381,25,93,7,86
417381,40,93,7,86
417381,41,30,5,25
417381,42,30,5,25
417381,43,30,5,25
417381,44,8,3,5
417381,45,22,2,20
417381,60,22,2,20
417406,1,58,0,58
417406,2,58,0,58
417406,3,58,0,58
417406,4,17,0,17
417406,5,41,0,41
417406,20,41,0,41
417406,21,58,0,58
417406,22,58,0,58
417406,23,58,0,58
417406,24,17,0,17
417406,25,41,0,41
417406,40,41,0,41
417442,1,90,5,85
417442,2,90,5,85
417442,3,90,5,85
417442,4,11,3,8
417442,5,79,2,77
417442,20,79,2,77
417442,21,90,5,85
417442,22,90,5,85
417442,23,90,5,85
417442,24,11,3,8
417442,25,79,2,77
417442,40,79,2,77
417503,1,286,3,283
417503,2,286,3,283
417503,3,286,3,283
417503,4,56,1,55
417503,5,230,2,228
417503,20,230,2,228
417503,21,240,1,239
417503,22,240,1,239
417503,23,240,1,239
417503,24,49,1,48
417503,25,191,0,191
417503,40,191,0,191
417503,41,46,2,44
417503,42,46,2,44
417503,43,46,2,44
417503,44,7,0,7
417503,45,39,2,37
417503,60,39,2,37
417549,1,267,1,266
417549,2,267,1,266
417549,3,267,1,266
417549,4,150,1,149
417549,5,117,0,117
417549,20,117,0,117
417549,21,267,1,266
417549,22,267,1,266
417549,23,267,1,266
417549,24,150,1,149
417549,25,117,0,117
417549,40,117,0,117
417576,1,132,6,126
417576,2,132,6,126
417576,3,132,6,126
417576,4,130,6,124
417576,5,2,0,2
417576,20,2,0,2
417576,21,121,6,115
417576,22,121,6,115
417576,23,121,6,115
417576,24,120,6,114
417576,25,1,0,1
417576,40,1,0,1
417576,41,11,0,11
417576,42,11,0,11
417576,43,11,0,11
417576,44,10,0,10
417576,45,1,0,1
417576,60,1,0,1
417600,1,39,0,39
417600,2,39,0,39
417600,3,39,0,39
417600,4,19,0,19
417600,5,20,0,20
417600,20,20,0,20
417600,21,39,0,39
417600,22,39,0,39
417600,23,39,0,39
417600,24,19,0,19
417600,25,20,0,20
417600,40,20,0,20
417628,1,27,6,21
417628,2,27,6,21
417628,3,27,6,21
417628,4,4,2,2
417628,5,23,4,19
417628,20,23,4,19
417628,21,26,5,21
417628,22,26,5,21
417628,23,26,5,21
417628,24,4,2,2
417628,25,22,3,19
417628,40,22,3,19
417628,41,1,1,0
417628,42,1,1,0
417628,43,1,1,0
417628,45,1,1,0
417628,60,1,1,0
417637,1,135,43,92
417637,2,135,43,92
417637,3,135,43,92
417637,4,45,27,18
417637,5,90,16,74
417637,20,90,16,74
417637,21,135,43,92
417637,22,135,43,92
417637,23,135,43,92
417637,24,45,27,18
417637,25,90,16,74
417637,40,90,16,74
417646,1,23,1,22
417646,2,23,1,22
417646,3,23,1,22
417646,4,11,0,11
417646,5,12,1,11
417646,20,12,1,11
417646,21,23,1,22
417646,22,23,1,22
417646,23,23,1,22
417646,24,11,0,11
417646,25,12,1,11
417646,40,12,1,11
417655,1,40,3,37
417655,2,40,3,37
417655,3,40,3,37
417655,4,19,1,18
417655,5,21,2,19
417655,20,21,2,19
417655,21,40,3,37
417655,22,40,3,37
417655,23,40,3,37
417655,24,19,1,18
417655,25,21,2,19
417655,40,21,2,19
417673,1,19,2,17
417673,2,19,2,17
417673,3,19,2,17
417673,4,11,2,9
417673,5,8,0,8
417673,20,8,0,8
417673,21,18,1,17
417673,22,18,1,17
417673,23,18,1,17
417673,24,10,1,9
417673,25,8,0,8
417673,40,8,0,8
417673,41,1,1,0
417673,42,1,1,0
417673,43,1,1,0
417673,44,1,1,0
417682,1,28,2,26
417682,2,28,2,26
417682,3,28,2,26
417682,4,3,0,3
417682,5,25,2,23
417682,20,25,2,23
417682,21,28,2,26
417682,22,28,2,26
417682,23,28,2,26
417682,24,3,0,3
417682,25,25,2,23
417682,40,25,2,23
417716,1,166,6,160
417716,2,166,6,160
417716,3,166,6,160
417716,4,11,1,10
417716,5,155,5,150
417716,20,155,5,150
417716,21,166,6,160
417716,22,166,6,160
417716,23,166,6,160
417716,24,11,1,10
417716,25,155,5,150
417716,40,155,5,150
417725,1,105,8,97
417725,2,105,8,97
417725,3,105,8,97
417725,4,10,2,8
417725,5,95,6,89
417725,20,95,6,89
417725,21,105,8,97
417725,22,105,8,97
417725,23,105,8,97
417725,24,10,2,8
417725,25,95,6,89
417725,40,95,6,89
417734,1,222,53,169
417734,2,222,53,169
417734,3,222,53,169
417734,4,5,2,3
417734,5,217,51,166
417734,19,42,11,31
417734,20,175,40,135
417734,21,61,16,45
417734,22,61,16,45
417734,23,61,16,45
417734,24,3,2,1
417734,25,58,14,44
417734,39,18,4,14
417734,40,40,10,30
417734,41,161,37,124
417734,42,161,37,124
417734,43,161,37,124
417734,44,2,0,2
417734,45,159,37,122
417734,59,24,7,17
417734,60,135,30,105
417743,1,4,4,0
417743,2,4,4,0
417743,3,4,4,0
417743,4,3,3,0
417743,5,1,1,0
417743,20,1,1,0
417743,21,4,4,0
417743,22,4,4,0
417743,23,4,4,0
417743,24,3,3,0
417743,25,1,1,0
417743,40,1,1,0
417752,1,47,22,25
417752,2,47,22,25
417752,3,47,22,25
417752,4,13,5,8
417752,5,34,17,17
417752,19,4,2,2
417752,20,30,15,15
417752,21,38,15,23
417752,22,38,15,23
417752,23,38,15,23
417752,24,12,4,8
417752,25,26,11,15
417752,39,4,2,2
417752,40,22,9,13
417752,41,9,7,2
417752,42,9,7,2
417752,43,9,7,2
417752,44,1,1,0
417752,45,8,6,2
417752,60,8,6,2
417789,1,125,6,119
417789,2,125,6,119
417789,3,125,6,119
417789,4,81,4,77
417789,5,44,2,42
417789,20,44,2,42
417789,21,62,4,58
417789,22,62,4,58
417789,23,62,4,58
417789,24,33,3,30
417789,25,29,1,28
417789,40,29,1,28
417789,41,63,2,61
417789,42,63,2,61
417789,43,63,2,61
417789,44,48,1,47
417789,45,15,1,14
417789,60,15,1,14
417798,1,34,5,29
417798,2,34,5,29
417798,3,34,5,29
417798,4,10,1,9
417798,5,24,4,20
417798,20,24,4,20
417798,21,34,5,29
417798,22,34,5,29
417798,23,34,5,29
417798,24,10,1,9
417798,25,24,4,20
417798,40,24,4,20
417804,1,70,8,62
417804,2,70,8,62
417804,3,70,8,62
417804,4,4,2,2
417804,5,66,6,60
417804,20,66,6,60
417804,21,70,8,62
417804,22,70,8,62
417804,23,70,8,62
417804,24,4,2,2
417804,25,66,6,60
417804,40,66,6,60
417831,1,137,103,34
417831,2,137,103,34
417831,3,137,103,34
417831,4,66,52,14
417831,5,71,51,20
417831,20,71,51,20
417831,21,137,103,34
417831,22,137,103,34
417831,23,137,103,34
417831,24,66,52,14
417831,25,71,51,20
417831,40,71,51,20
417840,1,280,29,251
417840,2,280,29,251
417840,3,280,29,251
417840,4,190,26,164
417840,5,90,3,87
417840,20,90,3,87
417840,21,280,29,251
417840,22,280,29,251
417840,23,280,29,251
417840,24,190,26,164
417840,25,90,3,87
417840,40,90,3,87
417868,1,22,4,18
417868,2,22,4,18
417868,3,22,4,18
417868,4,22,4,18
417868,21,22,4,18
417868,22,22,4,18
417868,23,22,4,18
417868,24,22,4,18
417886,1,84,7,77
417886,2,84,7,77
417886,3,84,7,77
417886,4,10,1,9
417886,5,74,6,68
417886,20,74,6,68
417886,21,84,7,77
417886,22,84,7,77
417886,23,84,7,77
417886,24,10,1,9
417886,25,74,6,68
417886,40,74,6,68
417901,1,24,7,17
417901,2,24,7,17
417901,3,24,7,17
417901,5,24,7,17
417901,20,24,7,17
417901,21,24,7,17
417901,22,24,7,17
417901,23,24,7,17
417901,25,24,7,17
417901,40,24,7,17
417910,1,158,30,128
417910,2,158,30,128
417910,3,158,30,128
417910,4,118,19,99
417910,5,40,11,29
417910,20,40,11,29
417910,21,158,30,128
417910,22,158,30,128
417910,23,158,30,128
417910,24,118,19,99
417910,25,40,11,29
417910,40,40,11,29
417947,1,26,2,24
417947,2,26,2,24
417947,3,26,2,24
417947,4,3,0,3
417947,5,23,2,21
417947,20,23,2,21
417947,21,26,2,24
417947,22,26,2,24
417947,23,26,2,24
417947,24,3,0,3
417947,25,23,2,21
417947,40,23,2,21
417983,1,70,4,66
417983,2,70,4,66
417983,3,70,4,66
417983,4,44,2,42
417983,5,26,2,24
417983,20,26,2,24
417983,41,70,4,66
417983,42,70,4,66
417983,43,70,4,66
417983,44,44,2,42
417983,45,26,2,24
417983,60,26,2,24
417992,1,54,11,43
417992,2,54,11,43
417992,3,54,11,43
417992,4,10,4,6
417992,5,44,7,37
417992,20,44,7,37
417992,21,40,7,33
417992,22,40,7,33
417992,23,40,7,33
417992,24,10,4,6
417992,25,30,3,27
417992,40,30,3,27
417992,41,14,4,10
417992,42,14,4,10
417992,43,14,4,10
417992,45,14,4,10
417992,60,14,4,10
418001,1,283,16,267
418001,2,283,16,267
418001,3,283,16,267
418001,4,26,1,25
418001,5,257,15,242
418001,20,257,15,242
418001,21,283,16,267
418001,22,283,16,267
418001,23,283,16,267
418001,24,26,1,25
418001,25,257,15,242
418001,40,257,15,242
418010,1,61,4,57
418010,2,61,4,57
418010,3,61,4,57
418010,4,16,3,13
418010,5,45,1,44
418010,20,45,1,44
418010,21,20,3,17
418010,22,20,3,17
418010,23,20,3,17
418010,24,5,3,2
418010,25,15,0,15
418010,40,15,0,15
418010,41,41,1,40
418010,42,41,1,40
418010,43,41,1,40
418010,44,11,0,11
418010,45,30,1,29
418010,60,30,1,29
418029,1,46,4,42
418029,2,46,4,42
418029,3,46,4,42
418029,4,8,3,5
418029,5,38,1,37
418029,20,38,1,37
418029,21,36,4,32
418029,22,36,4,32
418029,23,36,4,32
418029,24,8,3,5
418029,25,28,1,27
418029,40,28,1,27
418029,41,10,0,10
418029,42,10,0,10
418029,43,10,0,10
418029,45,10,0,10
418029,60,10,0,10
418038,1,136,15,121
418038,2,136,15,121
418038,3,136,15,121
418038,4,24,2,22
418038,5,112,13,99
418038,20,112,13,99
418038,21,136,15,121
418038,22,136,15,121
418038,23,136,15,121
418038,24,24,2,22
418038,25,112,13,99
418038,40,112,13,99
418056,1,127,17,110
418056,2,127,17,110
418056,3,127,17,110
418056,4,58,5,53
418056,5,69,12,57
418056,20,69,12,57
418056,21,93,13,80
418056,22,93,13,80
418056,23,93,13,80
418056,24,49,4,45
418056,25,44,9,35
418056,40,44,9,35
418056,41,34,4,30
418056,42,34,4,30
418056,43,34,4,30
418056,44,9,1,8
418056,45,25,3,22
418056,60,25,3,22
418065,1,339,40,299
418065,2,339,40,299
418065,3,339,40,299
418065,4,110,20,90
418065,5,229,20,209
418065,20,229,20,209
418065,21,252,29,223
418065,22,252,29,223
418065,23,252,29,223
418065,24,80,14,66
418065,25,172,15,157
418065,40,172,15,157
418065,41,87,11,76
418065,42,87,11,76
418065,43,87,11,76
418065,44,30,6,24
418065,45,57,5,52
418065,60,57,5,52
418083,1,126,27,99
418083,2,126,27,99
418083,3,126,27,99
418083,4,56,12,44
418083,5,70,15,55
418083,20,70,15,55
418083,21,83,17,66
418083,22,83,17,66
418083,23,83,17,66
418083,24,32,6,26
418083,25,51,11,40
418083,40,51,11,40
418083,41,43,10,33
418083,42,43,10,33
418083,43,43,10,33
418083,44,24,6,18
418083,45,19,4,15
418083,60,19,4,15
418126,1,782,231,551
418126,2,537,159,378
418126,3,529,158,371
418126,4,64,14,50
418126,5,465,144,321
418126,11,8,1,7
418126,12,245,72,173
418126,19,82,25,57
418126,20,383,119,264
418126,21,462,139,323
418126,22,312,91,221
418126,23,311,91,220
418126,24,43,9,34
418126,25,268,82,186
418126,31,1,0,1
418126,32,150,48,102
418126,39,53,21,32
418126,40,215,61,154
418126,41,320,92,228
418126,42,225,68,157
418126,43,218,67,151
418126,44,21,5,16
418126,45,197,62,135
418126,51,7,1,6
418126,52,95,24,71
418126,59,29,4,25
418126,60,168,58,110
418171,1,37,37,0
418171,2,37,37,0
418171,3,37,37,0
418171,4,28,28,0
418171,5,9,9,0
418171,20,9,9,0
418171,21,37,37,0
418171,22,37,37,0
418171,23,37,37,0
418171,24,28,28,0
418171,25,9,9,0
418171,40,9,9,0
418199,1,55,54,1
418199,2,55,54,1
418199,3,55,54,1
418199,4,30,30,0
418199,5,25,24,1
418199,20,25,24,1
418199,21,55,54,1
418199,22,55,54,1
418199,23,55,54,1
418199,24,30,30,0
418199,25,25,24,1
418199,40,25,24,1
418205,1,348,199,149
418205,2,348,199,149
418205,3,277,165,112
418205,4,91,55,36
418205,5,186,110,76
418205,11,71,34,37
418205,20,186,110,76
418205,21,161,88,73
418205,22,161,88,73
418205,23,161,88,73
418205,24,54,36,18
418205,25,107,52,55
418205,40,107,52,55
418205,41,187,111,76
418205,42,187,111,76
418205,43,116,77,39
418205,44,37,19,18
418205,45,79,58,21
418205,51,71,34,37
418205,60,79,58,21
418223,1,67,3,64
418223,2,67,3,64
418223,3,67,3,64
418223,4,24,0,24
418223,5,43,3,40
418223,20,43,3,40
418223,21,67,3,64
418223,22,67,3,64
418223,23,67,3,64
418223,24,24,0,24
418223,25,43,3,40
418223,40,43,3,40
418250,1,261,156,105
418250,2,261,156,105
418250,3,261,156,105
418250,4,214,120,94
418250,5,47,36,11
418250,20,47,36,11
418250,21,184,105,79
418250,22,184,105,79
418250,23,184,105,79
418250,24,144,73,71
418250,25,40,32,8
418250,40,40,32,8
418250,41,77,51,26
418250,42,77,51,26
418250,43,77,51,26
418250,44,70,47,23
418250,45,7,4,3
418250,60,7,4,3
418269,1,19,13,6
418269,2,19,13,6
418269,3,19,13,6
418269,4,10,6,4
418269,5,9,7,2
418269,20,9,7,2
418269,21,19,13,6
418269,22,19,13,6
418269,23,19,13,6
418269,24,10,6,4
418269,25,9,7,2
418269,40,9,7,2
418278,1,62,26,36
418278,2,62,26,36
418278,3,62,26,36
418278,4,30,19,11
418278,5,32,7,25
418278,20,32,7,25
418278,21,29,3,26
418278,22,29,3,26
418278,23,29,3,26
418278,24,11,2,9
418278,25,18,1,17
418278,40,18,1,17
418278,41,33,23,10
418278,42,33,23,10
418278,43,33,23,10
418278,44,19,17,2
418278,45,14,6,8
418278,60,14,6,8
418287,1,539,283,256
418287,2,539,283,256
418287,3,539,283,256
418287,4,77,30,47
418287,5,462,253,209
418287,20,462,253,209
418287,21,116,34,82
418287,22,116,34,82
418287,23,116,34,82
418287,24,60,23,37
418287,25,56,11,45
418287,40,56,11,45
418287,41,423,249,174
418287,42,423,249,174
418287,43,423,249,174
418287,44,17,7,10
418287,45,406,242,164
418287,60,406,242,164
418296,1,759,427,332
418296,2,759,427,332
418296,3,759,427,332
418296,4,665,385,280
418296,5,94,42,52
418296,20,94,42,52
418296,21,172,92,80
418296,22,172,92,80
418296,23,172,92,80
418296,24,96,59,37
418296,25,76,33,43
418296,40,76,33,43
418296,41,587,335,252
418296,42,587,335,252
418296,43,587,335,252
418296,44,569,326,243
418296,45,18,9,9
418296,60,18,9,9
418302,1,459,205,254
418302,2,459,205,254
418302,3,140,54,86
418302,4,101,30,71
418302,5,39,24,15
418302,11,319,151,168
418302,20,39,24,15
418302,21,116,39,77
418302,22,116,39,77
418302,23,116,39,77
418302,24,84,19,65
418302,25,32,20,12
418302,40,32,20,12
418302,41,343,166,177
418302,42,343,166,177
418302,43,24,15,9
418302,44,17,11,6
418302,45,7,4,3
418302,51,319,151,168
418302,60,7,4,3
418320,1,762,431,331
418320,2,762,431,331
418320,3,762,431,331
418320,4,99,40,59
418320,5,663,391,272
418320,20,663,391,272
418320,21,66,26,40
418320,22,66,26,40
418320,23,66,26,40
418320,24,48,19,29
418320,25,18,7,11
418320,40,18,7,11
418320,41,696,405,291
418320,42,696,405,291
418320,43,696,405,291
418320,44,51,21,30
418320,45,645,384,261
418320,60,645,384,261
418339,1,384,209,175
418339,2,384,209,175
418339,3,100,53,47
418339,4,55,32,23
418339,5,45,21,24
418339,11,284,156,128
418339,20,45,21,24
418339,21,55,29,26
418339,22,55,29,26
418339,23,54,28,26
418339,24,21,18,3
418339,25,33,10,23
418339,31,1,1,0
418339,40,33,10,23
418339,41,329,180,149
418339,42,329,180,149
418339,43,46,25,21
418339,44,34,14,20
418339,45,12,11,1
418339,51,283,155,128
418339,60,12,11,1
418348,1,500,343,157
418348,2,500,343,157
418348,3,142,112,30
418348,4,89,71,18
418348,5,53,41,12
418348,11,358,231,127
418348,20,53,41,12
418348,21,81,64,17
418348,22,81,64,17
418348,23,81,64,17
418348,24,48,37,11
418348,25,33,27,6
418348,40,33,27,6
418348,41,419,279,140
418348,42,419,279,140
418348,43,61,48,13
418348,44,41,34,7
418348,45,20,14,6
418348,51,358,231,127
418348,60,20,14,6
418357,1,198,86,112
418357,2,198,86,112
418357,3,108,43,65
418357,4,47,18,29
418357,5,61,25,36
418357,11,90,43,47
418357,20,61,25,36
418357,21,103,43,60
418357,22,103,43,60
418357,23,103,43,60
418357,24,42,18,24
418357,25,61,25,36
418357,40,61,25,36
418357,41,95,43,52
418357,42,95,43,52
418357,43,5,0,5
418357,44,5,0,5
418357,51,90,43,47
418384,1,48,3,45
418384,2,48,3,45
418384,3,48,3,45
418384,4,26,2,24
418384,5,22,1,21
418384,20,22,1,21
418384,21,48,3,45
418384,22,48,3,45
418384,23,48,3,45
418384,24,26,2,24
418384,25,22,1,21
418384,40,22,1,21
418409,1,174,73,101
418409,2,174,73,101
418409,3,174,73,101
418409,4,89,46,43
418409,5,85,27,58
418409,20,85,27,58
418409,21,53,6,47
418409,22,53,6,47
418409,23,53,6,47
418409,24,22,6,16
418409,25,31,0,31
418409,40,31,0,31
418409,41,121,67,54
418409,42,121,67,54
418409,43,121,67,54
418409,44,67,40,27
418409,45,54,27,27
418409,60,54,27,27
418427,1,156,15,141
418427,2,156,15,141
418427,3,156,15,141
418427,4,20,1,19
418427,5,136,14,122
418427,20,136,14,122
418427,21,135,15,120
418427,22,135,15,120
418427,23,135,15,120
418427,24,20,1,19
418427,25,115,14,101
418427,40,115,14,101
418427,41,21,0,21
418427,42,21,0,21
418427,43,21,0,21
418427,45,21,0,21
418427,60,21,0,21
418445,1,34,0,34
418445,2,34,0,34
418445,3,34,0,34
418445,4,18,0,18
418445,5,16,0,16
418445,20,16,0,16
418445,21,34,0,34
418445,22,34,0,34
418445,23,34,0,34
418445,24,18,0,18
418445,25,16,0,16
418445,40,16,0,16
418454,1,228,108,120
418454,2,228,108,120
418454,3,228,108,120
418454,4,204,107,97
418454,5,24,1,23
418454,20,24,1,23
418454,21,193,93,100
418454,22,193,93,100
418454,23,193,93,100
418454,24,182,92,90
418454,25,11,1,10
418454,40,11,1,10
418454,41,35,15,20
418454,42,35,15,20
418454,43,35,15,20
418454,44,22,15,7
418454,45,13,0,13
418454,60,13,0,13
418481,1,53,7,46
418481,2,53,7,46
418481,3,53,7,46
418481,4,25,2,23
418481,5,28,5,23
418481,20,28,5,23
418481,21,53,7,46
418481,22,53,7,46
418481,23,53,7,46
418481,24,25,2,23
418481,25,28,5,23
418481,40,28,5,23
418506,1,36,1,35
418506,2,36,1,35
418506,3,36,1,35
418506,4,35,0,35
418506,5,1,1,0
418506,20,1,1,0
418506,21,36,1,35
418506,22,36,1,35
418506,23,36,1,35
418506,24,35,0,35
418506,25,1,1,0
418506,40,1,1,0
418515,1,79,8,71
418515,2,79,8,71
418515,3,79,8,71
418515,4,62,7,55
418515,5,17,1,16
418515,20,17,1,16
418515,21,51,8,43
418515,22,51,8,43
418515,23,51,8,43
418515,24,42,7,35
418515,25,9,1,8
418515,40,9,1,8
418515,41,28,0,28
418515,42,28,0,28
418515,43,28,0,28
418515,44,20,0,20
418515,45,8,0,8
418515,60,8,0,8
418524,1,65,9,56
418524,2,65,9,56
418524,3,65,9,56
418524,4,27,4,23
418524,5,38,5,33
418524,20,38,5,33
418524,21,65,9,56
418524,22,65,9,56
418524,23,65,9,56
418524,24,27,4,23
418524,25,38,5,33
418524,40,38,5,33
418533,1,407,99,308
418533,2,407,99,308
418533,3,407,99,308
418533,4,264,71,193
418533,5,143,28,115
418533,20,143,28,115
418533,21,225,42,183
418533,22,225,42,183
418533,23,225,42,183
418533,24,140,30,110
418533,25,85,12,73
418533,40,85,12,73
418533,41,182,57,125
418533,42,182,57,125
418533,43,182,57,125
418533,44,124,41,83
418533,45,58,16,42
418533,60,58,16,42
418542,1,159,22,137
418542,2,159,22,137
418542,3,159,22,137
418542,4,82,20,62
418542,5,77,2,75
418542,20,77,2,75
418542,21,91,17,74
418542,22,91,17,74
418542,23,91,17,74
418542,24,44,17,27
418542,25,47,0,47
418542,40,47,0,47
418542,41,68,5,63
418542,42,68,5,63
418542,43,68,5,63
418542,44,38,3,35
418542,45,30,2,28
418542,60,30,2,28
418560,1,105,23,82
418560,2,105,23,82
418560,3,105,23,82
418560,4,41,13,28
418560,5,64,10,54
418560,20,64,10,54
418560,21,39,3,36
418560,22,39,3,36
418560,23,39,3,36
418560,24,13,1,12
418560,25,26,2,24
418560,40,26,2,24
418560,41,66,20,46
418560,42,66,20,46
418560,43,66,20,46
418560,44,28,12,16
418560,45,38,8,30
418560,60,38,8,30
418588,1,39,2,37
418588,2,39,2,37
418588,3,39,2,37
418588,4,15,0,15
418588,5,24,2,22
418588,20,24,2,22
418588,21,39,2,37
418588,22,39,2,37
418588,23,39,2,37
418588,24,15,0,15
418588,25,24,2,22
418588,40,24,2,22
418603,1,35,1,34
418603,2,35,1,34
418603,3,35,1,34
418603,4,17,0,17
418603,5,18,1,17
418603,20,18,1,17
418603,21,13,0,13
418603,22,13,0,13
418603,23,13,0,13
418603,24,4,0,4
418603,25,9,0,9
418603,40,9,0,9
418603,41,22,1,21
418603,42,22,1,21
418603,43,22,1,21
418603,44,13,0,13
418603,45,9,1,8
418603,60,9,1,8
418612,1,26,4,22
418612,2,26,4,22
418612,3,26,4,22
418612,4,4,1,3
418612,5,22,3,19
418612,20,22,3,19
418612,21,26,4,22
418612,22,26,4,22
418612,23,26,4,22
418612,24,4,1,3
418612,25,22,3,19
418612,40,22,3,19
418658,1,364,342,22
418658,2,364,342,22
418658,3,364,342,22
418658,4,102,98,4
418658,5,262,244,18
418658,20,262,244,18
418658,21,364,342,22
418658,22,364,342,22
418658,23,364,342,22
418658,24,102,98,4
418658,25,262,244,18
418658,40,262,244,18
418700,1,275,129,146
418700,2,275,129,146
418700,3,275,129,146
418700,4,117,32,85
418700,5,158,97,61
418700,20,158,97,61
418700,21,275,129,146
418700,22,275,129,146
418700,23,275,129,146
418700,24,117,32,85
418700,25,158,97,61
418700,40,158,97,61
418755,1,118,36,82
418755,2,118,36,82
418755,3,118,36,82
418755,4,23,7,16
418755,5,95,29,66
418755,20,95,29,66
418755,21,118,36,82
418755,22,118,36,82
418755,23,118,36,82
418755,24,23,7,16
418755,25,95,29,66
418755,40,95,29,66
418764,1,94,18,76
418764,2,94,18,76
418764,3,94,18,76
418764,4,41,9,32
418764,5,53,9,44
418764,20,53,9,44
418764,21,94,18,76
418764,22,94,18,76
418764,23,94,18,76
418764,24,41,9,32
418764,25,53,9,44
418764,40,53,9,44
418773,1,1550,618,932
418773,2,1550,618,932
418773,3,1550,618,932
418773,4,748,286,462
418773,5,802,332,470
418773,20,802,332,470
418773,21,1289,544,745
418773,22,1289,544,745
418773,23,1289,544,745
418773,24,562,235,327
418773,25,727,309,418
418773,40,727,309,418
418773,41,261,74,187
418773,42,261,74,187
418773,43,261,74,187
418773,44,186,51,135
418773,45,75,23,52
418773,60,75,23,52
418782,1,211,210,1
418782,2,211,210,1
418782,3,211,210,1
418782,4,132,131,1
418782,5,79,79,0
418782,20,79,79,0
418782,21,211,210,1
418782,22,211,210,1
418782,23,211,210,1
418782,24,132,131,1
418782,25,79,79,0
418782,40,79,79,0
418870,1,247,69,178
418870,2,247,69,178
418870,3,247,69,178
418870,4,39,18,21
418870,5,208,51,157
418870,19,24,3,21
418870,20,184,48,136
418870,21,247,69,178
418870,22,247,69,178
418870,23,247,69,178
418870,24,39,18,21
418870,25,208,51,157
418870,39,24,3,21
418870,40,184,48,136
418889,1,134,128,6
418889,2,134,128,6
418889,3,134,128,6
418889,4,55,54,1
418889,5,79,74,5
418889,19,55,51,4
418889,20,24,23,1
418889,21,89,84,5
418889,22,89,84,5
418889,23,89,84,5
418889,24,33,32,1
418889,25,56,52,4
418889,39,50,46,4
418889,40,6,6,0
418889,41,45,44,1
418889,42,45,44,1
418889,43,45,44,1
418889,44,22,22,0
418889,45,23,22,1
418889,59,5,5,0
418889,60,18,17,1
418913,1,11,3,8
418913,2,11,3,8
418913,3,11,3,8
418913,5,11,3,8
418913,20,11,3,8
418913,21,11,3,8
418913,22,11,3,8
418913,23,11,3,8
418913,25,11,3,8
418913,40,11,3,8
418968,1,69,4,65
418968,2,69,4,65
418968,3,69,4,65
418968,4,64,3,61
418968,5,5,1,4
418968,20,5,1,4
418968,21,69,4,65
418968,22,69,4,65
418968,23,69,4,65
418968,24,64,3,61
418968,25,5,1,4
418968,40,5,1,4
419031,1,22,2,20
419031,2,22,2,20
419031,3,22,2,20
419031,4,10,1,9
419031,5,12,1,11
419031,20,12,1,11
419031,21,22,2,20
419031,22,22,2,20
419031,23,22,2,20
419031,24,10,1,9
419031,25,12,1,11
419031,40,12,1,11
419095,1,49,1,48
419095,2,49,1,48
419095,3,49,1,48
419095,4,16,0,16
419095,5,33,1,32
419095,20,33,1,32
419095,21,49,1,48
419095,22,49,1,48
419095,23,49,1,48
419095,24,16,0,16
419095,25,33,1,32
419095,40,33,1,32
419147,1,36,0,36
419147,2,36,0,36
419147,3,36,0,36
419147,4,31,0,31
419147,5,5,0,5
419147,20,5,0,5
419147,21,26,0,26
419147,22,26,0,26
419147,23,26,0,26
419147,24,23,0,23
419147,25,3,0,3
419147,40,3,0,3
419147,41,10,0,10
419147,42,10,0,10
419147,43,10,0,10
419147,44,8,0,8
419147,45,2,0,2
419147,60,2,0,2
419156,1,41,3,38
419156,2,41,3,38
419156,3,41,3,38
419156,4,19,0,19
419156,5,22,3,19
419156,20,22,3,19
419156,21,41,3,38
419156,22,41,3,38
419156,23,41,3,38
419156,24,19,0,19
419156,25,22,3,19
419156,40,22,3,19
419183,1,412,80,332
419183,2,412,80,332
419183,3,412,80,332
419183,4,183,36,147
419183,5,229,44,185
419183,20,229,44,185
419183,21,412,80,332
419183,22,412,80,332
419183,23,412,80,332
419183,24,183,36,147
419183,25,229,44,185
419183,40,229,44,185
419217,1,138,28,110
419217,2,138,28,110
419217,3,138,28,110
419217,4,6,3,3
419217,5,132,25,107
419217,20,132,25,107
419217,21,138,28,110
419217,22,138,28,110
419217,23,138,28,110
419217,24,6,3,3
419217,25,132,25,107
419217,40,132,25,107
419226,1,427,196,231
419226,2,427,196,231
419226,3,427,196,231
419226,4,149,62,87
419226,5,278,134,144
419226,20,278,134,144
419226,21,427,196,231
419226,22,427,196,231
419226,23,427,196,231
419226,24,149,62,87
419226,25,278,134,144
419226,40,278,134,144
419235,1,207,55,152
419235,2,207,55,152
419235,3,207,55,152
419235,4,55,12,43
419235,5,152,43,109
419235,20,152,43,109
419235,21,207,55,152
419235,22,207,55,152
419235,23,207,55,152
419235,24,55,12,43
419235,25,152,43,109
419235,40,152,43,109
419244,1,193,181,12
419244,2,193,181,12
419244,3,193,181,12
419244,4,93,88,5
419244,5,100,93,7
419244,20,100,93,7
419244,21,124,118,6
419244,22,124,118,6
419244,23,124,118,6
419244,24,49,48,1
419244,25,75,70,5
419244,40,75,70,5
419244,41,69,63,6
419244,42,69,63,6
419244,43,69,63,6
419244,44,44,40,4
419244,45,25,23,2
419244,60,25,23,2
419253,1,170,132,38
419253,2,170,132,38
419253,3,170,132,38
419253,4,46,38,8
419253,5,124,94,30
419253,20,124,94,30
419253,21,170,132,38
419253,22,170,132,38
419253,23,170,132,38
419253,24,46,38,8
419253,25,124,94,30
419253,40,124,94,30
419262,1,6,0,6
419262,2,6,0,6
419262,3,6,0,6
419262,5,6,0,6
419262,20,6,0,6
419262,21,6,0,6
419262,22,6,0,6
419262,23,6,0,6
419262,25,6,0,6
419262,40,6,0,6
419271,1,12,0,12
419271,2,12,0,12
419271,3,12,0,12
419271,4,7,0,7
419271,5,5,0,5
419271,20,5,0,5
419271,21,7,0,7
419271,22,7,0,7
419271,23,7,0,7
419271,24,5,0,5
419271,25,2,0,2
419271,40,2,0,2
419271,41,5,0,5
419271,42,5,0,5
419271,43,5,0,5
419271,44,2,0,2
419271,45,3,0,3
419271,60,3,0,3
419280,1,51,4,47
419280,2,51,4,47
419280,3,51,4,47
419280,4,14,1,13
419280,5,37,3,34
419280,20,37,3,34
419280,21,22,4,18
419280,22,22,4,18
419280,23,22,4,18
419280,24,4,1,3
419280,25,18,3,15
419280,40,18,3,15
419280,41,29,0,29
419280,42,29,0,29
419280,43,29,0,29
419280,44,10,0,10
419280,45,19,0,19
419280,60,19,0,19
419314,1,24,2,22
419314,2,24,2,22
419314,3,24,2,22
419314,4,11,2,9
419314,5,13,0,13
419314,20,13,0,13
419314,21,24,2,22
419314,22,24,2,22
419314,23,24,2,22
419314,24,11,2,9
419314,25,13,0,13
419314,40,13,0,13
419332,1,28,25,3
419332,2,28,25,3
419332,3,28,25,3
419332,4,14,12,2
419332,5,14,13,1
419332,20,14,13,1
419332,21,17,14,3
419332,22,17,14,3
419332,23,17,14,3
419332,24,9,7,2
419332,25,8,7,1
419332,40,8,7,1
419332,41,11,11,0
419332,42,11,11,0
419332,43,11,11,0
419332,44,5,5,0
419332,45,6,6,0
419332,60,6,6,0
419341,1,65,34,31
419341,2,65,34,31
419341,3,65,34,31
419341,4,35,20,15
419341,5,30,14,16
419341,20,30,14,16
419341,21,65,34,31
419341,22,65,34,31
419341,23,65,34,31
419341,24,35,20,15
419341,25,30,14,16
419341,40,30,14,16
419411,1,219,57,162
419411,2,219,57,162
419411,3,219,57,162
419411,4,85,22,63
419411,5,134,35,99
419411,20,134,35,99
419411,21,129,29,100
419411,22,129,29,100
419411,23,129,29,100
419411,24,49,10,39
419411,25,80,19,61
419411,40,80,19,61
419411,41,90,28,62
419411,42,90,28,62
419411,43,90,28,62
419411,44,36,12,24
419411,45,54,16,38
419411,60,54,16,38
419420,1,126,67,59
419420,2,126,67,59
419420,3,126,67,59
419420,4,103,53,50
419420,5,23,14,9
419420,20,23,14,9
419420,21,57,19,38
419420,22,57,19,38
419420,23,57,19,38
419420,24,51,13,38
419420,25,6,6,0
419420,40,6,6,0
419420,41,69,48,21
419420,42,69,48,21
419420,43,69,48,21
419420,44,52,40,12
419420,45,17,8,9
419420,60,17,8,9
419457,1,925,220,705
419457,2,134,47,87
419457,3,126,45,81
419457,4,19,5,14
419457,5,107,40,67
419457,11,8,2,6
419457,12,791,173,618
419457,19,18,7,11
419457,20,89,33,56
419457,21,244,44,200
419457,22,18,8,10
419457,23,17,8,9
419457,24,1,1,0
419457,25,16,7,9
419457,31,1,0,1
419457,32,226,36,190
419457,39,1,1,0
419457,40,15,6,9
419457,41,681,176,505
419457,42,116,39,77
419457,43,109,37,72
419457,44,18,4,14
419457,45,91,33,58
419457,51,7,2,5
419457,52,565,137,428
419457,59,17,6,11
419457,60,74,27,47
419484,1,31,1,30
419484,2,31,1,30
419484,3,31,1,30
419484,4,23,1,22
419484,5,8,0,8
419484,20,8,0,8
419484,21,31,1,30
419484,22,31,1,30
419484,23,31,1,30
419484,24,23,1,22
419484,25,8,0,8
419484,40,8,0,8
419509,1,3421,1258,2163
419509,2,2796,1065,1731
419509,3,2791,1060,1731
419509,4,56,21,35
419509,5,2735,1039,1696
419509,11,5,5,0
419509,12,625,193,432
419509,19,190,74,116
419509,20,2545,965,1580
419509,21,3421,1258,2163
419509,22,2796,1065,1731
419509,23,2791,1060,1731
419509,24,56,21,35
419509,25,2735,1039,1696
419509,31,5,5,0
419509,32,625,193,432
419509,39,190,74,116
419509,40,2545,965,1580
419633,1,93,5,88
419633,2,93,5,88
419633,3,93,5,88
419633,4,26,0,26
419633,5,67,5,62
419633,20,67,5,62
419633,21,93,5,88
419633,22,93,5,88
419633,23,93,5,88
419633,24,26,0,26
419633,25,67,5,62
419633,40,67,5,62
419660,1,777,145,632
419660,2,777,145,632
419660,3,777,145,632
419660,4,199,39,160
419660,5,578,106,472
419660,20,578,106,472
419660,21,777,145,632
419660,22,777,145,632
419660,23,777,145,632
419660,24,199,39,160
419660,25,578,106,472
419660,40,578,106,472
419703,1,579,561,18
419703,2,579,561,18
419703,3,579,561,18
419703,4,312,302,10
419703,5,267,259,8
419703,20,267,259,8
419703,21,579,561,18
419703,22,579,561,18
419703,23,579,561,18
419703,24,312,302,10
419703,25,267,259,8
419703,40,267,259,8
419712,1,244,235,9
419712,2,244,235,9
419712,3,244,235,9
419712,4,147,140,7
419712,5,97,95,2
419712,20,97,95,2
419712,21,244,235,9
419712,22,244,235,9
419712,23,244,235,9
419712,24,147,140,7
419712,25,97,95,2
419712,40,97,95,2
419721,1,217,207,10
419721,2,217,207,10
419721,3,217,207,10
419721,4,126,118,8
419721,5,91,89,2
419721,20,91,89,2
419721,21,217,207,10
419721,22,217,207,10
419721,23,217,207,10
419721,24,126,118,8
419721,25,91,89,2
419721,40,91,89,2
420006,1,522,133,389
420006,2,492,122,370
420006,3,492,122,370
420006,4,59,14,45
420006,5,433,108,325
420006,12,30,11,19
420006,19,21,6,15
420006,20,412,102,310
420006,21,378,89,289
420006,22,367,84,283
420006,23,367,84,283
420006,24,58,13,45
420006,25,309,71,238
420006,32,11,5,6
420006,39,10,3,7
420006,40,299,68,231
420006,41,144,44,100
420006,42,125,38,87
420006,43,125,38,87
420006,44,1,1,0
420006,45,124,37,87
420006,52,19,6,13
420006,59,11,3,8
420006,60,113,34,79
420024,1,166,33,133
420024,2,166,33,133
420024,3,166,33,133
420024,4,32,6,26
420024,5,134,27,107
420024,20,134,27,107
420024,21,122,25,97
420024,22,122,25,97
420024,23,122,25,97
420024,24,24,4,20
420024,25,98,21,77
420024,40,98,21,77
420024,41,44,8,36
420024,42,44,8,36
420024,43,44,8,36
420024,44,8,2,6
420024,45,36,6,30
420024,60,36,6,30
420042,1,1454,828,626
420042,2,1281,730,551
420042,3,1281,730,551
420042,4,19,5,14
420042,5,1262,725,537
420042,12,173,98,75
420042,19,121,75,46
420042,20,1141,650,491
420042,21,1454,828,626
420042,22,1281,730,551
420042,23,1281,730,551
420042,24,19,5,14
420042,25,1262,725,537
420042,32,173,98,75
420042,39,121,75,46
420042,40,1141,650,491
420103,1,201,38,163
420103,2,201,38,163
420103,3,201,38,163
420103,4,77,18,59
420103,5,124,20,104
420103,19,2,1,1
420103,20,122,19,103
420103,21,201,38,163
420103,22,201,38,163
420103,23,201,38,163
420103,24,77,18,59
420103,25,124,20,104
420103,39,2,1,1
420103,40,122,19,103
420130,1,179,22,157
420130,2,179,22,157
420130,3,179,22,157
420130,4,172,20,152
420130,5,7,2,5
420130,20,7,2,5
420130,21,179,22,157
420130,22,179,22,157
420130,23,179,22,157
420130,24,172,20,152
420130,25,7,2,5
420130,40,7,2,5
420194,1,115,7,108
420194,2,115,7,108
420194,3,115,7,108
420194,4,99,7,92
420194,5,16,0,16
420194,20,16,0,16
420194,21,115,7,108
420194,22,115,7,108
420194,23,115,7,108
420194,24,99,7,92
420194,25,16,0,16
420194,40,16,0,16
420200,1,92,4,88
420200,2,92,4,88
420200,3,92,4,88
420200,4,47,4,43
420200,5,45,0,45
420200,20,45,0,45
420200,21,23,1,22
420200,22,23,1,22
420200,23,23,1,22
420200,24,11,1,10
420200,25,12,0,12
420200,40,12,0,12
420200,41,69,3,66
420200,42,69,3,66
420200,43,69,3,66
420200,44,36,3,33
420200,45,33,0,33
420200,60,33,0,33
420246,1,427,115,312
420246,12,427,115,312
420246,21,404,103,301
420246,32,404,103,301
420246,41,23,12,11
420246,52,23,12,11
420255,1,61,61,0
420255,2,61,61,0
420255,3,61,61,0
420255,4,42,42,0
420255,5,19,19,0
420255,20,19,19,0
420255,21,61,61,0
420255,22,61,61,0
420255,23,61,61,0
420255,24,42,42,0
420255,25,19,19,0
420255,40,19,19,0
420307,1,3877,729,3148
420307,2,3741,698,3043
420307,3,3741,698,3043
420307,4,1398,280,1118
420307,5,2343,418,1925
420307,12,136,31,105
420307,20,2343,418,1925
420307,21,2453,500,1953
420307,22,2380,484,1896
420307,23,2380,484,1896
420307,24,1041,205,836
420307,25,1339,279,1060
420307,32,73,16,57
420307,40,1339,279,1060
420307,41,1424,229,1195
420307,42,1361,214,1147
420307,43,1361,214,1147
420307,44,357,75,282
420307,45,1004,139,865
420307,52,63,15,48
420307,60,1004,139,865
420316,1,567,136,431
420316,2,567,136,431
420316,3,567,136,431
420316,4,257,51,206
420316,5,310,85,225
420316,20,310,85,225
420316,21,398,100,298
420316,22,398,100,298
420316,23,398,100,298
420316,24,205,42,163
420316,25,193,58,135
420316,40,193,58,135
420316,41,169,36,133
420316,42,169,36,133
420316,43,169,36,133
420316,44,52,9,43
420316,45,117,27,90
420316,60,117,27,90
420325,1,53,53,0
420325,2,48,48,0
420325,3,48,48,0
420325,4,8,8,0
420325,5,40,40,0
420325,12,5,5,0
420325,19,2,2,0
420325,20,38,38,0
420325,21,53,53,0
420325,22,48,48,0
420325,23,48,48,0
420325,24,8,8,0
420325,25,40,40,0
420325,32,5,5,0
420325,39,2,2,0
420325,40,38,38,0
420343,1,665,653,12
420343,2,665,653,12
420343,3,665,653,12
420343,4,201,196,5
420343,5,464,457,7
420343,20,464,457,7
420343,21,453,445,8
420343,22,453,445,8
420343,23,453,445,8
420343,24,86,84,2
420343,25,367,361,6
420343,40,367,361,6
420343,41,212,208,4
420343,42,212,208,4
420343,43,212,208,4
420343,44,115,112,3
420343,45,97,96,1
420343,60,97,96,1
420370,1,670,273,397
420370,2,670,273,397
420370,3,670,273,397
420370,4,470,203,267
420370,5,200,70,130
420370,20,200,70,130
420370,21,670,273,397
420370,22,670,273,397
420370,23,670,273,397
420370,24,470,203,267
420370,25,200,70,130
420370,40,200,70,130
420398,1,15965,7125,8840
420398,2,15965,7125,8840
420398,3,12686,5844,6842
420398,4,2387,1187,1200
420398,5,10299,4657,5642
420398,11,3279,1281,1998
420398,19,973,440,533
420398,20,9326,4217,5109
420398,21,3902,1919,1983
420398,22,3902,1919,1983
420398,23,3832,1885,1947
420398,24,930,464,466
420398,25,2902,1421,1481
420398,31,70,34,36
420398,39,256,135,121
420398,40,2646,1286,1360
420398,41,12063,5206,6857
420398,42,12063,5206,6857
420398,43,8854,3959,4895
420398,44,1457,723,734
420398,45,7397,3236,4161
420398,51,3209,1247,1962
420398,59,717,305,412
420398,60,6680,2931,3749
420404,1,381,303,78
420404,2,381,303,78
420404,3,381,303,78
420404,4,70,57,13
420404,5,311,246,65
420404,19,3,3,0
420404,20,308,243,65
420404,21,298,241,57
420404,22,298,241,57
420404,23,298,241,57
420404,24,55,46,9
420404,25,243,195,48
420404,39,2,2,0
420404,40,241,193,48
420404,41,83,62,21
420404,42,83,62,21
420404,43,83,62,21
420404,44,15,11,4
420404,45,68,51,17
420404,59,1,1,0
420404,60,67,50,17
420431,1,1869,826,1043
420431,2,1869,826,1043
420431,3,1483,515,968
420431,4,336,158,178
420431,5,1147,357,790
420431,11,386,311,75
420431,19,166,60,106
420431,20,981,297,684
420431,21,554,194,360
420431,22,554,194,360
420431,23,543,183,360
420431,24,127,53,74
420431,25,416,130,286
420431,31,11,11,0
420431,39,63,23,40
420431,40,353,107,246
420431,41,1315,632,683
420431,42,1315,632,683
420431,43,940,332,608
420431,44,209,105,104
420431,45,731,227,504
420431,51,375,300,75
420431,59,103,37,66
420431,60,628,190,438
420440,1,1583,546,1037
420440,2,1583,546,1037
420440,3,1313,452,861
420440,4,286,121,165
420440,5,1027,331,696
420440,11,270,94,176
420440,19,150,53,97
420440,20,877,278,599
420440,21,634,253,381
420440,22,634,253,381
420440,23,625,250,375
420440,24,174,80,94
420440,25,451,170,281
420440,31,9,3,6
420440,39,76,36,40
420440,40,375,134,241
420440,41,949,293,656
420440,42,949,293,656
420440,43,688,202,486
420440,44,112,41,71
420440,45,576,161,415
420440,51,261,91,170
420440,59,74,17,57
420440,60,502,144,358
420459,1,397,224,173
420459,2,397,224,173
420459,3,122,70,52
420459,4,54,40,14
420459,5,68,30,38
420459,11,275,154,121
420459,20,68,30,38
420459,21,80,43,37
420459,22,80,43,37
420459,23,80,43,37
420459,24,38,28,10
420459,25,42,15,27
420459,40,42,15,27
420459,41,317,181,136
420459,42,317,181,136
420459,43,42,27,15
420459,44,16,12,4
420459,45,26,15,11
420459,51,275,154,121
420459,60,26,15,11
420468,1,366,99,267
420468,2,366,99,267
420468,3,366,99,267
420468,4,315,90,225
420468,5,51,9,42
420468,20,51,9,42
420468,21,236,91,145
420468,22,236,91,145
420468,23,236,91,145
420468,24,199,82,117
420468,25,37,9,28
420468,40,37,9,28
420468,41,130,8,122
420468,42,130,8,122
420468,43,130,8,122
420468,44,116,8,108
420468,45,14,0,14
420468,60,14,0,14
420495,1,360,35,325
420495,2,360,35,325
420495,3,360,35,325
420495,4,43,2,41
420495,5,317,33,284
420495,19,42,2,40
420495,20,275,31,244
420495,21,355,34,321
420495,22,355,34,321
420495,23,355,34,321
420495,24,43,2,41
420495,25,312,32,280
420495,39,42,2,40
420495,40,270,30,240
420495,41,5,1,4
420495,42,5,1,4
420495,43,5,1,4
420495,45,5,1,4
420495,60,5,1,4
420501,1,495,62,433
420501,2,495,62,433
420501,3,495,62,433
420501,4,59,8,51
420501,5,436,54,382
420501,19,64,10,54
420501,20,372,44,328
420501,21,478,59,419
420501,22,478,59,419
420501,23,478,59,419
420501,24,59,8,51
420501,25,419,51,368
420501,39,64,10,54
420501,40,355,41,314
420501,41,17,3,14
420501,42,17,3,14
420501,43,17,3,14
420501,45,17,3,14
420501,60,17,3,14
420538,1,1238,421,817
420538,2,1238,421,817
420538,3,1166,411,755
420538,4,285,135,150
420538,5,881,276,605
420538,11,72,10,62
420538,19,119,42,77
420538,20,762,234,528
420538,21,889,333,556
420538,22,889,333,556
420538,23,861,325,536
420538,24,226,105,121
420538,25,635,220,415
420538,31,28,8,20
420538,39,71,29,42
420538,40,564,191,373
420538,41,349,88,261
420538,42,349,88,261
420538,43,305,86,219
420538,44,59,30,29
420538,45,246,56,190
420538,51,44,2,42
420538,59,48,13,35
420538,60,198,43,155
420556,1,974,338,636
420556,2,974,338,636
420556,3,841,284,557
420556,4,180,68,112
420556,5,661,216,445
420556,11,133,54,79
420556,19,2,0,2
420556,20,659,216,443
420556,21,332,131,201
420556,22,332,131,201
420556,23,317,123,194
420556,24,62,22,40
420556,25,255,101,154
420556,31,15,8,7
420556,40,255,101,154
420556,41,642,207,435
420556,42,642,207,435
420556,43,524,161,363
420556,44,118,46,72
420556,45,406,115,291
420556,51,118,46,72
420556,59,2,0,2
420556,60,404,115,289
420574,1,3697,2719,978
420574,2,3312,2507,805
420574,3,3305,2501,804
420574,4,409,316,93
420574,5,2896,2185,711
420574,11,7,6,1
420574,12,385,212,173
420574,19,514,398,116
420574,20,2382,1787,595
420574,21,2964,2198,766
420574,22,2789,2101,688
420574,23,2785,2097,688
420574,24,395,304,91
420574,25,2390,1793,597
420574,31,4,4,0
420574,32,175,97,78
420574,39,411,317,94
420574,40,1979,1476,503
420574,41,733,521,212
420574,42,523,406,117
420574,43,520,404,116
420574,44,14,12,2
420574,45,506,392,114
420574,51,3,2,1
420574,52,210,115,95
420574,59,103,81,22
420574,60,403,311,92
420608,1,155,3,152
420608,2,155,3,152
420608,3,155,3,152
420608,4,29,0,29
420608,5,126,3,123
420608,20,126,3,123
420608,21,145,3,142
420608,22,145,3,142
420608,23,145,3,142
420608,24,28,0,28
420608,25,117,3,114
420608,40,117,3,114
420608,41,10,0,10
420608,42,10,0,10
420608,43,10,0,10
420608,44,1,0,1
420608,45,9,0,9
420608,60,9,0,9
420705,1,126,70,56
420705,12,126,70,56
420705,21,4,2,2
420705,32,4,2,2
420705,41,122,68,54
420705,52,122,68,54
420723,1,514,220,294
420723,2,514,220,294
420723,3,514,220,294
420723,4,212,95,117
420723,5,302,125,177
420723,19,35,14,21
420723,20,267,111,156
420723,21,227,85,142
420723,22,227,85,142
420723,23,227,85,142
420723,24,102,38,64
420723,25,125,47,78
420723,39,11,5,6
420723,40,114,42,72
420723,41,287,135,152
420723,42,287,135,152
420723,43,287,135,152
420723,44,110,57,53
420723,45,177,78,99
420723,59,24,9,15
420723,60,153,69,84
420866,1,493,121,372
420866,2,141,45,96
420866,3,139,44,95
420866,4,2,1,1
420866,5,137,43,94
420866,11,2,1,1
420866,12,352,76,276
420866,19,22,5,17
420866,20,115,38,77
420866,21,153,41,112
420866,22,63,20,43
420866,23,63,20,43
420866,25,63,20,43
420866,32,90,21,69
420866,39,7,2,5
420866,40,56,18,38
420866,41,340,80,260
420866,42,78,25,53
420866,43,76,24,52
420866,44,2,1,1
420866,45,74,23,51
420866,51,2,1,1
420866,52,262,55,207
420866,59,15,3,12
420866,60,59,20,39
420981,1,448,149,299
420981,2,448,149,299
420981,3,448,149,299
420981,4,213,68,145
420981,5,235,81,154
420981,20,235,81,154
420981,21,448,149,299
420981,22,448,149,299
420981,23,448,149,299
420981,24,213,68,145
420981,25,235,81,154
420981,40,235,81,154
421018,1,1249,345,904
421018,2,980,273,707
421018,3,980,273,707
421018,4,70,20,50
421018,5,910,253,657
421018,12,269,72,197
421018,19,87,19,68
421018,20,823,234,589
421018,21,1249,345,904
421018,22,980,273,707
421018,23,980,273,707
421018,24,70,20,50
421018,25,910,253,657
421018,32,269,72,197
421018,39,87,19,68
421018,40,823,234,589
421513,1,284,63,221
421513,2,284,63,221
421513,3,284,63,221
421513,4,43,9,34
421513,5,241,54,187
421513,19,46,12,34
421513,20,195,42,153
421513,21,284,63,221
421513,22,284,63,221
421513,23,284,63,221
421513,24,43,9,34
421513,25,241,54,187
421513,39,46,12,34
421513,40,195,42,153
421540,1,218,118,100
421540,2,218,118,100
421540,3,218,118,100
421540,4,182,108,74
421540,5,36,10,26
421540,20,36,10,26
421540,21,62,26,36
421540,22,62,26,36
421540,23,62,26,36
421540,24,31,20,11
421540,25,31,6,25
421540,40,31,6,25
421540,41,156,92,64
421540,42,156,92,64
421540,43,156,92,64
421540,44,151,88,63
421540,45,5,4,1
421540,60,5,4,1
421559,1,145,65,80
421559,2,145,65,80
421559,3,145,65,80
421559,4,119,61,58
421559,5,26,4,22
421559,20,26,4,22
421559,21,58,9,49
421559,22,58,9,49
421559,23,58,9,49
421559,24,33,6,27
421559,25,25,3,22
421559,40,25,3,22
421559,41,87,56,31
421559,42,87,56,31
421559,43,87,56,31
421559,44,86,55,31
421559,45,1,1,0
421559,60,1,1,0
421586,1,96,45,51
421586,2,96,45,51
421586,3,96,45,51
421586,4,69,33,36
421586,5,27,12,15
421586,20,27,12,15
421586,21,96,45,51
421586,22,96,45,51
421586,23,96,45,51
421586,24,69,33,36
421586,25,27,12,15
421586,40,27,12,15
421610,1,53,1,52
421610,2,53,1,52
421610,3,53,1,52
421610,4,17,1,16
421610,5,36,0,36
421610,20,36,0,36
421610,21,35,1,34
421610,22,35,1,34
421610,23,35,1,34
421610,24,13,1,12
421610,25,22,0,22
421610,40,22,0,22
421610,41,18,0,18
421610,42,18,0,18
421610,43,18,0,18
421610,44,4,0,4
421610,45,14,0,14
421610,60,14,0,14
421665,1,14,0,14
421665,2,14,0,14
421665,3,14,0,14
421665,4,5,0,5
421665,5,9,0,9
421665,20,9,0,9
421665,21,6,0,6
421665,22,6,0,6
421665,23,6,0,6
421665,24,2,0,2
421665,25,4,0,4
421665,40,4,0,4
421665,41,8,0,8
421665,42,8,0,8
421665,43,8,0,8
421665,44,3,0,3
421665,45,5,0,5
421665,60,5,0,5
421708,1,937,149,788
421708,2,937,149,788
421708,3,937,149,788
421708,4,421,66,355
421708,5,516,83,433
421708,20,516,83,433
421708,21,937,149,788
421708,22,937,149,788
421708,23,937,149,788
421708,24,421,66,355
421708,25,516,83,433
421708,40,516,83,433
421717,1,54,23,31
421717,2,54,23,31
421717,3,54,23,31
421717,4,18,9,9
421717,5,36,14,22
421717,20,36,14,22
421717,21,54,23,31
421717,22,54,23,31
421717,23,54,23,31
421717,24,18,9,9
421717,25,36,14,22
421717,40,36,14,22
421771,1,51,4,47
421771,2,51,4,47
421771,3,51,4,47
421771,4,9,2,7
421771,5,42,2,40
421771,20,42,2,40
421771,21,51,4,47
421771,22,51,4,47
421771,23,51,4,47
421771,24,9,2,7
421771,25,42,2,40
421771,40,42,2,40
421832,1,513,200,313
421832,2,513,200,313
421832,3,513,200,313
421832,4,95,37,58
421832,5,418,163,255
421832,19,13,0,13
421832,20,405,163,242
421832,21,513,200,313
421832,22,513,200,313
421832,23,513,200,313
421832,24,95,37,58
421832,25,418,163,255
421832,39,13,0,13
421832,40,405,163,242
421841,1,273,117,156
421841,2,273,117,156
421841,3,273,117,156
421841,4,90,32,58
421841,5,183,85,98
421841,19,39,20,19
421841,20,144,65,79
421841,21,273,117,156
421841,22,273,117,156
421841,23,273,117,156
421841,24,90,32,58
421841,25,183,85,98
421841,39,39,20,19
421841,40,144,65,79
421878,1,222,14,208
421878,2,222,14,208
421878,3,222,14,208
421878,4,80,5,75
421878,5,142,9,133
421878,20,142,9,133
421878,21,173,9,164
421878,22,173,9,164
421878,23,173,9,164
421878,24,69,3,66
421878,25,104,6,98
421878,40,104,6,98
421878,41,49,5,44
421878,42,49,5,44
421878,43,49,5,44
421878,44,11,2,9
421878,45,38,3,35
421878,60,38,3,35
421896,1,390,181,209
421896,2,390,181,209
421896,3,390,181,209
421896,4,90,48,42
421896,5,300,133,167
421896,20,300,133,167
421896,21,390,181,209
421896,22,390,181,209
421896,23,390,181,209
421896,24,90,48,42
421896,25,300,133,167
421896,40,300,133,167
422020,1,87,84,3
422020,2,87,84,3
422020,3,87,84,3
422020,4,3,2,1
422020,5,84,82,2
422020,19,9,9,0
422020,20,75,73,2
422020,21,87,84,3
422020,22,87,84,3
422020,23,87,84,3
422020,24,3,2,1
422020,25,84,82,2
422020,39,9,9,0
422020,40,75,73,2
422190,1,74,5,69
422190,2,74,5,69
422190,3,74,5,69
422190,4,19,3,16
422190,5,55,2,53
422190,20,55,2,53
422190,21,9,0,9
422190,22,9,0,9
422190,23,9,0,9
422190,24,1,0,1
422190,25,8,0,8
422190,40,8,0,8
422190,41,65,5,60
422190,42,65,5,60
422190,43,65,5,60
422190,44,18,3,15
422190,45,47,2,45
422190,60,47,2,45
422695,1,277,37,240
422695,2,277,37,240
422695,3,277,37,240
422695,4,21,10,11
422695,5,256,27,229
422695,20,256,27,229
422695,21,277,37,240
422695,22,277,37,240
422695,23,277,37,240
422695,24,21,10,11
422695,25,256,27,229
422695,40,256,27,229
422835,1,290,74,216
422835,2,290,74,216
422835,3,290,74,216
422835,4,99,25,74
422835,5,191,49,142
422835,20,191,49,142
422835,21,290,74,216
422835,22,290,74,216
422835,23,290,74,216
422835,24,99,25,74
422835,25,191,49,142
422835,40,191,49,142
423120,1,920,36,884
423120,2,920,36,884
423120,3,920,36,884
423120,4,545,21,524
423120,5,375,15,360
423120,20,375,15,360
423120,21,920,36,884
423120,22,920,36,884
423120,23,920,36,884
423120,24,545,21,524
423120,25,375,15,360
423120,40,375,15,360
423397,1,40,40,0
423397,2,40,40,0
423397,3,40,40,0
423397,4,13,13,0
423397,5,27,27,0
423397,20,27,27,0
423397,21,40,40,0
423397,22,40,40,0
423397,23,40,40,0
423397,24,13,13,0
423397,25,27,27,0
423397,40,27,27,0
423582,1,120,18,102
423582,2,120,18,102
423582,3,120,18,102
423582,4,59,15,44
423582,5,61,3,58
423582,20,61,3,58
423582,21,93,16,77
423582,22,93,16,77
423582,23,93,16,77
423582,24,45,13,32
423582,25,48,3,45
423582,40,48,3,45
423582,41,27,2,25
423582,42,27,2,25
423582,43,27,2,25
423582,44,14,2,12
423582,45,13,0,13
423582,60,13,0,13
423643,1,2984,1657,1327
423643,12,2984,1657,1327
423643,21,2950,1640,1310
423643,32,2950,1640,1310
423643,41,34,17,17
423643,52,34,17,17
423652,1,580,239,341
423652,2,580,239,341
423652,3,505,202,303
423652,4,148,62,86
423652,5,357,140,217
423652,11,75,37,38
423652,19,57,24,33
423652,20,300,116,184
423652,21,184,67,117
423652,22,184,67,117
423652,23,183,67,116
423652,24,49,19,30
423652,25,134,48,86
423652,31,1,0,1
423652,39,31,12,19
423652,40,103,36,67
423652,41,396,172,224
423652,42,396,172,224
423652,43,322,135,187
423652,44,99,43,56
423652,45,223,92,131
423652,51,74,37,37
423652,59,26,12,14
423652,60,197,80,117
423980,1,1739,854,885
423980,2,1739,854,885
423980,3,1739,854,885
423980,4,265,128,137
423980,5,1474,726,748
423980,19,81,39,42
423980,20,1393,687,706
423980,21,1739,854,885
423980,22,1739,854,885
423980,23,1739,854,885
423980,24,265,128,137
423980,25,1474,726,748
423980,39,81,39,42
423980,40,1393,687,706
425250,1,108,28,80
425250,2,108,28,80
425250,3,108,28,80
425250,4,32,7,25
425250,5,76,21,55
425250,20,76,21,55
425250,21,43,11,32
425250,22,43,11,32
425250,23,43,11,32
425250,24,13,3,10
425250,25,30,8,22
425250,40,30,8,22
425250,41,65,17,48
425250,42,65,17,48
425250,43,65,17,48
425250,44,19,4,15
425250,45,46,13,33
425250,60,46,13,33
425870,1,18,0,18
425870,2,18,0,18
425870,3,18,0,18
425870,4,6,0,6
425870,5,12,0,12
425870,20,12,0,12
425870,21,4,0,4
425870,22,4,0,4
425870,23,4,0,4
425870,24,1,0,1
425870,25,3,0,3
425870,40,3,0,3
425870,41,14,0,14
425870,42,14,0,14
425870,43,14,0,14
425870,44,5,0,5
425870,45,9,0,9
425870,60,9,0,9
425889,1,378,53,325
425889,2,378,53,325
425889,3,378,53,325
425889,4,133,23,110
425889,5,245,30,215
425889,20,245,30,215
425889,21,303,50,253
425889,22,303,50,253
425889,23,303,50,253
425889,24,109,23,86
425889,25,194,27,167
425889,40,194,27,167
425889,41,75,3,72
425889,42,75,3,72
425889,43,75,3,72
425889,44,24,0,24
425889,45,51,3,48
425889,60,51,3,48
425986,1,196,27,169
425986,2,196,27,169
425986,3,196,27,169
425986,4,68,15,53
425986,5,128,12,116
425986,20,128,12,116
425986,21,196,27,169
425986,22,196,27,169
425986,23,196,27,169
425986,24,68,15,53
425986,25,128,12,116
425986,40,128,12,116
426314,1,14564,12582,1982
426314,2,9789,8630,1159
426314,3,9689,8553,1136
426314,4,387,355,32
426314,5,9302,8198,1104
426314,11,100,77,23
426314,12,4775,3952,823
426314,19,934,790,144
426314,20,8368,7408,960
426314,21,5356,4552,804
426314,22,2898,2569,329
426314,23,2895,2567,328
426314,24,74,70,4
426314,25,2821,2497,324
426314,31,3,2,1
426314,32,2458,1983,475
426314,39,204,172,32
426314,40,2617,2325,292
426314,41,9208,8030,1178
426314,42,6891,6061,830
426314,43,6794,5986,808
426314,44,313,285,28
426314,45,6481,5701,780
426314,51,97,75,22
426314,52,2317,1969,348
426314,59,730,618,112
426314,60,5751,5083,668
427025,1,2154,674,1480
427025,2,2154,674,1480
427025,3,2154,674,1480
427025,4,592,196,396
427025,5,1562,478,1084
427025,20,1562,478,1084
427025,21,2154,674,1480
427025,22,2154,674,1480
427025,23,2154,674,1480
427025,24,592,196,396
427025,25,1562,478,1084
427025,40,1562,478,1084
427308,1,150,8,142
427308,2,150,8,142
427308,3,150,8,142
427308,4,121,6,115
427308,5,29,2,27
427308,20,29,2,27
427308,21,150,8,142
427308,22,150,8,142
427308,23,150,8,142
427308,24,121,6,115
427308,25,29,2,27
427308,40,29,2,27
427335,1,60,0,60
427335,2,60,0,60
427335,3,60,0,60
427335,4,56,0,56
427335,5,4,0,4
427335,20,4,0,4
427335,21,28,0,28
427335,22,28,0,28
427335,23,28,0,28
427335,24,26,0,26
427335,25,2,0,2
427335,40,2,0,2
427335,41,32,0,32
427335,42,32,0,32
427335,43,32,0,32
427335,44,30,0,30
427335,45,2,0,2
427335,60,2,0,2
427663,1,303,247,56
427663,2,303,247,56
427663,3,303,247,56
427663,4,59,50,9
427663,5,244,197,47
427663,19,5,4,1
427663,20,239,193,46
427663,21,264,219,45
427663,22,264,219,45
427663,23,264,219,45
427663,24,58,50,8
427663,25,206,169,37
427663,39,4,3,1
427663,40,202,166,36
427663,41,39,28,11
427663,42,39,28,11
427663,43,39,28,11
427663,44,1,0,1
427663,45,38,28,10
427663,59,1,1,0
427663,60,37,27,10
427894,1,169,166,3
427894,2,169,166,3
427894,3,169,166,3
427894,4,48,48,0
427894,5,121,118,3
427894,20,121,118,3
427894,21,36,35,1
427894,22,36,35,1
427894,23,36,35,1
427894,24,8,8,0
427894,25,28,27,1
427894,40,28,27,1
427894,41,133,131,2
427894,42,133,131,2
427894,43,133,131,2
427894,44,40,40,0
427894,45,93,91,2
427894,60,93,91,2
427919,1,134,50,84
427919,2,134,50,84
427919,3,134,50,84
427919,4,42,15,27
427919,5,92,35,57
427919,20,92,35,57
427919,21,81,36,45
427919,22,81,36,45
427919,23,81,36,45
427919,24,23,11,12
427919,25,58,25,33
427919,40,58,25,33
427919,41,53,14,39
427919,42,53,14,39
427919,43,53,14,39
427919,44,19,4,15
427919,45,34,10,24
427919,60,34,10,24
427973,1,235,215,20
427973,2,235,215,20
427973,3,235,215,20
427973,4,53,48,5
427973,5,182,167,15
427973,20,182,167,15
427973,21,223,204,19
427973,22,223,204,19
427973,23,223,204,19
427973,24,52,47,5
427973,25,171,157,14
427973,40,171,157,14
427973,41,12,11,1
427973,42,12,11,1
427973,43,12,11,1
427973,44,1,1,0
427973,45,11,10,1
427973,60,11,10,1
427982,1,229,27,202
427982,2,229,27,202
427982,3,229,27,202
427982,4,46,6,40
427982,5,183,21,162
427982,20,183,21,162
427982,21,142,20,122
427982,22,142,20,122
427982,23,142,20,122
427982,24,28,2,26
427982,25,114,18,96
427982,40,114,18,96
427982,41,87,7,80
427982,42,87,7,80
427982,43,87,7,80
427982,44,18,4,14
427982,45,69,3,66
427982,60,69,3,66
427991,1,478,258,220
427991,2,478,258,220
427991,3,478,258,220
427991,4,290,132,158
427991,5,188,126,62
427991,20,188,126,62
427991,21,351,185,166
427991,22,351,185,166
427991,23,351,185,166
427991,24,228,105,123
427991,25,123,80,43
427991,40,123,80,43
427991,41,127,73,54
427991,42,127,73,54
427991,43,127,73,54
427991,44,62,27,35
427991,45,65,46,19
427991,60,65,46,19
428000,1,173,87,86
428000,2,173,87,86
428000,3,173,87,86
428000,5,173,87,86
428000,20,173,87,86
428000,21,173,87,86
428000,22,173,87,86
428000,23,173,87,86
428000,25,173,87,86
428000,40,173,87,86
428019,1,310,155,155
428019,2,310,155,155
428019,3,310,155,155
428019,4,46,22,24
428019,5,264,133,131
428019,20,264,133,131
428019,21,63,24,39
428019,22,63,24,39
428019,23,63,24,39
428019,24,46,22,24
428019,25,17,2,15
428019,40,17,2,15
428019,41,247,131,116
428019,42,247,131,116
428019,43,247,131,116
428019,45,247,131,116
428019,60,247,131,116
428055,1,195,38,157
428055,2,195,38,157
428055,3,195,38,157
428055,4,40,10,30
428055,5,155,28,127
428055,20,155,28,127
428055,21,195,38,157
428055,22,195,38,157
428055,23,195,38,157
428055,24,40,10,30
428055,25,155,28,127
428055,40,155,28,127
428073,1,25,1,24
428073,2,25,1,24
428073,3,25,1,24
428073,4,18,0,18
428073,5,7,1,6
428073,20,7,1,6
428073,21,25,1,24
428073,22,25,1,24
428073,23,25,1,24
428073,24,18,0,18
428073,25,7,1,6
428073,40,7,1,6
428125,1,89,55,34
428125,2,89,55,34
428125,3,89,55,34
428125,4,22,18,4
428125,5,67,37,30
428125,20,67,37,30
428125,21,87,53,34
428125,22,87,53,34
428125,23,87,53,34
428125,24,22,18,4
428125,25,65,35,30
428125,40,65,35,30
428125,41,2,2,0
428125,42,2,2,0
428125,43,2,2,0
428125,45,2,2,0
428125,60,2,2,0
428143,1,185,13,172
428143,2,185,13,172
428143,3,185,13,172
428143,4,64,2,62
428143,5,121,11,110
428143,20,121,11,110
428143,21,185,13,172
428143,22,185,13,172
428143,23,185,13,172
428143,24,64,2,62
428143,25,121,11,110
428143,40,121,11,110
428170,1,1157,257,900
428170,2,1157,257,900
428170,3,1153,256,897
428170,4,573,128,445
428170,5,580,128,452
428170,11,4,1,3
428170,19,63,17,46
428170,20,517,111,406
428170,21,721,149,572
428170,22,721,149,572
428170,23,721,149,572
428170,24,392,90,302
428170,25,329,59,270
428170,39,34,10,24
428170,40,295,49,246
428170,41,436,108,328
428170,42,436,108,328
428170,43,432,107,325
428170,44,181,38,143
428170,45,251,69,182
428170,51,4,1,3
428170,59,29,7,22
428170,60,222,62,160
428259,1,341,85,256
428259,2,289,69,220
428259,3,289,69,220
428259,5,289,69,220
428259,12,52,16,36
428259,19,45,11,34
428259,20,244,58,186
428259,21,3,0,3
428259,22,3,0,3
428259,23,3,0,3
428259,25,3,0,3
428259,40,3,0,3
428259,41,338,85,253
428259,42,286,69,217
428259,43,286,69,217
428259,45,286,69,217
428259,52,52,16,36
428259,59,45,11,34
428259,60,241,58,183
428268,1,533,137,396
428268,2,123,45,78
428268,3,123,45,78
428268,4,16,4,12
428268,5,107,41,66
428268,12,410,92,318
428268,19,28,14,14
428268,20,79,27,52
428268,21,121,34,87
428268,22,27,12,15
428268,23,27,12,15
428268,24,2,1,1
428268,25,25,11,14
428268,32,94,22,72
428268,39,6,5,1
428268,40,19,6,13
428268,41,412,103,309
428268,42,96,33,63
428268,43,96,33,63
428268,44,14,3,11
428268,45,82,30,52
428268,52,316,70,246
428268,59,22,9,13
428268,60,60,21,39
428286,1,1066,584,482
428286,2,1066,584,482
428286,3,1066,584,482
428286,4,176,101,75
428286,5,890,483,407
428286,19,156,92,64
428286,20,734,391,343
428286,21,804,440,364
428286,22,804,440,364
428286,23,804,440,364
428286,24,142,76,66
428286,25,662,364,298
428286,39,93,55,38
428286,40,569,309,260
428286,41,262,144,118
428286,42,262,144,118
428286,43,262,144,118
428286,44,34,25,9
428286,45,228,119,109
428286,59,63,37,26
428286,60,165,82,83
428295,1,63,62,1
428295,2,63,62,1
428295,3,63,62,1
428295,4,55,54,1
428295,5,8,8,0
428295,20,8,8,0
428295,21,45,45,0
428295,22,45,45,0
428295,23,45,45,0
428295,24,40,40,0
428295,25,5,5,0
428295,40,5,5,0
428295,41,18,17,1
428295,42,18,17,1
428295,43,18,17,1
428295,44,15,14,1
428295,45,3,3,0
428295,60,3,3,0
428329,1,105,23,82
428329,2,105,23,82
428329,3,105,23,82
428329,4,28,6,22
428329,5,77,17,60
428329,19,10,1,9
428329,20,67,16,51
428329,21,105,23,82
428329,22,105,23,82
428329,23,105,23,82
428329,24,28,6,22
428329,25,77,17,60
428329,39,10,1,9
428329,40,67,16,51
428392,1,1304,561,743
428392,2,1304,561,743
428392,3,979,420,559
428392,4,272,127,145
428392,5,707,293,414
428392,11,325,141,184
428392,19,200,83,117
428392,20,507,210,297
428392,21,544,233,311
428392,22,544,233,311
428392,23,486,220,266
428392,24,183,84,99
428392,25,303,136,167
428392,31,58,13,45
428392,39,98,43,55
428392,40,205,93,112
428392,41,760,328,432
428392,42,760,328,432
428392,43,493,200,293
428392,44,89,43,46
428392,45,404,157,247
428392,51,267,128,139
428392,59,102,40,62
428392,60,302,117,185
428444,1,1045,546,499
428444,2,1045,546,499
428444,3,1045,546,499
428444,4,229,119,110
428444,5,816,427,389
428444,19,185,93,92
428444,20,631,334,297
428444,21,833,427,406
428444,22,833,427,406
428444,23,833,427,406
428444,24,191,96,95
428444,25,642,331,311
428444,39,143,74,69
428444,40,499,257,242
428444,41,212,119,93
428444,42,212,119,93
428444,43,212,119,93
428444,44,38,23,15
428444,45,174,96,78
428444,59,42,19,23
428444,60,132,77,55
429012,1,74,68,6
429012,2,74,68,6
429012,3,74,68,6
429012,4,26,23,3
429012,5,48,45,3
429012,20,48,45,3
429012,21,74,68,6
429012,22,74,68,6
429012,23,74,68,6
429012,24,26,23,3
429012,25,48,45,3
429012,40,48,45,3
429085,1,130,39,91
429085,12,130,39,91
429085,21,80,27,53
429085,32,80,27,53
429085,41,50,12,38
429085,52,50,12,38
429094,1,189,40,149
429094,12,189,40,149
429094,21,142,30,112
429094,32,142,30,112
429094,41,47,10,37
429094,52,47,10,37
429100,1,54,3,51
429100,2,54,3,51
429100,3,54,3,51
429100,4,39,1,38
429100,5,15,2,13
429100,20,15,2,13
429100,21,54,3,51
429100,22,54,3,51
429100,23,54,3,51
429100,24,39,1,38
429100,25,15,2,13
429100,40,15,2,13
429128,1,762,33,729
429128,2,762,33,729
429128,3,623,25,598
429128,4,245,12,233
429128,5,378,13,365
429128,11,139,8,131
429128,19,10,0,10
429128,20,368,13,355
429128,21,29,0,29
429128,22,29,0,29
429128,23,29,0,29
429128,24,5,0,5
429128,25,24,0,24
429128,39,8,0,8
429128,40,16,0,16
429128,41,733,33,700
429128,42,733,33,700
429128,43,594,25,569
429128,44,240,12,228
429128,45,354,13,341
429128,51,139,8,131
429128,59,2,0,2
429128,60,352,13,339
429599,1,469,368,101
429599,2,469,368,101
429599,3,469,368,101
429599,4,83,60,23
429599,5,386,308,78
429599,19,4,4,0
429599,20,382,304,78
429599,21,359,286,73
429599,22,359,286,73
429599,23,359,286,73
429599,24,76,56,20
429599,25,283,230,53
429599,39,4,4,0
429599,40,279,226,53
429599,41,110,82,28
429599,42,110,82,28
429599,43,110,82,28
429599,44,7,4,3
429599,45,103,78,25
429599,60,103,78,25
430050,1,132,28,104
430050,2,132,28,104
430050,3,132,28,104
430050,4,13,5,8
430050,5,119,23,96
430050,20,119,23,96
430050,21,132,28,104
430050,22,132,28,104
430050,23,132,28,104
430050,24,13,5,8
430050,25,119,23,96
430050,40,119,23,96
430087,1,869,460,409
430087,2,645,343,302
430087,3,644,342,302
430087,4,34,5,29
430087,5,610,337,273
430087,11,1,1,0
430087,12,224,117,107
430087,19,69,7,62
430087,20,541,330,211
430087,21,451,246,205
430087,22,308,170,138
430087,23,307,169,138
430087,24,11,1,10
430087,25,296,168,128
430087,31,1,1,0
430087,32,143,76,67
430087,39,37,2,35
430087,40,259,166,93
430087,41,418,214,204
430087,42,337,173,164
430087,43,337,173,164
430087,44,23,4,19
430087,45,314,169,145
430087,52,81,41,40
430087,59,32,5,27
430087,60,282,164,118
430096,1,449,134,315
430096,2,449,134,315
430096,3,449,134,315
430096,4,308,90,218
430096,5,141,44,97
430096,20,141,44,97
430096,21,326,100,226
430096,22,326,100,226
430096,23,326,100,226
430096,24,229,69,160
430096,25,97,31,66
430096,40,97,31,66
430096,41,123,34,89
430096,42,123,34,89
430096,43,123,34,89
430096,44,79,21,58
430096,45,44,13,31
430096,60,44,13,31
430148,1,682,218,464
430148,2,682,218,464
430148,3,682,218,464
430148,4,80,38,42
430148,5,602,180,422
430148,19,70,17,53
430148,20,532,163,369
430148,21,525,163,362
430148,22,525,163,362
430148,23,525,163,362
430148,24,44,23,21
430148,25,481,140,341
430148,39,44,11,33
430148,40,437,129,308
430148,41,157,55,102
430148,42,157,55,102
430148,43,157,55,102
430148,44,36,15,21
430148,45,121,40,81
430148,59,26,6,20
430148,60,95,34,61
430157,1,255,246,9
430157,2,255,246,9
430157,3,255,246,9
430157,4,62,62,0
430157,5,193,184,9
430157,20,193,184,9
430157,21,238,230,8
430157,22,238,230,8
430157,23,238,230,8
430157,24,55,55,0
430157,25,183,175,8
430157,40,183,175,8
430157,41,17,16,1
430157,42,17,16,1
430157,43,17,16,1
430157,44,7,7,0
430157,45,10,9,1
430157,60,10,9,1
430166,1,171,167,4
430166,2,171,167,4
430166,3,171,167,4
430166,4,55,53,2
430166,5,116,114,2
430166,20,116,114,2
430166,21,159,155,4
430166,22,159,155,4
430166,23,159,155,4
430166,24,49,47,2
430166,25,110,108,2
430166,40,110,108,2
430166,41,12,12,0
430166,42,12,12,0
430166,43,12,12,0
430166,44,6,6,0
430166,45,6,6,0
430166,60,6,6,0
430175,1,645,120,525
430175,2,645,120,525
430175,3,645,120,525
430175,4,76,16,60
430175,5,569,104,465
430175,20,569,104,465
430175,21,645,120,525
430175,22,645,120,525
430175,23,645,120,525
430175,24,76,16,60
430175,25,569,104,465
430175,40,569,104,465
430184,1,3074,1098,1976
430184,2,2062,732,1330
430184,3,2038,724,1314
430184,4,214,66,148
430184,5,1824,658,1166
430184,11,24,8,16
430184,12,1012,366,646
430184,19,145,64,81
430184,20,1679,594,1085
430184,21,497,267,230
430184,22,282,177,105
430184,23,281,177,104
430184,24,25,15,10
430184,25,256,162,94
430184,31,1,0,1
430184,32,215,90,125
430184,39,32,23,9
430184,40,224,139,85
430184,41,2577,831,1746
430184,42,1780,555,1225
430184,43,1757,547,1210
430184,44,189,51,138
430184,45,1568,496,1072
430184,51,23,8,15
430184,52,797,276,521
430184,59,113,41,72
430184,60,1455,455,1000
430218,1,114,20,94
430218,2,114,20,94
430218,3,114,20,94
430218,4,53,7,46
430218,5,61,13,48
430218,20,61,13,48
430218,21,82,15,67
430218,22,82,15,67
430218,23,82,15,67
430218,24,41,7,34
430218,25,41,8,33
430218,40,41,8,33
430218,41,32,5,27
430218,42,32,5,27
430218,43,32,5,27
430218,44,12,0,12
430218,45,20,5,15
430218,60,20,5,15
430227,1,130,1,129
430227,2,130,1,129
430227,3,130,1,129
430227,4,46,0,46
430227,5,84,1,83
430227,20,84,1,83
430227,21,96,1,95
430227,22,96,1,95
430227,23,96,1,95
430227,24,32,0,32
430227,25,64,1,63
430227,40,64,1,63
430227,41,34,0,34
430227,42,34,0,34
430227,43,34,0,34
430227,44,14,0,14
430227,45,20,0,20
430227,60,20,0,20
430245,1,612,106,506
430245,2,612,106,506
430245,3,612,106,506
430245,4,494,91,403
430245,5,118,15,103
430245,20,118,15,103
430245,21,612,106,506
430245,22,612,106,506
430245,23,612,106,506
430245,24,494,91,403
430245,25,118,15,103
430245,40,118,15,103
430254,1,56,12,44
430254,2,56,12,44
430254,3,56,12,44
430254,4,20,4,16
430254,5,36,8,28
430254,20,36,8,28
430254,21,40,10,30
430254,22,40,10,30
430254,23,40,10,30
430254,24,15,4,11
430254,25,25,6,19
430254,40,25,6,19
430254,41,16,2,14
430254,42,16,2,14
430254,43,16,2,14
430254,44,5,0,5
430254,45,11,2,9
430254,60,11,2,9
430263,1,417,328,89
430263,2,417,328,89
430263,3,417,328,89
430263,4,82,63,19
430263,5,335,265,70
430263,19,3,2,1
430263,20,332,263,69
430263,21,295,240,55
430263,22,295,240,55
430263,23,295,240,55
430263,24,70,55,15
430263,25,225,185,40
430263,39,2,2,0
430263,40,223,183,40
430263,41,122,88,34
430263,42,122,88,34
430263,43,122,88,34
430263,44,12,8,4
430263,45,110,80,30
430263,59,1,0,1
430263,60,109,80,29
430306,1,30,4,26
430306,2,30,4,26
430306,3,30,4,26
430306,4,5,0,5
430306,5,25,4,21
430306,20,25,4,21
430306,21,20,2,18
430306,22,20,2,18
430306,23,20,2,18
430306,24,3,0,3
430306,25,17,2,15
430306,40,17,2,15
430306,41,10,2,8
430306,42,10,2,8
430306,43,10,2,8
430306,44,2,0,2
430306,45,8,2,6
430306,60,8,2,6
430342,1,145,46,99
430342,2,145,46,99
430342,3,145,46,99
430342,4,39,11,28
430342,5,106,35,71
430342,20,106,35,71
430342,21,145,46,99
430342,22,145,46,99
430342,23,145,46,99
430342,24,39,11,28
430342,25,106,35,71
430342,40,106,35,71
430351,1,239,195,44
430351,2,239,195,44
430351,3,239,195,44
430351,4,45,38,7
430351,5,194,157,37
430351,19,7,7,0
430351,20,187,150,37
430351,21,186,150,36
430351,22,186,150,36
430351,23,186,150,36
430351,24,36,30,6
430351,25,150,120,30
430351,39,5,5,0
430351,40,145,115,30
430351,41,53,45,8
430351,42,53,45,8
430351,43,53,45,8
430351,44,9,8,1
430351,45,44,37,7
430351,59,2,2,0
430351,60,42,35,7
430360,1,255,214,41
430360,2,255,214,41
430360,3,255,214,41
430360,4,38,31,7
430360,5,217,183,34
430360,19,11,7,4
430360,20,206,176,30
430360,21,199,169,30
430360,22,199,169,30
430360,23,199,169,30
430360,24,31,28,3
430360,25,168,141,27
430360,39,10,6,4
430360,40,158,135,23
430360,41,56,45,11
430360,42,56,45,11
430360,43,56,45,11
430360,44,7,3,4
430360,45,49,42,7
430360,59,1,1,0
430360,60,48,41,7
430379,1,419,277,142
430379,2,419,277,142
430379,3,419,277,142
430379,4,60,42,18
430379,5,359,235,124
430379,19,8,5,3
430379,20,351,230,121
430379,21,307,206,101
430379,22,307,206,101
430379,23,307,206,101
430379,24,49,36,13
430379,25,258,170,88
430379,39,5,4,1
430379,40,253,166,87
430379,41,112,71,41
430379,42,112,71,41
430379,43,112,71,41
430379,44,11,6,5
430379,45,101,65,36
430379,59,3,1,2
430379,60,98,64,34
430388,1,391,249,142
430388,2,391,249,142
430388,3,391,249,142
430388,4,52,32,20
430388,5,339,217,122
430388,19,16,6,10
430388,20,323,211,112
430388,21,291,188,103
430388,22,291,188,103
430388,23,291,188,103
430388,24,49,30,19
430388,25,242,158,84
430388,39,10,5,5
430388,40,232,153,79
430388,41,100,61,39
430388,42,100,61,39
430388,43,100,61,39
430388,44,3,2,1
430388,45,97,59,38
430388,59,6,1,5
430388,60,91,58,33
430403,1,42,4,38
430403,2,42,4,38
430403,3,42,4,38
430403,4,13,2,11
430403,5,29,2,27
430403,20,29,2,27
430403,21,42,4,38
430403,22,42,4,38
430403,23,42,4,38
430403,24,13,2,11
430403,25,29,2,27
430403,40,29,2,27
430421,1,329,39,290
430421,2,329,39,290
430421,3,329,39,290
430421,4,42,3,39
430421,5,287,36,251
430421,20,287,36,251
430421,21,329,39,290
430421,22,329,39,290
430421,23,329,39,290
430421,24,42,3,39
430421,25,287,36,251
430421,40,287,36,251
430485,1,86,31,55
430485,2,86,31,55
430485,3,86,31,55
430485,4,23,8,15
430485,5,63,23,40
430485,19,6,3,3
430485,20,57,20,37
430485,21,86,31,55
430485,22,86,31,55
430485,23,86,31,55
430485,24,23,8,15
430485,25,63,23,40
430485,39,6,3,3
430485,40,57,20,37
430564,1,61,12,49
430564,2,61,12,49
430564,3,61,12,49
430564,4,21,7,14
430564,5,40,5,35
430564,20,40,5,35
430564,21,25,4,21
430564,22,25,4,21
430564,23,25,4,21
430564,24,8,2,6
430564,25,17,2,15
430564,40,17,2,15
430564,41,36,8,28
430564,42,36,8,28
430564,43,36,8,28
430564,44,13,5,8
430564,45,23,3,20
430564,60,23,3,20
430582,1,388,174,214
430582,2,388,174,214
430582,3,388,174,214
430582,4,227,112,115
430582,5,161,62,99
430582,20,161,62,99
430582,21,388,174,214
430582,22,388,174,214
430582,23,388,174,214
430582,24,227,112,115
430582,25,161,62,99
430582,40,161,62,99
430591,1,268,65,203
430591,12,268,65,203
430591,21,193,51,142
430591,32,193,51,142
430591,41,75,14,61
430591,52,75,14,61
430643,1,6,6,0
430643,2,6,6,0
430643,3,6,6,0
430643,4,5,5,0
430643,5,1,1,0
430643,20,1,1,0
430643,41,6,6,0
430643,42,6,6,0
430643,43,6,6,0
430643,44,5,5,0
430643,45,1,1,0
430643,60,1,1,0
430670,1,295,141,154
430670,2,27,12,15
430670,3,27,12,15
430670,4,6,4,2
430670,5,21,8,13
430670,12,268,129,139
430670,19,7,3,4
430670,20,14,5,9
430670,21,295,141,154
430670,22,27,12,15
430670,23,27,12,15
430670,24,6,4,2
430670,25,21,8,13
430670,32,268,129,139
430670,39,7,3,4
430670,40,14,5,9
430704,1,88,31,57
430704,2,6,3,3
430704,3,6,3,3
430704,5,6,3,3
430704,12,82,28,54
430704,19,5,2,3
430704,20,1,1,0
430704,21,75,26,49
430704,22,6,3,3
430704,23,6,3,3
430704,25,6,3,3
430704,32,69,23,46
430704,39,5,2,3
430704,40,1,1,0
430704,41,13,5,8
430704,52,13,5,8
430795,1,278,89,189
430795,2,278,89,189
430795,3,278,89,189
430795,4,145,59,86
430795,5,133,30,103
430795,19,2,0,2
430795,20,131,30,101
430795,21,261,75,186
430795,22,261,75,186
430795,23,261,75,186
430795,24,129,45,84
430795,25,132,30,102
430795,39,1,0,1
430795,40,131,30,101
430795,41,17,14,3
430795,42,17,14,3
430795,43,17,14,3
430795,44,16,14,2
430795,45,1,0,1
430795,59,1,0,1
430810,1,506,149,357
430810,2,470,131,339
430810,3,470,131,339
430810,4,107,30,77
430810,5,363,101,262
430810,12,36,18,18
430810,19,25,10,15
430810,20,338,91,247
430810,21,449,133,316
430810,22,413,115,298
430810,23,413,115,298
430810,24,95,29,66
430810,25,318,86,232
430810,32,36,18,18
430810,39,23,9,14
430810,40,295,77,218
430810,41,57,16,41
430810,42,57,16,41
430810,43,57,16,41
430810,44,12,1,11
430810,45,45,15,30
430810,59,2,1,1
430810,60,43,14,29
430847,1,11,1,10
430847,2,11,1,10
430847,3,11,1,10
430847,5,11,1,10
430847,20,11,1,10
430847,21,10,1,9
430847,22,10,1,9
430847,23,10,1,9
430847,25,10,1,9
430847,40,10,1,9
430847,41,1,0,1
430847,42,1,0,1
430847,43,1,0,1
430847,45,1,0,1
430847,60,1,0,1
430883,1,34,4,30
430883,2,34,4,30
430883,3,34,4,30
430883,4,21,2,19
430883,5,13,2,11
430883,20,13,2,11
430883,21,34,4,30
430883,22,34,4,30
430883,23,34,4,30
430883,24,21,2,19
430883,25,13,2,11
430883,40,13,2,11
430908,1,67,10,57
430908,2,67,10,57
430908,3,67,10,57
430908,4,37,9,28
430908,5,30,1,29
430908,20,30,1,29
430908,21,50,10,40
430908,22,50,10,40
430908,23,50,10,40
430908,24,31,9,22
430908,25,19,1,18
430908,40,19,1,18
430908,41,17,0,17
430908,42,17,0,17
430908,43,17,0,17
430908,44,6,0,6
430908,45,11,0,11
430908,60,11,0,11
430935,1,867,713,154
430935,2,867,713,154
430935,3,867,713,154
430935,4,254,211,43
430935,5,613,502,111
430935,19,107,88,19
430935,20,506,414,92
430935,21,651,535,116
430935,22,651,535,116
430935,23,651,535,116
430935,24,244,203,41
430935,25,407,332,75
430935,39,102,83,19
430935,40,305,249,56
430935,41,216,178,38
430935,42,216,178,38
430935,43,216,178,38
430935,44,10,8,2
430935,45,206,170,36
430935,59,5,5,0
430935,60,201,165,36
430971,1,56,8,48
430971,2,56,8,48
430971,3,56,8,48
430971,4,25,3,22
430971,5,31,5,26
430971,20,31,5,26
430971,21,56,8,48
430971,22,56,8,48
430971,23,56,8,48
430971,24,25,3,22
430971,25,31,5,26
430971,40,31,5,26
430980,1,167,36,131
430980,2,167,36,131
430980,3,167,36,131
430980,4,20,2,18
430980,5,147,34,113
430980,20,147,34,113
430980,21,167,36,131
430980,22,167,36,131
430980,23,167,36,131
430980,24,20,2,18
430980,25,147,34,113
430980,40,147,34,113
430999,1,98,10,88
430999,2,98,10,88
430999,3,98,10,88
430999,4,62,7,55
430999,5,36,3,33
430999,20,36,3,33
430999,21,98,10,88
430999,22,98,10,88
430999,23,98,10,88
430999,24,62,7,55
430999,25,36,3,33
430999,40,36,3,33
431017,1,114,51,63
431017,2,114,51,63
431017,3,114,51,63
431017,4,91,38,53
431017,5,23,13,10
431017,20,23,13,10
431017,21,82,31,51
431017,22,82,31,51
431017,23,82,31,51
431017,24,69,25,44
431017,25,13,6,7
431017,40,13,6,7
431017,41,32,20,12
431017,42,32,20,12
431017,43,32,20,12
431017,44,22,13,9
431017,45,10,7,3
431017,60,10,7,3
431026,1,1114,312,802
431026,2,1114,312,802
431026,3,1114,312,802
431026,4,1089,300,789
431026,5,25,12,13
431026,20,25,12,13
431026,21,1079,301,778
431026,22,1079,301,778
431026,23,1079,301,778
431026,24,1056,291,765
431026,25,23,10,13
431026,40,23,10,13
431026,41,35,11,24
431026,42,35,11,24
431026,43,35,11,24
431026,44,33,9,24
431026,45,2,2,0
431026,60,2,2,0
431071,1,103,24,79
431071,2,103,24,79
431071,3,103,24,79
431071,4,35,10,25
431071,5,68,14,54
431071,20,68,14,54
431071,21,58,13,45
431071,22,58,13,45
431071,23,58,13,45
431071,24,23,5,18
431071,25,35,8,27
431071,40,35,8,27
431071,41,45,11,34
431071,42,45,11,34
431071,43,45,11,34
431071,44,12,5,7
431071,45,33,6,27
431071,60,33,6,27
431099,1,102,3,99
431099,2,102,3,99
431099,3,102,3,99
431099,4,81,3,78
431099,5,21,0,21
431099,20,21,0,21
431099,21,65,3,62
431099,22,65,3,62
431099,23,65,3,62
431099,24,56,3,53
431099,25,9,0,9
431099,40,9,0,9
431099,41,37,0,37
431099,42,37,0,37
431099,43,37,0,37
431099,44,25,0,25
431099,45,12,0,12
431099,60,12,0,12
431105,1,151,23,128
431105,2,151,23,128
431105,3,151,23,128
431105,4,77,13,64
431105,5,74,10,64
431105,20,74,10,64
431105,21,29,6,23
431105,22,29,6,23
431105,23,29,6,23
431105,24,8,1,7
431105,25,21,5,16
431105,40,21,5,16
431105,41,122,17,105
431105,42,122,17,105
431105,43,122,17,105
431105,44,69,12,57
431105,45,53,5,48
431105,60,53,5,48
431123,1,356,353,3
431123,2,356,353,3
431123,3,356,353,3
431123,4,65,64,1
431123,5,291,289,2
431123,20,291,289,2
431123,21,356,353,3
431123,22,356,353,3
431123,23,356,353,3
431123,24,65,64,1
431123,25,291,289,2
431123,40,291,289,2
431141,1,1989,967,1022
431141,2,1989,967,1022
431141,3,1989,967,1022
431141,4,491,253,238
431141,5,1498,714,784
431141,19,57,32,25
431141,20,1441,682,759
431141,21,1962,963,999
431141,22,1962,963,999
431141,23,1962,963,999
431141,24,491,253,238
431141,25,1471,710,761
431141,39,57,32,25
431141,40,1414,678,736
431141,41,27,4,23
431141,42,27,4,23
431141,43,27,4,23
431141,45,27,4,23
431141,60,27,4,23
431169,1,117,36,81
431169,2,117,36,81
431169,3,117,36,81
431169,4,30,11,19
431169,5,87,25,62
431169,20,87,25,62
431169,21,117,36,81
431169,22,117,36,81
431169,23,117,36,81
431169,24,30,11,19
431169,25,87,25,62
431169,40,87,25,62
431187,1,45,39,6
431187,2,45,39,6
431187,3,45,39,6
431187,4,45,39,6
431187,21,45,39,6
431187,22,45,39,6
431187,23,45,39,6
431187,24,45,39,6
431196,1,143,17,126
431196,2,143,17,126
431196,3,143,17,126
431196,4,29,5,24
431196,5,114,12,102
431196,20,114,12,102
431196,21,143,17,126
431196,22,143,17,126
431196,23,143,17,126
431196,24,29,5,24
431196,25,114,12,102
431196,40,114,12,102
431202,1,69,4,65
431202,2,69,4,65
431202,3,69,4,65
431202,4,10,1,9
431202,5,59,3,56
431202,20,59,3,56
431202,41,69,4,65
431202,42,69,4,65
431202,43,69,4,65
431202,44,10,1,9
431202,45,59,3,56
431202,60,59,3,56
431266,1,91,3,88
431266,2,91,3,88
431266,3,91,3,88
431266,4,15,1,14
431266,5,76,2,74
431266,20,76,2,74
431266,21,35,1,34
431266,22,35,1,34
431266,23,35,1,34
431266,25,35,1,34
431266,40,35,1,34
431266,41,56,2,54
431266,42,56,2,54
431266,43,56,2,54
431266,44,15,1,14
431266,45,41,1,40
431266,60,41,1,40
431275,1,123,6,117
431275,2,123,6,117
431275,3,123,6,117
431275,4,35,0,35
431275,5,88,6,82
431275,20,88,6,82
431275,21,31,1,30
431275,22,31,1,30
431275,23,31,1,30
431275,24,10,0,10
431275,25,21,1,20
431275,40,21,1,20
431275,41,92,5,87
431275,42,92,5,87
431275,43,92,5,87
431275,44,25,0,25
431275,45,67,5,62
431275,60,67,5,62
431284,1,55,7,48
431284,2,55,7,48
431284,3,55,7,48
431284,4,12,1,11
431284,5,43,6,37
431284,20,43,6,37
431284,21,12,2,10
431284,22,12,2,10
431284,23,12,2,10
431284,24,2,0,2
431284,25,10,2,8
431284,40,10,2,8
431284,41,43,5,38
431284,42,43,5,38
431284,43,43,5,38
431284,44,10,1,9
431284,45,33,4,29
431284,60,33,4,29
431309,1,96,29,67
431309,2,96,29,67
431309,3,96,29,67
431309,4,45,15,30
431309,5,51,14,37
431309,20,51,14,37
431309,21,96,29,67
431309,22,96,29,67
431309,23,96,29,67
431309,24,45,15,30
431309,25,51,14,37
431309,40,51,14,37
431558,1,330,141,189
431558,2,330,141,189
431558,3,323,138,185
431558,4,155,69,86
431558,5,168,69,99
431558,11,7,3,4
431558,20,168,69,99
431558,21,330,141,189
431558,22,330,141,189
431558,23,323,138,185
431558,24,155,69,86
431558,25,168,69,99
431558,31,7,3,4
431558,40,168,69,99
431594,1,20,0,20
431594,12,20,0,20
431594,21,20,0,20
431594,32,20,0,20
431600,1,168,32,136
431600,2,168,32,136
431600,3,168,32,136
431600,4,15,5,10
431600,5,153,27,126
431600,20,153,27,126
431600,21,163,30,133
431600,22,163,30,133
431600,23,163,30,133
431600,24,15,5,10
431600,25,148,25,123
431600,40,148,25,123
431600,41,5,2,3
431600,42,5,2,3
431600,43,5,2,3
431600,45,5,2,3
431600,60,5,2,3
431637,1,812,256,556
431637,2,812,256,556
431637,3,812,256,556
431637,4,206,52,154
431637,5,606,204,402
431637,20,606,204,402
431637,21,525,146,379
431637,22,525,146,379
431637,23,525,146,379
431637,24,141,28,113
431637,25,384,118,266
431637,40,384,118,266
431637,41,287,110,177
431637,42,287,110,177
431637,43,287,110,177
431637,44,65,24,41
431637,45,222,86,136
431637,60,222,86,136
431691,1,36,5,31
431691,2,36,5,31
431691,3,36,5,31
431691,4,16,4,12
431691,5,20,1,19
431691,20,20,1,19
431691,21,36,5,31
431691,22,36,5,31
431691,23,36,5,31
431691,24,16,4,12
431691,25,20,1,19
431691,40,20,1,19
431707,1,31,2,29
431707,2,31,2,29
431707,3,31,2,29
431707,5,31,2,29
431707,20,31,2,29
431707,21,31,2,29
431707,22,31,2,29
431707,23,31,2,29
431707,25,31,2,29
431707,40,31,2,29
431716,1,522,297,225
431716,2,522,297,225
431716,3,522,297,225
431716,4,356,184,172
431716,5,166,113,53
431716,20,166,113,53
431716,21,522,297,225
431716,22,522,297,225
431716,23,522,297,225
431716,24,356,184,172
431716,25,166,113,53
431716,40,166,113,53
431770,1,55,3,52
431770,2,55,3,52
431770,3,55,3,52
431770,4,36,3,33
431770,5,19,0,19
431770,20,19,0,19
431770,21,20,1,19
431770,22,20,1,19
431770,23,20,1,19
431770,24,20,1,19
431770,41,35,2,33
431770,42,35,2,33
431770,43,35,2,33
431770,44,16,2,14
431770,45,19,0,19
431770,60,19,0,19
431877,1,30,5,25
431877,2,30,5,25
431877,3,30,5,25
431877,4,21,3,18
431877,5,9,2,7
431877,20,9,2,7
431877,21,10,3,7
431877,22,10,3,7
431877,23,10,3,7
431877,24,10,3,7
431877,41,20,2,18
431877,42,20,2,18
431877,43,20,2,18
431877,44,11,0,11
431877,45,9,2,7
431877,60,9,2,7
431886,1,625,104,521
431886,2,625,104,521
431886,3,620,102,518
431886,4,137,17,120
431886,5,483,85,398
431886,11,5,2,3
431886,19,28,6,22
431886,20,455,79,376
431886,21,625,104,521
431886,22,625,104,521
431886,23,620,102,518
431886,24,137,17,120
431886,25,483,85,398
431886,31,5,2,3
431886,39,28,6,22
431886,40,455,79,376
431929,1,243,63,180
431929,2,243,63,180
431929,3,243,63,180
431929,4,62,19,43
431929,5,181,44,137
431929,20,181,44,137
431929,21,237,61,176
431929,22,237,61,176
431929,23,237,61,176
431929,24,62,19,43
431929,25,175,42,133
431929,40,175,42,133
431929,41,6,2,4
431929,42,6,2,4
431929,43,6,2,4
431929,45,6,2,4
431929,60,6,2,4
431956,1,66,15,51
431956,2,66,15,51
431956,3,66,15,51
431956,4,28,5,23
431956,5,38,10,28
431956,20,38,10,28
431956,21,66,15,51
431956,22,66,15,51
431956,23,66,15,51
431956,24,28,5,23
431956,25,38,10,28
431956,40,38,10,28
431965,1,144,45,99
431965,2,144,45,99
431965,3,144,45,99
431965,4,89,27,62
431965,5,55,18,37
431965,20,55,18,37
431965,21,144,45,99
431965,22,144,45,99
431965,23,144,45,99
431965,24,89,27,62
431965,25,55,18,37
431965,40,55,18,37
431983,1,126,126,0
431983,2,126,126,0
431983,3,126,126,0
431983,4,37,37,0
431983,5,89,89,0
431983,19,2,2,0
431983,20,87,87,0
431983,21,126,126,0
431983,22,126,126,0
431983,23,126,126,0
431983,24,37,37,0
431983,25,89,89,0
431983,39,2,2,0
431983,40,87,87,0
432074,1,200,80,120
432074,2,200,80,120
432074,3,200,80,120
432074,4,130,57,73
432074,5,70,23,47
432074,20,70,23,47
432074,21,66,17,49
432074,22,66,17,49
432074,23,66,17,49
432074,24,42,14,28
432074,25,24,3,21
432074,40,24,3,21
432074,41,134,63,71
432074,42,134,63,71
432074,43,134,63,71
432074,44,88,43,45
432074,45,46,20,26
432074,60,46,20,26
432117,1,110,8,102
432117,2,110,8,102
432117,3,110,8,102
432117,4,12,2,10
432117,5,98,6,92
432117,20,98,6,92
432117,21,69,7,62
432117,22,69,7,62
432117,23,69,7,62
432117,24,10,2,8
432117,25,59,5,54
432117,40,59,5,54
432117,41,41,1,40
432117,42,41,1,40
432117,43,41,1,40
432117,44,2,0,2
432117,45,39,1,38
432117,60,39,1,38
432223,1,642,290,352
432223,2,566,246,320
432223,3,566,246,320
432223,4,8,2,6
432223,5,558,244,314
432223,12,76,44,32
432223,19,48,30,18
432223,20,510,214,296
432223,21,642,290,352
432223,22,566,246,320
432223,23,566,246,320
432223,24,8,2,6
432223,25,558,244,314
432223,32,76,44,32
432223,39,48,30,18
432223,40,510,214,296
432232,1,1560,704,856
432232,2,1308,595,713
432232,3,1308,595,713
432232,4,43,13,30
432232,5,1265,582,683
432232,12,252,109,143
432232,19,88,41,47
432232,20,1177,541,636
432232,21,1560,704,856
432232,22,1308,595,713
432232,23,1308,595,713
432232,24,43,13,30
432232,25,1265,582,683
432232,32,252,109,143
432232,39,88,41,47
432232,40,1177,541,636
432241,1,694,262,432
432241,2,639,239,400
432241,3,639,239,400
432241,4,11,3,8
432241,5,628,236,392
432241,12,55,23,32
432241,19,20,12,8
432241,20,608,224,384
432241,21,694,262,432
432241,22,639,239,400
432241,23,639,239,400
432241,24,11,3,8
432241,25,628,236,392
432241,32,55,23,32
432241,39,20,12,8
432241,40,608,224,384
432269,1,99,85,14
432269,2,99,85,14
432269,3,99,85,14
432269,4,39,34,5
432269,5,60,51,9
432269,20,60,51,9
432269,21,99,85,14
432269,22,99,85,14
432269,23,99,85,14
432269,24,39,34,5
432269,25,60,51,9
432269,40,60,51,9
432302,1,234,54,180
432302,2,234,54,180
432302,3,233,54,179
432302,4,54,13,41
432302,5,179,41,138
432302,11,1,0,1
432302,19,8,2,6
432302,20,171,39,132
432302,21,234,54,180
432302,22,234,54,180
432302,23,233,54,179
432302,24,54,13,41
432302,25,179,41,138
432302,31,1,0,1
432302,39,8,2,6
432302,40,171,39,132
432348,1,219,133,86
432348,12,219,133,86
432348,21,216,132,84
432348,32,216,132,84
432348,41,3,1,2
432348,52,3,1,2
432357,1,205,34,171
432357,12,205,34,171
432357,21,63,8,55
432357,32,63,8,55
432357,41,142,26,116
432357,52,142,26,116
432384,1,467,124,343
432384,2,467,124,343
432384,3,467,124,343
432384,4,40,12,28
432384,5,427,112,315
432384,19,38,9,29
432384,20,389,103,286
432384,21,467,124,343
432384,22,467,124,343
432384,23,467,124,343
432384,24,40,12,28
432384,25,427,112,315
432384,39,38,9,29
432384,40,389,103,286
432524,1,196,72,124
432524,2,196,72,124
432524,3,194,72,122
432524,4,91,28,63
432524,5,103,44,59
432524,11,2,0,2
432524,19,20,15,5
432524,20,83,29,54
432524,21,183,65,118
432524,22,183,65,118
432524,23,181,65,116
432524,24,87,25,62
432524,25,94,40,54
432524,31,2,0,2
432524,39,20,15,5
432524,40,74,25,49
432524,41,13,7,6
432524,42,13,7,6
432524,43,13,7,6
432524,44,4,3,1
432524,45,9,4,5
432524,60,9,4,5
432533,1,1808,1049,759
432533,2,1808,1049,759
432533,3,1807,1048,759
432533,4,371,220,151
432533,5,1436,828,608
432533,11,1,1,0
432533,19,206,98,108
432533,20,1230,730,500
432533,21,1250,716,534
432533,22,1250,716,534
432533,23,1250,716,534
432533,24,299,181,118
432533,25,951,535,416
432533,39,158,73,85
432533,40,793,462,331
432533,41,558,333,225
432533,42,558,333,225
432533,43,557,332,225
432533,44,72,39,33
432533,45,485,293,192
432533,51,1,1,0
432533,59,48,25,23
432533,60,437,268,169
433004,1,287,90,197
433004,2,280,86,194
433004,3,280,86,194
433004,4,3,2,1
433004,5,277,84,193
433004,12,7,4,3
433004,19,25,8,17
433004,20,252,76,176
433004,21,287,90,197
433004,22,280,86,194
433004,23,280,86,194
433004,24,3,2,1
433004,25,277,84,193
433004,32,7,4,3
433004,39,25,8,17
433004,40,252,76,176
433013,1,561,151,410
433013,2,561,151,410
433013,3,561,151,410
433013,4,48,12,36
433013,5,513,139,374
433013,19,50,17,33
433013,20,463,122,341
433013,21,552,150,402
433013,22,552,150,402
433013,23,552,150,402
433013,24,47,11,36
433013,25,505,139,366
433013,39,50,17,33
433013,40,455,122,333
433013,41,9,1,8
433013,42,9,1,8
433013,43,9,1,8
433013,44,1,1,0
433013,45,8,0,8
433013,60,8,0,8
433040,1,40,4,36
433040,2,40,4,36
433040,3,40,4,36
433040,4,39,3,36
433040,5,1,1,0
433040,20,1,1,0
433040,21,40,4,36
433040,22,40,4,36
433040,23,40,4,36
433040,24,39,3,36
433040,25,1,1,0
433040,40,1,1,0
433068,1,349,180,169
433068,2,349,180,169
433068,3,349,180,169
433068,4,154,72,82
433068,5,195,108,87
433068,20,195,108,87
433068,21,282,136,146
433068,22,282,136,146
433068,23,282,136,146
433068,24,111,51,60
433068,25,171,85,86
433068,40,171,85,86
433068,41,67,44,23
433068,42,67,44,23
433068,43,67,44,23
433068,44,43,21,22
433068,45,24,23,1
433068,60,24,23,1
433101,1,607,103,504
433101,2,607,103,504
433101,3,607,103,504
433101,4,161,28,133
433101,5,446,75,371
433101,20,446,75,371
433101,21,470,89,381
433101,22,470,89,381
433101,23,470,89,381
433101,24,119,24,95
433101,25,351,65,286
433101,40,351,65,286
433101,41,137,14,123
433101,42,137,14,123
433101,43,137,14,123
433101,44,42,4,38
433101,45,95,10,85
433101,60,95,10,85
433138,1,360,146,214
433138,2,360,146,214
433138,3,352,143,209
433138,4,131,57,74
433138,5,221,86,135
433138,11,8,3,5
433138,20,221,86,135
433138,21,248,82,166
433138,22,248,82,166
433138,23,246,82,164
433138,24,71,22,49
433138,25,175,60,115
433138,31,2,0,2
433138,40,175,60,115
433138,41,112,64,48
433138,42,112,64,48
433138,43,106,61,45
433138,44,60,35,25
433138,45,46,26,20
433138,51,6,3,3
433138,60,46,26,20
433165,1,4,2,2
433165,2,4,2,2
433165,3,4,2,2
433165,5,4,2,2
433165,20,4,2,2
433165,21,4,2,2
433165,22,4,2,2
433165,23,4,2,2
433165,25,4,2,2
433165,40,4,2,2
433174,1,449,57,392
433174,2,449,57,392
433174,3,445,57,388
433174,4,24,5,19
433174,5,421,52,369
433174,11,4,0,4
433174,19,152,13,139
433174,20,269,39,230
433174,21,81,16,65
433174,22,81,16,65
433174,23,81,16,65
433174,24,3,1,2
433174,25,78,15,63
433174,39,27,3,24
433174,40,51,12,39
433174,41,368,41,327
433174,42,368,41,327
433174,43,364,41,323
433174,44,21,4,17
433174,45,343,37,306
433174,51,4,0,4
433174,59,125,10,115
433174,60,218,27,191
433217,1,7,3,4
433217,12,7,3,4
433217,21,7,3,4
433217,32,7,3,4
433387,1,46733,18984,27749
433387,2,35493,14729,20764
433387,3,35493,14729,20764
433387,4,52,34,18
433387,5,35441,14695,20746
433387,12,11240,4255,6985
433387,19,33554,13802,19752
433387,20,1887,893,994
433387,21,46733,18984,27749
433387,22,35493,14729,20764
433387,23,35493,14729,20764
433387,24,52,34,18
433387,25,35441,14695,20746
433387,32,11240,4255,6985
433387,39,33554,13802,19752
433387,40,1887,893,994
433420,1,349,54,295
433420,2,339,49,290
433420,3,339,49,290
433420,4,25,2,23
433420,5,314,47,267
433420,12,10,5,5
433420,19,211,28,183
433420,20,103,19,84
433420,21,349,54,295
433420,22,339,49,290
433420,23,339,49,290
433420,24,25,2,23
433420,25,314,47,267
433420,32,10,5,5
433420,39,211,28,183
433420,40,103,19,84
433466,1,943,163,780
433466,2,943,163,780
433466,3,943,163,780
433466,4,207,34,173
433466,5,736,129,607
433466,20,736,129,607
433466,21,859,132,727
433466,22,859,132,727
433466,23,859,132,727
433466,24,182,27,155
433466,25,677,105,572
433466,40,677,105,572
433466,41,84,31,53
433466,42,84,31,53
433466,43,84,31,53
433466,44,25,7,18
433466,45,59,24,35
433466,60,59,24,35
433536,1,329,47,282
433536,2,316,44,272
433536,3,305,44,261
433536,4,24,3,21
433536,5,281,41,240
433536,11,11,0,11
433536,12,13,3,10
433536,19,5,0,5
433536,20,276,41,235
433536,21,194,30,164
433536,22,189,30,159
433536,23,189,30,159
433536,24,18,2,16
433536,25,171,28,143
433536,32,5,0,5
433536,39,2,0,2
433536,40,169,28,141
433536,41,135,17,118
433536,42,127,14,113
433536,43,116,14,102
433536,44,6,1,5
433536,45,110,13,97
433536,51,11,0,11
433536,52,8,3,5
433536,59,3,0,3
433536,60,107,13,94
433563,1,159,80,79
433563,2,159,80,79
433563,3,156,80,76
433563,4,23,13,10
433563,5,133,67,66
433563,11,3,0,3
433563,19,24,7,17
433563,20,109,60,49
433563,21,120,66,54
433563,22,120,66,54
433563,23,120,66,54
433563,24,23,13,10
433563,25,97,53,44
433563,39,21,7,14
433563,40,76,46,30
433563,41,39,14,25
433563,42,39,14,25
433563,43,36,14,22
433563,45,36,14,22
433563,51,3,0,3
433563,59,3,0,3
433563,60,33,14,19
433660,1,14077,6111,7966
433660,2,12907,5735,7172
433660,3,12795,5693,7102
433660,4,2739,1155,1584
433660,5,10056,4538,5518
433660,11,112,42,70
433660,12,1170,376,794
433660,19,1160,524,636
433660,20,8896,4014,4882
433660,21,10539,4566,5973
433660,22,10151,4433,5718
433660,23,10132,4424,5708
433660,24,2668,1124,1544
433660,25,7464,3300,4164
433660,31,19,9,10
433660,32,388,133,255
433660,39,744,350,394
433660,40,6720,2950,3770
433660,41,3538,1545,1993
433660,42,2756,1302,1454
433660,43,2663,1269,1394
433660,44,71,31,40
433660,45,2592,1238,1354
433660,51,93,33,60
433660,52,782,243,539
433660,59,416,174,242
433660,60,2176,1064,1112
433970,1,254,24,230
433970,2,254,24,230
433970,3,254,24,230
433970,4,164,14,150
433970,5,90,10,80
433970,20,90,10,80
433970,21,193,20,173
433970,22,193,20,173
433970,23,193,20,173
433970,24,121,10,111
433970,25,72,10,62
433970,40,72,10,62
433970,41,61,4,57
433970,42,61,4,57
433970,43,61,4,57
433970,44,43,4,39
433970,45,18,0,18
433970,60,18,0,18
434016,1,144,49,95
434016,2,144,49,95
434016,3,132,43,89
434016,4,25,12,13
434016,5,107,31,76
434016,11,12,6,6
434016,19,5,2,3
434016,20,102,29,73
434016,21,73,29,44
434016,22,73,29,44
434016,23,73,29,44
434016,24,18,9,9
434016,25,55,20,35
434016,39,2,1,1
434016,40,53,19,34
434016,41,71,20,51
434016,42,71,20,51
434016,43,59,14,45
434016,44,7,3,4
434016,45,52,11,41
434016,51,12,6,6
434016,59,3,1,2
434016,60,49,10,39
434034,1,623,430,193
434034,2,623,430,193
434034,3,498,352,146
434034,4,10,6,4
434034,5,488,346,142
434034,11,125,78,47
434034,19,119,78,41
434034,20,369,268,101
434034,21,33,27,6
434034,22,33,27,6
434034,23,33,27,6
434034,24,1,0,1
434034,25,32,27,5
434034,39,8,7,1
434034,40,24,20,4
434034,41,590,403,187
434034,42,590,403,187
434034,43,465,325,140
434034,44,9,6,3
434034,45,456,319,137
434034,51,125,78,47
434034,59,111,71,40
434034,60,345,248,97
434052,1,652,451,201
434052,2,652,451,201
434052,3,652,451,201
434052,4,81,59,22
434052,5,571,392,179
434052,19,25,10,15
434052,20,546,382,164
434052,21,469,363,106
434052,22,469,363,106
434052,23,469,363,106
434052,24,71,55,16
434052,25,398,308,90
434052,39,12,7,5
434052,40,386,301,85
434052,41,183,88,95
434052,42,183,88,95
434052,43,183,88,95
434052,44,10,4,6
434052,45,173,84,89
434052,59,13,3,10
434052,60,160,81,79
434061,1,4593,1873,2720
434061,2,4593,1873,2720
434061,3,3277,1334,1943
434061,4,1027,417,610
434061,5,2250,917,1333
434061,11,1316,539,777
434061,19,469,185,284
434061,20,1781,732,1049
434061,21,2235,906,1329
434061,22,2235,906,1329
434061,23,2054,833,1221
434061,24,779,323,456
434061,25,1275,510,765
434061,31,181,73,108
434061,39,261,108,153
434061,40,1014,402,612
434061,41,2358,967,1391
434061,42,2358,967,1391
434061,43,1223,501,722
434061,44,248,94,154
434061,45,975,407,568
434061,51,1135,466,669
434061,59,208,77,131
434061,60,767,330,437
434140,1,927,258,669
434140,2,927,258,669
434140,3,900,246,654
434140,4,301,75,226
434140,5,599,171,428
434140,11,27,12,15
434140,20,599,171,428
434140,21,927,258,669
434140,22,927,258,669
434140,23,900,246,654
434140,24,301,75,226
434140,25,599,171,428
434140,31,27,12,15
434140,40,599,171,428
434159,1,267,180,87
434159,2,267,180,87
434159,3,267,180,87
434159,4,72,50,22
434159,5,195,130,65
434159,20,195,130,65
434159,21,267,180,87
434159,22,267,180,87
434159,23,267,180,87
434159,24,72,50,22
434159,25,195,130,65
434159,40,195,130,65
434274,1,99,33,66
434274,2,99,33,66
434274,3,99,33,66
434274,4,75,26,49
434274,5,24,7,17
434274,20,24,7,17
434274,21,57,20,37
434274,22,57,20,37
434274,23,57,20,37
434274,24,53,16,37
434274,25,4,4,0
434274,40,4,4,0
434274,41,42,13,29
434274,42,42,13,29
434274,43,42,13,29
434274,44,22,10,12
434274,45,20,3,17
434274,60,20,3,17
434283,1,86,5,81
434283,2,86,5,81
434283,3,86,5,81
434283,4,24,5,19
434283,5,62,0,62
434283,20,62,0,62
434283,21,86,5,81
434283,22,86,5,81
434283,23,86,5,81
434283,24,24,5,19
434283,25,62,0,62
434283,40,62,0,62
434308,1,312,64,248
434308,2,312,64,248
434308,3,312,64,248
434308,4,139,25,114
434308,5,173,39,134
434308,20,173,39,134
434308,21,183,35,148
434308,22,183,35,148
434308,23,183,35,148
434308,24,98,20,78
434308,25,85,15,70
434308,40,85,15,70
434308,41,129,29,100
434308,42,129,29,100
434308,43,129,29,100
434308,44,41,5,36
434308,45,88,24,64
434308,60,88,24,64
434317,1,1317,308,1009
434317,2,1317,308,1009
434317,3,1317,308,1009
434317,4,401,90,311
434317,5,916,218,698
434317,20,916,218,698
434317,21,1317,308,1009
434317,22,1317,308,1009
434317,23,1317,308,1009
434317,24,401,90,311
434317,25,916,218,698
434317,40,916,218,698
434344,1,58,4,54
434344,2,58,4,54
434344,3,58,4,54
434344,4,2,0,2
434344,5,56,4,52
434344,20,56,4,52
434344,21,58,4,54
434344,22,58,4,54
434344,23,58,4,54
434344,24,2,0,2
434344,25,56,4,52
434344,40,56,4,52
434362,1,43,43,0
434362,2,43,43,0
434362,3,43,43,0
434362,4,33,33,0
434362,5,10,10,0
434362,20,10,10,0
434362,21,43,43,0
434362,22,43,43,0
434362,23,43,43,0
434362,24,33,33,0
434362,25,10,10,0
434362,40,10,10,0
434380,1,51,4,47
434380,2,51,4,47
434380,3,51,4,47
434380,4,40,4,36
434380,5,11,0,11
434380,20,11,0,11
434380,21,51,4,47
434380,22,51,4,47
434380,23,51,4,47
434380,24,40,4,36
434380,25,11,0,11
434380,40,11,0,11
434414,1,1662,749,913
434414,2,1662,749,913
434414,3,1642,744,898
434414,4,661,244,417
434414,5,981,500,481
434414,11,20,5,15
434414,19,301,142,159
434414,20,680,358,322
434414,21,1262,555,707
434414,22,1262,555,707
434414,23,1262,555,707
434414,24,497,188,309
434414,25,765,367,398
434414,39,244,117,127
434414,40,521,250,271
434414,41,400,194,206
434414,42,400,194,206
434414,43,380,189,191
434414,44,164,56,108
434414,45,216,133,83
434414,51,20,5,15
434414,59,57,25,32
434414,60,159,108,51
434432,1,23,4,19
434432,2,23,4,19
434432,3,23,4,19
434432,4,10,1,9
434432,5,13,3,10
434432,19,13,3,10
434432,21,23,4,19
434432,22,23,4,19
434432,23,23,4,19
434432,24,10,1,9
434432,25,13,3,10
434432,39,13,3,10
434441,1,147,41,106
434441,12,147,41,106
434441,21,147,41,106
434441,32,147,41,106
434469,1,67,9,58
434469,2,67,9,58
434469,3,67,9,58
434469,4,34,8,26
434469,5,33,1,32
434469,20,33,1,32
434469,21,29,4,25
434469,22,29,4,25
434469,23,29,4,25
434469,24,14,4,10
434469,25,15,0,15
434469,40,15,0,15
434469,41,38,5,33
434469,42,38,5,33
434469,43,38,5,33
434469,44,20,4,16
434469,45,18,1,17
434469,60,18,1,17
434496,1,58,2,56
434496,2,58,2,56
434496,3,58,2,56
434496,4,55,2,53
434496,5,3,0,3
434496,20,3,0,3
434496,21,58,2,56
434496,22,58,2,56
434496,23,58,2,56
434496,24,55,2,53
434496,25,3,0,3
434496,40,3,0,3
434502,1,129,13,116
434502,2,129,13,116
434502,3,129,13,116
434502,4,13,2,11
434502,5,116,11,105
434502,20,116,11,105
434502,21,129,13,116
434502,22,129,13,116
434502,23,129,13,116
434502,24,13,2,11
434502,25,116,11,105
434502,40,116,11,105
434520,1,541,158,383
434520,2,541,158,383
434520,3,541,158,383
434520,4,430,128,302
434520,5,111,30,81
434520,20,111,30,81
434520,21,371,111,260
434520,22,371,111,260
434520,23,371,111,260
434520,24,295,92,203
434520,25,76,19,57
434520,40,76,19,57
434520,41,170,47,123
434520,42,170,47,123
434520,43,170,47,123
434520,44,135,36,99
434520,45,35,11,24
434520,60,35,11,24
434539,1,283,102,181
434539,2,283,102,181
434539,3,283,102,181
434539,4,22,10,12
434539,5,261,92,169
434539,19,17,8,9
434539,20,244,84,160
434539,21,207,76,131
434539,22,207,76,131
434539,23,207,76,131
434539,24,19,8,11
434539,25,188,68,120
434539,39,14,7,7
434539,40,174,61,113
434539,41,76,26,50
434539,42,76,26,50
434539,43,76,26,50
434539,44,3,2,1
434539,45,73,24,49
434539,59,3,1,2
434539,60,70,23,47
434548,1,291,259,32
434548,2,291,259,32
434548,3,291,259,32
434548,4,34,32,2
434548,5,257,227,30
434548,19,14,9,5
434548,20,243,218,25
434548,21,208,181,27
434548,22,208,181,27
434548,23,208,181,27
434548,24,29,28,1
434548,25,179,153,26
434548,39,12,7,5
434548,40,167,146,21
434548,41,83,78,5
434548,42,83,78,5
434548,43,83,78,5
434548,44,5,4,1
434548,45,78,74,4
434548,59,2,2,0
434548,60,76,72,4
434557,1,336,276,60
434557,2,336,276,60
434557,3,336,276,60
434557,4,47,43,4
434557,5,289,233,56
434557,19,9,6,3
434557,20,280,227,53
434557,21,255,209,46
434557,22,255,209,46
434557,23,255,209,46
434557,24,42,39,3
434557,25,213,170,43
434557,39,6,5,1
434557,40,207,165,42
434557,41,81,67,14
434557,42,81,67,14
434557,43,81,67,14
434557,44,5,4,1
434557,45,76,63,13
434557,59,3,1,2
434557,60,73,62,11
434566,1,253,224,29
434566,2,253,224,29
434566,3,253,224,29
434566,4,48,44,4
434566,5,205,180,25
434566,19,3,3,0
434566,20,202,177,25
434566,21,201,175,26
434566,22,201,175,26
434566,23,201,175,26
434566,24,42,38,4
434566,25,159,137,22
434566,39,3,3,0
434566,40,156,134,22
434566,41,52,49,3
434566,42,52,49,3
434566,43,52,49,3
434566,44,6,6,0
434566,45,46,43,3
434566,60,46,43,3
434575,1,278,229,49
434575,2,278,229,49
434575,3,278,229,49
434575,4,44,34,10
434575,5,234,195,39
434575,19,5,5,0
434575,20,229,190,39
434575,21,223,189,34
434575,22,223,189,34
434575,23,223,189,34
434575,24,41,33,8
434575,25,182,156,26
434575,39,4,4,0
434575,40,178,152,26
434575,41,55,40,15
434575,42,55,40,15
434575,43,55,40,15
434575,44,3,1,2
434575,45,52,39,13
434575,59,1,1,0
434575,60,51,38,13
434584,1,257,96,161
434584,2,257,96,161
434584,3,102,30,72
434584,4,30,11,19
434584,5,72,19,53
434584,11,155,66,89
434584,19,8,3,5
434584,20,64,16,48
434584,21,50,16,34
434584,22,50,16,34
434584,23,39,16,23
434584,24,21,9,12
434584,25,18,7,11
434584,31,11,0,11
434584,39,2,2,0
434584,40,16,5,11
434584,41,207,80,127
434584,42,207,80,127
434584,43,63,14,49
434584,44,9,2,7
434584,45,54,12,42
434584,51,144,66,78
434584,59,6,1,5
434584,60,48,11,37
434672,1,23981,9502,14479
434672,2,23981,9502,14479
434672,3,22657,9013,13644
434672,4,4940,2257,2683
434672,5,17717,6756,10961
434672,11,1324,489,835
434672,19,2008,873,1135
434672,20,15709,5883,9826
434672,21,7983,3753,4230
434672,22,7983,3753,4230
434672,23,7760,3661,4099
434672,24,2508,1228,1280
434672,25,5252,2433,2819
434672,31,223,92,131
434672,39,839,437,402
434672,40,4413,1996,2417
434672,41,15998,5749,10249
434672,42,15998,5749,10249
434672,43,14897,5352,9545
434672,44,2432,1029,1403
434672,45,12465,4323,8142
434672,51,1101,397,704
434672,59,1169,436,733
434672,60,11296,3887,7409
434690,1,299,296,3
434690,2,299,296,3
434690,3,299,296,3
434690,4,126,126,0
434690,5,173,170,3
434690,20,173,170,3
434690,21,283,280,3
434690,22,283,280,3
434690,23,283,280,3
434690,24,122,122,0
434690,25,161,158,3
434690,40,161,158,3
434690,41,16,16,0
434690,42,16,16,0
434690,43,16,16,0
434690,44,4,4,0
434690,45,12,12,0
434690,60,12,12,0
434715,1,1279,562,717
434715,12,1279,562,717
434715,21,1109,487,622
434715,32,1109,487,622
434715,41,170,75,95
434715,52,170,75,95
434751,1,60,14,46
434751,2,60,14,46
434751,3,58,14,44
434751,4,11,3,8
434751,5,47,11,36
434751,11,2,0,2
434751,19,4,1,3
434751,20,43,10,33
434751,21,36,13,23
434751,22,36,13,23
434751,23,36,13,23
434751,24,7,3,4
434751,25,29,10,19
434751,39,2,1,1
434751,40,27,9,18
434751,41,24,1,23
434751,42,24,1,23
434751,43,22,1,21
434751,44,4,0,4
434751,45,18,1,17
434751,51,2,0,2
434751,59,2,0,2
434751,60,16,1,15
434812,1,43,4,39
434812,2,43,4,39
434812,3,43,4,39
434812,4,6,0,6
434812,5,37,4,33
434812,20,37,4,33
434812,21,9,2,7
434812,22,9,2,7
434812,23,9,2,7
434812,25,9,2,7
434812,40,9,2,7
434812,41,34,2,32
434812,42,34,2,32
434812,43,34,2,32
434812,44,6,0,6
434812,45,28,2,26
434812,60,28,2,26
434821,1,603,61,542
434821,2,603,61,542
434821,3,603,61,542
434821,4,147,9,138
434821,5,456,52,404
434821,20,456,52,404
434821,21,388,35,353
434821,22,388,35,353
434821,23,388,35,353
434821,24,109,7,102
434821,25,279,28,251
434821,40,279,28,251
434821,41,215,26,189
434821,42,215,26,189
434821,43,215,26,189
434821,44,38,2,36
434821,45,177,24,153
434821,60,177,24,153
434830,1,181,6,175
434830,2,181,6,175
434830,3,181,6,175
434830,4,87,4,83
434830,5,94,2,92
434830,20,94,2,92
434830,21,113,3,110
434830,22,113,3,110
434830,23,113,3,110
434830,24,54,2,52
434830,25,59,1,58
434830,40,59,1,58
434830,41,68,3,65
434830,42,68,3,65
434830,43,68,3,65
434830,44,33,2,31
434830,45,35,1,34
434830,60,35,1,34
434900,1,1031,344,687
434900,2,1031,344,687
434900,3,1031,344,687
434900,4,505,210,295
434900,5,526,134,392
434900,20,526,134,392
434900,21,1031,344,687
434900,22,1031,344,687
434900,23,1031,344,687
434900,24,505,210,295
434900,25,526,134,392
434900,40,526,134,392
434937,1,45,45,0
434937,2,45,45,0
434937,3,23,23,0
434937,4,1,1,0
434937,5,22,22,0
434937,11,22,22,0
434937,19,8,8,0
434937,20,14,14,0
434937,21,45,45,0
434937,22,45,45,0
434937,23,23,23,0
434937,24,1,1,0
434937,25,22,22,0
434937,31,22,22,0
434937,39,8,8,0
434937,40,14,14,0
434946,1,1364,496,868
434946,2,1080,404,676
434946,3,1080,404,676
434946,4,33,11,22
434946,5,1047,393,654
434946,12,284,92,192
434946,19,93,44,49
434946,20,954,349,605
434946,21,1364,496,868
434946,22,1080,404,676
434946,23,1080,404,676
434946,24,33,11,22
434946,25,1047,393,654
434946,32,284,92,192
434946,39,93,44,49
434946,40,954,349,605
434955,1,1238,673,565
434955,2,1028,572,456
434955,3,1028,572,456
434955,4,29,13,16
434955,5,999,559,440
434955,12,210,101,109
434955,19,112,73,39
434955,20,887,486,401
434955,21,1238,673,565
434955,22,1028,572,456
434955,23,1028,572,456
434955,24,29,13,16
434955,25,999,559,440
434955,32,210,101,109
434955,39,112,73,39
434955,40,887,486,401
434973,1,560,326,234
434973,2,479,284,195
434973,3,479,284,195
434973,4,7,4,3
434973,5,472,280,192
434973,12,81,42,39
434973,19,38,25,13
434973,20,434,255,179
434973,21,560,326,234
434973,22,479,284,195
434973,23,479,284,195
434973,24,7,4,3
434973,25,472,280,192
434973,32,81,42,39
434973,39,38,25,13
434973,40,434,255,179
434982,1,868,302,566
434982,2,794,264,530
434982,3,794,264,530
434982,4,25,2,23
434982,5,769,262,507
434982,12,74,38,36
434982,19,41,14,27
434982,20,728,248,480
434982,21,868,302,566
434982,22,794,264,530
434982,23,794,264,530
434982,24,25,2,23
434982,25,769,262,507
434982,32,74,38,36
434982,39,41,14,27
434982,40,728,248,480
435000,1,856,357,499
435000,2,44,12,32
435000,3,44,12,32
435000,5,44,12,32
435000,12,812,345,467
435000,19,7,2,5
435000,20,37,10,27
435000,21,816,348,468
435000,22,43,12,31
435000,23,43,12,31
435000,25,43,12,31
435000,32,773,336,437
435000,39,6,2,4
435000,40,37,10,27
435000,41,40,9,31
435000,42,1,0,1
435000,43,1,0,1
435000,45,1,0,1
435000,52,39,9,30
435000,59,1,0,1
436003,1,161,18,143
436003,2,161,18,143
436003,3,161,18,143
436003,4,66,5,61
436003,5,95,13,82
436003,20,95,13,82
436003,21,111,14,97
436003,22,111,14,97
436003,23,111,14,97
436003,24,39,4,35
436003,25,72,10,62
436003,40,72,10,62
436003,41,50,4,46
436003,42,50,4,46
436003,43,50,4,46
436003,44,27,1,26
436003,45,23,3,20
436003,60,23,3,20
436012,1,711,46,665
436012,2,711,46,665
436012,3,711,46,665
436012,4,109,6,103
436012,5,602,40,562
436012,20,602,40,562
436012,21,711,46,665
436012,22,711,46,665
436012,23,711,46,665
436012,24,109,6,103
436012,25,602,40,562
436012,40,602,40,562
436021,1,23,1,22
436021,12,23,1,22
436021,21,23,1,22
436021,32,23,1,22
436030,1,39,0,39
436030,2,39,0,39
436030,3,39,0,39
436030,4,26,0,26
436030,5,13,0,13
436030,20,13,0,13
436030,21,13,0,13
436030,22,13,0,13
436030,23,13,0,13
436030,24,10,0,10
436030,25,3,0,3
436030,40,3,0,3
436030,41,26,0,26
436030,42,26,0,26
436030,43,26,0,26
436030,44,16,0,16
436030,45,10,0,10
436030,60,10,0,10
436067,1,47,2,45
436067,2,47,2,45
436067,3,47,2,45
436067,4,12,0,12
436067,5,35,2,33
436067,20,35,2,33
436067,21,47,2,45
436067,22,47,2,45
436067,23,47,2,45
436067,24,12,0,12
436067,25,35,2,33
436067,40,35,2,33
436094,1,743,219,524
436094,2,223,76,147
436094,3,219,76,143
436094,4,20,8,12
436094,5,199,68,131
436094,11,4,0,4
436094,12,520,143,377
436094,19,44,18,26
436094,20,155,50,105
436094,21,251,70,181
436094,22,100,36,64
436094,23,97,36,61
436094,24,9,3,6
436094,25,88,33,55
436094,31,3,0,3
436094,32,151,34,117
436094,39,17,9,8
436094,40,71,24,47
436094,41,492,149,343
436094,42,123,40,83
436094,43,122,40,82
436094,44,11,5,6
436094,45,111,35,76
436094,51,1,0,1
436094,52,369,109,260
436094,59,27,9,18
436094,60,84,26,58
436100,1,34,2,32
436100,2,34,2,32
436100,3,34,2,32
436100,4,27,1,26
436100,5,7,1,6
436100,20,7,1,6
436100,21,34,2,32
436100,22,34,2,32
436100,23,34,2,32
436100,24,27,1,26
436100,25,7,1,6
436100,40,7,1,6
436182,1,231,54,177
436182,2,231,54,177
436182,3,231,54,177
436182,4,31,11,20
436182,5,200,43,157
436182,19,18,5,13
436182,20,182,38,144
436182,21,231,54,177
436182,22,231,54,177
436182,23,231,54,177
436182,24,31,11,20
436182,25,200,43,157
436182,39,18,5,13
436182,40,182,38,144
436191,1,624,337,287
436191,2,624,337,287
436191,3,624,337,287
436191,4,60,31,29
436191,5,564,306,258
436191,19,64,26,38
436191,20,500,280,220
436191,21,624,337,287
436191,22,624,337,287
436191,23,624,337,287
436191,24,60,31,29
436191,25,564,306,258
436191,39,64,26,38
436191,40,500,280,220
436225,1,491,132,359
436225,2,491,132,359
436225,3,491,132,359
436225,4,231,56,175
436225,5,260,76,184
436225,20,260,76,184
436225,21,491,132,359
436225,22,491,132,359
436225,23,491,132,359
436225,24,231,56,175
436225,25,260,76,184
436225,40,260,76,184
436261,1,138,42,96
436261,12,138,42,96
436261,21,113,33,80
436261,32,113,33,80
436261,41,25,9,16
436261,52,25,9,16
436270,1,158,41,117
436270,2,158,41,117
436270,3,158,41,117
436270,4,62,9,53
436270,5,96,32,64
436270,20,96,32,64
436270,21,83,22,61
436270,22,83,22,61
436270,23,83,22,61
436270,24,32,3,29
436270,25,51,19,32
436270,40,51,19,32
436270,41,75,19,56
436270,42,75,19,56
436270,43,75,19,56
436270,44,30,6,24
436270,45,45,13,32
436270,60,45,13,32
436304,1,3146,1313,1833
436304,2,3146,1313,1833
436304,3,1602,717,885
436304,4,333,161,172
436304,5,1269,556,713
436304,11,1544,596,948
436304,19,215,85,130
436304,20,1054,471,583
436304,21,853,387,466
436304,22,853,387,466
436304,23,809,360,449
436304,24,229,110,119
436304,25,580,250,330
436304,31,44,27,17
436304,39,104,46,58
436304,40,476,204,272
436304,41,2293,926,1367
436304,42,2293,926,1367
436304,43,793,357,436
436304,44,104,51,53
436304,45,689,306,383
436304,51,1500,569,931
436304,59,111,39,72
436304,60,578,267,311
436429,1,2218,1891,327
436429,2,2218,1891,327
436429,3,2218,1891,327
436429,4,467,385,82
436429,5,1751,1506,245
436429,20,1751,1506,245
436429,21,2218,1891,327
436429,22,2218,1891,327
436429,23,2218,1891,327
436429,24,467,385,82
436429,25,1751,1506,245
436429,40,1751,1506,245
436438,1,673,226,447
436438,2,251,107,144
436438,3,250,107,143
436438,4,17,8,9
436438,5,233,99,134
436438,11,1,0,1
436438,12,422,119,303
436438,19,33,13,20
436438,20,200,86,114
436438,21,244,75,169
436438,22,101,42,59
436438,23,101,42,59
436438,24,6,1,5
436438,25,95,41,54
436438,32,143,33,110
436438,39,14,5,9
436438,40,81,36,45
436438,41,429,151,278
436438,42,150,65,85
436438,43,149,65,84
436438,44,11,7,4
436438,45,138,58,80
436438,51,1,0,1
436438,52,279,86,193
436438,59,19,8,11
436438,60,119,50,69
436465,1,307,64,243
436465,2,307,64,243
436465,3,307,64,243
436465,4,129,27,102
436465,5,178,37,141
436465,20,178,37,141
436465,21,307,64,243
436465,22,307,64,243
436465,23,307,64,243
436465,24,129,27,102
436465,25,178,37,141
436465,40,178,37,141
436483,1,509,160,349
436483,2,509,160,349
436483,3,509,160,349
436483,4,30,11,19
436483,5,479,149,330
436483,19,109,38,71
436483,20,370,111,259
436483,21,88,22,66
436483,22,88,22,66
436483,23,88,22,66
436483,24,1,0,1
436483,25,87,22,65
436483,39,9,3,6
436483,40,78,19,59
436483,41,421,138,283
436483,42,421,138,283
436483,43,421,138,283
436483,44,29,11,18
436483,45,392,127,265
436483,59,100,35,65
436483,60,292,92,200
436553,1,225,60,165
436553,2,225,60,165
436553,3,225,60,165
436553,4,13,3,10
436553,5,212,57,155
436553,20,212,57,155
436553,21,225,60,165
436553,22,225,60,165
436553,23,225,60,165
436553,24,13,3,10
436553,25,212,57,155
436553,40,212,57,155
436599,1,76,31,45
436599,2,76,31,45
436599,3,76,31,45
436599,4,19,5,14
436599,5,57,26,31
436599,20,57,26,31
436599,21,10,5,5
436599,22,10,5,5
436599,23,10,5,5
436599,24,2,0,2
436599,25,8,5,3
436599,40,8,5,3
436599,41,66,26,40
436599,42,66,26,40
436599,43,66,26,40
436599,44,17,5,12
436599,45,49,21,28
436599,60,49,21,28
436614,1,61,41,20
436614,2,46,26,20
436614,3,43,26,17
436614,4,10,7,3
436614,5,33,19,14
436614,11,3,0,3
436614,12,15,15,0
436614,19,4,3,1
436614,20,29,16,13
436614,21,32,23,9
436614,22,29,20,9
436614,23,29,20,9
436614,24,10,7,3
436614,25,19,13,6
436614,32,3,3,0
436614,39,3,2,1
436614,40,16,11,5
436614,41,29,18,11
436614,42,17,6,11
436614,43,14,6,8
436614,45,14,6,8
436614,51,3,0,3
436614,52,12,12,0
436614,59,1,1,0
436614,60,13,5,8
436632,1,163,15,148
436632,2,163,15,148
436632,3,163,15,148
436632,4,50,6,44
436632,5,113,9,104
436632,20,113,9,104
436632,21,99,10,89
436632,22,99,10,89
436632,23,99,10,89
436632,24,31,4,27
436632,25,68,6,62
436632,40,68,6,62
436632,41,64,5,59
436632,42,64,5,59
436632,43,64,5,59
436632,44,19,2,17
436632,45,45,3,42
436632,60,45,3,42
436641,1,175,36,139
436641,2,175,36,139
436641,3,175,36,139
436641,4,44,6,38
436641,5,131,30,101
436641,20,131,30,101
436641,21,148,34,114
436641,22,148,34,114
436641,23,148,34,114
436641,24,38,6,32
436641,25,110,28,82
436641,40,110,28,82
436641,41,27,2,25
436641,42,27,2,25
436641,43,27,2,25
436641,44,6,0,6
436641,45,21,2,19
436641,60,21,2,19
436650,1,98,7,91
436650,2,98,7,91
436650,3,98,7,91
436650,4,21,2,19
436650,5,77,5,72
436650,20,77,5,72
436650,21,98,7,91
436650,22,98,7,91
436650,23,98,7,91
436650,24,21,2,19
436650,25,77,5,72
436650,40,77,5,72
436702,1,801,138,663
436702,2,801,138,663
436702,3,801,138,663
436702,4,237,41,196
436702,5,564,97,467
436702,19,30,2,28
436702,20,534,95,439
436702,21,239,31,208
436702,22,239,31,208
436702,23,239,31,208
436702,24,103,9,94
436702,25,136,22,114
436702,39,8,1,7
436702,40,128,21,107
436702,41,562,107,455
436702,42,562,107,455
436702,43,562,107,455
436702,44,134,32,102
436702,45,428,75,353
436702,59,22,1,21
436702,60,406,74,332
436775,1,192,11,181
436775,2,192,11,181
436775,3,192,11,181
436775,4,55,1,54
436775,5,137,10,127
436775,20,137,10,127
436775,21,192,11,181
436775,22,192,11,181
436775,23,192,11,181
436775,24,55,1,54
436775,25,137,10,127
436775,40,137,10,127
436818,1,2518,1176,1342
436818,2,2518,1176,1342
436818,3,2382,1097,1285
436818,4,661,333,328
436818,5,1721,764,957
436818,11,136,79,57
436818,19,165,70,95
436818,20,1556,694,862
436818,21,1966,911,1055
436818,22,1966,911,1055
436818,23,1960,908,1052
436818,24,639,323,316
436818,25,1321,585,736
436818,31,6,3,3
436818,39,119,53,66
436818,40,1202,532,670
436818,41,552,265,287
436818,42,552,265,287
436818,43,422,189,233
436818,44,22,10,12
436818,45,400,179,221
436818,51,130,76,54
436818,59,46,17,29
436818,60,354,162,192
436827,1,682,342,340
436827,2,682,342,340
436827,3,645,320,325
436827,4,212,122,90
436827,5,433,198,235
436827,11,37,22,15
436827,19,57,30,27
436827,20,376,168,208
436827,21,539,274,265
436827,22,539,274,265
436827,23,533,269,264
436827,24,209,121,88
436827,25,324,148,176
436827,31,6,5,1
436827,39,41,23,18
436827,40,283,125,158
436827,41,143,68,75
436827,42,143,68,75
436827,43,112,51,61
436827,44,3,1,2
436827,45,109,50,59
436827,51,31,17,14
436827,59,16,7,9
436827,60,93,43,50
436836,1,1363,635,728
436836,2,1363,635,728
436836,3,1224,548,676
436836,4,231,113,118
436836,5,993,435,558
436836,11,139,87,52
436836,19,119,40,79
436836,20,874,395,479
436836,21,924,425,499
436836,22,924,425,499
436836,23,923,425,498
436836,24,222,111,111
436836,25,701,314,387
436836,31,1,0,1
436836,39,81,29,52
436836,40,620,285,335
436836,41,439,210,229
436836,42,439,210,229
436836,43,301,123,178
436836,44,9,2,7
436836,45,292,121,171
436836,51,138,87,51
436836,59,38,11,27
436836,60,254,110,144
437042,1,470,371,99
437042,2,470,371,99
437042,3,470,371,99
437042,4,104,84,20
437042,5,366,287,79
437042,19,1,1,0
437042,20,365,286,79
437042,21,397,310,87
437042,22,397,310,87
437042,23,397,310,87
437042,24,96,76,20
437042,25,301,234,67
437042,39,1,1,0
437042,40,300,233,67
437042,41,73,61,12
437042,42,73,61,12
437042,43,73,61,12
437042,44,8,8,0
437042,45,65,53,12
437042,60,65,53,12
437051,1,573,434,139
437051,2,573,434,139
437051,3,573,434,139
437051,4,96,69,27
437051,5,477,365,112
437051,19,11,9,2
437051,20,466,356,110
437051,21,477,359,118
437051,22,477,359,118
437051,23,477,359,118
437051,24,88,65,23
437051,25,389,294,95
437051,39,10,8,2
437051,40,379,286,93
437051,41,96,75,21
437051,42,96,75,21
437051,43,96,75,21
437051,44,8,4,4
437051,45,88,71,17
437051,59,1,1,0
437051,60,87,70,17
437060,1,280,161,119
437060,2,280,161,119
437060,3,280,161,119
437060,4,37,22,15
437060,5,243,139,104
437060,19,24,11,13
437060,20,219,128,91
437060,21,280,161,119
437060,22,280,161,119
437060,23,280,161,119
437060,24,37,22,15
437060,25,243,139,104
437060,39,24,11,13
437060,40,219,128,91
437097,1,1044,768,276
437097,2,785,567,218
437097,3,781,563,218
437097,4,5,2,3
437097,5,776,561,215
437097,11,4,4,0
437097,12,259,201,58
437097,19,160,118,42
437097,20,616,443,173
437097,21,963,717,246
437097,22,741,537,204
437097,23,737,533,204
437097,24,5,2,3
437097,25,732,531,201
437097,31,4,4,0
437097,32,222,180,42
437097,39,159,118,41
437097,40,573,413,160
437097,41,81,51,30
437097,42,44,30,14
437097,43,44,30,14
437097,45,44,30,14
437097,52,37,21,16
437097,59,1,0,1
437097,60,43,30,13
437103,1,8043,3425,4618
437103,2,8043,3425,4618
437103,3,7263,3123,4140
437103,4,1790,865,925
437103,5,5473,2258,3215
437103,11,780,302,478
437103,19,974,390,584
437103,20,4499,1868,2631
437103,21,4216,1973,2243
437103,22,4216,1973,2243
437103,23,4139,1943,2196
437103,24,1385,690,695
437103,25,2754,1253,1501
437103,31,77,30,47
437103,39,604,272,332
437103,40,2150,981,1169
437103,41,3827,1452,2375
437103,42,3827,1452,2375
437103,43,3124,1180,1944
437103,44,405,175,230
437103,45,2719,1005,1714
437103,51,703,272,431
437103,59,370,118,252
437103,60,2349,887,1462
437219,1,492,416,76
437219,2,492,416,76
437219,3,492,416,76
437219,4,70,54,16
437219,5,422,362,60
437219,19,12,11,1
437219,20,410,351,59
437219,21,415,351,64
437219,22,415,351,64
437219,23,415,351,64
437219,24,64,49,15
437219,25,351,302,49
437219,39,8,7,1
437219,40,343,295,48
437219,41,77,65,12
437219,42,77,65,12
437219,43,77,65,12
437219,44,6,5,1
437219,45,71,60,11
437219,59,4,4,0
437219,60,67,56,11
437237,1,71,68,3
437237,2,71,68,3
437237,3,71,68,3
437237,4,53,51,2
437237,5,18,17,1
437237,20,18,17,1
437237,21,71,68,3
437237,22,71,68,3
437237,23,71,68,3
437237,24,53,51,2
437237,25,18,17,1
437237,40,18,17,1
437316,1,344,64,280
437316,2,344,64,280
437316,3,344,64,280
437316,5,344,64,280
437316,19,76,7,69
437316,20,268,57,211
437316,21,332,62,270
437316,22,332,62,270
437316,23,332,62,270
437316,25,332,62,270
437316,39,76,7,69
437316,40,256,55,201
437316,41,12,2,10
437316,42,12,2,10
437316,43,12,2,10
437316,45,12,2,10
437316,60,12,2,10
437325,1,515,95,420
437325,2,466,81,385
437325,3,446,78,368
437325,5,446,78,368
437325,11,20,3,17
437325,12,49,14,35
437325,19,84,13,71
437325,20,362,65,297
437325,21,66,18,48
437325,22,65,18,47
437325,23,64,18,46
437325,25,64,18,46
437325,31,1,0,1
437325,32,1,0,1
437325,39,15,4,11
437325,40,49,14,35
437325,41,449,77,372
437325,42,401,63,338
437325,43,382,60,322
437325,45,382,60,322
437325,51,19,3,16
437325,52,48,14,34
437325,59,69,9,60
437325,60,313,51,262
437501,1,75,24,51
437501,2,75,24,51
437501,3,75,24,51
437501,4,25,8,17
437501,5,50,16,34
437501,20,50,16,34
437501,21,75,24,51
437501,22,75,24,51
437501,23,75,24,51
437501,24,25,8,17
437501,25,50,16,34
437501,40,50,16,34
437529,1,355,124,231
437529,2,355,124,231
437529,3,355,124,231
437529,4,273,102,171
437529,5,82,22,60
437529,20,82,22,60
437529,21,232,80,152
437529,22,232,80,152
437529,23,232,80,152
437529,24,177,66,111
437529,25,55,14,41
437529,40,55,14,41
437529,41,123,44,79
437529,42,123,44,79
437529,43,123,44,79
437529,44,96,36,60
437529,45,27,8,19
437529,60,27,8,19
437556,1,464,189,275
437556,2,464,189,275
437556,3,464,189,275
437556,4,155,53,102
437556,5,309,136,173
437556,20,309,136,173
437556,21,464,189,275
437556,22,464,189,275
437556,23,464,189,275
437556,24,155,53,102
437556,25,309,136,173
437556,40,309,136,173
437608,1,164,78,86
437608,2,164,78,86
437608,3,164,78,86
437608,4,121,55,66
437608,5,43,23,20
437608,20,43,23,20
437608,21,164,78,86
437608,22,164,78,86
437608,23,164,78,86
437608,24,121,55,66
437608,25,43,23,20
437608,40,43,23,20
437635,1,223,59,164
437635,2,223,59,164
437635,3,223,59,164
437635,4,221,59,162
437635,5,2,0,2
437635,19,1,0,1
437635,20,1,0,1
437635,21,223,59,164
437635,22,223,59,164
437635,23,223,59,164
437635,24,221,59,162
437635,25,2,0,2
437635,39,1,0,1
437635,40,1,0,1
437653,1,79,30,49
437653,2,79,30,49
437653,3,79,30,49
437653,4,56,23,33
437653,5,23,7,16
437653,20,23,7,16
437653,21,78,29,49
437653,22,78,29,49
437653,23,78,29,49
437653,24,56,23,33
437653,25,22,6,16
437653,40,22,6,16
437653,41,1,1,0
437653,42,1,1,0
437653,43,1,1,0
437653,45,1,1,0
437653,60,1,1,0
437662,1,3265,988,2277
437662,2,3265,988,2277
437662,3,3265,988,2277
437662,4,558,138,420
437662,5,2707,850,1857
437662,19,4,1,3
437662,20,2703,849,1854
437662,21,3002,933,2069
437662,22,3002,933,2069
437662,23,3002,933,2069
437662,24,438,112,326
437662,25,2564,821,1743
437662,39,1,0,1
437662,40,2563,821,1742
437662,41,263,55,208
437662,42,263,55,208
437662,43,263,55,208
437662,44,120,26,94
437662,45,143,29,114
437662,59,3,1,2
437662,60,140,28,112
437705,1,11,0,11
437705,2,11,0,11
437705,3,11,0,11
437705,4,5,0,5
437705,5,6,0,6
437705,20,6,0,6
437705,21,9,0,9
437705,22,9,0,9
437705,23,9,0,9
437705,24,5,0,5
437705,25,4,0,4
437705,40,4,0,4
437705,41,2,0,2
437705,42,2,0,2
437705,43,2,0,2
437705,45,2,0,2
437705,60,2,0,2
437732,1,169,28,141
437732,2,169,28,141
437732,3,169,28,141
437732,4,61,8,53
437732,5,108,20,88
437732,20,108,20,88
437732,21,84,11,73
437732,22,84,11,73
437732,23,84,11,73
437732,24,61,8,53
437732,25,23,3,20
437732,40,23,3,20
437732,41,85,17,68
437732,42,85,17,68
437732,43,85,17,68
437732,45,85,17,68
437732,60,85,17,68
437750,1,265,244,21
437750,2,265,244,21
437750,3,265,244,21
437750,4,70,64,6
437750,5,195,180,15
437750,20,195,180,15
437750,21,265,244,21
437750,22,265,244,21
437750,23,265,244,21
437750,24,70,64,6
437750,25,195,180,15
437750,40,195,180,15
437769,1,172,11,161
437769,2,172,11,161
437769,3,172,11,161
437769,4,16,2,14
437769,5,156,9,147
437769,20,156,9,147
437769,21,172,11,161
437769,22,172,11,161
437769,23,172,11,161
437769,24,16,2,14
437769,25,156,9,147
437769,40,156,9,147
437778,1,314,24,290
437778,2,314,24,290
437778,3,314,24,290
437778,4,119,8,111
437778,5,195,16,179
437778,20,195,16,179
437778,21,314,24,290
437778,22,314,24,290
437778,23,314,24,290
437778,24,119,8,111
437778,25,195,16,179
437778,40,195,16,179
437848,1,772,403,369
437848,2,772,403,369
437848,3,772,403,369
437848,4,71,33,38
437848,5,701,370,331
437848,20,701,370,331
437848,21,564,289,275
437848,22,564,289,275
437848,23,564,289,275
437848,24,69,32,37
437848,25,495,257,238
437848,40,495,257,238
437848,41,208,114,94
437848,42,208,114,94
437848,43,208,114,94
437848,44,2,1,1
437848,45,206,113,93
437848,60,206,113,93
437857,1,138,2,136
437857,2,138,2,136
437857,3,138,2,136
437857,4,49,2,47
437857,5,89,0,89
437857,20,89,0,89
437857,21,112,2,110
437857,22,112,2,110
437857,23,112,2,110
437857,24,46,2,44
437857,25,66,0,66
437857,40,66,0,66
437857,41,26,0,26
437857,42,26,0,26
437857,43,26,0,26
437857,44,3,0,3
437857,45,23,0,23
437857,60,23,0,23
437884,1,30,25,5
437884,2,30,25,5
437884,3,30,25,5
437884,4,10,8,2
437884,5,20,17,3
437884,20,20,17,3
437884,21,30,25,5
437884,22,30,25,5
437884,23,30,25,5
437884,24,10,8,2
437884,25,20,17,3
437884,40,20,17,3
437927,1,49,8,41
437927,2,49,8,41
437927,3,49,8,41
437927,5,49,8,41
437927,20,49,8,41
437927,21,49,8,41
437927,22,49,8,41
437927,23,49,8,41
437927,25,49,8,41
437927,40,49,8,41
437936,1,693,96,597
437936,2,693,96,597
437936,3,693,96,597
437936,4,55,7,48
437936,5,638,89,549
437936,19,115,13,102
437936,20,523,76,447
437936,21,662,94,568
437936,22,662,94,568
437936,23,662,94,568
437936,24,55,7,48
437936,25,607,87,520
437936,39,113,13,100
437936,40,494,74,420
437936,41,31,2,29
437936,42,31,2,29
437936,43,31,2,29
437936,45,31,2,29
437936,59,2,0,2
437936,60,29,2,27
438151,1,2541,988,1553
438151,2,2382,919,1463
438151,3,2382,919,1463
438151,4,104,40,64
438151,5,2278,879,1399
438151,12,159,69,90
438151,19,88,35,53
438151,20,2190,844,1346
438151,21,2541,988,1553
438151,22,2382,919,1463
438151,23,2382,919,1463
438151,24,104,40,64
438151,25,2278,879,1399
438151,32,159,69,90
438151,39,88,35,53
438151,40,2190,844,1346
438179,1,420,128,292
438179,2,420,128,292
438179,3,420,128,292
438179,4,158,44,114
438179,5,262,84,178
438179,20,262,84,178
438179,21,420,128,292
438179,22,420,128,292
438179,23,420,128,292
438179,24,158,44,114
438179,25,262,84,178
438179,40,262,84,178
438197,1,406,63,343
438197,2,406,63,343
438197,3,406,63,343
438197,4,72,11,61
438197,5,334,52,282
438197,20,334,52,282
438197,21,406,63,343
438197,22,406,63,343
438197,23,406,63,343
438197,24,72,11,61
438197,25,334,52,282
438197,40,334,52,282
438212,1,3544,940,2604
438212,2,3544,940,2604
438212,3,3544,940,2604
438212,4,645,168,477
438212,5,2899,772,2127
438212,19,219,47,172
438212,20,2680,725,1955
438212,21,2272,593,1679
438212,22,2272,593,1679
438212,23,2272,593,1679
438212,24,453,120,333
438212,25,1819,473,1346
438212,39,151,30,121
438212,40,1668,443,1225
438212,41,1272,347,925
438212,42,1272,347,925
438212,43,1272,347,925
438212,44,192,48,144
438212,45,1080,299,781
438212,59,68,17,51
438212,60,1012,282,730
438258,1,589,123,466
438258,2,589,123,466
438258,3,589,123,466
438258,4,50,11,39
438258,5,539,112,427
438258,19,100,23,77
438258,20,439,89,350
438258,21,512,96,416
438258,22,512,96,416
438258,23,512,96,416
438258,24,42,8,34
438258,25,470,88,382
438258,39,64,6,58
438258,40,406,82,324
438258,41,77,27,50
438258,42,77,27,50
438258,43,77,27,50
438258,44,8,3,5
438258,45,69,24,45
438258,59,36,17,19
438258,60,33,7,26
438267,1,376,121,255
438267,2,376,121,255
438267,3,376,121,255
438267,4,249,98,151
438267,5,127,23,104
438267,20,127,23,104
438267,21,376,121,255
438267,22,376,121,255
438267,23,376,121,255
438267,24,249,98,151
438267,25,127,23,104
438267,40,127,23,104
438285,1,380,48,332
438285,2,380,48,332
438285,3,380,48,332
438285,4,127,14,113
438285,5,253,34,219
438285,19,1,1,0
438285,20,252,33,219
438285,21,380,48,332
438285,22,380,48,332
438285,23,380,48,332
438285,24,127,14,113
438285,25,253,34,219
438285,39,1,1,0
438285,40,252,33,219
438294,1,127,21,106
438294,2,127,21,106
438294,3,127,21,106
438294,4,42,5,37
438294,5,85,16,69
438294,19,7,0,7
438294,20,78,16,62
438294,21,127,21,106
438294,22,127,21,106
438294,23,127,21,106
438294,24,42,5,37
438294,25,85,16,69
438294,39,7,0,7
438294,40,78,16,62
438337,1,188,45,143
438337,2,188,45,143
438337,3,188,45,143
438337,4,181,43,138
438337,5,7,2,5
438337,20,7,2,5
438337,21,153,38,115
438337,22,153,38,115
438337,23,153,38,115
438337,24,147,36,111
438337,25,6,2,4
438337,40,6,2,4
438337,41,35,7,28
438337,42,35,7,28
438337,43,35,7,28
438337,44,34,7,27
438337,45,1,0,1
438337,60,1,0,1
438416,1,306,88,218
438416,2,271,77,194
438416,3,271,77,194
438416,5,271,77,194
438416,12,35,11,24
438416,20,271,77,194
438416,21,306,88,218
438416,22,271,77,194
438416,23,271,77,194
438416,25,271,77,194
438416,32,35,11,24
438416,40,271,77,194
438498,1,2825,1037,1788
438498,2,2279,778,1501
438498,3,2271,774,1497
438498,4,211,81,130
438498,5,2060,693,1367
438498,11,8,4,4
438498,12,546,259,287
438498,19,137,34,103
438498,20,1923,659,1264
438498,21,810,397,413
438498,22,432,207,225
438498,23,432,207,225
438498,24,32,19,13
438498,25,400,188,212
438498,32,378,190,188
438498,39,33,14,19
438498,40,367,174,193
438498,41,2015,640,1375
438498,42,1847,571,1276
438498,43,1839,567,1272
438498,44,179,62,117
438498,45,1660,505,1155
438498,51,8,4,4
438498,52,168,69,99
438498,59,104,20,84
438498,60,1556,485,1071
438504,1,2466,2401,65
438504,2,2466,2401,65
438504,3,2466,2401,65
438504,4,466,455,11
438504,5,2000,1946,54
438504,20,2000,1946,54
438504,21,2466,2401,65
438504,22,2466,2401,65
438504,23,2466,2401,65
438504,24,466,455,11
438504,25,2000,1946,54
438504,40,2000,1946,54
438586,1,1103,439,664
438586,2,1003,409,594
438586,3,1002,408,594
438586,4,129,61,68
438586,5,873,347,526
438586,11,1,1,0
438586,12,100,30,70
438586,19,80,19,61
438586,20,793,328,465
438586,21,378,148,230
438586,22,340,138,202
438586,23,340,138,202
438586,24,38,20,18
438586,25,302,118,184
438586,32,38,10,28
438586,39,26,10,16
438586,40,276,108,168
438586,41,725,291,434
438586,42,663,271,392
438586,43,662,270,392
438586,44,91,41,50
438586,45,571,229,342
438586,51,1,1,0
438586,52,62,20,42
438586,59,54,9,45
438586,60,517,220,297
438601,1,164,88,76
438601,2,148,81,67
438601,3,148,81,67
438601,5,148,81,67
438601,12,16,7,9
438601,20,148,81,67
438601,21,104,58,46
438601,22,101,56,45
438601,23,101,56,45
438601,25,101,56,45
438601,32,3,2,1
438601,40,101,56,45
438601,41,60,30,30
438601,42,47,25,22
438601,43,47,25,22
438601,45,47,25,22
438601,52,13,5,8
438601,60,47,25,22
438610,1,739,237,502
438610,2,713,224,489
438610,3,713,224,489
438610,4,46,12,34
438610,5,667,212,455
438610,12,26,13,13
438610,19,40,13,27
438610,20,627,199,428
438610,21,739,237,502
438610,22,713,224,489
438610,23,713,224,489
438610,24,46,12,34
438610,25,667,212,455
438610,32,26,13,13
438610,39,40,13,27
438610,40,627,199,428
438629,1,43,18,25
438629,2,37,14,23
438629,3,37,14,23
438629,5,37,14,23
438629,12,6,4,2
438629,20,37,14,23
438629,21,43,18,25
438629,22,37,14,23
438629,23,37,14,23
438629,25,37,14,23
438629,32,6,4,2
438629,40,37,14,23
438647,1,840,267,573
438647,2,840,267,573
438647,3,840,267,573
438647,4,129,39,90
438647,5,711,228,483
438647,19,74,15,59
438647,20,637,213,424
438647,21,779,242,537
438647,22,779,242,537
438647,23,779,242,537
438647,24,128,38,90
438647,25,651,204,447
438647,39,69,14,55
438647,40,582,190,392
438647,41,61,25,36
438647,42,61,25,36
438647,43,61,25,36
438647,44,1,1,0
438647,45,60,24,36
438647,59,5,1,4
438647,60,55,23,32
438656,1,501,91,410
438656,2,501,91,410
438656,3,501,91,410
438656,4,123,29,94
438656,5,378,62,316
438656,20,378,62,316
438656,21,501,91,410
438656,22,501,91,410
438656,23,501,91,410
438656,24,123,29,94
438656,25,378,62,316
438656,40,378,62,316
438674,1,79,22,57
438674,2,79,22,57
438674,3,79,22,57
438674,4,9,3,6
438674,5,70,19,51
438674,20,70,19,51
438674,21,79,22,57
438674,22,79,22,57
438674,23,79,22,57
438674,24,9,3,6
438674,25,70,19,51
438674,40,70,19,51
438708,1,867,225,642
438708,2,867,225,642
438708,3,544,142,402
438708,4,85,35,50
438708,5,459,107,352
438708,11,323,83,240
438708,19,84,19,65
438708,20,375,88,287
438708,21,293,85,208
438708,22,293,85,208
438708,23,287,84,203
438708,24,55,24,31
438708,25,232,60,172
438708,31,6,1,5
438708,39,58,16,42
438708,40,174,44,130
438708,41,574,140,434
438708,42,574,140,434
438708,43,257,58,199
438708,44,30,11,19
438708,45,227,47,180
438708,51,317,82,235
438708,59,26,3,23
438708,60,201,44,157
438735,1,157,146,11
438735,2,157,146,11
438735,3,157,146,11
438735,4,36,35,1
438735,5,121,111,10
438735,20,121,111,10
438735,21,148,138,10
438735,22,148,138,10
438735,23,148,138,10
438735,24,34,34,0
438735,25,114,104,10
438735,40,114,104,10
438735,41,9,8,1
438735,42,9,8,1
438735,43,9,8,1
438735,44,2,1,1
438735,45,7,7,0
438735,60,7,7,0
438805,1,696,279,417
438805,2,696,279,417
438805,3,696,279,417
438805,4,668,260,408
438805,5,28,19,9
438805,20,28,19,9
438805,21,570,244,326
438805,22,570,244,326
438805,23,570,244,326
438805,24,543,226,317
438805,25,27,18,9
438805,40,27,18,9
438805,41,126,35,91
438805,42,126,35,91
438805,43,126,35,91
438805,44,125,34,91
438805,45,1,1,0
438805,60,1,1,0
438869,1,229,34,195
438869,2,229,34,195
438869,3,229,34,195
438869,4,85,12,73
438869,5,144,22,122
438869,19,2,1,1
438869,20,142,21,121
438869,21,229,34,195
438869,22,229,34,195
438869,23,229,34,195
438869,24,85,12,73
438869,25,144,22,122
438869,39,2,1,1
438869,40,142,21,121
438902,1,665,157,508
438902,2,604,138,466
438902,3,604,138,466
438902,4,60,4,56
438902,5,544,134,410
438902,12,61,19,42
438902,19,57,13,44
438902,20,487,121,366
438902,21,501,106,395
438902,22,496,104,392
438902,23,496,104,392
438902,24,60,4,56
438902,25,436,100,336
438902,32,5,2,3
438902,39,46,10,36
438902,40,390,90,300
438902,41,164,51,113
438902,42,108,34,74
438902,43,108,34,74
438902,45,108,34,74
438902,52,56,17,39
438902,59,11,3,8
438902,60,97,31,66
438984,1,161,73,88
438984,2,161,73,88
438984,3,161,73,88
438984,4,76,38,38
438984,5,85,35,50
438984,20,85,35,50
438984,21,157,72,85
438984,22,157,72,85
438984,23,157,72,85
438984,24,75,38,37
438984,25,82,34,48
438984,40,82,34,48
438984,41,4,1,3
438984,42,4,1,3
438984,43,4,1,3
438984,44,1,0,1
438984,45,3,1,2
438984,60,3,1,2
439020,1,107,23,84
439020,2,31,7,24
439020,3,31,7,24
439020,5,31,7,24
439020,12,76,16,60
439020,19,2,1,1
439020,20,29,6,23
439020,21,74,19,55
439020,22,14,5,9
439020,23,14,5,9
439020,25,14,5,9
439020,32,60,14,46
439020,39,2,1,1
439020,40,12,4,8
439020,41,33,4,29
439020,42,17,2,15
439020,43,17,2,15
439020,45,17,2,15
439020,52,16,2,14
439020,60,17,2,15
439039,1,205,72,133
439039,2,205,72,133
439039,3,205,72,133
439039,4,40,12,28
439039,5,165,60,105
439039,20,165,60,105
439039,21,134,39,95
439039,22,134,39,95
439039,23,134,39,95
439039,24,33,8,25
439039,25,101,31,70
439039,40,101,31,70
439039,41,71,33,38
439039,42,71,33,38
439039,43,71,33,38
439039,44,7,4,3
439039,45,64,29,35
439039,60,64,29,35
439057,1,365,153,212
439057,2,153,72,81
439057,3,153,72,81
439057,4,18,11,7
439057,5,135,61,74
439057,12,212,81,131
439057,19,42,14,28
439057,20,93,47,46
439057,21,73,27,46
439057,22,42,20,22
439057,23,42,20,22
439057,24,1,1,0
439057,25,41,19,22
439057,32,31,7,24
439057,39,11,6,5
439057,40,30,13,17
439057,41,292,126,166
439057,42,111,52,59
439057,43,111,52,59
439057,44,17,10,7
439057,45,94,42,52
439057,52,181,74,107
439057,59,31,8,23
439057,60,63,34,29
439118,1,538,90,448
439118,2,538,90,448
439118,3,538,90,448
439118,4,71,12,59
439118,5,467,78,389
439118,19,81,11,70
439118,20,386,67,319
439118,21,538,90,448
439118,22,538,90,448
439118,23,538,90,448
439118,24,71,12,59
439118,25,467,78,389
439118,39,81,11,70
439118,40,386,67,319
439127,1,262,17,245
439127,2,262,17,245
439127,3,262,17,245
439127,4,83,5,78
439127,5,179,12,167
439127,19,18,2,16
439127,20,161,10,151
439127,21,262,17,245
439127,22,262,17,245
439127,23,262,17,245
439127,24,83,5,78
439127,25,179,12,167
439127,39,18,2,16
439127,40,161,10,151
439136,1,403,368,35
439136,2,403,368,35
439136,3,403,368,35
439136,4,62,56,6
439136,5,341,312,29
439136,20,341,312,29
439136,21,313,286,27
439136,22,313,286,27
439136,23,313,286,27
439136,24,57,52,5
439136,25,256,234,22
439136,40,256,234,22
439136,41,90,82,8
439136,42,90,82,8
439136,43,90,82,8
439136,44,5,4,1
439136,45,85,78,7
439136,60,85,78,7
439145,1,3396,1344,2052
439145,2,3396,1344,2052
439145,3,2731,1071,1660
439145,4,448,218,230
439145,5,2283,853,1430
439145,11,665,273,392
439145,19,599,196,403
439145,20,1684,657,1027
439145,21,1518,647,871
439145,22,1518,647,871
439145,23,1278,547,731
439145,24,253,125,128
439145,25,1025,422,603
439145,31,240,100,140
439145,39,215,86,129
439145,40,810,336,474
439145,41,1878,697,1181
439145,42,1878,697,1181
439145,43,1453,524,929
439145,44,195,93,102
439145,45,1258,431,827
439145,51,425,173,252
439145,59,384,110,274
439145,60,874,321,553
439190,1,2821,1460,1361
439190,2,2821,1460,1361
439190,3,2177,1126,1051
439190,4,381,213,168
439190,5,1796,913,883
439190,11,644,334,310
439190,19,620,340,280
439190,20,1176,573,603
439190,21,1539,823,716
439190,22,1539,823,716
439190,23,1239,657,582
439190,24,275,158,117
439190,25,964,499,465
439190,31,300,166,134
439190,39,307,173,134
439190,40,657,326,331
439190,41,1282,637,645
439190,42,1282,637,645
439190,43,938,469,469
439190,44,106,55,51
439190,45,832,414,418
439190,51,344,168,176
439190,59,313,167,146
439190,60,519,247,272
439279,1,575,182,393
439279,2,542,168,374
439279,3,542,168,374
439279,4,41,14,27
439279,5,501,154,347
439279,12,33,14,19
439279,19,46,9,37
439279,20,455,145,310
439279,21,575,182,393
439279,22,542,168,374
439279,23,542,168,374
439279,24,41,14,27
439279,25,501,154,347
439279,32,33,14,19
439279,39,46,9,37
439279,40,455,145,310
439288,1,1529,621,908
439288,2,1506,617,889
439288,3,1506,617,889
439288,4,337,124,213
439288,5,1169,493,676
439288,12,23,4,19
439288,19,132,59,73
439288,20,1037,434,603
439288,21,1393,565,828
439288,22,1373,563,810
439288,23,1373,563,810
439288,24,327,121,206
439288,25,1046,442,604
439288,32,20,2,18
439288,39,113,51,62
439288,40,933,391,542
439288,41,136,56,80
439288,42,133,54,79
439288,43,133,54,79
439288,44,10,3,7
439288,45,123,51,72
439288,52,3,2,1
439288,59,19,8,11
439288,60,104,43,61
439297,1,385,102,283
439297,2,333,88,245
439297,3,333,88,245
439297,4,18,6,12
439297,5,315,82,233
439297,12,52,14,38
439297,19,31,3,28
439297,20,284,79,205
439297,21,385,102,283
439297,22,333,88,245
439297,23,333,88,245
439297,24,18,6,12
439297,25,315,82,233
439297,32,52,14,38
439297,39,31,3,28
439297,40,284,79,205
439303,1,88,7,81
439303,2,88,7,81
439303,3,88,7,81
439303,4,13,1,12
439303,5,75,6,69
439303,19,6,0,6
439303,20,69,6,63
439303,21,75,5,70
439303,22,75,5,70
439303,23,75,5,70
439303,24,13,1,12
439303,25,62,4,58
439303,39,6,0,6
439303,40,56,4,52
439303,41,13,2,11
439303,42,13,2,11
439303,43,13,2,11
439303,45,13,2,11
439303,60,13,2,11
439312,1,40,12,28
439312,2,40,12,28
439312,3,40,12,28
439312,4,5,2,3
439312,5,35,10,25
439312,19,3,0,3
439312,20,32,10,22
439312,21,29,8,21
439312,22,29,8,21
439312,23,29,8,21
439312,24,5,2,3
439312,25,24,6,18
439312,39,3,0,3
439312,40,21,6,15
439312,41,11,4,7
439312,42,11,4,7
439312,43,11,4,7
439312,45,11,4,7
439312,60,11,4,7
439367,1,230,85,145
439367,2,230,85,145
439367,3,230,85,145
439367,4,67,27,40
439367,5,163,58,105
439367,19,1,1,0
439367,20,162,57,105
439367,21,230,85,145
439367,22,230,85,145
439367,23,230,85,145
439367,24,67,27,40
439367,25,163,58,105
439367,39,1,1,0
439367,40,162,57,105
439394,1,125,23,102
439394,2,2,1,1
439394,11,2,1,1
439394,12,123,22,101
439394,21,125,23,102
439394,22,2,1,1
439394,31,2,1,1
439394,32,123,22,101
439400,1,66,45,21
439400,2,66,45,21
439400,3,66,45,21
439400,4,26,16,10
439400,5,40,29,11
439400,20,40,29,11
439400,21,38,24,14
439400,22,38,24,14
439400,23,38,24,14
439400,24,16,9,7
439400,25,22,15,7
439400,40,22,15,7
439400,41,28,21,7
439400,42,28,21,7
439400,43,28,21,7
439400,44,10,7,3
439400,45,18,14,4
439400,60,18,14,4
439437,1,231,32,199
439437,2,231,32,199
439437,3,231,32,199
439437,4,55,8,47
439437,5,176,24,152
439437,20,176,24,152
439437,21,231,32,199
439437,22,231,32,199
439437,23,231,32,199
439437,24,55,8,47
439437,25,176,24,152
439437,40,176,24,152
439446,1,142,32,110
439446,2,27,12,15
439446,3,27,12,15
439446,5,27,12,15
439446,12,115,20,95
439446,20,27,12,15
439446,21,142,32,110
439446,22,27,12,15
439446,23,27,12,15
439446,25,27,12,15
439446,32,115,20,95
439446,40,27,12,15
439455,1,504,41,463
439455,2,504,41,463
439455,3,504,41,463
439455,4,167,20,147
439455,5,337,21,316
439455,20,337,21,316
439455,21,388,26,362
439455,22,388,26,362
439455,23,388,26,362
439455,24,129,12,117
439455,25,259,14,245
439455,40,259,14,245
439455,41,116,15,101
439455,42,116,15,101
439455,43,116,15,101
439455,44,38,8,30
439455,45,78,7,71
439455,60,78,7,71
439473,1,294,109,185
439473,2,294,109,185
439473,3,294,109,185
439473,4,94,42,52
439473,5,200,67,133
439473,20,200,67,133
439473,21,162,62,100
439473,22,162,62,100
439473,23,162,62,100
439473,24,50,22,28
439473,25,112,40,72
439473,40,112,40,72
439473,41,132,47,85
439473,42,132,47,85
439473,43,132,47,85
439473,44,44,20,24
439473,45,88,27,61
439473,60,88,27,61
439482,1,320,17,303
439482,2,320,17,303
439482,3,320,17,303
439482,4,66,6,60
439482,5,254,11,243
439482,20,254,11,243
439482,21,186,10,176
439482,22,186,10,176
439482,23,186,10,176
439482,24,42,5,37
439482,25,144,5,139
439482,40,144,5,139
439482,41,134,7,127
439482,42,134,7,127
439482,43,134,7,127
439482,44,24,1,23
439482,45,110,6,104
439482,60,110,6,104
439491,1,291,36,255
439491,2,291,36,255
439491,3,291,36,255
439491,4,230,32,198
439491,5,61,4,57
439491,20,61,4,57
439491,21,291,36,255
439491,22,291,36,255
439491,23,291,36,255
439491,24,230,32,198
439491,25,61,4,57
439491,40,61,4,57
439507,1,355,44,311
439507,2,355,44,311
439507,3,355,44,311
439507,4,221,22,199
439507,5,134,22,112
439507,20,134,22,112
439507,21,355,44,311
439507,22,355,44,311
439507,23,355,44,311
439507,24,221,22,199
439507,25,134,22,112
439507,40,134,22,112
439525,1,285,55,230
439525,2,285,55,230
439525,3,285,55,230
439525,4,89,11,78
439525,5,196,44,152
439525,19,181,42,139
439525,20,15,2,13
439525,21,285,55,230
439525,22,285,55,230
439525,23,285,55,230
439525,24,89,11,78
439525,25,196,44,152
439525,39,181,42,139
439525,40,15,2,13
439570,1,587,57,530
439570,2,587,57,530
439570,3,587,57,530
439570,4,175,20,155
439570,5,412,37,375
439570,20,412,37,375
439570,21,587,57,530
439570,22,587,57,530
439570,23,587,57,530
439570,24,175,20,155
439570,25,412,37,375
439570,40,412,37,375
439589,1,302,11,291
439589,2,302,11,291
439589,3,302,11,291
439589,4,85,2,83
439589,5,217,9,208
439589,20,217,9,208
439589,21,215,8,207
439589,22,215,8,207
439589,23,215,8,207
439589,24,63,2,61
439589,25,152,6,146
439589,40,152,6,146
439589,41,87,3,84
439589,42,87,3,84
439589,43,87,3,84
439589,44,22,0,22
439589,45,65,3,62
439589,60,65,3,62
439613,1,257,136,121
439613,2,257,136,121
439613,3,219,119,100
439613,4,41,25,16
439613,5,178,94,84
439613,11,38,17,21
439613,19,64,28,36
439613,20,114,66,48
439613,21,139,83,56
439613,22,139,83,56
439613,23,126,74,52
439613,24,18,13,5
439613,25,108,61,47
439613,31,13,9,4
439613,39,42,17,25
439613,40,66,44,22
439613,41,118,53,65
439613,42,118,53,65
439613,43,93,45,48
439613,44,23,12,11
439613,45,70,33,37
439613,51,25,8,17
439613,59,22,11,11
439613,60,48,22,26
439622,1,155,22,133
439622,2,155,22,133
439622,3,155,22,133
439622,4,21,4,17
439622,5,134,18,116
439622,20,134,18,116
439622,21,155,22,133
439622,22,155,22,133
439622,23,155,22,133
439622,24,21,4,17
439622,25,134,18,116
439622,40,134,18,116
439631,1,34,3,31
439631,2,34,3,31
439631,3,34,3,31
439631,4,23,2,21
439631,5,11,1,10
439631,20,11,1,10
439631,21,34,3,31
439631,22,34,3,31
439631,23,34,3,31
439631,24,23,2,21
439631,25,11,1,10
439631,40,11,1,10
439668,1,120,107,13
439668,2,120,107,13
439668,3,120,107,13
439668,4,74,66,8
439668,5,46,41,5
439668,20,46,41,5
439668,21,120,107,13
439668,22,120,107,13
439668,23,120,107,13
439668,24,74,66,8
439668,25,46,41,5
439668,40,46,41,5
439686,1,280,31,249
439686,2,280,31,249
439686,3,280,31,249
439686,4,92,9,83
439686,5,188,22,166
439686,20,188,22,166
439686,21,222,25,197
439686,22,222,25,197
439686,23,222,25,197
439686,24,68,7,61
439686,25,154,18,136
439686,40,154,18,136
439686,41,58,6,52
439686,42,58,6,52
439686,43,58,6,52
439686,44,24,2,22
439686,45,34,4,30
439686,60,34,4,30
439701,1,598,338,260
439701,2,372,207,165
439701,3,372,207,165
439701,4,53,29,24
439701,5,319,178,141
439701,12,226,131,95
439701,19,70,37,33
439701,20,249,141,108
439701,21,212,128,84
439701,22,151,86,65
439701,23,151,86,65
439701,24,25,15,10
439701,25,126,71,55
439701,32,61,42,19
439701,39,31,17,14
439701,40,95,54,41
439701,41,386,210,176
439701,42,221,121,100
439701,43,221,121,100
439701,44,28,14,14
439701,45,193,107,86
439701,52,165,89,76
439701,59,39,20,19
439701,60,154,87,67
439729,1,17,2,15
439729,2,17,2,15
439729,3,17,2,15
439729,4,9,1,8
439729,5,8,1,7
439729,20,8,1,7
439729,21,10,1,9
439729,22,10,1,9
439729,23,10,1,9
439729,24,5,1,4
439729,25,5,0,5
439729,40,5,0,5
439729,41,7,1,6
439729,42,7,1,6
439729,43,7,1,6
439729,44,4,0,4
439729,45,3,1,2
439729,60,3,1,2
439738,1,381,55,326
439738,2,381,55,326
439738,3,381,55,326
439738,4,27,6,21
439738,5,354,49,305
439738,19,83,12,71
439738,20,271,37,234
439738,21,381,55,326
439738,22,381,55,326
439738,23,381,55,326
439738,24,27,6,21
439738,25,354,49,305
439738,39,83,12,71
439738,40,271,37,234
439747,1,33,4,29
439747,2,33,4,29
439747,3,33,4,29
439747,4,32,3,29
439747,5,1,1,0
439747,20,1,1,0
439747,21,26,3,23
439747,22,26,3,23
439747,23,26,3,23
439747,24,25,2,23
439747,25,1,1,0
439747,40,1,1,0
439747,41,7,1,6
439747,42,7,1,6
439747,43,7,1,6
439747,44,7,1,6
439774,1,39,13,26
439774,2,39,13,26
439774,3,39,13,26
439774,4,32,13,19
439774,5,7,0,7
439774,20,7,0,7
439774,21,28,8,20
439774,22,28,8,20
439774,23,28,8,20
439774,24,23,8,15
439774,25,5,0,5
439774,40,5,0,5
439774,41,11,5,6
439774,42,11,5,6
439774,43,11,5,6
439774,44,9,5,4
439774,45,2,0,2
439774,60,2,0,2
439783,1,150,75,75
439783,2,81,34,47
439783,3,64,27,37
439783,5,64,27,37
439783,11,17,7,10
439783,12,69,41,28
439783,19,25,10,15
439783,20,39,17,22
439783,21,80,44,36
439783,22,47,22,25
439783,23,47,22,25
439783,25,47,22,25
439783,32,33,22,11
439783,39,21,9,12
439783,40,26,13,13
439783,41,70,31,39
439783,42,34,12,22
439783,43,17,5,12
439783,45,17,5,12
439783,51,17,7,10
439783,52,36,19,17
439783,59,4,1,3
439783,60,13,4,9
439792,1,266,61,205
439792,2,266,61,205
439792,3,266,61,205
439792,4,40,9,31
439792,5,226,52,174
439792,19,17,2,15
439792,20,209,50,159
439792,21,266,61,205
439792,22,266,61,205
439792,23,266,61,205
439792,24,40,9,31
439792,25,226,52,174
439792,39,17,2,15
439792,40,209,50,159
439817,1,170,101,69
439817,12,170,101,69
439817,21,113,64,49
439817,32,113,64,49
439817,41,57,37,20
439817,52,57,37,20
439826,1,326,172,154
439826,2,326,172,154
439826,3,326,172,154
439826,4,71,42,29
439826,5,255,130,125
439826,20,255,130,125
439826,21,326,172,154
439826,22,326,172,154
439826,23,326,172,154
439826,24,71,42,29
439826,25,255,130,125
439826,40,255,130,125
439844,1,67,2,65
439844,2,67,2,65
439844,3,67,2,65
439844,4,16,0,16
439844,5,51,2,49
439844,20,51,2,49
439844,21,67,2,65
439844,22,67,2,65
439844,23,67,2,65
439844,24,16,0,16
439844,25,51,2,49
439844,40,51,2,49
439862,1,79,46,33
439862,2,75,43,32
439862,3,71,41,30
439862,4,17,10,7
439862,5,54,31,23
439862,11,4,2,2
439862,12,4,3,1
439862,19,7,3,4
439862,20,47,28,19
439862,21,57,32,25
439862,22,57,32,25
439862,23,57,32,25
439862,24,17,10,7
439862,25,40,22,18
439862,39,7,3,4
439862,40,33,19,14
439862,41,22,14,8
439862,42,18,11,7
439862,43,14,9,5
439862,45,14,9,5
439862,51,4,2,2
439862,52,4,3,1
439862,60,14,9,5
439871,1,104,12,92
439871,2,104,12,92
439871,3,104,12,92
439871,4,25,4,21
439871,5,79,8,71
439871,20,79,8,71
439871,21,104,12,92
439871,22,104,12,92
439871,23,104,12,92
439871,24,25,4,21
439871,25,79,8,71
439871,40,79,8,71
439899,1,45,25,20
439899,2,45,25,20
439899,3,42,24,18
439899,4,28,18,10
439899,5,14,6,8
439899,11,3,1,2
439899,19,5,3,2
439899,20,9,3,6
439899,21,40,24,16
439899,22,40,24,16
439899,23,40,24,16
439899,24,27,18,9
439899,25,13,6,7
439899,39,5,3,2
439899,40,8,3,5
439899,41,5,1,4
439899,42,5,1,4
439899,43,2,0,2
439899,44,1,0,1
439899,45,1,0,1
439899,51,3,1,2
439899,60,1,0,1
439905,1,47,6,41
439905,2,47,6,41
439905,3,47,6,41
439905,4,6,1,5
439905,5,41,5,36
439905,20,41,5,36
439905,21,47,6,41
439905,22,47,6,41
439905,23,47,6,41
439905,24,6,1,5
439905,25,41,5,36
439905,40,41,5,36
439914,1,50,12,38
439914,12,50,12,38
439914,21,50,12,38
439914,32,50,12,38
439932,1,26,1,25
439932,2,26,1,25
439932,3,26,1,25
439932,4,20,1,19
439932,5,6,0,6
439932,20,6,0,6
439932,21,26,1,25
439932,22,26,1,25
439932,23,26,1,25
439932,24,20,1,19
439932,25,6,0,6
439932,40,6,0,6
439969,1,173,58,115
439969,2,35,12,23
439969,3,35,12,23
439969,4,20,7,13
439969,5,15,5,10
439969,12,138,46,92
439969,20,15,5,10
439969,21,138,46,92
439969,32,138,46,92
439969,41,35,12,23
439969,42,35,12,23
439969,43,35,12,23
439969,44,20,7,13
439969,45,15,5,10
439969,60,15,5,10
439978,1,84,1,83
439978,2,84,1,83
439978,3,84,1,83
439978,4,31,0,31
439978,5,53,1,52
439978,20,53,1,52
439978,21,84,1,83
439978,22,84,1,83
439978,23,84,1,83
439978,24,31,0,31
439978,25,53,1,52
439978,40,53,1,52
439996,1,90,26,64
439996,2,90,26,64
439996,3,90,26,64
439996,4,78,21,57
439996,5,12,5,7
439996,20,12,5,7
439996,21,90,26,64
439996,22,90,26,64
439996,23,90,26,64
439996,24,78,21,57
439996,25,12,5,7
439996,40,12,5,7
440004,1,35,13,22
440004,12,35,13,22
440004,21,35,13,22
440004,32,35,13,22
440031,1,169,82,87
440031,12,169,82,87
440031,21,157,74,83
440031,32,157,74,83
440031,41,12,8,4
440031,52,12,8,4
440059,1,542,499,43
440059,2,542,499,43
440059,3,542,499,43
440059,4,93,87,6
440059,5,449,412,37
440059,20,449,412,37
440059,21,521,481,40
440059,22,521,481,40
440059,23,521,481,40
440059,24,89,83,6
440059,25,432,398,34
440059,40,432,398,34
440059,41,21,18,3
440059,42,21,18,3
440059,43,21,18,3
440059,44,4,4,0
440059,45,17,14,3
440059,60,17,14,3
440077,1,50,2,48
440077,2,50,2,48
440077,3,50,2,48
440077,4,30,2,28
440077,5,20,0,20
440077,20,20,0,20
440077,21,50,2,48
440077,22,50,2,48
440077,23,50,2,48
440077,24,30,2,28
440077,25,20,0,20
440077,40,20,0,20
440086,1,318,33,285
440086,2,318,33,285
440086,3,318,33,285
440086,4,251,26,225
440086,5,67,7,60
440086,20,67,7,60
440086,21,244,23,221
440086,22,244,23,221
440086,23,244,23,221
440086,24,196,17,179
440086,25,48,6,42
440086,40,48,6,42
440086,41,74,10,64
440086,42,74,10,64
440086,43,74,10,64
440086,44,55,9,46
440086,45,19,1,18
440086,60,19,1,18
440101,1,188,13,175
440101,2,188,13,175
440101,3,188,13,175
440101,4,32,3,29
440101,5,156,10,146
440101,20,156,10,146
440101,21,134,10,124
440101,22,134,10,124
440101,23,134,10,124
440101,24,28,3,25
440101,25,106,7,99
440101,40,106,7,99
440101,41,54,3,51
440101,42,54,3,51
440101,43,54,3,51
440101,44,4,0,4
440101,45,50,3,47
440101,60,50,3,47
440110,1,402,78,324
440110,2,402,78,324
440110,3,402,78,324
440110,4,164,32,132
440110,5,238,46,192
440110,20,238,46,192
440110,21,402,78,324
440110,22,402,78,324
440110,23,402,78,324
440110,24,164,32,132
440110,25,238,46,192
440110,40,238,46,192
440129,1,288,57,231
440129,2,288,57,231
440129,3,288,57,231
440129,4,123,27,96
440129,5,165,30,135
440129,20,165,30,135
440129,21,288,57,231
440129,22,288,57,231
440129,23,288,57,231
440129,24,123,27,96
440129,25,165,30,135
440129,40,165,30,135
440147,1,321,113,208
440147,2,321,113,208
440147,3,321,113,208
440147,4,38,14,24
440147,5,283,99,184
440147,19,2,1,1
440147,20,281,98,183
440147,21,275,93,182
440147,22,275,93,182
440147,23,275,93,182
440147,24,37,13,24
440147,25,238,80,158
440147,40,238,80,158
440147,41,46,20,26
440147,42,46,20,26
440147,43,46,20,26
440147,44,1,1,0
440147,45,45,19,26
440147,59,2,1,1
440147,60,43,18,25
440165,1,181,140,41
440165,2,181,140,41
440165,3,181,140,41
440165,4,23,14,9
440165,5,158,126,32
440165,19,6,4,2
440165,20,152,122,30
440165,21,126,95,31
440165,22,126,95,31
440165,23,126,95,31
440165,24,21,14,7
440165,25,105,81,24
440165,39,6,4,2
440165,40,99,77,22
440165,41,55,45,10
440165,42,55,45,10
440165,43,55,45,10
440165,44,2,0,2
440165,45,53,45,8
440165,60,53,45,8
440174,1,83,6,77
440174,2,83,6,77
440174,3,83,6,77
440174,4,6,0,6
440174,5,77,6,71
440174,19,3,0,3
440174,20,74,6,68
440174,21,83,6,77
440174,22,83,6,77
440174,23,83,6,77
440174,24,6,0,6
440174,25,77,6,71
440174,39,3,0,3
440174,40,74,6,68
440217,1,34,5,29
440217,2,34,5,29
440217,3,34,5,29
440217,4,13,2,11
440217,5,21,3,18
440217,20,21,3,18
440217,21,34,5,29
440217,22,34,5,29
440217,23,34,5,29
440217,24,13,2,11
440217,25,21,3,18
440217,40,21,3,18
440226,1,88,0,88
440226,2,88,0,88
440226,3,88,0,88
440226,4,29,0,29
440226,5,59,0,59
440226,20,59,0,59
440226,21,88,0,88
440226,22,88,0,88
440226,23,88,0,88
440226,24,29,0,29
440226,25,59,0,59
440226,40,59,0,59
440262,1,276,259,17
440262,2,276,259,17
440262,3,276,259,17
440262,4,141,135,6
440262,5,135,124,11
440262,20,135,124,11
440262,21,276,259,17
440262,22,276,259,17
440262,23,276,259,17
440262,24,141,135,6
440262,25,135,124,11
440262,40,135,124,11
440271,1,300,38,262
440271,2,300,38,262
440271,3,300,38,262
440271,4,125,21,104
440271,5,175,17,158
440271,19,5,4,1
440271,20,170,13,157
440271,21,300,38,262
440271,22,300,38,262
440271,23,300,38,262
440271,24,125,21,104
440271,25,175,17,158
440271,39,5,4,1
440271,40,170,13,157
440299,1,962,414,548
440299,2,962,414,548
440299,3,962,414,548
440299,4,5,2,3
440299,5,957,412,545
440299,19,82,41,41
440299,20,875,371,504
440299,21,643,299,344
440299,22,643,299,344
440299,23,643,299,344
440299,24,2,1,1
440299,25,641,298,343
440299,39,47,26,21
440299,40,594,272,322
440299,41,319,115,204
440299,42,319,115,204
440299,43,319,115,204
440299,44,3,1,2
440299,45,316,114,202
440299,59,35,15,20
440299,60,281,99,182
440323,1,273,36,237
440323,2,273,36,237
440323,3,268,35,233
440323,4,34,3,31
440323,5,234,32,202
440323,11,5,1,4
440323,19,45,6,39
440323,20,189,26,163
440323,21,273,36,237
440323,22,273,36,237
440323,23,268,35,233
440323,24,34,3,31
440323,25,234,32,202
440323,31,5,1,4
440323,39,45,6,39
440323,40,189,26,163
440332,1,329,66,263
440332,2,329,66,263
440332,3,329,66,263
440332,4,104,27,77
440332,5,225,39,186
440332,19,6,0,6
440332,20,219,39,180
440332,21,329,66,263
440332,22,329,66,263
440332,23,329,66,263
440332,24,104,27,77
440332,25,225,39,186
440332,39,6,0,6
440332,40,219,39,180
440341,1,1499,816,683
440341,2,1499,816,683
440341,3,1485,805,680
440341,4,405,223,182
440341,5,1080,582,498
440341,11,14,11,3
440341,19,211,103,108
440341,20,869,479,390
440341,21,1115,629,486
440341,22,1115,629,486
440341,23,1112,626,486
440341,24,330,177,153
440341,25,782,449,333
440341,31,3,3,0
440341,39,153,82,71
440341,40,629,367,262
440341,41,384,187,197
440341,42,384,187,197
440341,43,373,179,194
440341,44,75,46,29
440341,45,298,133,165
440341,51,11,8,3
440341,59,58,21,37
440341,60,240,112,128
440369,1,666,132,534
440369,2,666,132,534
440369,3,666,132,534
440369,4,53,10,43
440369,5,613,122,491
440369,20,613,122,491
440369,21,666,132,534
440369,22,666,132,534
440369,23,666,132,534
440369,24,53,10,43
440369,25,613,122,491
440369,40,613,122,491
440396,1,178,76,102
440396,2,154,61,93
440396,3,150,60,90
440396,4,44,20,24
440396,5,106,40,66
440396,11,4,1,3
440396,12,24,15,9
440396,19,4,0,4
440396,20,102,40,62
440396,21,159,67,92
440396,22,141,55,86
440396,23,139,55,84
440396,24,42,18,24
440396,25,97,37,60
440396,31,2,0,2
440396,32,18,12,6
440396,39,4,0,4
440396,40,93,37,56
440396,41,19,9,10
440396,42,13,6,7
440396,43,11,5,6
440396,44,2,2,0
440396,45,9,3,6
440396,51,2,1,1
440396,52,6,3,3
440396,60,9,3,6
440402,1,2057,846,1211
440402,2,2057,846,1211
440402,3,1311,500,811
440402,4,355,152,203
440402,5,956,348,608
440402,11,746,346,400
440402,19,437,144,293
440402,20,519,204,315
440402,21,963,395,568
440402,22,963,395,568
440402,23,896,359,537
440402,24,289,122,167
440402,25,607,237,370
440402,31,67,36,31
440402,39,217,76,141
440402,40,390,161,229
440402,41,1094,451,643
440402,42,1094,451,643
440402,43,415,141,274
440402,44,66,30,36
440402,45,349,111,238
440402,51,679,310,369
440402,59,220,68,152
440402,60,129,43,86
440411,1,114,38,76
440411,2,14,6,8
440411,3,14,6,8
440411,5,14,6,8
440411,12,100,32,68
440411,19,1,1,0
440411,20,13,5,8
440411,21,26,10,16
440411,22,1,1,0
440411,23,1,1,0
440411,25,1,1,0
440411,32,25,9,16
440411,39,1,1,0
440411,41,88,28,60
440411,42,13,5,8
440411,43,13,5,8
440411,45,13,5,8
440411,52,75,23,52
440411,60,13,5,8
440420,1,210,147,63
440420,2,181,132,49
440420,3,181,132,49
440420,4,3,1,2
440420,5,178,131,47
440420,12,29,15,14
440420,19,16,15,1
440420,20,162,116,46
440420,21,210,147,63
440420,22,181,132,49
440420,23,181,132,49
440420,24,3,1,2
440420,25,178,131,47
440420,32,29,15,14
440420,39,16,15,1
440420,40,162,116,46
440439,1,1499,658,841
440439,2,1338,581,757
440439,3,1337,581,756
440439,4,62,19,43
440439,5,1275,562,713
440439,11,1,0,1
440439,12,161,77,84
440439,19,136,70,66
440439,20,1139,492,647
440439,21,1499,658,841
440439,22,1338,581,757
440439,23,1337,581,756
440439,24,62,19,43
440439,25,1275,562,713
440439,31,1,0,1
440439,32,161,77,84
440439,39,136,70,66
440439,40,1139,492,647
440448,1,1841,667,1174
440448,2,1595,577,1018
440448,3,1595,577,1018
440448,4,62,16,46
440448,5,1533,561,972
440448,12,246,90,156
440448,19,127,53,74
440448,20,1406,508,898
440448,21,1841,667,1174
440448,22,1595,577,1018
440448,23,1595,577,1018
440448,24,62,16,46
440448,25,1533,561,972
440448,32,246,90,156
440448,39,127,53,74
440448,40,1406,508,898
440457,1,268,89,179
440457,2,256,84,172
440457,3,256,84,172
440457,4,8,3,5
440457,5,248,81,167
440457,12,12,5,7
440457,19,6,3,3
440457,20,242,78,164
440457,21,268,89,179
440457,22,256,84,172
440457,23,256,84,172
440457,24,8,3,5
440457,25,248,81,167
440457,32,12,5,7
440457,39,6,3,3
440457,40,242,78,164
440466,1,307,125,182
440466,2,283,108,175
440466,3,283,108,175
440466,4,13,4,9
440466,5,270,104,166
440466,12,24,17,7
440466,19,18,11,7
440466,20,252,93,159
440466,21,307,125,182
440466,22,283,108,175
440466,23,283,108,175
440466,24,13,4,9
440466,25,270,104,166
440466,32,24,17,7
440466,39,18,11,7
440466,40,252,93,159
440484,1,979,524,455
440484,2,979,524,455
440484,3,979,524,455
440484,4,124,65,59
440484,5,855,459,396
440484,20,855,459,396
440484,21,706,346,360
440484,22,706,346,360
440484,23,706,346,360
440484,24,120,63,57
440484,25,586,283,303
440484,40,586,283,303
440484,41,273,178,95
440484,42,273,178,95
440484,43,273,178,95
440484,44,4,2,2
440484,45,269,176,93
440484,60,269,176,93
440642,1,380,296,84
440642,2,380,296,84
440642,3,380,296,84
440642,4,58,47,11
440642,5,322,249,73
440642,19,2,2,0
440642,20,320,247,73
440642,21,311,245,66
440642,22,311,245,66
440642,23,311,245,66
440642,24,54,45,9
440642,25,257,200,57
440642,39,2,2,0
440642,40,255,198,57
440642,41,69,51,18
440642,42,69,51,18
440642,43,69,51,18
440642,44,4,2,2
440642,45,65,49,16
440642,60,65,49,16
440651,1,1269,321,948
440651,2,1269,321,948
440651,3,1269,321,948
440651,4,246,83,163
440651,5,1023,238,785
440651,19,310,79,231
440651,20,713,159,554
440651,21,1056,272,784
440651,22,1056,272,784
440651,23,1056,272,784
440651,24,243,83,160
440651,25,813,189,624
440651,39,294,76,218
440651,40,519,113,406
440651,41,213,49,164
440651,42,213,49,164
440651,43,213,49,164
440651,44,3,0,3
440651,45,210,49,161
440651,59,16,3,13
440651,60,194,46,148
440721,1,283,79,204
440721,2,283,79,204
440721,3,276,72,204
440721,4,112,21,91
440721,5,164,51,113
440721,11,7,7,0
440721,20,164,51,113
440721,21,171,29,142
440721,22,171,29,142
440721,23,171,29,142
440721,24,62,6,56
440721,25,109,23,86
440721,40,109,23,86
440721,41,112,50,62
440721,42,112,50,62
440721,43,105,43,62
440721,44,50,15,35
440721,45,55,28,27
440721,51,7,7,0
440721,60,55,28,27
440730,1,503,142,361
440730,2,503,142,361
440730,3,503,142,361
440730,4,322,115,207
440730,5,181,27,154
440730,20,181,27,154
440730,21,503,142,361
440730,22,503,142,361
440730,23,503,142,361
440730,24,322,115,207
440730,25,181,27,154
440730,40,181,27,154
440749,1,292,211,81
440749,2,292,211,81
440749,3,150,98,52
440749,4,10,7,3
440749,5,140,91,49
440749,11,142,113,29
440749,19,16,7,9
440749,20,124,84,40
440749,21,47,25,22
440749,22,47,25,22
440749,23,45,25,20
440749,24,1,0,1
440749,25,44,25,19
440749,31,2,0,2
440749,39,9,4,5
440749,40,35,21,14
440749,41,245,186,59
440749,42,245,186,59
440749,43,105,73,32
440749,44,9,7,2
440749,45,96,66,30
440749,51,140,113,27
440749,59,7,3,4
440749,60,89,63,26
440758,1,346,99,247
440758,2,346,99,247
440758,3,346,99,247
440758,4,14,3,11
440758,5,332,96,236
440758,19,83,24,59
440758,20,249,72,177
440758,21,29,15,14
440758,22,29,15,14
440758,23,29,15,14
440758,25,29,15,14
440758,39,3,3,0
440758,40,26,12,14
440758,41,317,84,233
440758,42,317,84,233
440758,43,317,84,233
440758,44,14,3,11
440758,45,303,81,222
440758,59,80,21,59
440758,60,223,60,163
440767,1,756,208,548
440767,2,756,208,548
440767,3,755,207,548
440767,4,66,27,39
440767,5,689,180,509
440767,11,1,1,0
440767,19,147,43,104
440767,20,542,137,405
440767,21,45,19,26
440767,22,45,19,26
440767,23,45,19,26
440767,25,45,19,26
440767,39,11,3,8
440767,40,34,16,18
440767,41,711,189,522
440767,42,711,189,522
440767,43,710,188,522
440767,44,66,27,39
440767,45,644,161,483
440767,51,1,1,0
440767,59,136,40,96
440767,60,508,121,387
440776,1,30,8,22
440776,2,30,8,22
440776,3,30,8,22
440776,4,12,3,9
440776,5,18,5,13
440776,20,18,5,13
440776,21,30,8,22
440776,22,30,8,22
440776,23,30,8,22
440776,24,12,3,9
440776,25,18,5,13
440776,40,18,5,13
440794,1,418,154,264
440794,2,418,154,264
440794,3,411,151,260
440794,4,61,26,35
440794,5,350,125,225
440794,11,7,3,4
440794,19,81,33,48
440794,20,269,92,177
440794,21,353,121,232
440794,22,353,121,232
440794,23,353,121,232
440794,24,53,21,32
440794,25,300,100,200
440794,39,73,27,46
440794,40,227,73,154
440794,41,65,33,32
440794,42,65,33,32
440794,43,58,30,28
440794,44,8,5,3
440794,45,50,25,25
440794,51,7,3,4
440794,59,8,6,2
440794,60,42,19,23
440800,1,18,13,5
440800,2,18,13,5
440800,3,18,13,5
440800,5,18,13,5
440800,20,18,13,5
440800,21,18,13,5
440800,22,18,13,5
440800,23,18,13,5
440800,25,18,13,5
440800,40,18,13,5
440819,1,131,69,62
440819,2,131,69,62
440819,3,131,69,62
440819,5,131,69,62
440819,20,131,69,62
440819,21,131,69,62
440819,22,131,69,62
440819,23,131,69,62
440819,25,131,69,62
440819,40,131,69,62
440828,1,934,360,574
440828,2,782,322,460
440828,3,765,317,448
440828,5,765,317,448
440828,11,17,5,12
440828,12,152,38,114
440828,19,220,87,133
440828,20,545,230,315
440828,21,291,109,182
440828,22,190,82,108
440828,23,190,82,108
440828,25,190,82,108
440828,32,101,27,74
440828,39,18,7,11
440828,40,172,75,97
440828,41,643,251,392
440828,42,592,240,352
440828,43,575,235,340
440828,45,575,235,340
440828,51,17,5,12
440828,52,51,11,40
440828,59,202,80,122
440828,60,373,155,218
440855,1,162,11,151
440855,2,162,11,151
440855,3,162,11,151
440855,4,57,5,52
440855,5,105,6,99
440855,20,105,6,99
440855,21,162,11,151
440855,22,162,11,151
440855,23,162,11,151
440855,24,57,5,52
440855,25,105,6,99
440855,40,105,6,99
440873,1,882,466,416
440873,2,882,466,416
440873,3,882,466,416
440873,4,74,45,29
440873,5,808,421,387
440873,19,54,25,29
440873,20,754,396,358
440873,21,882,466,416
440873,22,882,466,416
440873,23,882,466,416
440873,24,74,45,29
440873,25,808,421,387
440873,39,54,25,29
440873,40,754,396,358
440882,1,164,107,57
440882,2,164,107,57
440882,3,164,107,57
440882,4,12,4,8
440882,5,152,103,49
440882,19,15,10,5
440882,20,137,93,44
440882,21,164,107,57
440882,22,164,107,57
440882,23,164,107,57
440882,24,12,4,8
440882,25,152,103,49
440882,39,15,10,5
440882,40,137,93,44
440891,1,209,157,52
440891,2,209,157,52
440891,3,209,157,52
440891,4,31,23,8
440891,5,178,134,44
440891,19,20,14,6
440891,20,158,120,38
440891,21,209,157,52
440891,22,209,157,52
440891,23,209,157,52
440891,24,31,23,8
440891,25,178,134,44
440891,39,20,14,6
440891,40,158,120,38
440907,1,497,140,357
440907,2,497,140,357
440907,3,497,140,357
440907,4,492,140,352
440907,5,5,0,5
440907,20,5,0,5
440907,21,208,20,188
440907,22,208,20,188
440907,23,208,20,188
440907,24,205,20,185
440907,25,3,0,3
440907,40,3,0,3
440907,41,289,120,169
440907,42,289,120,169
440907,43,289,120,169
440907,44,287,120,167
440907,45,2,0,2
440907,60,2,0,2
440916,1,691,319,372
440916,12,691,319,372
440916,21,683,313,370
440916,32,683,313,370
440916,41,8,6,2
440916,52,8,6,2
440925,1,348,130,218
440925,2,348,130,218
440925,3,345,130,215
440925,4,28,13,15
440925,5,317,117,200
440925,11,3,0,3
440925,19,28,6,22
440925,20,289,111,178
440925,21,289,113,176
440925,22,289,113,176
440925,23,289,113,176
440925,24,16,7,9
440925,25,273,106,167
440925,39,22,4,18
440925,40,251,102,149
440925,41,59,17,42
440925,42,59,17,42
440925,43,56,17,39
440925,44,12,6,6
440925,45,44,11,33
440925,51,3,0,3
440925,59,6,2,4
440925,60,38,9,29
440952,1,388,87,301
440952,2,388,87,301
440952,3,388,87,301
440952,4,79,17,62
440952,5,309,70,239
440952,20,309,70,239
440952,21,295,63,232
440952,22,295,63,232
440952,23,295,63,232
440952,24,65,13,52
440952,25,230,50,180
440952,40,230,50,180
440952,41,93,24,69
440952,42,93,24,69
440952,43,93,24,69
440952,44,14,4,10
440952,45,79,20,59
440952,60,79,20,59
440989,1,907,666,241
440989,2,907,666,241
440989,3,907,666,241
440989,4,93,73,20
440989,5,814,593,221
440989,20,814,593,221
440989,21,907,666,241
440989,22,907,666,241
440989,23,907,666,241
440989,24,93,73,20
440989,25,814,593,221
440989,40,814,593,221
441016,1,557,69,488
441016,2,557,69,488
441016,3,557,69,488
441016,4,182,25,157
441016,5,375,44,331
441016,20,375,44,331
441016,21,557,69,488
441016,22,557,69,488
441016,23,557,69,488
441016,24,182,25,157
441016,25,375,44,331
441016,40,375,44,331
441025,1,704,110,594
441025,2,704,110,594
441025,3,704,110,594
441025,4,117,26,91
441025,5,587,84,503
441025,19,116,18,98
441025,20,471,66,405
441025,21,458,70,388
441025,22,458,70,388
441025,23,458,70,388
441025,24,78,16,62
441025,25,380,54,326
441025,39,80,14,66
441025,40,300,40,260
441025,41,246,40,206
441025,42,246,40,206
441025,43,246,40,206
441025,44,39,10,29
441025,45,207,30,177
441025,59,36,4,32
441025,60,171,26,145
441052,1,1565,392,1173
441052,2,1565,392,1173
441052,3,1565,392,1173
441052,4,181,42,139
441052,5,1384,350,1034
441052,19,252,72,180
441052,20,1132,278,854
441052,21,1565,392,1173
441052,22,1565,392,1173
441052,23,1565,392,1173
441052,24,181,42,139
441052,25,1384,350,1034
441052,39,252,72,180
441052,40,1132,278,854
441070,1,117,37,80
441070,2,117,37,80
441070,3,105,32,73
441070,4,21,5,16
441070,5,84,27,57
441070,11,12,5,7
441070,19,2,2,0
441070,20,82,25,57
441070,21,59,22,37
441070,22,59,22,37
441070,23,56,20,36
441070,24,10,2,8
441070,25,46,18,28
441070,31,3,2,1
441070,39,2,2,0
441070,40,44,16,28
441070,41,58,15,43
441070,42,58,15,43
441070,43,49,12,37
441070,44,11,3,8
441070,45,38,9,29
441070,51,9,3,6
441070,60,38,9,29
441089,1,1277,1231,46
441089,2,1277,1231,46
441089,3,1277,1231,46
441089,4,418,400,18
441089,5,859,831,28
441089,19,66,61,5
441089,20,793,770,23
441089,21,1277,1231,46
441089,22,1277,1231,46
441089,23,1277,1231,46
441089,24,418,400,18
441089,25,859,831,28
441089,39,66,61,5
441089,40,793,770,23
441104,1,279,77,202
441104,12,279,77,202
441104,21,188,53,135
441104,32,188,53,135
441104,41,91,24,67
441104,52,91,24,67
441131,1,284,96,188
441131,12,284,96,188
441131,21,62,21,41
441131,32,62,21,41
441131,41,222,75,147
441131,52,222,75,147
441168,1,85,6,79
441168,2,85,6,79
441168,3,85,6,79
441168,4,18,3,15
441168,5,67,3,64
441168,20,67,3,64
441168,21,85,6,79
441168,22,85,6,79
441168,23,85,6,79
441168,24,18,3,15
441168,25,67,3,64
441168,40,67,3,64
441186,1,883,254,629
441186,2,740,222,518
441186,3,693,205,488
441186,4,89,22,67
441186,5,604,183,421
441186,11,47,17,30
441186,12,143,32,111
441186,19,189,68,121
441186,20,415,115,300
441186,21,517,145,372
441186,22,410,127,283
441186,23,410,127,283
441186,25,410,127,283
441186,32,107,18,89
441186,39,155,55,100
441186,40,255,72,183
441186,41,366,109,257
441186,42,330,95,235
441186,43,283,78,205
441186,44,89,22,67
441186,45,194,56,138
441186,51,47,17,30
441186,52,36,14,22
441186,59,34,13,21
441186,60,160,43,117
441195,1,54,36,18
441195,2,54,36,18
441195,3,54,36,18
441195,4,20,16,4
441195,5,34,20,14
441195,20,34,20,14
441195,21,54,36,18
441195,22,54,36,18
441195,23,54,36,18
441195,24,20,16,4
441195,25,34,20,14
441195,40,34,20,14
441201,1,156,26,130
441201,2,156,26,130
441201,3,156,26,130
441201,4,28,1,27
441201,5,128,25,103
441201,19,16,0,16
441201,20,112,25,87
441201,21,94,14,80
441201,22,94,14,80
441201,23,94,14,80
441201,24,19,1,18
441201,25,75,13,62
441201,39,11,0,11
441201,40,64,13,51
441201,41,62,12,50
441201,42,62,12,50
441201,43,62,12,50
441201,44,9,0,9
441201,45,53,12,41
441201,59,5,0,5
441201,60,48,12,36
441210,1,343,132,211
441210,2,343,132,211
441210,3,343,132,211
441210,4,161,85,76
441210,5,182,47,135
441210,20,182,47,135
441210,21,160,10,150
441210,22,160,10,150
441210,23,160,10,150
441210,24,40,3,37
441210,25,120,7,113
441210,40,120,7,113
441210,41,183,122,61
441210,42,183,122,61
441210,43,183,122,61
441210,44,121,82,39
441210,45,62,40,22
441210,60,62,40,22
441229,1,796,218,578
441229,2,796,218,578
441229,3,683,179,504
441229,4,185,47,138
441229,5,498,132,366
441229,11,113,39,74
441229,20,498,132,366
441229,21,796,218,578
441229,22,796,218,578
441229,23,683,179,504
441229,24,185,47,138
441229,25,498,132,366
441229,31,113,39,74
441229,40,498,132,366
441238,1,82,42,40
441238,12,82,42,40
441238,21,82,42,40
441238,32,82,42,40
441256,1,61,3,58
441256,2,61,3,58
441256,3,61,3,58
441256,4,21,0,21
441256,5,40,3,37
441256,20,40,3,37
441256,21,61,3,58
441256,22,61,3,58
441256,23,61,3,58
441256,24,21,0,21
441256,25,40,3,37
441256,40,40,3,37
441274,1,127,12,115
441274,2,127,12,115
441274,3,127,12,115
441274,4,23,1,22
441274,5,104,11,93
441274,20,104,11,93
441274,21,88,9,79
441274,22,88,9,79
441274,23,88,9,79
441274,24,21,1,20
441274,25,67,8,59
441274,40,67,8,59
441274,41,39,3,36
441274,42,39,3,36
441274,43,39,3,36
441274,44,2,0,2
441274,45,37,3,34
441274,60,37,3,34
441308,1,1797,472,1325
441308,12,1797,472,1325
441308,21,1573,422,1151
441308,32,1573,422,1151
441308,41,224,50,174
441308,52,224,50,174
441317,1,41,10,31
441317,2,41,10,31
441317,3,41,10,31
441317,4,17,8,9
441317,5,24,2,22
441317,20,24,2,22
441317,21,41,10,31
441317,22,41,10,31
441317,23,41,10,31
441317,24,17,8,9
441317,25,24,2,22
441317,40,24,2,22
441335,1,29,6,23
441335,2,29,6,23
441335,3,29,6,23
441335,5,29,6,23
441335,20,29,6,23
441335,21,29,6,23
441335,22,29,6,23
441335,23,29,6,23
441335,25,29,6,23
441335,40,29,6,23
441353,1,16,1,15
441353,2,16,1,15
441353,3,16,1,15
441353,4,5,0,5
441353,5,11,1,10
441353,20,11,1,10
441353,21,16,1,15
441353,22,16,1,15
441353,23,16,1,15
441353,24,5,0,5
441353,25,11,1,10
441353,40,11,1,10
441362,1,480,56,424
441362,2,480,56,424
441362,3,480,56,424
441362,4,397,46,351
441362,5,83,10,73
441362,20,83,10,73
441362,21,351,41,310
441362,22,351,41,310
441362,23,351,41,310
441362,24,290,35,255
441362,25,61,6,55
441362,40,61,6,55
441362,41,129,15,114
441362,42,129,15,114
441362,43,129,15,114
441362,44,107,11,96
441362,45,22,4,18
441362,60,22,4,18
441371,1,359,67,292
441371,2,359,67,292
441371,3,359,67,292
441371,4,97,19,78
441371,5,262,48,214
441371,20,262,48,214
441371,21,357,67,290
441371,22,357,67,290
441371,23,357,67,290
441371,24,97,19,78
441371,25,260,48,212
441371,40,260,48,212
441371,41,2,0,2
441371,42,2,0,2
441371,43,2,0,2
441371,45,2,0,2
441371,60,2,0,2
441380,1,201,136,65
441380,2,201,136,65
441380,3,201,136,65
441380,4,63,43,20
441380,5,138,93,45
441380,20,138,93,45
441380,21,157,108,49
441380,22,157,108,49
441380,23,157,108,49
441380,24,58,41,17
441380,25,99,67,32
441380,40,99,67,32
441380,41,44,28,16
441380,42,44,28,16
441380,43,44,28,16
441380,44,5,2,3
441380,45,39,26,13
441380,60,39,26,13
441405,1,14,2,12
441405,2,14,2,12
441405,3,14,2,12
441405,4,12,2,10
441405,5,2,0,2
441405,20,2,0,2
441405,21,14,2,12
441405,22,14,2,12
441405,23,14,2,12
441405,24,12,2,10
441405,25,2,0,2
441405,40,2,0,2
441414,1,390,158,232
441414,2,390,158,232
441414,3,390,158,232
441414,4,154,55,99
441414,5,236,103,133
441414,20,236,103,133
441414,21,78,25,53
441414,22,78,25,53
441414,23,78,25,53
441414,24,25,12,13
441414,25,53,13,40
441414,40,53,13,40
441414,41,312,133,179
441414,42,312,133,179
441414,43,312,133,179
441414,44,129,43,86
441414,45,183,90,93
441414,60,183,90,93
441423,1,350,45,305
441423,2,350,45,305
441423,3,350,45,305
441423,4,145,19,126
441423,5,205,26,179
441423,20,205,26,179
441423,21,350,45,305
441423,22,350,45,305
441423,23,350,45,305
441423,24,145,19,126
441423,25,205,26,179
441423,40,205,26,179
441432,1,93,19,74
441432,2,93,19,74
441432,3,93,19,74
441432,4,41,8,33
441432,5,52,11,41
441432,20,52,11,41
441432,21,93,19,74
441432,22,93,19,74
441432,23,93,19,74
441432,24,41,8,33
441432,25,52,11,41
441432,40,52,11,41
441441,1,263,40,223
441441,2,263,40,223
441441,3,263,40,223
441441,4,191,29,162
441441,5,72,11,61
441441,20,72,11,61
441441,21,263,40,223
441441,22,263,40,223
441441,23,263,40,223
441441,24,191,29,162
441441,25,72,11,61
441441,40,72,11,61
441478,1,142,84,58
441478,2,33,20,13
441478,3,33,20,13
441478,5,33,20,13
441478,12,109,64,45
441478,19,33,20,13
441478,21,142,84,58
441478,22,33,20,13
441478,23,33,20,13
441478,25,33,20,13
441478,32,109,64,45
441478,39,33,20,13
441487,1,139,16,123
441487,2,139,16,123
441487,3,139,16,123
441487,4,54,7,47
441487,5,85,9,76
441487,19,47,5,42
441487,20,38,4,34
441487,21,94,11,83
441487,22,94,11,83
441487,23,94,11,83
441487,24,29,4,25
441487,25,65,7,58
441487,39,27,3,24
441487,40,38,4,34
441487,41,45,5,40
441487,42,45,5,40
441487,43,45,5,40
441487,44,25,3,22
441487,45,20,2,18
441487,59,20,2,18
441496,1,92,86,6
441496,2,92,86,6
441496,3,92,86,6
441496,5,92,86,6
441496,20,92,86,6
441496,21,89,83,6
441496,22,89,83,6
441496,23,89,83,6
441496,25,89,83,6
441496,40,89,83,6
441496,41,3,3,0
441496,42,3,3,0
441496,43,3,3,0
441496,45,3,3,0
441496,60,3,3,0
441502,1,274,27,247
441502,2,274,27,247
441502,3,274,27,247
441502,4,161,22,139
441502,5,113,5,108
441502,19,113,5,108
441502,21,199,15,184
441502,22,199,15,184
441502,23,199,15,184
441502,24,117,13,104
441502,25,82,2,80
441502,39,82,2,80
441502,41,75,12,63
441502,42,75,12,63
441502,43,75,12,63
441502,44,44,9,35
441502,45,31,3,28
441502,59,31,3,28
441511,1,767,266,501
441511,2,620,223,397
441511,3,620,223,397
441511,4,63,26,37
441511,5,557,197,360
441511,12,147,43,104
441511,19,23,8,15
441511,20,534,189,345
441511,21,636,220,416
441511,22,562,200,362
441511,23,562,200,362
441511,24,44,21,23
441511,25,518,179,339
441511,32,74,20,54
441511,39,23,8,15
441511,40,495,171,324
441511,41,131,46,85
441511,42,58,23,35
441511,43,58,23,35
441511,44,19,5,14
441511,45,39,18,21
441511,52,73,23,50
441511,60,39,18,21
441548,1,139,35,104
441548,2,139,35,104
441548,3,139,35,104
441548,4,129,33,96
441548,5,10,2,8
441548,20,10,2,8
441548,21,139,35,104
441548,22,139,35,104
441548,23,139,35,104
441548,24,129,33,96
441548,25,10,2,8
441548,40,10,2,8
441575,1,864,165,699
441575,2,864,165,699
441575,3,864,165,699
441575,4,234,35,199
441575,5,630,130,500
441575,20,630,130,500
441575,21,864,165,699
441575,22,864,165,699
441575,23,864,165,699
441575,24,234,35,199
441575,25,630,130,500
441575,40,630,130,500
441593,1,33,3,30
441593,2,33,3,30
441593,3,33,3,30
441593,4,10,1,9
441593,5,23,2,21
441593,20,23,2,21
441593,21,33,3,30
441593,22,33,3,30
441593,23,33,3,30
441593,24,10,1,9
441593,25,23,2,21
441593,40,23,2,21
441609,1,116,116,0
441609,2,116,116,0
441609,3,116,116,0
441609,4,5,5,0
441609,5,111,111,0
441609,20,111,111,0
441609,21,116,116,0
441609,22,116,116,0
441609,23,116,116,0
441609,24,5,5,0
441609,25,111,111,0
441609,40,111,111,0
441618,1,14,2,12
441618,2,14,2,12
441618,3,14,2,12
441618,4,8,2,6
441618,5,6,0,6
441618,20,6,0,6
441618,21,10,1,9
441618,22,10,1,9
441618,23,10,1,9
441618,24,6,1,5
441618,25,4,0,4
441618,40,4,0,4
441618,41,4,1,3
441618,42,4,1,3
441618,43,4,1,3
441618,44,2,1,1
441618,45,2,0,2
441618,60,2,0,2
441627,1,24,14,10
441627,2,24,14,10
441627,3,24,14,10
441627,5,24,14,10
441627,20,24,14,10
441627,21,24,14,10
441627,22,24,14,10
441627,23,24,14,10
441627,25,24,14,10
441627,40,24,14,10
441636,1,263,43,220
441636,2,263,43,220
441636,3,263,43,220
441636,4,9,2,7
441636,5,254,41,213
441636,19,100,13,87
441636,20,154,28,126
441636,21,220,36,184
441636,22,220,36,184
441636,23,220,36,184
441636,24,6,1,5
441636,25,214,35,179
441636,39,84,10,74
441636,40,130,25,105
441636,41,43,7,36
441636,42,43,7,36
441636,43,43,7,36
441636,44,3,1,2
441636,45,40,6,34
441636,59,16,3,13
441636,60,24,3,21
441645,1,149,7,142
441645,2,149,7,142
441645,3,149,7,142
441645,4,14,1,13
441645,5,135,6,129
441645,20,135,6,129
441645,21,145,7,138
441645,22,145,7,138
441645,23,145,7,138
441645,24,14,1,13
441645,25,131,6,125
441645,40,131,6,125
441645,41,4,0,4
441645,42,4,0,4
441645,43,4,0,4
441645,45,4,0,4
441645,60,4,0,4
441663,1,335,60,275
441663,2,335,60,275
441663,3,335,60,275
441663,4,121,27,94
441663,5,214,33,181
441663,20,214,33,181
441663,21,304,55,249
441663,22,304,55,249
441663,23,304,55,249
441663,24,114,26,88
441663,25,190,29,161
441663,40,190,29,161
441663,41,31,5,26
441663,42,31,5,26
441663,43,31,5,26
441663,44,7,1,6
441663,45,24,4,20
441663,60,24,4,20
441672,1,64,11,53
441672,2,64,11,53
441672,3,64,11,53
441672,4,57,9,48
441672,5,7,2,5
441672,20,7,2,5
441672,21,64,11,53
441672,22,64,11,53
441672,23,64,11,53
441672,24,57,9,48
441672,25,7,2,5
441672,40,7,2,5
441690,1,412,256,156
441690,2,375,234,141
441690,3,355,227,128
441690,4,31,23,8
441690,5,324,204,120
441690,11,20,7,13
441690,12,37,22,15
441690,19,59,36,23
441690,20,265,168,97
441690,21,160,104,56
441690,22,145,95,50
441690,23,145,95,50
441690,24,12,9,3
441690,25,133,86,47
441690,32,15,9,6
441690,39,27,19,8
441690,40,106,67,39
441690,41,252,152,100
441690,42,230,139,91
441690,43,210,132,78
441690,44,19,14,5
441690,45,191,118,73
441690,51,20,7,13
441690,52,22,13,9
441690,59,32,17,15
441690,60,159,101,58
441706,1,189,87,102
441706,2,189,87,102
441706,3,189,87,102
441706,4,141,65,76
441706,5,48,22,26
441706,20,48,22,26
441706,21,189,87,102
441706,22,189,87,102
441706,23,189,87,102
441706,24,141,65,76
441706,25,48,22,26
441706,40,48,22,26
441742,1,785,87,698
441742,2,785,87,698
441742,3,785,87,698
441742,4,174,20,154
441742,5,611,67,544
441742,20,611,67,544
441742,21,785,87,698
441742,22,785,87,698
441742,23,785,87,698
441742,24,174,20,154
441742,25,611,67,544
441742,40,611,67,544
441751,1,18,2,16
441751,2,18,2,16
441751,3,18,2,16
441751,4,1,0,1
441751,5,17,2,15
441751,20,17,2,15
441751,21,18,2,16
441751,22,18,2,16
441751,23,18,2,16
441751,24,1,0,1
441751,25,17,2,15
441751,40,17,2,15
441760,1,2995,1634,1361
441760,2,2995,1634,1361
441760,3,2569,1420,1149
441760,4,660,388,272
441760,5,1909,1032,877
441760,11,426,214,212
441760,19,321,166,155
441760,20,1588,866,722
441760,21,1366,838,528
441760,22,1366,838,528
441760,23,1330,814,516
441760,24,439,285,154
441760,25,891,529,362
441760,31,36,24,12
441760,39,177,95,82
441760,40,714,434,280
441760,41,1629,796,833
441760,42,1629,796,833
441760,43,1239,606,633
441760,44,221,103,118
441760,45,1018,503,515
441760,51,390,190,200
441760,59,144,71,73
441760,60,874,432,442
441779,1,68,1,67
441779,2,68,1,67
441779,3,68,1,67
441779,4,21,1,20
441779,5,47,0,47
441779,20,47,0,47
441779,21,68,1,67
441779,22,68,1,67
441779,23,68,1,67
441779,24,21,1,20
441779,25,47,0,47
441779,40,47,0,47
441788,1,341,328,13
441788,2,341,328,13
441788,3,341,328,13
441788,4,59,55,4
441788,5,282,273,9
441788,20,282,273,9
441788,21,313,301,12
441788,22,313,301,12
441788,23,313,301,12
441788,24,58,54,4
441788,25,255,247,8
441788,40,255,247,8
441788,41,28,27,1
441788,42,28,27,1
441788,43,28,27,1
441788,44,1,1,0
441788,45,27,26,1
441788,60,27,26,1
441830,1,67,14,53
441830,2,67,14,53
441830,3,67,14,53
441830,4,25,8,17
441830,5,42,6,36
441830,20,42,6,36
441830,21,23,4,19
441830,22,23,4,19
441830,23,23,4,19
441830,24,11,1,10
441830,25,12,3,9
441830,40,12,3,9
441830,41,44,10,34
441830,42,44,10,34
441830,43,44,10,34
441830,44,14,7,7
441830,45,30,3,27
441830,60,30,3,27
441858,1,280,20,260
441858,2,280,20,260
441858,3,280,20,260
441858,4,125,7,118
441858,5,155,13,142
441858,20,155,13,142
441858,21,197,16,181
441858,22,197,16,181
441858,23,197,16,181
441858,24,82,6,76
441858,25,115,10,105
441858,40,115,10,105
441858,41,83,4,79
441858,42,83,4,79
441858,43,83,4,79
441858,44,43,1,42
441858,45,40,3,37
441858,60,40,3,37
441876,1,228,12,216
441876,2,228,12,216
441876,3,228,12,216
441876,4,20,2,18
441876,5,208,10,198
441876,20,208,10,198
441876,21,167,9,158
441876,22,167,9,158
441876,23,167,9,158
441876,24,17,2,15
441876,25,150,7,143
441876,40,150,7,143
441876,41,61,3,58
441876,42,61,3,58
441876,43,61,3,58
441876,44,3,0,3
441876,45,58,3,55
441876,60,58,3,55
441894,1,5,5,0
441894,2,5,5,0
441894,3,5,5,0
441894,4,3,3,0
441894,5,2,2,0
441894,20,2,2,0
441894,21,5,5,0
441894,22,5,5,0
441894,23,5,5,0
441894,24,3,3,0
441894,25,2,2,0
441894,40,2,2,0
441900,1,3377,825,2552
441900,2,3377,825,2552
441900,3,3076,719,2357
441900,4,264,66,198
441900,5,2812,653,2159
441900,11,301,106,195
441900,19,507,111,396
441900,20,2305,542,1763
441900,21,1199,291,908
441900,22,1199,291,908
441900,23,1182,285,897
441900,24,163,38,125
441900,25,1019,247,772
441900,31,17,6,11
441900,39,155,32,123
441900,40,864,215,649
441900,41,2178,534,1644
441900,42,2178,534,1644
441900,43,1894,434,1460
441900,44,101,28,73
441900,45,1793,406,1387
441900,51,284,100,184
441900,59,352,79,273
441900,60,1441,327,1114
441919,1,376,51,325
441919,2,376,51,325
441919,3,376,51,325
441919,4,185,31,154
441919,5,191,20,171
441919,20,191,20,171
441919,21,279,37,242
441919,22,279,37,242
441919,23,279,37,242
441919,24,164,23,141
441919,25,115,14,101
441919,40,115,14,101
441919,41,97,14,83
441919,42,97,14,83
441919,43,97,14,83
441919,44,21,8,13
441919,45,76,6,70
441919,60,76,6,70
441928,1,642,112,530
441928,2,642,112,530
441928,3,642,112,530
441928,4,326,57,269
441928,5,316,55,261
441928,20,316,55,261
441928,21,315,61,254
441928,22,315,61,254
441928,23,315,61,254
441928,24,183,37,146
441928,25,132,24,108
441928,40,132,24,108
441928,41,327,51,276
441928,42,327,51,276
441928,43,327,51,276
441928,44,143,20,123
441928,45,184,31,153
441928,60,184,31,153
441937,1,5140,1823,3317
441937,2,4963,1772,3191
441937,3,4950,1768,3182
441937,4,832,278,554
441937,5,4118,1490,2628
441937,11,13,4,9
441937,12,177,51,126
441937,19,915,370,545
441937,20,3203,1120,2083
441937,21,4401,1555,2846
441937,22,4281,1518,2763
441937,23,4272,1514,2758
441937,24,823,273,550
441937,25,3449,1241,2208
441937,31,9,4,5
441937,32,120,37,83
441937,39,730,304,426
441937,40,2719,937,1782
441937,41,739,268,471
441937,42,682,254,428
441937,43,678,254,424
441937,44,9,5,4
441937,45,669,249,420
441937,51,4,0,4
441937,52,57,14,43
441937,59,185,66,119
441937,60,484,183,301
441955,1,678,572,106
441955,2,678,572,106
441955,3,678,572,106
441955,4,103,84,19
441955,5,575,488,87
441955,20,575,488,87
441955,21,495,427,68
441955,22,495,427,68
441955,23,495,427,68
441955,24,93,74,19
441955,25,402,353,49
441955,40,402,353,49
441955,41,183,145,38
441955,42,183,145,38
441955,43,183,145,38
441955,44,10,10,0
441955,45,173,135,38
441955,60,173,135,38
441964,1,573,481,92
441964,2,573,481,92
441964,3,573,481,92
441964,4,58,46,12
441964,5,515,435,80
441964,19,9,9,0
441964,20,506,426,80
441964,21,465,392,73
441964,22,465,392,73
441964,23,465,392,73
441964,24,54,43,11
441964,25,411,349,62
441964,39,9,9,0
441964,40,402,340,62
441964,41,108,89,19
441964,42,108,89,19
441964,43,108,89,19
441964,44,4,3,1
441964,45,104,86,18
441964,60,104,86,18
441973,1,1761,912,849
441973,2,1761,912,849
441973,3,1761,912,849
441973,4,357,194,163
441973,5,1404,718,686
441973,19,247,110,137
441973,20,1157,608,549
441973,21,951,515,436
441973,22,951,515,436
441973,23,951,515,436
441973,24,230,132,98
441973,25,721,383,338
441973,39,150,65,85
441973,40,571,318,253
441973,41,810,397,413
441973,42,810,397,413
441973,43,810,397,413
441973,44,127,62,65
441973,45,683,335,348
441973,59,97,45,52
441973,60,586,290,296
441982,1,355,177,178
441982,2,355,177,178
441982,3,343,171,172
441982,4,82,36,46
441982,5,261,135,126
441982,11,12,6,6
441982,19,4,3,1
441982,20,257,132,125
441982,21,355,177,178
441982,22,355,177,178
441982,23,343,171,172
441982,24,82,36,46
441982,25,261,135,126
441982,31,12,6,6
441982,39,4,3,1
441982,40,257,132,125
442037,1,311,80,231
442037,2,311,80,231
442037,3,311,80,231
442037,4,27,7,20
442037,5,284,73,211
442037,19,3,2,1
442037,20,281,71,210
442037,21,311,80,231
442037,22,311,80,231
442037,23,311,80,231
442037,24,27,7,20
442037,25,284,73,211
442037,39,3,2,1
442037,40,281,71,210
442046,1,478,54,424
442046,2,478,54,424
442046,3,478,54,424
442046,4,171,22,149
442046,5,307,32,275
442046,19,1,0,1
442046,20,306,32,274
442046,21,438,50,388
442046,22,438,50,388
442046,23,438,50,388
442046,24,159,20,139
442046,25,279,30,249
442046,39,1,0,1
442046,40,278,30,248
442046,41,40,4,36
442046,42,40,4,36
442046,43,40,4,36
442046,44,12,2,10
442046,45,28,2,26
442046,60,28,2,26
442064,1,86,27,59
442064,12,86,27,59
442064,21,76,25,51
442064,32,76,25,51
442064,41,10,2,8
442064,52,10,2,8
442073,1,645,178,467
442073,2,645,178,467
442073,3,645,178,467
442073,4,134,36,98
442073,5,511,142,369
442073,20,511,142,369
442073,21,371,103,268
442073,22,371,103,268
442073,23,371,103,268
442073,24,88,21,67
442073,25,283,82,201
442073,40,283,82,201
442073,41,274,75,199
442073,42,274,75,199
442073,43,274,75,199
442073,44,46,15,31
442073,45,228,60,168
442073,60,228,60,168
442134,1,547,67,480
442134,2,547,67,480
442134,3,543,67,476
442134,4,199,27,172
442134,5,344,40,304
442134,11,4,0,4
442134,20,344,40,304
442134,21,547,67,480
442134,22,547,67,480
442134,23,543,67,476
442134,24,199,27,172
442134,25,344,40,304
442134,31,4,0,4
442134,40,344,40,304
442143,1,567,190,377
442143,2,517,170,347
442143,3,517,170,347
442143,4,16,4,12
442143,5,501,166,335
442143,12,50,20,30
442143,19,35,16,19
442143,20,466,150,316
442143,21,567,190,377
442143,22,517,170,347
442143,23,517,170,347
442143,24,16,4,12
442143,25,501,166,335
442143,32,50,20,30
442143,39,35,16,19
442143,40,466,150,316
442152,1,1510,518,992
442152,2,1350,462,888
442152,3,1350,462,888
442152,4,48,18,30
442152,5,1302,444,858
442152,12,160,56,104
442152,19,89,42,47
442152,20,1213,402,811
442152,21,1510,518,992
442152,22,1350,462,888
442152,23,1350,462,888
442152,24,48,18,30
442152,25,1302,444,858
442152,32,160,56,104
442152,39,89,42,47
442152,40,1213,402,811
442161,1,882,337,545
442161,2,813,305,508
442161,3,813,305,508
442161,4,39,11,28
442161,5,774,294,480
442161,12,69,32,37
442161,19,48,21,27
442161,20,726,273,453
442161,21,882,337,545
442161,22,813,305,508
442161,23,813,305,508
442161,24,39,11,28
442161,25,774,294,480
442161,32,69,32,37
442161,39,48,21,27
442161,40,726,273,453
442170,1,1890,682,1208
442170,2,1737,621,1116
442170,3,1737,621,1116
442170,4,70,28,42
442170,5,1667,593,1074
442170,12,153,61,92
442170,19,86,37,49
442170,20,1581,556,1025
442170,21,1890,682,1208
442170,22,1737,621,1116
442170,23,1737,621,1116
442170,24,70,28,42
442170,25,1667,593,1074
442170,32,153,61,92
442170,39,86,37,49
442170,40,1581,556,1025
442189,1,865,539,326
442189,2,650,408,242
442189,3,650,408,242
442189,4,3,2,1
442189,5,647,406,241
442189,12,215,131,84
442189,19,45,29,16
442189,20,602,377,225
442189,21,865,539,326
442189,22,650,408,242
442189,23,650,408,242
442189,24,3,2,1
442189,25,647,406,241
442189,32,215,131,84
442189,39,45,29,16
442189,40,602,377,225
442204,1,199,51,148
442204,2,199,51,148
442204,3,199,51,148
442204,4,135,37,98
442204,5,64,14,50
442204,20,64,14,50
442204,21,187,51,136
442204,22,187,51,136
442204,23,187,51,136
442204,24,132,37,95
442204,25,55,14,41
442204,40,55,14,41
442204,41,12,0,12
442204,42,12,0,12
442204,43,12,0,12
442204,44,3,0,3
442204,45,9,0,9
442204,60,9,0,9
442213,1,58,1,57
442213,2,58,1,57
442213,3,58,1,57
442213,4,2,0,2
442213,5,56,1,55
442213,20,56,1,55
442213,21,19,0,19
442213,22,19,0,19
442213,23,19,0,19
442213,24,1,0,1
442213,25,18,0,18
442213,40,18,0,18
442213,41,39,1,38
442213,42,39,1,38
442213,43,39,1,38
442213,44,1,0,1
442213,45,38,1,37
442213,60,38,1,37
442222,1,495,125,370
442222,2,219,56,163
442222,3,218,55,163
442222,4,41,10,31
442222,5,177,45,132
442222,11,1,1,0
442222,12,276,69,207
442222,19,52,9,43
442222,20,125,36,89
442222,21,62,18,44
442222,22,19,8,11
442222,23,19,8,11
442222,25,19,8,11
442222,32,43,10,33
442222,39,3,0,3
442222,40,16,8,8
442222,41,433,107,326
442222,42,200,48,152
442222,43,199,47,152
442222,44,41,10,31
442222,45,158,37,121
442222,51,1,1,0
442222,52,233,59,174
442222,59,49,9,40
442222,60,109,28,81
442231,1,961,498,463
442231,2,961,498,463
442231,3,961,498,463
442231,4,129,75,54
442231,5,832,423,409
442231,19,55,23,32
442231,20,777,400,377
442231,21,961,498,463
442231,22,961,498,463
442231,23,961,498,463
442231,24,129,75,54
442231,25,832,423,409
442231,39,55,23,32
442231,40,777,400,377
442240,1,188,17,171
442240,2,188,17,171
442240,3,188,17,171
442240,4,44,1,43
442240,5,144,16,128
442240,20,144,16,128
442240,21,141,14,127
442240,22,141,14,127
442240,23,141,14,127
442240,24,36,1,35
442240,25,105,13,92
442240,40,105,13,92
442240,41,47,3,44
442240,42,47,3,44
442240,43,47,3,44
442240,44,8,0,8
442240,45,39,3,36
442240,60,39,3,36
442295,1,319,163,156
442295,12,319,163,156
442295,21,315,161,154
442295,32,315,161,154
442295,41,4,2,2
442295,52,4,2,2
442329,1,696,680,16
442329,2,696,680,16
442329,3,696,680,16
442329,4,336,328,8
442329,5,360,352,8
442329,20,360,352,8
442329,21,696,680,16
442329,22,696,680,16
442329,23,696,680,16
442329,24,336,328,8
442329,25,360,352,8
442329,40,360,352,8
442338,1,442,286,156
442338,2,442,286,156
442338,3,442,286,156
442338,4,52,37,15
442338,5,390,249,141
442338,19,25,6,19
442338,20,365,243,122
442338,21,303,207,96
442338,22,303,207,96
442338,23,303,207,96
442338,24,45,30,15
442338,25,258,177,81
442338,39,20,5,15
442338,40,238,172,66
442338,41,139,79,60
442338,42,139,79,60
442338,43,139,79,60
442338,44,7,7,0
442338,45,132,72,60
442338,59,5,1,4
442338,60,127,71,56
442347,1,310,231,79
442347,2,310,231,79
442347,3,310,231,79
442347,4,53,38,15
442347,5,257,193,64
442347,19,4,3,1
442347,20,253,190,63
442347,21,220,163,57
442347,22,220,163,57
442347,23,220,163,57
442347,24,41,30,11
442347,25,179,133,46
442347,39,4,3,1
442347,40,175,130,45
442347,41,90,68,22
442347,42,90,68,22
442347,43,90,68,22
442347,44,12,8,4
442347,45,78,60,18
442347,60,78,60,18
442356,1,1429,203,1226
442356,2,1429,203,1226
442356,3,1394,198,1196
442356,4,179,39,140
442356,5,1215,159,1056
442356,11,35,5,30
442356,19,278,41,237
442356,20,937,118,819
442356,21,520,72,448
442356,22,520,72,448
442356,23,519,72,447
442356,24,109,8,101
442356,25,410,64,346
442356,31,1,0,1
442356,39,80,17,63
442356,40,330,47,283
442356,41,909,131,778
442356,42,909,131,778
442356,43,875,126,749
442356,44,70,31,39
442356,45,805,95,710
442356,51,34,5,29
442356,59,198,24,174
442356,60,607,71,536
442383,1,210,33,177
442383,2,210,33,177
442383,3,210,33,177
442383,4,63,15,48
442383,5,147,18,129
442383,19,37,4,33
442383,20,110,14,96
442383,21,194,31,163
442383,22,194,31,163
442383,23,194,31,163
442383,24,62,15,47
442383,25,132,16,116
442383,39,37,4,33
442383,40,95,12,83
442383,41,16,2,14
442383,42,16,2,14
442383,43,16,2,14
442383,44,1,0,1
442383,45,15,2,13
442383,60,15,2,13
442392,1,152,56,96
442392,12,152,56,96
442392,21,152,56,96
442392,32,152,56,96
442408,1,229,211,18
442408,2,229,211,18
442408,3,229,211,18
442408,4,24,24,0
442408,5,205,187,18
442408,19,16,12,4
442408,20,189,175,14
442408,21,229,211,18
442408,22,229,211,18
442408,23,229,211,18
442408,24,24,24,0
442408,25,205,187,18
442408,39,16,12,4
442408,40,189,175,14
442426,1,301,38,263
442426,2,301,38,263
442426,3,301,38,263
442426,4,47,7,40
442426,5,254,31,223
442426,19,213,25,188
442426,20,41,6,35
442426,21,246,31,215
442426,22,246,31,215
442426,23,246,31,215
442426,24,37,5,32
442426,25,209,26,183
442426,39,172,21,151
442426,40,37,5,32
442426,41,55,7,48
442426,42,55,7,48
442426,43,55,7,48
442426,44,10,2,8
442426,45,45,5,40
442426,59,41,4,37
442426,60,4,1,3
442435,1,39,14,25
442435,2,39,14,25
442435,3,35,11,24
442435,4,14,4,10
442435,5,21,7,14
442435,11,4,3,1
442435,20,21,7,14
442435,21,39,14,25
442435,22,39,14,25
442435,23,35,11,24
442435,24,14,4,10
442435,25,21,7,14
442435,31,4,3,1
442435,40,21,7,14
442444,1,698,271,427
442444,2,698,271,427
442444,3,698,271,427
442444,4,63,35,28
442444,5,635,236,399
442444,19,75,22,53
442444,20,560,214,346
442444,21,698,271,427
442444,22,698,271,427
442444,23,698,271,427
442444,24,63,35,28
442444,25,635,236,399
442444,39,75,22,53
442444,40,560,214,346
442462,1,251,53,198
442462,2,251,53,198
442462,3,251,53,198
442462,4,100,24,76
442462,5,151,29,122
442462,20,151,29,122
442462,21,251,53,198
442462,22,251,53,198
442462,23,251,53,198
442462,24,100,24,76
442462,25,151,29,122
442462,40,151,29,122
442523,1,53,24,29
442523,2,53,24,29
442523,3,53,24,29
442523,4,20,11,9
442523,5,33,13,20
442523,19,5,3,2
442523,20,28,10,18
442523,21,49,22,27
442523,22,49,22,27
442523,23,49,22,27
442523,24,19,11,8
442523,25,30,11,19
442523,39,4,2,2
442523,40,26,9,17
442523,41,4,2,2
442523,42,4,2,2
442523,43,4,2,2
442523,44,1,0,1
442523,45,3,2,1
442523,59,1,1,0
442523,60,2,1,1
442569,1,11188,5981,5207
442569,2,9590,5054,4536
442569,3,9521,5011,4510
442569,4,1912,716,1196
442569,5,7609,4295,3314
442569,11,69,43,26
442569,12,1598,927,671
442569,19,486,207,279
442569,20,7123,4088,3035
442569,21,7841,3770,4071
442569,22,6545,3030,3515
442569,23,6537,3026,3511
442569,24,1773,614,1159
442569,25,4764,2412,2352
442569,31,8,4,4
442569,32,1296,740,556
442569,39,393,150,243
442569,40,4371,2262,2109
442569,41,3347,2211,1136
442569,42,3045,2024,1021
442569,43,2984,1985,999
442569,44,139,102,37
442569,45,2845,1883,962
442569,51,61,39,22
442569,52,302,187,115
442569,59,93,57,36
442569,60,2752,1826,926
442578,1,190,48,142
442578,2,190,48,142
442578,3,184,45,139
442578,4,17,1,16
442578,5,167,44,123
442578,11,6,3,3
442578,19,30,5,25
442578,20,137,39,98
442578,21,107,27,80
442578,22,107,27,80
442578,23,106,27,79
442578,24,12,1,11
442578,25,94,26,68
442578,31,1,0,1
442578,39,23,3,20
442578,40,71,23,48
442578,41,83,21,62
442578,42,83,21,62
442578,43,78,18,60
442578,44,5,0,5
442578,45,73,18,55
442578,51,5,3,2
442578,59,7,2,5
442578,60,66,16,50
442602,1,647,100,547
442602,2,647,100,547
442602,3,647,100,547
442602,4,50,9,41
442602,5,597,91,506
442602,19,105,18,87
442602,20,492,73,419
442602,21,545,74,471
442602,22,545,74,471
442602,23,545,74,471
442602,24,43,4,39
442602,25,502,70,432
442602,39,65,9,56
442602,40,437,61,376
442602,41,102,26,76
442602,42,102,26,76
442602,43,102,26,76
442602,44,7,5,2
442602,45,95,21,74
442602,59,40,9,31
442602,60,55,12,43
442611,1,1510,1465,45
442611,2,1510,1465,45
442611,3,1510,1465,45
442611,4,358,349,9
442611,5,1152,1116,36
442611,20,1152,1116,36
442611,21,1510,1465,45
442611,22,1510,1465,45
442611,23,1510,1465,45
442611,24,358,349,9
442611,25,1152,1116,36
442611,40,1152,1116,36
442620,1,314,46,268
442620,2,314,46,268
442620,3,314,46,268
442620,4,43,2,41
442620,5,271,44,227
442620,20,271,44,227
442620,21,314,46,268
442620,22,314,46,268
442620,23,314,46,268
442620,24,43,2,41
442620,25,271,44,227
442620,40,271,44,227
442639,1,35,21,14
442639,2,27,14,13
442639,3,26,13,13
442639,4,3,2,1
442639,5,23,11,12
442639,11,1,1,0
442639,12,8,7,1
442639,19,5,2,3
442639,20,18,9,9
442639,21,35,21,14
442639,22,27,14,13
442639,23,26,13,13
442639,24,3,2,1
442639,25,23,11,12
442639,31,1,1,0
442639,32,8,7,1
442639,39,5,2,3
442639,40,18,9,9
442648,1,289,58,231
442648,2,289,58,231
442648,3,289,58,231
442648,4,94,19,75
442648,5,195,39,156
442648,20,195,39,156
442648,21,289,58,231
442648,22,289,58,231
442648,23,289,58,231
442648,24,94,19,75
442648,25,195,39,156
442648,40,195,39,156
442657,1,272,48,224
442657,2,272,48,224
442657,3,272,48,224
442657,4,103,21,82
442657,5,169,27,142
442657,20,169,27,142
442657,21,272,48,224
442657,22,272,48,224
442657,23,272,48,224
442657,24,103,21,82
442657,25,169,27,142
442657,40,169,27,142
442718,1,470,73,397
442718,2,470,73,397
442718,3,470,73,397
442718,4,14,3,11
442718,5,456,70,386
442718,19,87,17,70
442718,20,369,53,316
442718,21,88,10,78
442718,22,88,10,78
442718,23,88,10,78
442718,25,88,10,78
442718,39,5,2,3
442718,40,83,8,75
442718,41,382,63,319
442718,42,382,63,319
442718,43,382,63,319
442718,44,14,3,11
442718,45,368,60,308
442718,59,82,15,67
442718,60,286,45,241
442727,1,880,314,566
442727,2,880,314,566
442727,3,880,314,566
442727,4,270,105,165
442727,5,610,209,401
442727,20,610,209,401
442727,21,880,314,566
442727,22,880,314,566
442727,23,880,314,566
442727,24,270,105,165
442727,25,610,209,401
442727,40,610,209,401
442736,1,288,40,248
442736,2,288,40,248
442736,3,288,40,248
442736,4,41,5,36
442736,5,247,35,212
442736,20,247,35,212
442736,21,288,40,248
442736,22,288,40,248
442736,23,288,40,248
442736,24,41,5,36
442736,25,247,35,212
442736,40,247,35,212
442745,1,365,76,289
442745,2,365,76,289
442745,3,365,76,289
442745,4,69,16,53
442745,5,296,60,236
442745,19,10,3,7
442745,20,286,57,229
442745,21,365,76,289
442745,22,365,76,289
442745,23,365,76,289
442745,24,69,16,53
442745,25,296,60,236
442745,39,10,3,7
442745,40,286,57,229
442781,1,243,78,165
442781,2,243,78,165
442781,3,184,54,130
442781,4,32,11,21
442781,5,152,43,109
442781,11,59,24,35
442781,19,20,5,15
442781,20,132,38,94
442781,21,73,27,46
442781,22,73,27,46
442781,23,73,27,46
442781,24,12,4,8
442781,25,61,23,38
442781,39,9,4,5
442781,40,52,19,33
442781,41,170,51,119
442781,42,170,51,119
442781,43,111,27,84
442781,44,20,7,13
442781,45,91,20,71
442781,51,59,24,35
442781,59,11,1,10
442781,60,80,19,61
442790,1,1071,291,780
442790,2,1071,291,780
442790,3,1071,291,780
442790,4,95,14,81
442790,5,976,277,699
442790,19,147,40,107
442790,20,829,237,592
442790,21,889,201,688
442790,22,889,201,688
442790,23,889,201,688
442790,24,92,12,80
442790,25,797,189,608
442790,39,108,16,92
442790,40,689,173,516
442790,41,182,90,92
442790,42,182,90,92
442790,43,182,90,92
442790,44,3,2,1
442790,45,179,88,91
442790,59,39,24,15
442790,60,140,64,76
442806,1,1278,610,668
442806,12,1278,610,668
442806,21,1278,610,668
442806,32,1278,610,668
442815,1,345,66,279
442815,2,345,66,279
442815,3,345,66,279
442815,4,322,62,260
442815,5,23,4,19
442815,20,23,4,19
442815,21,259,43,216
442815,22,259,43,216
442815,23,259,43,216
442815,24,240,40,200
442815,25,19,3,16
442815,40,19,3,16
442815,41,86,23,63
442815,42,86,23,63
442815,43,86,23,63
442815,44,82,22,60
442815,45,4,1,3
442815,60,4,1,3
442842,1,219,57,162
442842,2,75,27,48
442842,3,75,27,48
442842,4,19,4,15
442842,5,56,23,33
442842,12,144,30,114
442842,20,56,23,33
442842,21,126,33,93
442842,22,25,9,16
442842,23,25,9,16
442842,24,7,2,5
442842,25,18,7,11
442842,32,101,24,77
442842,40,18,7,11
442842,41,93,24,69
442842,42,50,18,32
442842,43,50,18,32
442842,44,12,2,10
442842,45,38,16,22
442842,52,43,6,37
442842,60,38,16,22
442879,1,1108,136,972
442879,2,1108,136,972
442879,3,1062,115,947
442879,4,317,42,275
442879,5,745,73,672
442879,11,46,21,25
442879,20,745,73,672
442879,21,1108,136,972
442879,22,1108,136,972
442879,23,1062,115,947
442879,24,317,42,275
442879,25,745,73,672
442879,31,46,21,25
442879,40,745,73,672
442888,1,84,57,27
442888,2,84,57,27
442888,3,84,57,27
442888,4,12,6,6
442888,5,72,51,21
442888,20,72,51,21
442888,21,84,57,27
442888,22,84,57,27
442888,23,84,57,27
442888,24,12,6,6
442888,25,72,51,21
442888,40,72,51,21
442897,1,114,37,77
442897,2,87,28,59
442897,3,87,28,59
442897,4,1,0,1
442897,5,86,28,58
442897,12,27,9,18
442897,19,13,6,7
442897,20,73,22,51
442897,41,114,37,77
442897,42,87,28,59
442897,43,87,28,59
442897,44,1,0,1
442897,45,86,28,58
442897,52,27,9,18
442897,59,13,6,7
442897,60,73,22,51
442930,1,804,318,486
442930,2,793,312,481
442930,3,793,312,481
442930,4,155,77,78
442930,5,638,235,403
442930,12,11,6,5
442930,19,94,31,63
442930,20,544,204,340
442930,21,804,318,486
442930,22,793,312,481
442930,23,793,312,481
442930,24,155,77,78
442930,25,638,235,403
442930,32,11,6,5
442930,39,94,31,63
442930,40,544,204,340
442949,1,82,0,82
442949,2,82,0,82
442949,3,67,0,67
442949,5,67,0,67
442949,11,15,0,15
442949,20,67,0,67
442949,21,32,0,32
442949,22,32,0,32
442949,23,32,0,32
442949,25,32,0,32
442949,40,32,0,32
442949,41,50,0,50
442949,42,50,0,50
442949,43,35,0,35
442949,45,35,0,35
442949,51,15,0,15
442949,60,35,0,35
442958,1,57,2,55
442958,2,57,2,55
442958,3,57,2,55
442958,4,18,1,17
442958,5,39,1,38
442958,20,39,1,38
442958,21,33,1,32
442958,22,33,1,32
442958,23,33,1,32
442958,24,15,1,14
442958,25,18,0,18
442958,40,18,0,18
442958,41,24,1,23
442958,42,24,1,23
442958,43,24,1,23
442958,44,3,0,3
442958,45,21,1,20
442958,60,21,1,20
442967,1,103,14,89
442967,2,103,14,89
442967,3,103,14,89
442967,4,34,2,32
442967,5,69,12,57
442967,20,69,12,57
442967,21,103,14,89
442967,22,103,14,89
442967,23,103,14,89
442967,24,34,2,32
442967,25,69,12,57
442967,40,69,12,57
442976,1,89,25,64
442976,2,89,25,64
442976,3,89,25,64
442976,4,40,14,26
442976,5,49,11,38
442976,20,49,11,38
442976,21,89,25,64
442976,22,89,25,64
442976,23,89,25,64
442976,24,40,14,26
442976,25,49,11,38
442976,40,49,11,38
442985,1,9,3,6
442985,2,9,3,6
442985,3,9,3,6
442985,4,3,1,2
442985,5,6,2,4
442985,20,6,2,4
442985,21,9,3,6
442985,22,9,3,6
442985,23,9,3,6
442985,24,3,1,2
442985,25,6,2,4
442985,40,6,2,4
443021,1,158,115,43
443021,2,158,115,43
443021,3,158,115,43
443021,4,108,79,29
443021,5,50,36,14
443021,20,50,36,14
443021,21,158,115,43
443021,22,158,115,43
443021,23,158,115,43
443021,24,108,79,29
443021,25,50,36,14
443021,40,50,36,14
443030,1,59,13,46
443030,12,59,13,46
443030,21,59,13,46
443030,32,59,13,46
443049,1,318,235,83
443049,2,135,97,38
443049,3,130,93,37
443049,4,6,2,4
443049,5,124,91,33
443049,11,5,4,1
443049,12,183,138,45
443049,19,17,11,6
443049,20,107,80,27
443049,21,219,157,62
443049,22,81,52,29
443049,23,79,51,28
443049,24,6,2,4
443049,25,73,49,24
443049,31,2,1,1
443049,32,138,105,33
443049,39,13,9,4
443049,40,60,40,20
443049,41,99,78,21
443049,42,54,45,9
443049,43,51,42,9
443049,45,51,42,9
443049,51,3,3,0
443049,52,45,33,12
443049,59,4,2,2
443049,60,47,40,7
443058,1,39,13,26
443058,2,39,13,26
443058,3,19,3,16
443058,4,3,0,3
443058,5,16,3,13
443058,11,20,10,10
443058,19,2,2,0
443058,20,14,1,13
443058,21,18,3,15
443058,22,18,3,15
443058,23,18,3,15
443058,24,2,0,2
443058,25,16,3,13
443058,39,2,2,0
443058,40,14,1,13
443058,41,21,10,11
443058,42,21,10,11
443058,43,1,0,1
443058,44,1,0,1
443058,51,20,10,10
443076,1,181,100,81
443076,2,6,1,5
443076,3,6,1,5
443076,4,1,0,1
443076,5,5,1,4
443076,12,175,99,76
443076,20,5,1,4
443076,21,146,84,62
443076,32,146,84,62
443076,41,35,16,19
443076,42,6,1,5
443076,43,6,1,5
443076,44,1,0,1
443076,45,5,1,4
443076,52,29,15,14
443076,60,5,1,4
443100,1,188,101,87
443100,2,188,101,87
443100,3,188,101,87
443100,4,79,47,32
443100,5,109,54,55
443100,20,109,54,55
443100,21,188,101,87
443100,22,188,101,87
443100,23,188,101,87
443100,24,79,47,32
443100,25,109,54,55
443100,40,109,54,55
443128,1,1342,655,687
443128,12,1342,655,687
443128,21,932,501,431
443128,32,932,501,431
443128,41,410,154,256
443128,52,410,154,256
443137,1,353,55,298
443137,2,353,55,298
443137,3,353,55,298
443137,4,283,43,240
443137,5,70,12,58
443137,20,70,12,58
443137,21,353,55,298
443137,22,353,55,298
443137,23,353,55,298
443137,24,283,43,240
443137,25,70,12,58
443137,40,70,12,58
443146,1,128,68,60
443146,2,128,68,60
443146,3,128,68,60
443146,4,15,10,5
443146,5,113,58,55
443146,20,113,58,55
443146,21,79,41,38
443146,22,79,41,38
443146,23,79,41,38
443146,24,10,7,3
443146,25,69,34,35
443146,40,69,34,35
443146,41,49,27,22
443146,42,49,27,22
443146,43,49,27,22
443146,44,5,3,2
443146,45,44,24,20
443146,60,44,24,20
443173,1,39,2,37
443173,2,39,2,37
443173,3,39,2,37
443173,4,12,1,11
443173,5,27,1,26
443173,20,27,1,26
443173,21,36,2,34
443173,22,36,2,34
443173,23,36,2,34
443173,24,11,1,10
443173,25,25,1,24
443173,40,25,1,24
443173,41,3,0,3
443173,42,3,0,3
443173,43,3,0,3
443173,44,1,0,1
443173,45,2,0,2
443173,60,2,0,2
443207,1,242,233,9
443207,2,242,233,9
443207,3,242,233,9
443207,4,241,232,9
443207,5,1,1,0
443207,20,1,1,0
443207,21,242,233,9
443207,22,242,233,9
443207,23,242,233,9
443207,24,241,232,9
443207,25,1,1,0
443207,40,1,1,0
443216,1,196,181,15
443216,2,196,181,15
443216,3,196,181,15
443216,4,35,34,1
443216,5,161,147,14
443216,20,161,147,14
443216,21,196,181,15
443216,22,196,181,15
443216,23,196,181,15
443216,24,35,34,1
443216,25,161,147,14
443216,40,161,147,14
443225,1,65,63,2
443225,2,65,63,2
443225,3,65,63,2
443225,4,57,55,2
443225,5,8,8,0
443225,20,8,8,0
443225,21,65,63,2
443225,22,65,63,2
443225,23,65,63,2
443225,24,57,55,2
443225,25,8,8,0
443225,40,8,8,0
443234,1,240,21,219
443234,2,240,21,219
443234,3,240,21,219
443234,4,35,4,31
443234,5,205,17,188
443234,20,205,17,188
443234,21,240,21,219
443234,22,240,21,219
443234,23,240,21,219
443234,24,35,4,31
443234,25,205,17,188
443234,40,205,17,188
443252,1,756,477,279
443252,2,756,477,279
443252,3,756,477,279
443252,4,490,302,188
443252,5,266,175,91
443252,20,266,175,91
443252,21,756,477,279
443252,22,756,477,279
443252,23,756,477,279
443252,24,490,302,188
443252,25,266,175,91
443252,40,266,175,91
443261,1,229,44,185
443261,2,229,44,185
443261,3,229,44,185
443261,4,68,7,61
443261,5,161,37,124
443261,20,161,37,124
443261,21,148,39,109
443261,22,148,39,109
443261,23,148,39,109
443261,24,45,6,39
443261,25,103,33,70
443261,40,103,33,70
443261,41,81,5,76
443261,42,81,5,76
443261,43,81,5,76
443261,44,23,1,22
443261,45,58,4,54
443261,60,58,4,54
443270,1,205,61,144
443270,2,205,61,144
443270,3,205,61,144
443270,4,90,23,67
443270,5,115,38,77
443270,20,115,38,77
443270,21,153,41,112
443270,22,153,41,112
443270,23,153,41,112
443270,24,71,16,55
443270,25,82,25,57
443270,40,82,25,57
443270,41,52,20,32
443270,42,52,20,32
443270,43,52,20,32
443270,44,19,7,12
443270,45,33,13,20
443270,60,33,13,20
443289,1,49,3,46
443289,2,49,3,46
443289,3,49,3,46
443289,4,17,1,16
443289,5,32,2,30
443289,20,32,2,30
443289,21,49,3,46
443289,22,49,3,46
443289,23,49,3,46
443289,24,17,1,16
443289,25,32,2,30
443289,40,32,2,30
443298,1,196,174,22
443298,2,196,174,22
443298,3,196,174,22
443298,4,30,27,3
443298,5,166,147,19
443298,20,166,147,19
443298,21,196,174,22
443298,22,196,174,22
443298,23,196,174,22
443298,24,30,27,3
443298,25,166,147,19
443298,40,166,147,19
443322,1,118,23,95
443322,2,118,23,95
443322,3,118,23,95
443322,4,78,16,62
443322,5,40,7,33
443322,20,40,7,33
443322,21,118,23,95
443322,22,118,23,95
443322,23,118,23,95
443322,24,78,16,62
443322,25,40,7,33
443322,40,40,7,33
443331,1,1435,342,1093
443331,2,1374,334,1040
443331,3,1374,334,1040
443331,4,16,6,10
443331,5,1358,328,1030
443331,12,61,8,53
443331,19,153,32,121
443331,20,1205,296,909
443331,21,1369,319,1050
443331,22,1310,313,997
443331,23,1310,313,997
443331,24,16,6,10
443331,25,1294,307,987
443331,32,59,6,53
443331,39,151,31,120
443331,40,1143,276,867
443331,41,66,23,43
443331,42,64,21,43
443331,43,64,21,43
443331,45,64,21,43
443331,52,2,2,0
443331,59,2,1,1
443331,60,62,20,42
443340,1,72,36,36
443340,2,72,36,36
443340,3,72,36,36
443340,4,9,1,8
443340,5,63,35,28
443340,19,13,6,7
443340,20,50,29,21
443340,21,71,36,35
443340,22,71,36,35
443340,23,71,36,35
443340,24,9,1,8
443340,25,62,35,27
443340,39,13,6,7
443340,40,49,29,20
443340,41,1,0,1
443340,42,1,0,1
443340,43,1,0,1
443340,45,1,0,1
443340,60,1,0,1
443359,1,107,80,27
443359,2,107,80,27
443359,3,107,80,27
443359,4,28,15,13
443359,5,79,65,14
443359,20,79,65,14
443359,21,100,77,23
443359,22,100,77,23
443359,23,100,77,23
443359,24,22,12,10
443359,25,78,65,13
443359,40,78,65,13
443359,41,7,3,4
443359,42,7,3,4
443359,43,7,3,4
443359,44,6,3,3
443359,45,1,0,1
443359,60,1,0,1
443377,1,105,101,4
443377,2,105,101,4
443377,3,105,101,4
443377,4,61,58,3
443377,5,44,43,1
443377,19,10,10,0
443377,20,34,33,1
443377,21,105,101,4
443377,22,105,101,4
443377,23,105,101,4
443377,24,61,58,3
443377,25,44,43,1
443377,39,10,10,0
443377,40,34,33,1
443410,1,1000,812,188
443410,2,894,729,165
443410,3,894,729,165
443410,4,156,122,34
443410,5,738,607,131
443410,12,106,83,23
443410,19,138,113,25
443410,20,600,494,106
443410,21,852,691,161
443410,22,791,647,144
443410,23,791,647,144
443410,24,148,116,32
443410,25,643,531,112
443410,32,61,44,17
443410,39,133,108,25
443410,40,510,423,87
443410,41,148,121,27
443410,42,103,82,21
443410,43,103,82,21
443410,44,8,6,2
443410,45,95,76,19
443410,52,45,39,6
443410,59,5,5,0
443410,60,90,71,19
443429,1,69,11,58
443429,2,69,11,58
443429,3,69,11,58
443429,4,10,2,8
443429,5,59,9,50
443429,20,59,9,50
443429,21,69,11,58
443429,22,69,11,58
443429,23,69,11,58
443429,24,10,2,8
443429,25,59,9,50
443429,40,59,9,50
443438,1,214,66,148
443438,2,214,66,148
443438,3,214,66,148
443438,4,14,9,5
443438,5,200,57,143
443438,19,32,10,22
443438,20,168,47,121
443438,21,214,66,148
443438,22,214,66,148
443438,23,214,66,148
443438,24,14,9,5
443438,25,200,57,143
443438,39,32,10,22
443438,40,168,47,121
443456,1,119,54,65
443456,2,108,48,60
443456,3,108,48,60
443456,5,108,48,60
443456,12,11,6,5
443456,20,108,48,60
443456,21,119,54,65
443456,22,108,48,60
443456,23,108,48,60
443456,25,108,48,60
443456,32,11,6,5
443456,40,108,48,60
443465,1,67,23,44
443465,2,66,22,44
443465,3,66,22,44
443465,5,66,22,44
443465,12,1,1,0
443465,20,66,22,44
443465,21,67,23,44
443465,22,66,22,44
443465,23,66,22,44
443465,25,66,22,44
443465,32,1,1,0
443465,40,66,22,44
443474,1,933,302,631
443474,2,829,266,563
443474,3,828,265,563
443474,4,41,9,32
443474,5,787,256,531
443474,11,1,1,0
443474,12,104,36,68
443474,19,41,18,23
443474,20,746,238,508
443474,21,933,302,631
443474,22,829,266,563
443474,23,828,265,563
443474,24,41,9,32
443474,25,787,256,531
443474,31,1,1,0
443474,32,104,36,68
443474,39,41,18,23
443474,40,746,238,508
443483,1,157,30,127
443483,2,157,30,127
443483,3,157,30,127
443483,4,49,11,38
443483,5,108,19,89
443483,20,108,19,89
443483,21,22,9,13
443483,22,22,9,13
443483,23,22,9,13
443483,24,9,4,5
443483,25,13,5,8
443483,40,13,5,8
443483,41,135,21,114
443483,42,135,21,114
443483,43,135,21,114
443483,44,40,7,33
443483,45,95,14,81
443483,60,95,14,81
443492,1,2683,1048,1635
443492,2,2683,1048,1635
443492,3,2108,842,1266
443492,4,572,247,325
443492,5,1536,595,941
443492,11,575,206,369
443492,19,315,136,179
443492,20,1221,459,762
443492,21,1725,691,1034
443492,22,1725,691,1034
443492,23,1707,683,1024
443492,24,503,214,289
443492,25,1204,469,735
443492,31,18,8,10
443492,39,262,112,150
443492,40,942,357,585
443492,41,958,357,601
443492,42,958,357,601
443492,43,401,159,242
443492,44,69,33,36
443492,45,332,126,206
443492,51,557,198,359
443492,59,53,24,29
443492,60,279,102,177
443526,1,591,465,126
443526,2,591,465,126
443526,3,591,465,126
443526,4,41,32,9
443526,5,550,433,117
443526,19,5,3,2
443526,20,545,430,115
443526,21,469,369,100
443526,22,469,369,100
443526,23,469,369,100
443526,24,35,26,9
443526,25,434,343,91
443526,39,4,3,1
443526,40,430,340,90
443526,41,122,96,26
443526,42,122,96,26
443526,43,122,96,26
443526,44,6,6,0
443526,45,116,90,26
443526,59,1,0,1
443526,60,115,90,25
443535,1,322,186,136
443535,2,322,186,136
443535,3,322,186,136
443535,4,50,30,20
443535,5,272,156,116
443535,19,17,7,10
443535,20,255,149,106
443535,21,222,120,102
443535,22,222,120,102
443535,23,222,120,102
443535,24,41,25,16
443535,25,181,95,86
443535,39,11,3,8
443535,40,170,92,78
443535,41,100,66,34
443535,42,100,66,34
443535,43,100,66,34
443535,44,9,5,4
443535,45,91,61,30
443535,59,6,4,2
443535,60,85,57,28
443544,1,372,100,272
443544,2,338,88,250
443544,3,338,88,250
443544,4,21,5,16
443544,5,317,83,234
443544,12,34,12,22
443544,19,14,5,9
443544,20,303,78,225
443544,21,372,100,272
443544,22,338,88,250
443544,23,338,88,250
443544,24,21,5,16
443544,25,317,83,234
443544,32,34,12,22
443544,39,14,5,9
443544,40,303,78,225
443562,1,2565,719,1846
443562,2,2470,690,1780
443562,3,2470,690,1780
443562,4,676,204,472
443562,5,1794,486,1308
443562,12,95,29,66
443562,19,20,12,8
443562,20,1774,474,1300
443562,21,1772,491,1281
443562,22,1719,475,1244
443562,23,1719,475,1244
443562,24,532,142,390
443562,25,1187,333,854
443562,32,53,16,37
443562,39,20,12,8
443562,40,1167,321,846
443562,41,793,228,565
443562,42,751,215,536
443562,43,751,215,536
443562,44,144,62,82
443562,45,607,153,454
443562,52,42,13,29
443562,60,607,153,454
443571,1,37,25,12
443571,2,37,25,12
443571,3,37,25,12
443571,4,12,8,4
443571,5,25,17,8
443571,20,25,17,8
443571,21,37,25,12
443571,22,37,25,12
443571,23,37,25,12
443571,24,12,8,4
443571,25,25,17,8
443571,40,25,17,8
443599,1,387,32,355
443599,2,293,22,271
443599,3,293,22,271
443599,4,22,2,20
443599,5,271,20,251
443599,12,94,10,84
443599,19,45,1,44
443599,20,226,19,207
443599,21,35,5,30
443599,22,27,3,24
443599,23,27,3,24
443599,24,3,0,3
443599,25,24,3,21
443599,32,8,2,6
443599,39,8,1,7
443599,40,16,2,14
443599,41,352,27,325
443599,42,266,19,247
443599,43,266,19,247
443599,44,19,2,17
443599,45,247,17,230
443599,52,86,8,78
443599,59,37,0,37
443599,60,210,17,193
443623,1,1108,535,573
443623,2,1108,535,573
443623,3,1108,535,573
443623,4,158,76,82
443623,5,950,459,491
443623,19,100,42,58
443623,20,850,417,433
443623,21,1108,535,573
443623,22,1108,535,573
443623,23,1108,535,573
443623,24,158,76,82
443623,25,950,459,491
443623,39,100,42,58
443623,40,850,417,433
443632,1,187,137,50
443632,2,187,137,50
443632,3,187,137,50
443632,4,85,59,26
443632,5,102,78,24
443632,20,102,78,24
443632,21,187,137,50
443632,22,187,137,50
443632,23,187,137,50
443632,24,85,59,26
443632,25,102,78,24
443632,40,102,78,24
443641,1,188,12,176
443641,2,188,12,176
443641,3,188,12,176
443641,4,46,2,44
443641,5,142,10,132
443641,20,142,10,132
443641,21,125,7,118
443641,22,125,7,118
443641,23,125,7,118
443641,24,31,1,30
443641,25,94,6,88
443641,40,94,6,88
443641,41,63,5,58
443641,42,63,5,58
443641,43,63,5,58
443641,44,15,1,14
443641,45,48,4,44
443641,60,48,4,44
443650,1,442,52,390
443650,2,442,52,390
443650,3,442,52,390
443650,4,117,13,104
443650,5,325,39,286
443650,19,53,12,41
443650,20,272,27,245
443650,21,275,32,243
443650,22,275,32,243
443650,23,275,32,243
443650,24,77,9,68
443650,25,198,23,175
443650,39,35,7,28
443650,40,163,16,147
443650,41,167,20,147
443650,42,167,20,147
443650,43,167,20,147
443650,44,40,4,36
443650,45,127,16,111
443650,59,18,5,13
443650,60,109,11,98
443669,1,328,47,281
443669,2,328,47,281
443669,3,328,47,281
443669,4,120,22,98
443669,5,208,25,183
443669,20,208,25,183
443669,21,328,47,281
443669,22,328,47,281
443669,23,328,47,281
443669,24,120,22,98
443669,25,208,25,183
443669,40,208,25,183
443678,1,94,6,88
443678,2,94,6,88
443678,3,94,6,88
443678,4,44,3,41
443678,5,50,3,47
443678,20,50,3,47
443678,21,56,2,54
443678,22,56,2,54
443678,23,56,2,54
443678,24,31,2,29
443678,25,25,0,25
443678,40,25,0,25
443678,41,38,4,34
443678,42,38,4,34
443678,43,38,4,34
443678,44,13,1,12
443678,45,25,3,22
443678,60,25,3,22
443687,1,417,185,232
443687,2,417,185,232
443687,3,417,185,232
443687,4,27,14,13
443687,5,390,171,219
443687,20,390,171,219
443687,21,341,151,190
443687,22,341,151,190
443687,23,341,151,190
443687,24,26,14,12
443687,25,315,137,178
443687,40,315,137,178
443687,41,76,34,42
443687,42,76,34,42
443687,43,76,34,42
443687,44,1,0,1
443687,45,75,34,41
443687,60,75,34,41
443696,1,25,9,16
443696,2,25,9,16
443696,3,22,9,13
443696,4,10,3,7
443696,5,12,6,6
443696,11,3,0,3
443696,20,12,6,6
443696,21,25,9,16
443696,22,25,9,16
443696,23,22,9,13
443696,24,10,3,7
443696,25,12,6,6
443696,31,3,0,3
443696,40,12,6,6
443702,1,15,11,4
443702,12,15,11,4
443702,21,11,9,2
443702,32,11,9,2
443702,41,4,2,2
443702,52,4,2,2
443739,1,282,21,261
443739,2,282,21,261
443739,3,282,21,261
443739,4,116,7,109
443739,5,166,14,152
443739,20,166,14,152
443739,21,282,21,261
443739,22,282,21,261
443739,23,282,21,261
443739,24,116,7,109
443739,25,166,14,152
443739,40,166,14,152
443748,1,527,70,457
443748,2,527,70,457
443748,3,527,70,457
443748,4,76,9,67
443748,5,451,61,390
443748,19,55,3,52
443748,20,396,58,338
443748,21,523,70,453
443748,22,523,70,453
443748,23,523,70,453
443748,24,76,9,67
443748,25,447,61,386
443748,39,55,3,52
443748,40,392,58,334
443748,41,4,0,4
443748,42,4,0,4
443748,43,4,0,4
443748,45,4,0,4
443748,60,4,0,4
443766,1,1973,512,1461
443766,2,1196,340,856
443766,3,1194,339,855
443766,4,209,68,141
443766,5,985,271,714
443766,11,2,1,1
443766,12,777,172,605
443766,19,146,48,98
443766,20,839,223,616
443766,21,142,64,78
443766,22,62,36,26
443766,23,62,36,26
443766,24,4,3,1
443766,25,58,33,25
443766,32,80,28,52
443766,39,9,6,3
443766,40,49,27,22
443766,41,1831,448,1383
443766,42,1134,304,830
443766,43,1132,303,829
443766,44,205,65,140
443766,45,927,238,689
443766,51,2,1,1
443766,52,697,144,553
443766,59,137,42,95
443766,60,790,196,594
443784,1,2329,874,1455
443784,2,1650,596,1054
443784,3,1644,596,1048
443784,4,214,80,134
443784,5,1430,516,914
443784,11,6,0,6
443784,12,679,278,401
443784,19,179,66,113
443784,20,1251,450,801
443784,21,267,138,129
443784,22,143,80,63
443784,23,143,80,63
443784,24,7,6,1
443784,25,136,74,62
443784,32,124,58,66
443784,39,21,15,6
443784,40,115,59,56
443784,41,2062,736,1326
443784,42,1507,516,991
443784,43,1501,516,985
443784,44,207,74,133
443784,45,1294,442,852
443784,51,6,0,6
443784,52,555,220,335
443784,59,158,51,107
443784,60,1136,391,745
443827,1,461,199,262
443827,2,461,199,262
443827,3,461,199,262
443827,4,87,43,44
443827,5,374,156,218
443827,19,18,6,12
443827,20,356,150,206
443827,21,461,199,262
443827,22,461,199,262
443827,23,461,199,262
443827,24,87,43,44
443827,25,374,156,218
443827,39,18,6,12
443827,40,356,150,206
443836,1,370,35,335
443836,2,370,35,335
443836,3,369,34,335
443836,4,57,4,53
443836,5,312,30,282
443836,11,1,1,0
443836,19,40,2,38
443836,20,272,28,244
443836,21,370,35,335
443836,22,370,35,335
443836,23,369,34,335
443836,24,57,4,53
443836,25,312,30,282
443836,31,1,1,0
443836,39,40,2,38
443836,40,272,28,244
443845,1,413,78,335
443845,2,413,78,335
443845,3,413,78,335
443845,4,124,25,99
443845,5,289,53,236
443845,20,289,53,236
443845,21,413,78,335
443845,22,413,78,335
443845,23,413,78,335
443845,24,124,25,99
443845,25,289,53,236
443845,40,289,53,236
443854,1,643,250,393
443854,2,643,250,393
443854,3,643,250,393
443854,4,100,42,58
443854,5,543,208,335
443854,19,74,32,42
443854,20,469,176,293
443854,21,602,234,368
443854,22,602,234,368
443854,23,602,234,368
443854,24,97,41,56
443854,25,505,193,312
443854,39,67,29,38
443854,40,438,164,274
443854,41,41,16,25
443854,42,41,16,25
443854,43,41,16,25
443854,44,3,1,2
443854,45,38,15,23
443854,59,7,3,4
443854,60,31,12,19
443881,1,889,295,594
443881,2,792,264,528
443881,3,792,264,528
443881,4,44,13,31
443881,5,748,251,497
443881,12,97,31,66
443881,19,73,35,38
443881,20,675,216,459
443881,21,889,295,594
443881,22,792,264,528
443881,23,792,264,528
443881,24,44,13,31
443881,25,748,251,497
443881,32,97,31,66
443881,39,73,35,38
443881,40,675,216,459
443890,1,1249,272,977
443890,2,1147,243,904
443890,3,1147,243,904
443890,4,68,11,57
443890,5,1079,232,847
443890,12,102,29,73
443890,19,64,13,51
443890,20,1015,219,796
443890,21,1249,272,977
443890,22,1147,243,904
443890,23,1147,243,904
443890,24,68,11,57
443890,25,1079,232,847
443890,32,102,29,73
443890,39,64,13,51
443890,40,1015,219,796
443906,1,61,32,29
443906,2,55,28,27
443906,3,55,28,27
443906,5,55,28,27
443906,12,6,4,2
443906,20,55,28,27
443906,21,61,32,29
443906,22,55,28,27
443906,23,55,28,27
443906,25,55,28,27
443906,32,6,4,2
443906,40,55,28,27
443924,1,1035,304,731
443924,2,937,272,665
443924,3,937,272,665
443924,4,39,10,29
443924,5,898,262,636
443924,12,98,32,66
443924,19,56,18,38
443924,20,842,244,598
443924,21,1035,304,731
443924,22,937,272,665
443924,23,937,272,665
443924,24,39,10,29
443924,25,898,262,636
443924,32,98,32,66
443924,39,56,18,38
443924,40,842,244,598
443942,1,105,6,99
443942,2,105,6,99
443942,3,105,6,99
443942,4,16,0,16
443942,5,89,6,83
443942,20,89,6,83
443942,21,105,6,99
443942,22,105,6,99
443942,23,105,6,99
443942,24,16,0,16
443942,25,89,6,83
443942,40,89,6,83
443951,1,96,55,41
443951,2,96,55,41
443951,3,96,55,41
443951,4,58,34,24
443951,5,38,21,17
443951,20,38,21,17
443951,21,96,55,41
443951,22,96,55,41
443951,23,96,55,41
443951,24,58,34,24
443951,25,38,21,17
443951,40,38,21,17
443979,1,57,1,56
443979,2,57,1,56
443979,3,57,1,56
443979,4,6,0,6
443979,5,51,1,50
443979,20,51,1,50
443979,21,39,1,38
443979,22,39,1,38
443979,23,39,1,38
443979,24,4,0,4
443979,25,35,1,34
443979,40,35,1,34
443979,41,18,0,18
443979,42,18,0,18
443979,43,18,0,18
443979,44,2,0,2
443979,45,16,0,16
443979,60,16,0,16
444024,1,859,150,709
444024,2,859,150,709
444024,3,859,150,709
444024,4,104,18,86
444024,5,755,132,623
444024,19,118,19,99
444024,20,637,113,524
444024,21,842,146,696
444024,22,842,146,696
444024,23,842,146,696
444024,24,104,18,86
444024,25,738,128,610
444024,39,118,19,99
444024,40,620,109,511
444024,41,17,4,13
444024,42,17,4,13
444024,43,17,4,13
444024,45,17,4,13
444024,60,17,4,13
444042,1,1869,605,1264
444042,2,1869,605,1264
444042,3,1868,605,1263
444042,4,315,104,211
444042,5,1553,501,1052
444042,11,1,0,1
444042,19,132,43,89
444042,20,1421,458,963
444042,21,1025,328,697
444042,22,1025,328,697
444042,23,1025,328,697
444042,24,260,83,177
444042,25,765,245,520
444042,39,92,34,58
444042,40,673,211,462
444042,41,844,277,567
444042,42,844,277,567
444042,43,843,277,566
444042,44,55,21,34
444042,45,788,256,532
444042,51,1,0,1
444042,59,40,9,31
444042,60,748,247,501
444051,1,99,4,95
444051,2,99,4,95
444051,3,99,4,95
444051,4,46,2,44
444051,5,53,2,51
444051,20,53,2,51
444051,21,71,2,69
444051,22,71,2,69
444051,23,71,2,69
444051,24,33,1,32
444051,25,38,1,37
444051,40,38,1,37
444051,41,28,2,26
444051,42,28,2,26
444051,43,28,2,26
444051,44,13,1,12
444051,45,15,1,14
444051,60,15,1,14
444079,1,158,95,63
444079,2,158,95,63
444079,3,158,95,63
444079,4,30,17,13
444079,5,128,78,50
444079,20,128,78,50
444079,21,144,95,49
444079,22,144,95,49
444079,23,144,95,49
444079,24,25,17,8
444079,25,119,78,41
444079,40,119,78,41
444079,41,14,0,14
444079,42,14,0,14
444079,43,14,0,14
444079,44,5,0,5
444079,45,9,0,9
444079,60,9,0,9
444088,1,272,57,215
444088,2,272,57,215
444088,3,272,57,215
444088,4,159,19,140
444088,5,113,38,75
444088,20,113,38,75
444088,21,272,57,215
444088,22,272,57,215
444088,23,272,57,215
444088,24,159,19,140
444088,25,113,38,75
444088,40,113,38,75
444103,1,11,10,1
444103,12,11,10,1
444103,21,7,7,0
444103,32,7,7,0
444103,41,4,3,1
444103,52,4,3,1
444121,1,73,23,50
444121,2,73,23,50
444121,3,73,23,50
444121,5,73,23,50
444121,20,73,23,50
444121,21,73,23,50
444121,22,73,23,50
444121,23,73,23,50
444121,25,73,23,50
444121,40,73,23,50
444130,1,10928,4212,6716
444130,2,250,72,178
444130,3,250,72,178
444130,5,250,72,178
444130,12,10678,4140,6538
444130,19,29,6,23
444130,20,221,66,155
444130,21,4786,2023,2763
444130,22,69,19,50
444130,23,69,19,50
444130,25,69,19,50
444130,32,4717,2004,2713
444130,39,3,0,3
444130,40,66,19,47
444130,41,6142,2189,3953
444130,42,181,53,128
444130,43,181,53,128
444130,45,181,53,128
444130,52,5961,2136,3825
444130,59,26,6,20
444130,60,155,47,108
444158,1,20826,7588,13238
444158,2,18061,6501,11560
444158,3,17902,6470,11432
444158,4,1559,708,851
444158,5,16343,5762,10581
444158,11,159,31,128
444158,12,2765,1087,1678
444158,19,2421,757,1664
444158,20,13922,5005,8917
444158,21,12777,4894,7883
444158,22,10124,3853,6271
444158,23,10105,3845,6260
444158,24,1081,478,603
444158,25,9024,3367,5657
444158,31,19,8,11
444158,32,2653,1041,1612
444158,39,1570,493,1077
444158,40,7454,2874,4580
444158,41,8049,2694,5355
444158,42,7937,2648,5289
444158,43,7797,2625,5172
444158,44,478,230,248
444158,45,7319,2395,4924
444158,51,140,23,117
444158,52,112,46,66
444158,59,851,264,587
444158,60,6468,2131,4337
444167,1,3800,943,2857
444167,2,3795,942,2853
444167,3,3761,931,2830
444167,4,581,189,392
444167,5,3180,742,2438
444167,11,34,11,23
444167,12,5,1,4
444167,19,544,122,422
444167,20,2636,620,2016
444167,21,2035,525,1510
444167,22,2035,525,1510
444167,23,2035,525,1510
444167,24,440,144,296
444167,25,1595,381,1214
444167,39,333,82,251
444167,40,1262,299,963
444167,41,1765,418,1347
444167,42,1760,417,1343
444167,43,1726,406,1320
444167,44,141,45,96
444167,45,1585,361,1224
444167,51,34,11,23
444167,52,5,1,4
444167,59,211,40,171
444167,60,1374,321,1053
444194,1,147,13,134
444194,2,147,13,134
444194,3,147,13,134
444194,4,33,8,25
444194,5,114,5,109
444194,20,114,5,109
444194,21,147,13,134
444194,22,147,13,134
444194,23,147,13,134
444194,24,33,8,25
444194,25,114,5,109
444194,40,114,5,109
444200,1,438,59,379
444200,2,438,59,379
444200,3,438,59,379
444200,4,427,59,368
444200,5,11,0,11
444200,20,11,0,11
444200,21,350,47,303
444200,22,350,47,303
444200,23,350,47,303
444200,24,342,47,295
444200,25,8,0,8
444200,40,8,0,8
444200,41,88,12,76
444200,42,88,12,76
444200,43,88,12,76
444200,44,85,12,73
444200,45,3,0,3
444200,60,3,0,3
444219,1,8034,3321,4713
444219,2,8034,3321,4713
444219,3,7396,3058,4338
444219,4,1524,680,844
444219,5,5872,2378,3494
444219,11,638,263,375
444219,19,962,366,596
444219,20,4910,2012,2898
444219,21,2017,912,1105
444219,22,2017,912,1105
444219,23,1915,883,1032
444219,24,543,237,306
444219,25,1372,646,726
444219,31,102,29,73
444219,39,81,35,46
444219,40,1291,611,680
444219,41,6017,2409,3608
444219,42,6017,2409,3608
444219,43,5481,2175,3306
444219,44,981,443,538
444219,45,4500,1732,2768
444219,51,536,234,302
444219,59,881,331,550
444219,60,3619,1401,2218
444228,1,31,0,31
444228,2,31,0,31
444228,3,31,0,31
444228,4,11,0,11
444228,5,20,0,20
444228,20,20,0,20
444228,21,31,0,31
444228,22,31,0,31
444228,23,31,0,31
444228,24,11,0,11
444228,25,20,0,20
444228,40,20,0,20
444237,1,494,127,367
444237,2,494,127,367
444237,3,494,127,367
444237,4,78,20,58
444237,5,416,107,309
444237,20,416,107,309
444237,21,494,127,367
444237,22,494,127,367
444237,23,494,127,367
444237,24,78,20,58
444237,25,416,107,309
444237,40,416,107,309
444255,1,190,39,151
444255,2,190,39,151
444255,3,190,39,151
444255,4,23,6,17
444255,5,167,33,134
444255,19,18,4,14
444255,20,149,29,120
444255,21,156,34,122
444255,22,156,34,122
444255,23,156,34,122
444255,24,21,6,15
444255,25,135,28,107
444255,39,17,4,13
444255,40,118,24,94
444255,41,34,5,29
444255,42,34,5,29
444255,43,34,5,29
444255,44,2,0,2
444255,45,32,5,27
444255,59,1,0,1
444255,60,31,5,26
444264,1,144,63,81
444264,2,144,63,81
444264,3,144,63,81
444264,4,47,21,26
444264,5,97,42,55
444264,20,97,42,55
444264,21,121,49,72
444264,22,121,49,72
444264,23,121,49,72
444264,24,36,15,21
444264,25,85,34,51
444264,40,85,34,51
444264,41,23,14,9
444264,42,23,14,9
444264,43,23,14,9
444264,44,11,6,5
444264,45,12,8,4
444264,60,12,8,4
444282,1,145,9,136
444282,2,145,9,136
444282,3,145,9,136
444282,4,58,6,52
444282,5,87,3,84
444282,20,87,3,84
444282,21,114,7,107
444282,22,114,7,107
444282,23,114,7,107
444282,24,45,5,40
444282,25,69,2,67
444282,40,69,2,67
444282,41,31,2,29
444282,42,31,2,29
444282,43,31,2,29
444282,44,13,1,12
444282,45,18,1,17
444282,60,18,1,17
444291,1,122,4,118
444291,2,122,4,118
444291,3,122,4,118
444291,4,47,1,46
444291,5,75,3,72
444291,20,75,3,72
444291,21,95,3,92
444291,22,95,3,92
444291,23,95,3,92
444291,24,39,1,38
444291,25,56,2,54
444291,40,56,2,54
444291,41,27,1,26
444291,42,27,1,26
444291,43,27,1,26
444291,44,8,0,8
444291,45,19,1,18
444291,60,19,1,18
444307,1,109,4,105
444307,2,109,4,105
444307,3,109,4,105
444307,4,50,2,48
444307,5,59,2,57
444307,20,59,2,57
444307,21,79,3,76
444307,22,79,3,76
444307,23,79,3,76
444307,24,40,2,38
444307,25,39,1,38
444307,40,39,1,38
444307,41,30,1,29
444307,42,30,1,29
444307,43,30,1,29
444307,44,10,0,10
444307,45,20,1,19
444307,60,20,1,19
444316,1,165,6,159
444316,2,165,6,159
444316,3,165,6,159
444316,4,149,4,145
444316,5,16,2,14
444316,20,16,2,14
444316,21,165,6,159
444316,22,165,6,159
444316,23,165,6,159
444316,24,149,4,145
444316,25,16,2,14
444316,40,16,2,14
444325,1,120,17,103
444325,2,120,17,103
444325,3,120,17,103
444325,4,34,7,27
444325,5,86,10,76
444325,20,86,10,76
444325,21,66,13,53
444325,22,66,13,53
444325,23,66,13,53
444325,24,29,5,24
444325,25,37,8,29
444325,40,37,8,29
444325,41,54,4,50
444325,42,54,4,50
444325,43,54,4,50
444325,44,5,2,3
444325,45,49,2,47
444325,60,49,2,47
444334,1,39,9,30
444334,2,39,9,30
444334,3,39,9,30
444334,4,22,5,17
444334,5,17,4,13
444334,20,17,4,13
444334,21,39,9,30
444334,22,39,9,30
444334,23,39,9,30
444334,24,22,5,17
444334,25,17,4,13
444334,40,17,4,13
444343,1,227,40,187
444343,2,227,40,187
444343,3,227,40,187
444343,4,140,24,116
444343,5,87,16,71
444343,19,18,3,15
444343,20,69,13,56
444343,21,227,40,187
444343,22,227,40,187
444343,23,227,40,187
444343,24,140,24,116
444343,25,87,16,71
444343,39,18,3,15
444343,40,69,13,56
444352,1,55,10,45
444352,2,55,10,45
444352,3,55,10,45
444352,4,11,4,7
444352,5,44,6,38
444352,20,44,6,38
444352,21,55,10,45
444352,22,55,10,45
444352,23,55,10,45
444352,24,11,4,7
444352,25,44,6,38
444352,40,44,6,38
444361,1,103,51,52
444361,2,103,51,52
444361,3,103,51,52
444361,4,30,11,19
444361,5,73,40,33
444361,20,73,40,33
444361,21,103,51,52
444361,22,103,51,52
444361,23,103,51,52
444361,24,30,11,19
444361,25,73,40,33
444361,40,73,40,33
444370,1,97,95,2
444370,2,97,95,2
444370,3,97,95,2
444370,4,22,22,0
444370,5,75,73,2
444370,20,75,73,2
444370,21,97,95,2
444370,22,97,95,2
444370,23,97,95,2
444370,24,22,22,0
444370,25,75,73,2
444370,40,75,73,2
444389,1,347,76,271
444389,2,347,76,271
444389,3,347,76,271
444389,4,72,15,57
444389,5,275,61,214
444389,20,275,61,214
444389,21,347,76,271
444389,22,347,76,271
444389,23,347,76,271
444389,24,72,15,57
444389,25,275,61,214
444389,40,275,61,214
444398,1,189,97,92
444398,2,189,97,92
444398,3,189,97,92
444398,4,19,10,9
444398,5,170,87,83
444398,19,20,7,13
444398,20,150,80,70
444398,21,140,69,71
444398,22,140,69,71
444398,23,140,69,71
444398,24,17,8,9
444398,25,123,61,62
444398,39,16,6,10
444398,40,107,55,52
444398,41,49,28,21
444398,42,49,28,21
444398,43,49,28,21
444398,44,2,2,0
444398,45,47,26,21
444398,59,4,1,3
444398,60,43,25,18
444404,1,70,38,32
444404,2,70,38,32
444404,3,70,38,32
444404,4,66,37,29
444404,5,4,1,3
444404,20,4,1,3
444404,21,42,24,18
444404,22,42,24,18
444404,23,42,24,18
444404,24,40,23,17
444404,25,2,1,1
444404,40,2,1,1
444404,41,28,14,14
444404,42,28,14,14
444404,43,28,14,14
444404,44,26,14,12
444404,45,2,0,2
444404,60,2,0,2
444413,1,113,113,0
444413,2,96,96,0
444413,3,96,96,0
444413,4,32,32,0
444413,5,64,64,0
444413,12,17,17,0
444413,19,7,7,0
444413,20,57,57,0
444413,21,113,113,0
444413,22,96,96,0
444413,23,96,96,0
444413,24,32,32,0
444413,25,64,64,0
444413,32,17,17,0
444413,39,7,7,0
444413,40,57,57,0
444422,1,141,1,140
444422,2,141,1,140
444422,3,141,1,140
444422,4,14,0,14
444422,5,127,1,126
444422,20,127,1,126
444422,21,141,1,140
444422,22,141,1,140
444422,23,141,1,140
444422,24,14,0,14
444422,25,127,1,126
444422,40,127,1,126
444440,1,82,7,75
444440,2,82,7,75
444440,3,82,7,75
444440,4,76,7,69
444440,5,6,0,6
444440,20,6,0,6
444440,21,82,7,75
444440,22,82,7,75
444440,23,82,7,75
444440,24,76,7,69
444440,25,6,0,6
444440,40,6,0,6
444468,1,27,0,27
444468,2,27,0,27
444468,3,27,0,27
444468,4,12,0,12
444468,5,15,0,15
444468,20,15,0,15
444468,21,27,0,27
444468,22,27,0,27
444468,23,27,0,27
444468,24,12,0,12
444468,25,15,0,15
444468,40,15,0,15
444486,1,386,31,355
444486,2,386,31,355
444486,3,386,31,355
444486,4,24,2,22
444486,5,362,29,333
444486,20,362,29,333
444486,21,281,22,259
444486,22,281,22,259
444486,23,281,22,259
444486,24,14,1,13
444486,25,267,21,246
444486,40,267,21,246
444486,41,105,9,96
444486,42,105,9,96
444486,43,105,9,96
444486,44,10,1,9
444486,45,95,8,87
444486,60,95,8,87
444510,1,166,40,126
444510,2,166,40,126
444510,3,166,40,126
444510,4,53,17,36
444510,5,113,23,90
444510,20,113,23,90
444510,21,148,33,115
444510,22,148,33,115
444510,23,148,33,115
444510,24,48,16,32
444510,25,100,17,83
444510,40,100,17,83
444510,41,18,7,11
444510,42,18,7,11
444510,43,18,7,11
444510,44,5,1,4
444510,45,13,6,7
444510,60,13,6,7
444529,1,121,23,98
444529,2,121,23,98
444529,3,121,23,98
444529,4,54,11,43
444529,5,67,12,55
444529,20,67,12,55
444529,21,121,23,98
444529,22,121,23,98
444529,23,121,23,98
444529,24,54,11,43
444529,25,67,12,55
444529,40,67,12,55
444547,1,31,2,29
444547,2,31,2,29
444547,3,31,2,29
444547,4,3,1,2
444547,5,28,1,27
444547,20,28,1,27
444547,21,23,2,21
444547,22,23,2,21
444547,23,23,2,21
444547,24,3,1,2
444547,25,20,1,19
444547,40,20,1,19
444547,41,8,0,8
444547,42,8,0,8
444547,43,8,0,8
444547,45,8,0,8
444547,60,8,0,8
444556,1,261,111,150
444556,2,261,111,150
444556,3,261,111,150
444556,4,257,108,149
444556,5,4,3,1
444556,20,4,3,1
444556,21,261,111,150
444556,22,261,111,150
444556,23,261,111,150
444556,24,257,108,149
444556,25,4,3,1
444556,40,4,3,1
444565,1,374,133,241
444565,2,374,133,241
444565,3,368,130,238
444565,4,28,11,17
444565,5,340,119,221
444565,11,6,3,3
444565,19,20,9,11
444565,20,320,110,210
444565,21,126,40,86
444565,22,126,40,86
444565,23,121,37,84
444565,24,9,3,6
444565,25,112,34,78
444565,31,5,3,2
444565,39,12,5,7
444565,40,100,29,71
444565,41,248,93,155
444565,42,248,93,155
444565,43,247,93,154
444565,44,19,8,11
444565,45,228,85,143
444565,51,1,0,1
444565,59,8,4,4
444565,60,220,81,139
444574,1,1083,240,843
444574,2,1083,240,843
444574,3,1083,240,843
444574,4,264,69,195
444574,5,819,171,648
444574,19,48,13,35
444574,20,771,158,613
444574,21,1083,240,843
444574,22,1083,240,843
444574,23,1083,240,843
444574,24,264,69,195
444574,25,819,171,648
444574,39,48,13,35
444574,40,771,158,613
444583,1,886,433,453
444583,2,886,433,453
444583,3,886,433,453
444583,4,490,260,230
444583,5,396,173,223
444583,20,396,173,223
444583,21,886,433,453
444583,22,886,433,453
444583,23,886,433,453
444583,24,490,260,230
444583,25,396,173,223
444583,40,396,173,223
444592,1,29,0,29
444592,2,29,0,29
444592,3,29,0,29
444592,4,23,0,23
444592,5,6,0,6
444592,20,6,0,6
444592,21,16,0,16
444592,22,16,0,16
444592,23,16,0,16
444592,24,14,0,14
444592,25,2,0,2
444592,40,2,0,2
444592,41,13,0,13
444592,42,13,0,13
444592,43,13,0,13
444592,44,9,0,9
444592,45,4,0,4
444592,60,4,0,4
444608,1,57,2,55
444608,2,57,2,55
444608,3,57,2,55
444608,4,11,0,11
444608,5,46,2,44
444608,20,46,2,44
444608,21,57,2,55
444608,22,57,2,55
444608,23,57,2,55
444608,24,11,0,11
444608,25,46,2,44
444608,40,46,2,44
444635,1,48,7,41
444635,2,48,7,41
444635,3,48,7,41
444635,4,10,1,9
444635,5,38,6,32
444635,20,38,6,32
444635,41,48,7,41
444635,42,48,7,41
444635,43,48,7,41
444635,44,10,1,9
444635,45,38,6,32
444635,60,38,6,32
444644,1,36,0,36
444644,2,36,0,36
444644,3,36,0,36
444644,4,6,0,6
444644,5,30,0,30
444644,20,30,0,30
444644,21,36,0,36
444644,22,36,0,36
444644,23,36,0,36
444644,24,6,0,6
444644,25,30,0,30
444644,40,30,0,30
444653,1,77,7,70
444653,2,77,7,70
444653,3,77,7,70
444653,4,70,7,63
444653,5,7,0,7
444653,20,7,0,7
444653,21,49,1,48
444653,22,49,1,48
444653,23,49,1,48
444653,24,46,1,45
444653,25,3,0,3
444653,40,3,0,3
444653,41,28,6,22
444653,42,28,6,22
444653,43,28,6,22
444653,44,24,6,18
444653,45,4,0,4
444653,60,4,0,4
444662,1,59,29,30
444662,2,59,29,30
444662,3,59,29,30
444662,4,32,15,17
444662,5,27,14,13
444662,20,27,14,13
444662,21,45,22,23
444662,22,45,22,23
444662,23,45,22,23
444662,24,32,15,17
444662,25,13,7,6
444662,40,13,7,6
444662,41,14,7,7
444662,42,14,7,7
444662,43,14,7,7
444662,45,14,7,7
444662,60,14,7,7
444671,1,258,131,127
444671,2,258,131,127
444671,3,258,131,127
444671,4,73,46,27
444671,5,185,85,100
444671,20,185,85,100
444671,21,258,131,127
444671,22,258,131,127
444671,23,258,131,127
444671,24,73,46,27
444671,25,185,85,100
444671,40,185,85,100
444680,1,52,28,24
444680,2,52,28,24
444680,3,52,28,24
444680,4,38,22,16
444680,5,14,6,8
444680,20,14,6,8
444680,21,52,28,24
444680,22,52,28,24
444680,23,52,28,24
444680,24,38,22,16
444680,25,14,6,8
444680,40,14,6,8
444699,1,53,21,32
444699,12,53,21,32
444699,21,48,19,29
444699,32,48,19,29
444699,41,5,2,3
444699,52,5,2,3
444705,1,19,5,14
444705,2,19,5,14
444705,3,19,5,14
444705,4,15,4,11
444705,5,4,1,3
444705,20,4,1,3
444705,21,19,5,14
444705,22,19,5,14
444705,23,19,5,14
444705,24,15,4,11
444705,25,4,1,3
444705,40,4,1,3
444714,1,539,78,461
444714,2,539,78,461
444714,3,539,78,461
444714,4,124,20,104
444714,5,415,58,357
444714,19,22,2,20
444714,20,393,56,337
444714,21,539,78,461
444714,22,539,78,461
444714,23,539,78,461
444714,24,124,20,104
444714,25,415,58,357
444714,39,22,2,20
444714,40,393,56,337
444723,1,2782,892,1890
444723,2,1634,517,1117
444723,3,1586,490,1096
444723,4,320,100,220
444723,5,1266,390,876
444723,11,48,27,21
444723,12,1148,375,773
444723,19,96,33,63
444723,20,1170,357,813
444723,21,1599,512,1087
444723,22,786,256,530
444723,23,785,255,530
444723,24,249,72,177
444723,25,536,183,353
444723,31,1,1,0
444723,32,813,256,557
444723,39,66,19,47
444723,40,470,164,306
444723,41,1183,380,803
444723,42,848,261,587
444723,43,801,235,566
444723,44,71,28,43
444723,45,730,207,523
444723,51,47,26,21
444723,52,335,119,216
444723,59,30,14,16
444723,60,700,193,507
444732,1,180,67,113
444732,2,180,67,113
444732,3,180,67,113
444732,4,101,44,57
444732,5,79,23,56
444732,20,79,23,56
444732,21,180,67,113
444732,22,180,67,113
444732,23,180,67,113
444732,24,101,44,57
444732,25,79,23,56
444732,40,79,23,56
444750,1,6,0,6
444750,2,6,0,6
444750,3,6,0,6
444750,4,1,0,1
444750,5,5,0,5
444750,20,5,0,5
444750,21,6,0,6
444750,22,6,0,6
444750,23,6,0,6
444750,24,1,0,1
444750,25,5,0,5
444750,40,5,0,5
444769,1,283,41,242
444769,2,283,41,242
444769,3,283,41,242
444769,4,43,4,39
444769,5,240,37,203
444769,20,240,37,203
444769,21,130,19,111
444769,22,130,19,111
444769,23,130,19,111
444769,24,3,1,2
444769,25,127,18,109
444769,40,127,18,109
444769,41,153,22,131
444769,42,153,22,131
444769,43,153,22,131
444769,44,40,3,37
444769,45,113,19,94
444769,60,113,19,94
444778,1,163,69,94
444778,2,122,56,66
444778,3,122,56,66
444778,4,4,3,1
444778,5,118,53,65
444778,12,41,13,28
444778,19,3,0,3
444778,20,115,53,62
444778,21,56,26,30
444778,22,54,25,29
444778,23,54,25,29
444778,24,1,1,0
444778,25,53,24,29
444778,32,2,1,1
444778,39,3,0,3
444778,40,50,24,26
444778,41,107,43,64
444778,42,68,31,37
444778,43,68,31,37
444778,44,3,2,1
444778,45,65,29,36
444778,52,39,12,27
444778,60,65,29,36
444787,1,86,14,72
444787,2,86,14,72
444787,3,86,14,72
444787,5,86,14,72
444787,19,45,7,38
444787,20,41,7,34
444787,21,86,14,72
444787,22,86,14,72
444787,23,86,14,72
444787,25,86,14,72
444787,39,45,7,38
444787,40,41,7,34
444796,1,92,50,42
444796,2,92,50,42
444796,3,92,50,42
444796,4,82,43,39
444796,5,10,7,3
444796,20,10,7,3
444796,21,92,50,42
444796,22,92,50,42
444796,23,92,50,42
444796,24,82,43,39
444796,25,10,7,3
444796,40,10,7,3
444811,1,289,35,254
444811,2,289,35,254
444811,3,289,35,254
444811,4,25,0,25
444811,5,264,35,229
444811,20,264,35,229
444811,21,198,19,179
444811,22,198,19,179
444811,23,198,19,179
444811,24,25,0,25
444811,25,173,19,154
444811,40,173,19,154
444811,41,91,16,75
444811,42,91,16,75
444811,43,91,16,75
444811,45,91,16,75
444811,60,91,16,75
444857,1,56,2,54
444857,2,56,2,54
444857,3,56,2,54
444857,4,16,1,15
444857,5,40,1,39
444857,20,40,1,39
444857,21,56,2,54
444857,22,56,2,54
444857,23,56,2,54
444857,24,16,1,15
444857,25,40,1,39
444857,40,40,1,39
444866,1,177,31,146
444866,2,177,31,146
444866,3,177,31,146
444866,4,26,4,22
444866,5,151,27,124
444866,20,151,27,124
444866,21,111,25,86
444866,22,111,25,86
444866,23,111,25,86
444866,24,21,4,17
444866,25,90,21,69
444866,40,90,21,69
444866,41,66,6,60
444866,42,66,6,60
444866,43,66,6,60
444866,44,5,0,5
444866,45,61,6,55
444866,60,61,6,55
444893,1,290,50,240
444893,2,290,50,240
444893,3,290,50,240
444893,4,206,35,171
444893,5,84,15,69
444893,20,84,15,69
444893,21,290,50,240
444893,22,290,50,240
444893,23,290,50,240
444893,24,206,35,171
444893,25,84,15,69
444893,40,84,15,69
444909,1,5,0,5
444909,2,5,0,5
444909,3,5,0,5
444909,4,4,0,4
444909,5,1,0,1
444909,20,1,0,1
444909,21,5,0,5
444909,22,5,0,5
444909,23,5,0,5
444909,24,4,0,4
444909,25,1,0,1
444909,40,1,0,1
444927,1,426,226,200
444927,2,426,226,200
444927,3,426,226,200
444927,4,86,44,42
444927,5,340,182,158
444927,19,61,29,32
444927,20,279,153,126
444927,21,305,159,146
444927,22,305,159,146
444927,23,305,159,146
444927,24,72,39,33
444927,25,233,120,113
444927,39,48,23,25
444927,40,185,97,88
444927,41,121,67,54
444927,42,121,67,54
444927,43,121,67,54
444927,44,14,5,9
444927,45,107,62,45
444927,59,13,6,7
444927,60,94,56,38
444936,1,49,4,45
444936,2,49,4,45
444936,3,49,4,45
444936,4,42,4,38
444936,5,7,0,7
444936,20,7,0,7
444936,21,49,4,45
444936,22,49,4,45
444936,23,49,4,45
444936,24,42,4,38
444936,25,7,0,7
444936,40,7,0,7
444945,1,129,10,119
444945,2,129,10,119
444945,3,129,10,119
444945,4,87,8,79
444945,5,42,2,40
444945,20,42,2,40
444945,21,129,10,119
444945,22,129,10,119
444945,23,129,10,119
444945,24,87,8,79
444945,25,42,2,40
444945,40,42,2,40
444954,1,2257,1179,1078
444954,2,2257,1179,1078
444954,3,2041,1041,1000
444954,4,534,270,264
444954,5,1507,771,736
444954,11,216,138,78
444954,19,409,236,173
444954,20,1098,535,563
444954,21,1402,731,671
444954,22,1402,731,671
444954,23,1350,683,667
444954,24,384,186,198
444954,25,966,497,469
444954,31,52,48,4
444954,39,273,162,111
444954,40,693,335,358
444954,41,855,448,407
444954,42,855,448,407
444954,43,691,358,333
444954,44,150,84,66
444954,45,541,274,267
444954,51,164,90,74
444954,59,136,74,62
444954,60,405,200,205
444972,1,64,29,35
444972,2,64,29,35
444972,3,64,29,35
444972,5,64,29,35
444972,20,64,29,35
444972,21,31,19,12
444972,22,31,19,12
444972,23,31,19,12
444972,25,31,19,12
444972,40,31,19,12
444972,41,33,10,23
444972,42,33,10,23
444972,43,33,10,23
444972,45,33,10,23
444972,60,33,10,23
444990,1,478,153,325
444990,2,478,153,325
444990,3,469,152,317
444990,5,469,152,317
444990,11,9,1,8
444990,19,131,40,91
444990,20,338,112,226
444990,21,439,140,299
444990,22,439,140,299
444990,23,438,139,299
444990,25,438,139,299
444990,31,1,1,0
444990,39,130,39,91
444990,40,308,100,208
444990,41,39,13,26
444990,42,39,13,26
444990,43,31,13,18
444990,45,31,13,18
444990,51,8,0,8
444990,59,1,1,0
444990,60,30,12,18
445018,1,1573,443,1130
445018,2,1573,443,1130
445018,3,1558,437,1121
445018,4,307,98,209
445018,5,1251,339,912
445018,11,15,6,9
445018,19,246,73,173
445018,20,1005,266,739
445018,21,984,284,700
445018,22,984,284,700
445018,23,984,284,700
445018,24,254,77,177
445018,25,730,207,523
445018,39,170,57,113
445018,40,560,150,410
445018,41,589,159,430
445018,42,589,159,430
445018,43,574,153,421
445018,44,53,21,32
445018,45,521,132,389
445018,51,15,6,9
445018,59,76,16,60
445018,60,445,116,329
445027,1,11619,4081,7538
445027,2,10105,3584,6521
445027,3,10103,3583,6520
445027,4,874,345,529
445027,5,9229,3238,5991
445027,11,2,1,1
445027,12,1514,497,1017
445027,19,1435,343,1092
445027,20,7794,2895,4899
445027,21,6119,2326,3793
445027,22,5440,2041,3399
445027,23,5440,2041,3399
445027,24,607,244,363
445027,25,4833,1797,3036
445027,32,679,285,394
445027,39,1018,251,767
445027,40,3815,1546,2269
445027,41,5500,1755,3745
445027,42,4665,1543,3122
445027,43,4663,1542,3121
445027,44,267,101,166
445027,45,4396,1441,2955
445027,51,2,1,1
445027,52,835,212,623
445027,59,417,92,325
445027,60,3979,1349,2630
445072,1,448,225,223
445072,2,448,225,223
445072,3,448,225,223
445072,4,41,19,22
445072,5,407,206,201
445072,19,1,0,1
445072,20,406,206,200
445072,21,349,175,174
445072,22,349,175,174
445072,23,349,175,174
445072,24,39,18,21
445072,25,310,157,153
445072,40,310,157,153
445072,41,99,50,49
445072,42,99,50,49
445072,43,99,50,49
445072,44,2,1,1
445072,45,97,49,48
445072,59,1,0,1
445072,60,96,49,47
445081,1,208,191,17
445081,2,208,191,17
445081,3,208,191,17
445081,4,23,23,0
445081,5,185,168,17
445081,19,2,1,1
445081,20,183,167,16
445081,21,148,136,12
445081,22,148,136,12
445081,23,148,136,12
445081,24,19,19,0
445081,25,129,117,12
445081,39,2,1,1
445081,40,127,116,11
445081,41,60,55,5
445081,42,60,55,5
445081,43,60,55,5
445081,44,4,4,0
445081,45,56,51,5
445081,60,56,51,5
445090,1,561,84,477
445090,2,561,84,477
445090,3,561,84,477
445090,4,274,44,230
445090,5,287,40,247
445090,20,287,40,247
445090,21,425,64,361
445090,22,425,64,361
445090,23,425,64,361
445090,24,243,43,200
445090,25,182,21,161
445090,40,182,21,161
445090,41,136,20,116
445090,42,136,20,116
445090,43,136,20,116
445090,44,31,1,30
445090,45,105,19,86
445090,60,105,19,86
445115,1,605,343,262
445115,2,605,343,262
445115,3,605,343,262
445115,4,65,30,35
445115,5,540,313,227
445115,19,32,18,14
445115,20,508,295,213
445115,21,605,343,262
445115,22,605,343,262
445115,23,605,343,262
445115,24,65,30,35
445115,25,540,313,227
445115,39,32,18,14
445115,40,508,295,213
445124,1,351,161,190
445124,2,351,161,190
445124,3,347,159,188
445124,4,25,9,16
445124,5,322,150,172
445124,11,4,2,2
445124,19,17,6,11
445124,20,305,144,161
445124,21,259,120,139
445124,22,259,120,139
445124,23,258,120,138
445124,24,12,5,7
445124,25,246,115,131
445124,31,1,0,1
445124,39,10,3,7
445124,40,236,112,124
445124,41,92,41,51
445124,42,92,41,51
445124,43,89,39,50
445124,44,13,4,9
445124,45,76,35,41
445124,51,3,2,1
445124,59,7,3,4
445124,60,69,32,37
445133,1,521,215,306
445133,2,463,190,273
445133,3,463,190,273
445133,4,62,16,46
445133,5,401,174,227
445133,12,58,25,33
445133,19,62,17,45
445133,20,339,157,182
445133,21,306,128,178
445133,22,257,104,153
445133,23,257,104,153
445133,24,39,9,30
445133,25,218,95,123
445133,32,49,24,25
445133,39,34,10,24
445133,40,184,85,99
445133,41,215,87,128
445133,42,206,86,120
445133,43,206,86,120
445133,44,23,7,16
445133,45,183,79,104
445133,52,9,1,8
445133,59,28,7,21
445133,60,155,72,83
445142,1,81,20,61
445142,2,81,20,61
445142,3,81,20,61
445142,5,81,20,61
445142,20,81,20,61
445142,21,81,20,61
445142,22,81,20,61
445142,23,81,20,61
445142,25,81,20,61
445142,40,81,20,61
445188,1,6195,3042,3153
445188,2,5837,2833,3004
445188,3,5837,2833,3004
445188,4,1654,805,849
445188,5,4183,2028,2155
445188,12,358,209,149
445188,19,103,47,56
445188,20,4080,1981,2099
445188,21,6132,2997,3135
445188,22,5776,2789,2987
445188,23,5776,2789,2987
445188,24,1653,804,849
445188,25,4123,1985,2138
445188,32,356,208,148
445188,39,102,46,56
445188,40,4021,1939,2082
445188,41,63,45,18
445188,42,61,44,17
445188,43,61,44,17
445188,44,1,1,0
445188,45,60,43,17
445188,52,2,1,1
445188,59,1,1,0
445188,60,59,42,17
445197,1,505,89,416
445197,2,505,89,416
445197,3,505,89,416
445197,4,85,9,76
445197,5,420,80,340
445197,19,40,10,30
445197,20,380,70,310
445197,21,460,68,392
445197,22,460,68,392
445197,23,460,68,392
445197,24,85,9,76
445197,25,375,59,316
445197,39,36,9,27
445197,40,339,50,289
445197,41,45,21,24
445197,42,45,21,24
445197,43,45,21,24
445197,45,45,21,24
445197,59,4,1,3
445197,60,41,20,21
445203,1,474,74,400
445203,2,474,74,400
445203,3,474,74,400
445203,4,147,23,124
445203,5,327,51,276
445203,19,3,1,2
445203,20,324,50,274
445203,21,474,74,400
445203,22,474,74,400
445203,23,474,74,400
445203,24,147,23,124
445203,25,327,51,276
445203,39,3,1,2
445203,40,324,50,274
445212,1,252,37,215
445212,2,252,37,215
445212,3,252,37,215
445212,4,40,6,34
445212,5,212,31,181
445212,20,212,31,181
445212,21,179,28,151
445212,22,179,28,151
445212,23,179,28,151
445212,24,28,4,24
445212,25,151,24,127
445212,40,151,24,127
445212,41,73,9,64
445212,42,73,9,64
445212,43,73,9,64
445212,44,12,2,10
445212,45,61,7,54
445212,60,61,7,54
445221,1,58,4,54
445221,2,58,4,54
445221,3,58,4,54
445221,4,23,3,20
445221,5,35,1,34
445221,20,35,1,34
445221,21,41,4,37
445221,22,41,4,37
445221,23,41,4,37
445221,24,17,3,14
445221,25,24,1,23
445221,40,24,1,23
445221,41,17,0,17
445221,42,17,0,17
445221,43,17,0,17
445221,44,6,0,6
445221,45,11,0,11
445221,60,11,0,11
445230,1,1018,238,780
445230,2,1018,238,780
445230,3,1018,238,780
445230,4,347,76,271
445230,5,671,162,509
445230,20,671,162,509
445230,21,1018,238,780
445230,22,1018,238,780
445230,23,1018,238,780
445230,24,347,76,271
445230,25,671,162,509
445230,40,671,162,509
445249,1,298,21,277
445249,2,298,21,277
445249,3,298,21,277
445249,4,82,4,78
445249,5,216,17,199
445249,19,23,1,22
445249,20,193,16,177
445249,21,298,21,277
445249,22,298,21,277
445249,23,298,21,277
445249,24,82,4,78
445249,25,216,17,199
445249,39,23,1,22
445249,40,193,16,177
445258,1,266,94,172
445258,2,266,94,172
445258,3,266,94,172
445258,4,47,25,22
445258,5,219,69,150
445258,19,39,11,28
445258,20,180,58,122
445258,21,266,94,172
445258,22,266,94,172
445258,23,266,94,172
445258,24,47,25,22
445258,25,219,69,150
445258,39,39,11,28
445258,40,180,58,122
445267,1,4555,1563,2992
445267,2,4330,1514,2816
445267,3,1624,321,1303
445267,5,1624,321,1303
445267,11,2706,1193,1513
445267,12,225,49,176
445267,19,753,150,603
445267,20,871,171,700
445267,21,1445,296,1149
445267,22,1246,251,995
445267,23,1238,248,990
445267,25,1238,248,990
445267,31,8,3,5
445267,32,199,45,154
445267,39,590,116,474
445267,40,648,132,516
445267,41,3110,1267,1843
445267,42,3084,1263,1821
445267,43,386,73,313
445267,45,386,73,313
445267,51,2698,1190,1508
445267,52,26,4,22
445267,59,163,34,129
445267,60,223,39,184
445276,1,420,189,231
445276,2,420,189,231
445276,3,420,189,231
445276,4,40,14,26
445276,5,380,175,205
445276,19,3,2,1
445276,20,377,173,204
445276,21,337,147,190
445276,22,337,147,190
445276,23,337,147,190
445276,24,36,13,23
445276,25,301,134,167
445276,39,3,2,1
445276,40,298,132,166
445276,41,83,42,41
445276,42,83,42,41
445276,43,83,42,41
445276,44,4,1,3
445276,45,79,41,38
445276,60,79,41,38
445300,1,455,211,244
445300,2,455,211,244
445300,3,455,211,244
445300,4,40,15,25
445300,5,415,196,219
445300,19,23,15,8
445300,20,392,181,211
445300,21,455,211,244
445300,22,455,211,244
445300,23,455,211,244
445300,24,40,15,25
445300,25,415,196,219
445300,39,23,15,8
445300,40,392,181,211
445319,1,180,92,88
445319,2,153,77,76
445319,3,153,77,76
445319,4,5,2,3
445319,5,148,75,73
445319,12,27,15,12
445319,19,10,5,5
445319,20,138,70,68
445319,21,180,92,88
445319,22,153,77,76
445319,23,153,77,76
445319,24,5,2,3
445319,25,148,75,73
445319,32,27,15,12
445319,39,10,5,5
445319,40,138,70,68
445328,1,282,30,252
445328,2,282,30,252
445328,3,264,30,234
445328,4,75,10,65
445328,5,189,20,169
445328,11,18,0,18
445328,19,5,1,4
445328,20,184,19,165
445328,21,282,30,252
445328,22,282,30,252
445328,23,264,30,234
445328,24,75,10,65
445328,25,189,20,169
445328,31,18,0,18
445328,39,5,1,4
445328,40,184,19,165
445346,1,267,35,232
445346,2,267,35,232
445346,3,265,33,232
445346,4,85,10,75
445346,5,180,23,157
445346,11,2,2,0
445346,19,14,1,13
445346,20,166,22,144
445346,21,267,35,232
445346,22,267,35,232
445346,23,265,33,232
445346,24,85,10,75
445346,25,180,23,157
445346,31,2,2,0
445346,39,14,1,13
445346,40,166,22,144
445364,1,392,71,321
445364,2,392,71,321
445364,3,392,71,321
445364,4,95,17,78
445364,5,297,54,243
445364,20,297,54,243
445364,21,392,71,321
445364,22,392,71,321
445364,23,392,71,321
445364,24,95,17,78
445364,25,297,54,243
445364,40,297,54,243
445373,1,434,71,363
445373,2,434,71,363
445373,3,434,71,363
445373,4,74,5,69
445373,5,360,66,294
445373,20,360,66,294
445373,21,434,71,363
445373,22,434,71,363
445373,23,434,71,363
445373,24,74,5,69
445373,25,360,66,294
445373,40,360,66,294
445382,1,327,46,281
445382,2,327,46,281
445382,3,327,46,281
445382,4,40,8,32
445382,5,287,38,249
445382,20,287,38,249
445382,21,327,46,281
445382,22,327,46,281
445382,23,327,46,281
445382,24,40,8,32
445382,25,287,38,249
445382,40,287,38,249
445391,1,216,86,130
445391,2,203,81,122
445391,3,203,81,122
445391,4,6,4,2
445391,5,197,77,120
445391,12,13,5,8
445391,19,13,3,10
445391,20,184,74,110
445391,21,216,86,130
445391,22,203,81,122
445391,23,203,81,122
445391,24,6,4,2
445391,25,197,77,120
445391,32,13,5,8
445391,39,13,3,10
445391,40,184,74,110
445434,1,711,284,427
445434,2,711,284,427
445434,3,711,284,427
445434,4,94,44,50
445434,5,617,240,377
445434,19,54,19,35
445434,20,563,221,342
445434,21,575,233,342
445434,22,575,233,342
445434,23,575,233,342
445434,24,92,42,50
445434,25,483,191,292
445434,39,40,13,27
445434,40,443,178,265
445434,41,136,51,85
445434,42,136,51,85
445434,43,136,51,85
445434,44,2,2,0
445434,45,134,49,85
445434,59,14,6,8
445434,60,120,43,77
445452,1,155,153,2
445452,2,155,153,2
445452,3,155,153,2
445452,5,155,153,2
445452,20,155,153,2
445452,21,155,153,2
445452,22,155,153,2
445452,23,155,153,2
445452,25,155,153,2
445452,40,155,153,2
445461,1,934,495,439
445461,2,934,495,439
445461,3,934,495,439
445461,4,174,82,92
445461,5,760,413,347
445461,20,760,413,347
445461,21,934,495,439
445461,22,934,495,439
445461,23,934,495,439
445461,24,174,82,92
445461,25,760,413,347
445461,40,760,413,347
445470,1,237,22,215
445470,2,237,22,215
445470,3,237,22,215
445470,4,48,3,45
445470,5,189,19,170
445470,19,36,3,33
445470,20,153,16,137
445470,21,208,16,192
445470,22,208,16,192
445470,23,208,16,192
445470,24,48,3,45
445470,25,160,13,147
445470,39,34,2,32
445470,40,126,11,115
445470,41,29,6,23
445470,42,29,6,23
445470,43,29,6,23
445470,45,29,6,23
445470,59,2,1,1
445470,60,27,5,22
445498,1,76,76,0
445498,2,76,76,0
445498,3,76,76,0
445498,4,29,29,0
445498,5,47,47,0
445498,20,47,47,0
445498,21,76,76,0
445498,22,76,76,0
445498,23,76,76,0
445498,24,29,29,0
445498,25,47,47,0
445498,40,47,47,0
445504,1,76,5,71
445504,2,76,5,71
445504,3,76,5,71
445504,4,18,1,17
445504,5,58,4,54
445504,20,58,4,54
445504,21,53,3,50
445504,22,53,3,50
445504,23,53,3,50
445504,24,14,0,14
445504,25,39,3,36
445504,40,39,3,36
445504,41,23,2,21
445504,42,23,2,21
445504,43,23,2,21
445504,44,4,1,3
445504,45,19,1,18
445504,60,19,1,18
445531,1,13,1,12
445531,2,13,1,12
445531,3,13,1,12
445531,5,13,1,12
445531,20,13,1,12
445531,21,13,1,12
445531,22,13,1,12
445531,23,13,1,12
445531,25,13,1,12
445531,40,13,1,12
445540,1,67,7,60
445540,2,67,7,60
445540,3,67,7,60
445540,4,16,0,16
445540,5,51,7,44
445540,20,51,7,44
445540,21,67,7,60
445540,22,67,7,60
445540,23,67,7,60
445540,24,16,0,16
445540,25,51,7,44
445540,40,51,7,44
445559,1,305,196,109
445559,2,305,196,109
445559,3,305,196,109
445559,4,64,46,18
445559,5,241,150,91
445559,19,27,17,10
445559,20,214,133,81
445559,21,305,196,109
445559,22,305,196,109
445559,23,305,196,109
445559,24,64,46,18
445559,25,241,150,91
445559,39,27,17,10
445559,40,214,133,81
445577,1,293,109,184
445577,2,293,109,184
445577,3,293,109,184
445577,4,117,35,82
445577,5,176,74,102
445577,20,176,74,102
445577,21,293,109,184
445577,22,293,109,184
445577,23,293,109,184
445577,24,117,35,82
445577,25,176,74,102
445577,40,176,74,102
445601,1,883,108,775
445601,2,883,108,775
445601,3,883,108,775
445601,4,404,57,347
445601,5,479,51,428
445601,20,479,51,428
445601,21,883,108,775
445601,22,883,108,775
445601,23,883,108,775
445601,24,404,57,347
445601,25,479,51,428
445601,40,479,51,428
445610,1,74,6,68
445610,2,74,6,68
445610,3,74,6,68
445610,4,2,1,1
445610,5,72,5,67
445610,20,72,5,67
445610,21,74,6,68
445610,22,74,6,68
445610,23,74,6,68
445610,24,2,1,1
445610,25,72,5,67
445610,40,72,5,67
445638,1,43,3,40
445638,2,43,3,40
445638,3,43,3,40
445638,4,5,0,5
445638,5,38,3,35
445638,20,38,3,35
445638,21,26,3,23
445638,22,26,3,23
445638,23,26,3,23
445638,24,3,0,3
445638,25,23,3,20
445638,40,23,3,20
445638,41,17,0,17
445638,42,17,0,17
445638,43,17,0,17
445638,44,2,0,2
445638,45,15,0,15
445638,60,15,0,15
445647,1,93,3,90
445647,2,93,3,90
445647,3,93,3,90
445647,4,13,0,13
445647,5,80,3,77
445647,20,80,3,77
445647,21,44,2,42
445647,22,44,2,42
445647,23,44,2,42
445647,24,6,0,6
445647,25,38,2,36
445647,40,38,2,36
445647,41,49,1,48
445647,42,49,1,48
445647,43,49,1,48
445647,44,7,0,7
445647,45,42,1,41
445647,60,42,1,41
445656,1,136,5,131
445656,2,136,5,131
445656,3,136,5,131
445656,4,28,0,28
445656,5,108,5,103
445656,20,108,5,103
445656,21,66,5,61
445656,22,66,5,61
445656,23,66,5,61
445656,24,12,0,12
445656,25,54,5,49
445656,40,54,5,49
445656,41,70,0,70
445656,42,70,0,70
445656,43,70,0,70
445656,44,16,0,16
445656,45,54,0,54
445656,60,54,0,54
445665,1,233,27,206
445665,2,233,27,206
445665,3,233,27,206
445665,4,67,7,60
445665,5,166,20,146
445665,20,166,20,146
445665,21,233,27,206
445665,22,233,27,206
445665,23,233,27,206
445665,24,67,7,60
445665,25,166,20,146
445665,40,166,20,146
445674,1,1162,689,473
445674,2,1162,689,473
445674,3,697,435,262
445674,4,163,101,62
445674,5,534,334,200
445674,11,465,254,211
445674,19,95,43,52
445674,20,439,291,148
445674,21,435,254,181
445674,22,435,254,181
445674,23,421,248,173
445674,24,150,92,58
445674,25,271,156,115
445674,31,14,6,8
445674,39,71,35,36
445674,40,200,121,79
445674,41,727,435,292
445674,42,727,435,292
445674,43,276,187,89
445674,44,13,9,4
445674,45,263,178,85
445674,51,451,248,203
445674,59,24,8,16
445674,60,239,170,69
445683,1,35,2,33
445683,2,35,2,33
445683,3,35,2,33
445683,4,34,1,33
445683,5,1,1,0
445683,20,1,1,0
445683,21,35,2,33
445683,22,35,2,33
445683,23,35,2,33
445683,24,34,1,33
445683,25,1,1,0
445683,40,1,1,0
445692,1,420,385,35
445692,2,420,385,35
445692,3,420,385,35
445692,4,138,128,10
445692,5,282,257,25
445692,19,21,20,1
445692,20,261,237,24
445692,21,420,385,35
445692,22,420,385,35
445692,23,420,385,35
445692,24,138,128,10
445692,25,282,257,25
445692,39,21,20,1
445692,40,261,237,24
445708,1,2325,852,1473
445708,2,2325,852,1473
445708,3,2325,852,1473
445708,4,624,231,393
445708,5,1701,621,1080
445708,19,164,52,112
445708,20,1537,569,968
445708,21,2286,833,1453
445708,22,2286,833,1453
445708,23,2286,833,1453
445708,24,622,229,393
445708,25,1664,604,1060
445708,39,163,52,111
445708,40,1501,552,949
445708,41,39,19,20
445708,42,39,19,20
445708,43,39,19,20
445708,44,2,2,0
445708,45,37,17,20
445708,59,1,0,1
445708,60,36,17,19
445717,1,2725,1304,1421
445717,2,2348,1201,1147
445717,3,2348,1201,1147
445717,4,41,16,25
445717,5,2307,1185,1122
445717,12,377,103,274
445717,19,271,164,107
445717,20,2036,1021,1015
445717,21,2725,1304,1421
445717,22,2348,1201,1147
445717,23,2348,1201,1147
445717,24,41,16,25
445717,25,2307,1185,1122
445717,32,377,103,274
445717,39,271,164,107
445717,40,2036,1021,1015
445726,1,269,156,113
445726,2,269,156,113
445726,3,269,156,113
445726,4,28,18,10
445726,5,241,138,103
445726,19,24,15,9
445726,20,217,123,94
445726,21,269,156,113
445726,22,269,156,113
445726,23,269,156,113
445726,24,28,18,10
445726,25,241,138,103
445726,39,24,15,9
445726,40,217,123,94
445735,1,1343,629,714
445735,2,264,53,211
445735,3,264,53,211
445735,5,264,53,211
445735,12,1079,576,503
445735,19,166,30,136
445735,20,98,23,75
445735,21,1297,614,683
445735,22,264,53,211
445735,23,264,53,211
445735,25,264,53,211
445735,32,1033,561,472
445735,39,166,30,136
445735,40,98,23,75
445735,41,46,15,31
445735,52,46,15,31
445744,1,464,71,393
445744,2,464,71,393
445744,3,464,71,393
445744,4,78,11,67
445744,5,386,60,326
445744,19,30,6,24
445744,20,356,54,302
445744,21,464,71,393
445744,22,464,71,393
445744,23,464,71,393
445744,24,78,11,67
445744,25,386,60,326
445744,39,30,6,24
445744,40,356,54,302
445753,1,130,58,72
445753,2,130,58,72
445753,3,130,58,72
445753,4,3,3,0
445753,5,127,55,72
445753,19,17,7,10
445753,20,110,48,62
445753,21,130,58,72
445753,22,130,58,72
445753,23,130,58,72
445753,24,3,3,0
445753,25,127,55,72
445753,39,17,7,10
445753,40,110,48,62
445762,1,77,70,7
445762,2,77,70,7
445762,3,77,70,7
445762,5,77,70,7
445762,20,77,70,7
445762,21,73,66,7
445762,22,73,66,7
445762,23,73,66,7
445762,25,73,66,7
445762,40,73,66,7
445762,41,4,4,0
445762,42,4,4,0
445762,43,4,4,0
445762,45,4,4,0
445762,60,4,4,0
445771,1,275,62,213
445771,2,275,62,213
445771,3,275,62,213
445771,4,32,10,22
445771,5,243,52,191
445771,20,243,52,191
445771,21,275,62,213
445771,22,275,62,213
445771,23,275,62,213
445771,24,32,10,22
445771,25,243,52,191
445771,40,243,52,191
445780,1,32,2,30
445780,2,32,2,30
445780,3,32,2,30
445780,4,15,1,14
445780,5,17,1,16
445780,20,17,1,16
445780,21,32,2,30
445780,22,32,2,30
445780,23,32,2,30
445780,24,15,1,14
445780,25,17,1,16
445780,40,17,1,16
445799,1,1728,1690,38
445799,2,1728,1690,38
445799,3,1728,1690,38
445799,4,560,552,8
445799,5,1168,1138,30
445799,20,1168,1138,30
445799,21,1728,1690,38
445799,22,1728,1690,38
445799,23,1728,1690,38
445799,24,560,552,8
445799,25,1168,1138,30
445799,40,1168,1138,30
445814,1,616,99,517
445814,2,616,99,517
445814,3,616,99,517
445814,4,99,15,84
445814,5,517,84,433
445814,19,79,2,77
445814,20,438,82,356
445814,21,616,99,517
445814,22,616,99,517
445814,23,616,99,517
445814,24,99,15,84
445814,25,517,84,433
445814,39,79,2,77
445814,40,438,82,356
445841,1,113,4,109
445841,2,113,4,109
445841,3,113,4,109
445841,4,11,0,11
445841,5,102,4,98
445841,20,102,4,98
445841,21,84,3,81
445841,22,84,3,81
445841,23,84,3,81
445841,24,9,0,9
445841,25,75,3,72
445841,40,75,3,72
445841,41,29,1,28
445841,42,29,1,28
445841,43,29,1,28
445841,44,2,0,2
445841,45,27,1,26
445841,60,27,1,26
445850,1,119,12,107
445850,2,119,12,107
445850,3,119,12,107
445850,4,9,3,6
445850,5,110,9,101
445850,20,110,9,101
445850,21,80,9,71
445850,22,80,9,71
445850,23,80,9,71
445850,24,8,2,6
445850,25,72,7,65
445850,40,72,7,65
445850,41,39,3,36
445850,42,39,3,36
445850,43,39,3,36
445850,44,1,1,0
445850,45,38,2,36
445850,60,38,2,36
445869,1,80,27,53
445869,12,80,27,53
445869,21,78,26,52
445869,32,78,26,52
445869,41,2,1,1
445869,52,2,1,1
445896,1,21,1,20
445896,2,21,1,20
445896,3,21,1,20
445896,4,9,0,9
445896,5,12,1,11
445896,20,12,1,11
445896,21,21,1,20
445896,22,21,1,20
445896,23,21,1,20
445896,24,9,0,9
445896,25,12,1,11
445896,40,12,1,11
445911,1,532,184,348
445911,2,532,184,348
445911,3,532,184,348
445911,4,82,25,57
445911,5,450,159,291
445911,20,450,159,291
445911,21,348,120,228
445911,22,348,120,228
445911,23,348,120,228
445911,24,61,19,42
445911,25,287,101,186
445911,40,287,101,186
445911,41,184,64,120
445911,42,184,64,120
445911,43,184,64,120
445911,44,21,6,15
445911,45,163,58,105
445911,60,163,58,105
445920,1,354,104,250
445920,2,354,104,250
445920,3,339,101,238
445920,4,42,12,30
445920,5,297,89,208
445920,11,15,3,12
445920,19,51,15,36
445920,20,246,74,172
445920,21,247,72,175
445920,22,247,72,175
445920,23,245,72,173
445920,24,41,12,29
445920,25,204,60,144
445920,31,2,0,2
445920,39,45,14,31
445920,40,159,46,113
445920,41,107,32,75
445920,42,107,32,75
445920,43,94,29,65
445920,44,1,0,1
445920,45,93,29,64
445920,51,13,3,10
445920,59,6,1,5
445920,60,87,28,59
445939,1,117,30,87
445939,2,117,30,87
445939,3,110,28,82
445939,4,6,1,5
445939,5,104,27,77
445939,11,7,2,5
445939,19,13,2,11
445939,20,91,25,66
445939,21,76,22,54
445939,22,76,22,54
445939,23,75,21,54
445939,24,6,1,5
445939,25,69,20,49
445939,31,1,1,0
445939,39,5,1,4
445939,40,64,19,45
445939,41,41,8,33
445939,42,41,8,33
445939,43,35,7,28
445939,45,35,7,28
445939,51,6,1,5
445939,59,8,1,7
445939,60,27,6,21
445948,1,207,35,172
445948,2,207,35,172
445948,3,207,35,172
445948,4,65,9,56
445948,5,142,26,116
445948,20,142,26,116
445948,21,202,34,168
445948,22,202,34,168
445948,23,202,34,168
445948,24,62,8,54
445948,25,140,26,114
445948,40,140,26,114
445948,41,5,1,4
445948,42,5,1,4
445948,43,5,1,4
445948,44,3,1,2
445948,45,2,0,2
445948,60,2,0,2
445957,1,268,86,182
445957,2,268,86,182
445957,3,268,86,182
445957,4,101,43,58
445957,5,167,43,124
445957,20,167,43,124
445957,41,268,86,182
445957,42,268,86,182
445957,43,268,86,182
445957,44,101,43,58
445957,45,167,43,124
445957,60,167,43,124
445984,1,33,33,0
445984,2,33,33,0
445984,3,33,33,0
445984,4,31,31,0
445984,5,2,2,0
445984,20,2,2,0
445984,21,33,33,0
445984,22,33,33,0
445984,23,33,33,0
445984,24,31,31,0
445984,25,2,2,0
445984,40,2,2,0
445993,1,307,21,286
445993,2,307,21,286
445993,3,307,21,286
445993,4,31,3,28
445993,5,276,18,258
445993,20,276,18,258
445993,21,221,15,206
445993,22,221,15,206
445993,23,221,15,206
445993,24,23,2,21
445993,25,198,13,185
445993,40,198,13,185
445993,41,86,6,80
445993,42,86,6,80
445993,43,86,6,80
445993,44,8,1,7
445993,45,78,5,73
445993,60,78,5,73
446002,1,65,18,47
446002,12,65,18,47
446002,21,35,11,24
446002,32,35,11,24
446002,41,30,7,23
446002,52,30,7,23
446039,1,42,17,25
446039,12,42,17,25
446039,21,37,15,22
446039,32,37,15,22
446039,41,5,2,3
446039,52,5,2,3
446048,1,988,507,481
446048,2,906,468,438
446048,3,904,468,436
446048,4,254,130,124
446048,5,650,338,312
446048,11,2,0,2
446048,12,82,39,43
446048,19,62,36,26
446048,20,588,302,286
446048,21,965,497,468
446048,22,890,461,429
446048,23,890,461,429
446048,24,254,130,124
446048,25,636,331,305
446048,32,75,36,39
446048,39,61,35,26
446048,40,575,296,279
446048,41,23,10,13
446048,42,16,7,9
446048,43,14,7,7
446048,45,14,7,7
446048,51,2,0,2
446048,52,7,3,4
446048,59,1,1,0
446048,60,13,6,7
446057,1,39,4,35
446057,2,39,4,35
446057,3,39,4,35
446057,4,11,2,9
446057,5,28,2,26
446057,20,28,2,26
446057,21,39,4,35
446057,22,39,4,35
446057,23,39,4,35
446057,24,11,2,9
446057,25,28,2,26
446057,40,28,2,26
446075,1,21,2,19
446075,2,21,2,19
446075,3,21,2,19
446075,4,4,0,4
446075,5,17,2,15
446075,20,17,2,15
446075,21,21,2,19
446075,22,21,2,19
446075,23,21,2,19
446075,24,4,0,4
446075,25,17,2,15
446075,40,17,2,15
446084,1,201,27,174
446084,2,201,27,174
446084,3,201,27,174
446084,4,56,3,53
446084,5,145,24,121
446084,20,145,24,121
446084,21,11,0,11
446084,22,11,0,11
446084,23,11,0,11
446084,25,11,0,11
446084,40,11,0,11
446084,41,190,27,163
446084,42,190,27,163
446084,43,190,27,163
446084,44,56,3,53
446084,45,134,24,110
446084,60,134,24,110
446093,1,167,12,155
446093,2,167,12,155
446093,3,167,12,155
446093,4,17,2,15
446093,5,150,10,140
446093,19,54,2,52
446093,20,96,8,88
446093,21,167,12,155
446093,22,167,12,155
446093,23,167,12,155
446093,24,17,2,15
446093,25,150,10,140
446093,39,54,2,52
446093,40,96,8,88
446109,1,185,34,151
446109,2,185,34,151
446109,3,185,34,151
446109,4,58,8,50
446109,5,127,26,101
446109,20,127,26,101
446109,21,185,34,151
446109,22,185,34,151
446109,23,185,34,151
446109,24,58,8,50
446109,25,127,26,101
446109,40,127,26,101
446118,1,615,93,522
446118,2,615,93,522
446118,3,615,93,522
446118,4,331,46,285
446118,5,284,47,237
446118,20,284,47,237
446118,21,615,93,522
446118,22,615,93,522
446118,23,615,93,522
446118,24,331,46,285
446118,25,284,47,237
446118,40,284,47,237
446127,1,228,22,206
446127,2,228,22,206
446127,3,228,22,206
446127,4,27,3,24
446127,5,201,19,182
446127,19,105,7,98
446127,20,96,12,84
446127,21,228,22,206
446127,22,228,22,206
446127,23,228,22,206
446127,24,27,3,24
446127,25,201,19,182
446127,39,105,7,98
446127,40,96,12,84
446136,1,422,95,327
446136,2,422,95,327
446136,3,422,95,327
446136,4,182,45,137
446136,5,240,50,190
446136,20,240,50,190
446136,21,422,95,327
446136,22,422,95,327
446136,23,422,95,327
446136,24,182,45,137
446136,25,240,50,190
446136,40,240,50,190
446145,1,36,6,30
446145,2,36,6,30
446145,3,36,6,30
446145,4,5,1,4
446145,5,31,5,26
446145,20,31,5,26
446145,21,28,5,23
446145,22,28,5,23
446145,23,28,5,23
446145,24,4,1,3
446145,25,24,4,20
446145,40,24,4,20
446145,41,8,1,7
446145,42,8,1,7
446145,43,8,1,7
446145,44,1,0,1
446145,45,7,1,6
446145,60,7,1,6
446163,1,60,32,28
446163,2,60,32,28
446163,3,60,32,28
446163,4,28,17,11
446163,5,32,15,17
446163,19,1,1,0
446163,20,31,14,17
446163,21,42,24,18
446163,22,42,24,18
446163,23,42,24,18
446163,24,17,11,6
446163,25,25,13,12
446163,39,1,1,0
446163,40,24,12,12
446163,41,18,8,10
446163,42,18,8,10
446163,43,18,8,10
446163,44,11,6,5
446163,45,7,2,5
446163,60,7,2,5
446190,1,27,1,26
446190,2,27,1,26
446190,3,27,1,26
446190,4,8,0,8
446190,5,19,1,18
446190,20,19,1,18
446190,21,27,1,26
446190,22,27,1,26
446190,23,27,1,26
446190,24,8,0,8
446190,25,19,1,18
446190,40,19,1,18
446206,1,33,1,32
446206,2,33,1,32
446206,3,33,1,32
446206,4,10,1,9
446206,5,23,0,23
446206,20,23,0,23
446206,21,26,1,25
446206,22,26,1,25
446206,23,26,1,25
446206,24,9,1,8
446206,25,17,0,17
446206,40,17,0,17
446206,41,7,0,7
446206,42,7,0,7
446206,43,7,0,7
446206,44,1,0,1
446206,45,6,0,6
446206,60,6,0,6
446215,1,44,1,43
446215,2,44,1,43
446215,3,44,1,43
446215,4,11,0,11
446215,5,33,1,32
446215,20,33,1,32
446215,21,44,1,43
446215,22,44,1,43
446215,23,44,1,43
446215,24,11,0,11
446215,25,33,1,32
446215,40,33,1,32
446224,1,64,23,41
446224,2,64,23,41
446224,3,64,23,41
446224,5,64,23,41
446224,20,64,23,41
446224,21,63,23,40
446224,22,63,23,40
446224,23,63,23,40
446224,25,63,23,40
446224,40,63,23,40
446224,41,1,0,1
446224,42,1,0,1
446224,43,1,0,1
446224,45,1,0,1
446224,60,1,0,1
446233,1,178,109,69
446233,2,178,109,69
446233,3,175,107,68
446233,4,80,45,35
446233,5,95,62,33
446233,11,3,2,1
446233,19,4,1,3
446233,20,91,61,30
446233,21,144,88,56
446233,22,144,88,56
446233,23,142,86,56
446233,24,77,45,32
446233,25,65,41,24
446233,31,2,2,0
446233,39,2,0,2
446233,40,63,41,22
446233,41,34,21,13
446233,42,34,21,13
446233,43,33,21,12
446233,44,3,0,3
446233,45,30,21,9
446233,51,1,0,1
446233,59,2,1,1
446233,60,28,20,8
446242,1,176,46,130
446242,2,176,46,130
446242,3,176,46,130
446242,4,51,13,38
446242,5,125,33,92
446242,20,125,33,92
446242,21,176,46,130
446242,22,176,46,130
446242,23,176,46,130
446242,24,51,13,38
446242,25,125,33,92
446242,40,125,33,92
446251,1,67,25,42
446251,2,67,25,42
446251,3,67,25,42
446251,4,30,13,17
446251,5,37,12,25
446251,20,37,12,25
446251,21,67,25,42
446251,22,67,25,42
446251,23,67,25,42
446251,24,30,13,17
446251,25,37,12,25
446251,40,37,12,25
446260,1,128,6,122
446260,2,128,6,122
446260,3,128,6,122
446260,4,31,0,31
446260,5,97,6,91
446260,20,97,6,91
446260,21,128,6,122
446260,22,128,6,122
446260,23,128,6,122
446260,24,31,0,31
446260,25,97,6,91
446260,40,97,6,91
446288,1,87,2,85
446288,2,87,2,85
446288,3,87,2,85
446288,4,17,1,16
446288,5,70,1,69
446288,20,70,1,69
446288,21,60,2,58
446288,22,60,2,58
446288,23,60,2,58
446288,24,11,1,10
446288,25,49,1,48
446288,40,49,1,48
446288,41,27,0,27
446288,42,27,0,27
446288,43,27,0,27
446288,44,6,0,6
446288,45,21,0,21
446288,60,21,0,21
446303,1,68,4,64
446303,2,68,4,64
446303,3,68,4,64
446303,4,24,2,22
446303,5,44,2,42
446303,20,44,2,42
446303,21,34,4,30
446303,22,34,4,30
446303,23,34,4,30
446303,24,14,2,12
446303,25,20,2,18
446303,40,20,2,18
446303,41,34,0,34
446303,42,34,0,34
446303,43,34,0,34
446303,44,10,0,10
446303,45,24,0,24
446303,60,24,0,24
446349,1,3,2,1
446349,2,3,2,1
446349,3,3,2,1
446349,4,2,1,1
446349,5,1,1,0
446349,20,1,1,0
446349,21,3,2,1
446349,22,3,2,1
446349,23,3,2,1
446349,24,2,1,1
446349,25,1,1,0
446349,40,1,1,0
446385,1,148,112,36
446385,2,148,112,36
446385,3,148,112,36
446385,4,25,17,8
446385,5,123,95,28
446385,19,43,30,13
446385,20,80,65,15
446385,21,142,107,35
446385,22,142,107,35
446385,23,142,107,35
446385,24,25,17,8
446385,25,117,90,27
446385,39,43,30,13
446385,40,74,60,14
446385,41,6,5,1
446385,42,6,5,1
446385,43,6,5,1
446385,45,6,5,1
446385,60,6,5,1
446394,1,105,46,59
446394,2,76,34,42
446394,3,76,34,42
446394,4,6,1,5
446394,5,70,33,37
446394,12,29,12,17
446394,19,6,3,3
446394,20,64,30,34
446394,21,7,3,4
446394,22,4,2,2
446394,23,4,2,2
446394,24,1,0,1
446394,25,3,2,1
446394,32,3,1,2
446394,39,1,1,0
446394,40,2,1,1
446394,41,98,43,55
446394,42,72,32,40
446394,43,72,32,40
446394,44,5,1,4
446394,45,67,31,36
446394,52,26,11,15
446394,59,5,2,3
446394,60,62,29,33
446400,1,148,44,104
446400,2,148,44,104
446400,3,148,44,104
446400,4,78,27,51
446400,5,70,17,53
446400,20,70,17,53
446400,21,148,44,104
446400,22,148,44,104
446400,23,148,44,104
446400,24,78,27,51
446400,25,70,17,53
446400,40,70,17,53
446437,1,401,195,206
446437,2,401,195,206
446437,3,401,195,206
446437,4,280,133,147
446437,5,121,62,59
446437,20,121,62,59
446437,21,268,145,123
446437,22,268,145,123
446437,23,268,145,123
446437,24,210,113,97
446437,25,58,32,26
446437,40,58,32,26
446437,41,133,50,83
446437,42,133,50,83
446437,43,133,50,83
446437,44,70,20,50
446437,45,63,30,33
446437,60,63,30,33
446446,1,45,12,33
446446,2,45,12,33
446446,3,45,12,33
446446,5,45,12,33
446446,20,45,12,33
446446,21,20,7,13
446446,22,20,7,13
446446,23,20,7,13
446446,25,20,7,13
446446,40,20,7,13
446446,41,25,5,20
446446,42,25,5,20
446446,43,25,5,20
446446,45,25,5,20
446446,60,25,5,20
446455,1,38,35,3
446455,2,38,35,3
446455,3,38,35,3
446455,4,26,25,1
446455,5,12,10,2
446455,20,12,10,2
446455,21,38,35,3
446455,22,38,35,3
446455,23,38,35,3
446455,24,26,25,1
446455,25,12,10,2
446455,40,12,10,2
446464,1,57,7,50
446464,2,57,7,50
446464,3,57,7,50
446464,4,2,0,2
446464,5,55,7,48
446464,20,55,7,48
446464,21,57,7,50
446464,22,57,7,50
446464,23,57,7,50
446464,24,2,0,2
446464,25,55,7,48
446464,40,55,7,48
446491,1,17,2,15
446491,2,17,2,15
446491,3,17,2,15
446491,4,10,2,8
446491,5,7,0,7
446491,20,7,0,7
446491,21,13,1,12
446491,22,13,1,12
446491,23,13,1,12
446491,24,7,1,6
446491,25,6,0,6
446491,40,6,0,6
446491,41,4,1,3
446491,42,4,1,3
446491,43,4,1,3
446491,44,3,1,2
446491,45,1,0,1
446491,60,1,0,1
446516,1,31,7,24
446516,2,31,7,24
446516,3,31,7,24
446516,4,24,6,18
446516,5,7,1,6
446516,20,7,1,6
446516,21,31,7,24
446516,22,31,7,24
446516,23,31,7,24
446516,24,24,6,18
446516,25,7,1,6
446516,40,7,1,6
446525,1,92,80,12
446525,2,92,80,12
446525,3,92,80,12
446525,4,42,37,5
446525,5,50,43,7
446525,19,16,12,4
446525,20,34,31,3
446525,21,92,80,12
446525,22,92,80,12
446525,23,92,80,12
446525,24,42,37,5
446525,25,50,43,7
446525,39,16,12,4
446525,40,34,31,3
446534,1,114,70,44
446534,2,114,70,44
446534,3,114,70,44
446534,4,81,47,34
446534,5,33,23,10
446534,20,33,23,10
446534,21,114,70,44
446534,22,114,70,44
446534,23,114,70,44
446534,24,81,47,34
446534,25,33,23,10
446534,40,33,23,10
446543,1,26,2,24
446543,2,26,2,24
446543,3,26,2,24
446543,4,24,1,23
446543,5,2,1,1
446543,20,2,1,1
446543,21,26,2,24
446543,22,26,2,24
446543,23,26,2,24
446543,24,24,1,23
446543,25,2,1,1
446543,40,2,1,1
446552,1,1502,680,822
446552,2,1502,680,822
446552,3,1502,680,822
446552,4,468,202,266
446552,5,1034,478,556
446552,20,1034,478,556
446552,21,1502,680,822
446552,22,1502,680,822
446552,23,1502,680,822
446552,24,468,202,266
446552,25,1034,478,556
446552,40,1034,478,556
446561,1,963,278,685
446561,2,963,278,685
446561,3,963,278,685
446561,4,144,43,101
446561,5,819,235,584
446561,19,24,10,14
446561,20,795,225,570
446561,21,963,278,685
446561,22,963,278,685
446561,23,963,278,685
446561,24,144,43,101
446561,25,819,235,584
446561,39,24,10,14
446561,40,795,225,570
446570,1,17,6,11
446570,2,17,6,11
446570,3,17,6,11
446570,4,14,4,10
446570,5,3,2,1
446570,20,3,2,1
446570,21,6,4,2
446570,22,6,4,2
446570,23,6,4,2
446570,24,5,3,2
446570,25,1,1,0
446570,40,1,1,0
446570,41,11,2,9
446570,42,11,2,9
446570,43,11,2,9
446570,44,9,1,8
446570,45,2,1,1
446570,60,2,1,1
446589,1,133,26,107
446589,2,133,26,107
446589,3,133,26,107
446589,4,38,6,32
446589,5,95,20,75
446589,20,95,20,75
446589,21,92,15,77
446589,22,92,15,77
446589,23,92,15,77
446589,24,27,5,22
446589,25,65,10,55
446589,40,65,10,55
446589,41,41,11,30
446589,42,41,11,30
446589,43,41,11,30
446589,44,11,1,10
446589,45,30,10,20
446589,60,30,10,20
446598,1,28,5,23
446598,2,28,5,23
446598,3,27,5,22
446598,4,5,2,3
446598,5,22,3,19
446598,11,1,0,1
446598,19,1,0,1
446598,20,21,3,18
446598,21,28,5,23
446598,22,28,5,23
446598,23,27,5,22
446598,24,5,2,3
446598,25,22,3,19
446598,31,1,0,1
446598,39,1,0,1
446598,40,21,3,18
446604,1,1561,1561,0
446604,2,1561,1561,0
446604,3,1561,1561,0
446604,4,305,305,0
446604,5,1256,1256,0
446604,19,171,171,0
446604,20,1085,1085,0
446604,21,1561,1561,0
446604,22,1561,1561,0
446604,23,1561,1561,0
446604,24,305,305,0
446604,25,1256,1256,0
446604,39,171,171,0
446604,40,1085,1085,0
446640,1,344,176,168
446640,2,289,148,141
446640,3,278,141,137
446640,4,108,49,59
446640,5,170,92,78
446640,11,11,7,4
446640,12,55,28,27
446640,19,5,0,5
446640,20,165,92,73
446640,21,281,143,138
446640,22,271,137,134
446640,23,271,137,134
446640,24,107,49,58
446640,25,164,88,76
446640,32,10,6,4
446640,39,4,0,4
446640,40,160,88,72
446640,41,63,33,30
446640,42,18,11,7
446640,43,7,4,3
446640,44,1,0,1
446640,45,6,4,2
446640,51,11,7,4
446640,52,45,22,23
446640,59,1,0,1
446640,60,5,4,1
446668,1,834,405,429
446668,2,834,405,429
446668,3,834,405,429
446668,4,292,136,156
446668,5,542,269,273
446668,19,71,27,44
446668,20,471,242,229
446668,21,578,282,296
446668,22,578,282,296
446668,23,578,282,296
446668,24,202,89,113
446668,25,376,193,183
446668,39,36,10,26
446668,40,340,183,157
446668,41,256,123,133
446668,42,256,123,133
446668,43,256,123,133
446668,44,90,47,43
446668,45,166,76,90
446668,59,35,17,18
446668,60,131,59,72
446677,1,140,50,90
446677,2,140,50,90
446677,3,140,50,90
446677,4,17,7,10
446677,5,123,43,80
446677,19,8,5,3
446677,20,115,38,77
446677,21,140,50,90
446677,22,140,50,90
446677,23,140,50,90
446677,24,17,7,10
446677,25,123,43,80
446677,39,8,5,3
446677,40,115,38,77
446710,1,58,25,33
446710,2,47,17,30
446710,3,47,17,30
446710,5,47,17,30
446710,12,11,8,3
446710,20,47,17,30
446710,21,58,25,33
446710,22,47,17,30
446710,23,47,17,30
446710,25,47,17,30
446710,32,11,8,3
446710,40,47,17,30
446729,1,61,24,37
446729,2,46,18,28
446729,3,46,18,28
446729,5,46,18,28
446729,12,15,6,9
446729,19,4,2,2
446729,20,42,16,26
446729,21,61,24,37
446729,22,46,18,28
446729,23,46,18,28
446729,25,46,18,28
446729,32,15,6,9
446729,39,4,2,2
446729,40,42,16,26
446738,1,1048,580,468
446738,2,816,450,366
446738,3,816,450,366
446738,4,17,3,14
446738,5,799,447,352
446738,12,232,130,102
446738,19,79,43,36
446738,20,720,404,316
446738,21,1048,580,468
446738,22,816,450,366
446738,23,816,450,366
446738,24,17,3,14
446738,25,799,447,352
446738,32,232,130,102
446738,39,79,43,36
446738,40,720,404,316
446747,1,756,345,411
446747,2,704,324,380
446747,3,704,324,380
446747,4,27,4,23
446747,5,677,320,357
446747,12,52,21,31
446747,19,92,54,38
446747,20,585,266,319
446747,21,756,345,411
446747,22,704,324,380
446747,23,704,324,380
446747,24,27,4,23
446747,25,677,320,357
446747,32,52,21,31
446747,39,92,54,38
446747,40,585,266,319
446756,1,706,311,395
446756,2,640,277,363
446756,3,640,277,363
446756,4,11,0,11
446756,5,629,277,352
446756,12,66,34,32
446756,19,48,23,25
446756,20,581,254,327
446756,21,706,311,395
446756,22,640,277,363
446756,23,640,277,363
446756,24,11,0,11
446756,25,629,277,352
446756,32,66,34,32
446756,39,48,23,25
446756,40,581,254,327
446765,1,166,69,97
446765,2,148,66,82
446765,3,148,66,82
446765,5,148,66,82
446765,12,18,3,15
446765,20,148,66,82
446765,21,166,69,97
446765,22,148,66,82
446765,23,148,66,82
446765,25,148,66,82
446765,32,18,3,15
446765,40,148,66,82
446774,1,5020,1705,3315
446774,2,5020,1705,3315
446774,3,2240,824,1416
446774,4,487,217,270
446774,5,1753,607,1146
446774,11,2780,881,1899
446774,19,311,149,162
446774,20,1442,458,984
446774,21,1191,441,750
446774,22,1191,441,750
446774,23,1178,435,743
446774,24,331,153,178
446774,25,847,282,565
446774,31,13,6,7
446774,39,125,41,84
446774,40,722,241,481
446774,41,3829,1264,2565
446774,42,3829,1264,2565
446774,43,1062,389,673
446774,44,156,64,92
446774,45,906,325,581
446774,51,2767,875,1892
446774,59,186,108,78
446774,60,720,217,503
446792,1,447,316,131
446792,2,447,316,131
446792,3,447,316,131
446792,4,60,44,16
446792,5,387,272,115
446792,19,36,26,10
446792,20,351,246,105
446792,21,344,245,99
446792,22,344,245,99
446792,23,344,245,99
446792,24,29,20,9
446792,25,315,225,90
446792,39,19,13,6
446792,40,296,212,84
446792,41,103,71,32
446792,42,103,71,32
446792,43,103,71,32
446792,44,31,24,7
446792,45,72,47,25
446792,59,17,13,4
446792,60,55,34,21
446808,1,384,191,193
446808,2,384,191,193
446808,3,384,191,193
446808,4,70,22,48
446808,5,314,169,145
446808,19,33,19,14
446808,20,281,150,131
446808,21,298,155,143
446808,22,298,155,143
446808,23,298,155,143
446808,24,35,11,24
446808,25,263,144,119
446808,39,16,12,4
446808,40,247,132,115
446808,41,86,36,50
446808,42,86,36,50
446808,43,86,36,50
446808,44,35,11,24
446808,45,51,25,26
446808,59,17,7,10
446808,60,34,18,16
446817,1,117,56,61
446817,2,117,56,61
446817,3,117,56,61
446817,5,117,56,61
446817,20,117,56,61
446817,21,80,36,44
446817,22,80,36,44
446817,23,80,36,44
446817,25,80,36,44
446817,40,80,36,44
446817,41,37,20,17
446817,42,37,20,17
446817,43,37,20,17
446817,45,37,20,17
446817,60,37,20,17
446835,1,721,377,344
446835,2,721,377,344
446835,3,721,377,344
446835,4,108,60,48
446835,5,613,317,296
446835,19,40,16,24
446835,20,573,301,272
446835,21,721,377,344
446835,22,721,377,344
446835,23,721,377,344
446835,24,108,60,48
446835,25,613,317,296
446835,39,40,16,24
446835,40,573,301,272
446844,1,572,303,269
446844,2,572,303,269
446844,3,572,303,269
446844,4,72,26,46
446844,5,500,277,223
446844,19,21,9,12
446844,20,479,268,211
446844,21,572,303,269
446844,22,572,303,269
446844,23,572,303,269
446844,24,72,26,46
446844,25,500,277,223
446844,39,21,9,12
446844,40,479,268,211
446853,1,232,45,187
446853,2,232,45,187
446853,3,232,45,187
446853,4,96,12,84
446853,5,136,33,103
446853,20,136,33,103
446853,21,232,45,187
446853,22,232,45,187
446853,23,232,45,187
446853,24,96,12,84
446853,25,136,33,103
446853,40,136,33,103
446880,1,395,50,345
446880,2,395,50,345
446880,3,395,50,345
446880,4,108,12,96
446880,5,287,38,249
446880,19,115,15,100
446880,20,172,23,149
446880,21,319,36,283
446880,22,319,36,283
446880,23,319,36,283
446880,24,94,10,84
446880,25,225,26,199
446880,39,98,12,86
446880,40,127,14,113
446880,41,76,14,62
446880,42,76,14,62
446880,43,76,14,62
446880,44,14,2,12
446880,45,62,12,50
446880,59,17,3,14
446880,60,45,9,36
446899,1,362,289,73
446899,2,362,289,73
446899,3,362,289,73
446899,4,58,44,14
446899,5,304,245,59
446899,19,13,9,4
446899,20,291,236,55
446899,21,300,240,60
446899,22,300,240,60
446899,23,300,240,60
446899,24,55,42,13
446899,25,245,198,47
446899,39,12,8,4
446899,40,233,190,43
446899,41,62,49,13
446899,42,62,49,13
446899,43,62,49,13
446899,44,3,2,1
446899,45,59,47,12
446899,59,1,1,0
446899,60,58,46,12
446905,1,351,295,56
446905,2,351,295,56
446905,3,351,295,56
446905,4,20,14,6
446905,5,331,281,50
446905,19,5,4,1
446905,20,326,277,49
446905,21,278,228,50
446905,22,278,228,50
446905,23,278,228,50
446905,24,16,10,6
446905,25,262,218,44
446905,39,3,2,1
446905,40,259,216,43
446905,41,73,67,6
446905,42,73,67,6
446905,43,73,67,6
446905,44,4,4,0
446905,45,69,63,6
446905,59,2,2,0
446905,60,67,61,6
446914,1,616,518,98
446914,2,616,518,98
446914,3,616,518,98
446914,4,86,71,15
446914,5,530,447,83
446914,19,2,2,0
446914,20,528,445,83
446914,21,432,361,71
446914,22,432,361,71
446914,23,432,361,71
446914,24,74,60,14
446914,25,358,301,57
446914,39,1,1,0
446914,40,357,300,57
446914,41,184,157,27
446914,42,184,157,27
446914,43,184,157,27
446914,44,12,11,1
446914,45,172,146,26
446914,59,1,1,0
446914,60,171,145,26
446923,1,458,260,198
446923,2,458,260,198
446923,3,458,260,198
446923,4,74,51,23
446923,5,384,209,175
446923,19,16,8,8
446923,20,368,201,167
446923,21,344,201,143
446923,22,344,201,143
446923,23,344,201,143
446923,24,68,48,20
446923,25,276,153,123
446923,39,8,4,4
446923,40,268,149,119
446923,41,114,59,55
446923,42,114,59,55
446923,43,114,59,55
446923,44,6,3,3
446923,45,108,56,52
446923,59,8,4,4
446923,60,100,52,48
446932,1,410,234,176
446932,12,410,234,176
446932,21,115,64,51
446932,32,115,64,51
446932,41,295,170,125
446932,52,295,170,125
446996,1,64,0,64
446996,2,64,0,64
446996,3,64,0,64
446996,4,29,0,29
446996,5,35,0,35
446996,20,35,0,35
446996,21,51,0,51
446996,22,51,0,51
446996,23,51,0,51
446996,24,26,0,26
446996,25,25,0,25
446996,40,25,0,25
446996,41,13,0,13
446996,42,13,0,13
446996,43,13,0,13
446996,44,3,0,3
446996,45,10,0,10
446996,60,10,0,10
447014,1,327,18,309
447014,2,327,18,309
447014,3,327,18,309
447014,4,123,5,118
447014,5,204,13,191
447014,19,112,4,108
447014,20,92,9,83
447014,21,327,18,309
447014,22,327,18,309
447014,23,327,18,309
447014,24,123,5,118
447014,25,204,13,191
447014,39,112,4,108
447014,40,92,9,83
447023,1,648,251,397
447023,2,648,251,397
447023,3,648,251,397
447023,4,294,140,154
447023,5,354,111,243
447023,20,354,111,243
447023,21,631,235,396
447023,22,631,235,396
447023,23,631,235,396
447023,24,279,126,153
447023,25,352,109,243
447023,40,352,109,243
447023,41,17,16,1
447023,42,17,16,1
447023,43,17,16,1
447023,44,15,14,1
447023,45,2,2,0
447023,60,2,2,0
447050,1,282,87,195
447050,2,178,55,123
447050,3,81,16,65
447050,4,3,2,1
447050,5,78,14,64
447050,11,97,39,58
447050,12,104,32,72
447050,19,61,9,52
447050,20,17,5,12
447050,21,145,52,93
447050,22,110,39,71
447050,23,53,12,41
447050,24,1,1,0
447050,25,52,11,41
447050,31,57,27,30
447050,32,35,13,22
447050,39,38,7,31
447050,40,14,4,10
447050,41,137,35,102
447050,42,68,16,52
447050,43,28,4,24
447050,44,2,1,1
447050,45,26,3,23
447050,51,40,12,28
447050,52,69,19,50
447050,59,23,2,21
447050,60,3,1,2
447069,1,371,200,171
447069,2,371,200,171
447069,3,371,200,171
447069,4,50,24,26
447069,5,321,176,145
447069,19,4,2,2
447069,20,317,174,143
447069,21,264,141,123
447069,22,264,141,123
447069,23,264,141,123
447069,24,44,22,22
447069,25,220,119,101
447069,39,3,1,2
447069,40,217,118,99
447069,41,107,59,48
447069,42,107,59,48
447069,43,107,59,48
447069,44,6,2,4
447069,45,101,57,44
447069,59,1,1,0
447069,60,100,56,44
447102,1,512,80,432
447102,2,512,80,432
447102,3,479,77,402
447102,4,116,13,103
447102,5,363,64,299
447102,11,33,3,30
447102,19,21,2,19
447102,20,342,62,280
447102,21,512,80,432
447102,22,512,80,432
447102,23,479,77,402
447102,24,116,13,103
447102,25,363,64,299
447102,31,33,3,30
447102,39,21,2,19
447102,40,342,62,280
447120,1,312,68,244
447120,2,312,68,244
447120,3,312,68,244
447120,4,69,10,59
447120,5,243,58,185
447120,19,11,2,9
447120,20,232,56,176
447120,21,312,68,244
447120,22,312,68,244
447120,23,312,68,244
447120,24,69,10,59
447120,25,243,58,185
447120,39,11,2,9
447120,40,232,56,176
447148,1,249,10,239
447148,2,249,10,239
447148,3,249,10,239
447148,4,103,3,100
447148,5,146,7,139
447148,20,146,7,139
447148,21,184,7,177
447148,22,184,7,177
447148,23,184,7,177
447148,24,79,3,76
447148,25,105,4,101
447148,40,105,4,101
447148,41,65,3,62
447148,42,65,3,62
447148,43,65,3,62
447148,44,24,0,24
447148,45,41,3,38
447148,60,41,3,38
447157,1,6,0,6
447157,2,6,0,6
447157,3,6,0,6
447157,4,2,0,2
447157,5,4,0,4
447157,20,4,0,4
447157,21,4,0,4
447157,22,4,0,4
447157,23,4,0,4
447157,24,2,0,2
447157,25,2,0,2
447157,40,2,0,2
447157,41,2,0,2
447157,42,2,0,2
447157,43,2,0,2
447157,45,2,0,2
447157,60,2,0,2
447166,1,92,1,91
447166,2,92,1,91
447166,3,92,1,91
447166,4,25,0,25
447166,5,67,1,66
447166,20,67,1,66
447166,21,72,1,71
447166,22,72,1,71
447166,23,72,1,71
447166,24,22,0,22
447166,25,50,1,49
447166,40,50,1,49
447166,41,20,0,20
447166,42,20,0,20
447166,43,20,0,20
447166,44,3,0,3
447166,45,17,0,17
447166,60,17,0,17
447175,1,136,11,125
447175,2,136,11,125
447175,3,136,11,125
447175,4,53,5,48
447175,5,83,6,77
447175,20,83,6,77
447175,21,103,7,96
447175,22,103,7,96
447175,23,103,7,96
447175,24,44,4,40
447175,25,59,3,56
447175,40,59,3,56
447175,41,33,4,29
447175,42,33,4,29
447175,43,33,4,29
447175,44,9,1,8
447175,45,24,3,21
447175,60,24,3,21
447209,1,462,59,403
447209,2,462,59,403
447209,3,462,59,403
447209,4,61,11,50
447209,5,401,48,353
447209,20,401,48,353
447209,21,462,59,403
447209,22,462,59,403
447209,23,462,59,403
447209,24,61,11,50
447209,25,401,48,353
447209,40,401,48,353
447218,1,420,51,369
447218,2,420,51,369
447218,3,420,51,369
447218,4,69,4,65
447218,5,351,47,304
447218,20,351,47,304
447218,21,420,51,369
447218,22,420,51,369
447218,23,420,51,369
447218,24,69,4,65
447218,25,351,47,304
447218,40,351,47,304
447227,1,573,99,474
447227,2,573,99,474
447227,3,573,99,474
447227,4,55,7,48
447227,5,518,92,426
447227,20,518,92,426
447227,21,573,99,474
447227,22,573,99,474
447227,23,573,99,474
447227,24,55,7,48
447227,25,518,92,426
447227,40,518,92,426
447236,1,367,87,280
447236,2,367,87,280
447236,3,367,87,280
447236,4,47,8,39
447236,5,320,79,241
447236,19,48,10,38
447236,20,272,69,203
447236,21,274,48,226
447236,22,274,48,226
447236,23,274,48,226
447236,24,46,8,38
447236,25,228,40,188
447236,39,33,5,28
447236,40,195,35,160
447236,41,93,39,54
447236,42,93,39,54
447236,43,93,39,54
447236,44,1,0,1
447236,45,92,39,53
447236,59,15,5,10
447236,60,77,34,43
447245,1,527,73,454
447245,2,527,73,454
447245,3,527,73,454
447245,4,115,17,98
447245,5,412,56,356
447245,20,412,56,356
447245,21,527,73,454
447245,22,527,73,454
447245,23,527,73,454
447245,24,115,17,98
447245,25,412,56,356
447245,40,412,56,356
447254,1,18,1,17
447254,2,18,1,17
447254,3,18,1,17
447254,4,10,1,9
447254,5,8,0,8
447254,20,8,0,8
447254,21,18,1,17
447254,22,18,1,17
447254,23,18,1,17
447254,24,10,1,9
447254,25,8,0,8
447254,40,8,0,8
447263,1,1036,131,905
447263,2,1036,131,905
447263,3,1036,131,905
447263,4,80,16,64
447263,5,956,115,841
447263,20,956,115,841
447263,21,1036,131,905
447263,22,1036,131,905
447263,23,1036,131,905
447263,24,80,16,64
447263,25,956,115,841
447263,40,956,115,841
447272,1,620,218,402
447272,2,319,117,202
447272,3,319,117,202
447272,4,44,21,23
447272,5,275,96,179
447272,12,301,101,200
447272,19,58,22,36
447272,20,217,74,143
447272,21,151,53,98
447272,22,84,34,50
447272,23,84,34,50
447272,24,9,3,6
447272,25,75,31,44
447272,32,67,19,48
447272,39,15,7,8
447272,40,60,24,36
447272,41,469,165,304
447272,42,235,83,152
447272,43,235,83,152
447272,44,35,18,17
447272,45,200,65,135
447272,52,234,82,152
447272,59,43,15,28
447272,60,157,50,107
447290,1,953,268,685
447290,2,953,268,685
447290,3,953,268,685
447290,4,115,42,73
447290,5,838,226,612
447290,19,149,33,116
447290,20,689,193,496
447290,21,953,268,685
447290,22,953,268,685
447290,23,953,268,685
447290,24,115,42,73
447290,25,838,226,612
447290,39,149,33,116
447290,40,689,193,496
447315,1,58,6,52
447315,2,58,6,52
447315,3,58,6,52
447315,4,19,0,19
447315,5,39,6,33
447315,20,39,6,33
447315,21,35,5,30
447315,22,35,5,30
447315,23,35,5,30
447315,24,12,0,12
447315,25,23,5,18
447315,40,23,5,18
447315,41,23,1,22
447315,42,23,1,22
447315,43,23,1,22
447315,44,7,0,7
447315,45,16,1,15
447315,60,16,1,15
447324,1,129,6,123
447324,2,129,6,123
447324,3,129,6,123
447324,4,50,2,48
447324,5,79,4,75
447324,20,79,4,75
447324,21,88,4,84
447324,22,88,4,84
447324,23,88,4,84
447324,24,38,2,36
447324,25,50,2,48
447324,40,50,2,48
447324,41,41,2,39
447324,42,41,2,39
447324,43,41,2,39
447324,44,12,0,12
447324,45,29,2,27
447324,60,29,2,27
447333,1,49,4,45
447333,2,49,4,45
447333,3,49,4,45
447333,4,11,0,11
447333,5,38,4,34
447333,20,38,4,34
447333,21,49,4,45
447333,22,49,4,45
447333,23,49,4,45
447333,24,11,0,11
447333,25,38,4,34
447333,40,38,4,34
447342,1,52,2,50
447342,2,52,2,50
447342,3,52,2,50
447342,4,23,1,22
447342,5,29,1,28
447342,20,29,1,28
447342,21,34,2,32
447342,22,34,2,32
447342,23,34,2,32
447342,24,15,1,14
447342,25,19,1,18
447342,40,19,1,18
447342,41,18,0,18
447342,42,18,0,18
447342,43,18,0,18
447342,44,8,0,8
447342,45,10,0,10
447342,60,10,0,10
447351,1,318,87,231
447351,2,318,87,231
447351,3,318,87,231
447351,4,40,12,28
447351,5,278,75,203
447351,19,34,11,23
447351,20,244,64,180
447351,21,318,87,231
447351,22,318,87,231
447351,23,318,87,231
447351,24,40,12,28
447351,25,278,75,203
447351,39,34,11,23
447351,40,244,64,180
447360,1,279,74,205
447360,2,279,74,205
447360,3,279,74,205
447360,4,19,8,11
447360,5,260,66,194
447360,19,42,10,32
447360,20,218,56,162
447360,21,279,74,205
447360,22,279,74,205
447360,23,279,74,205
447360,24,19,8,11
447360,25,260,66,194
447360,39,42,10,32
447360,40,218,56,162
447379,1,172,20,152
447379,2,172,20,152
447379,3,172,20,152
447379,4,16,2,14
447379,5,156,18,138
447379,19,45,5,40
447379,20,111,13,98
447379,21,172,20,152
447379,22,172,20,152
447379,23,172,20,152
447379,24,16,2,14
447379,25,156,18,138
447379,39,45,5,40
447379,40,111,13,98
447388,1,88,12,76
447388,2,88,12,76
447388,3,88,12,76
447388,5,88,12,76
447388,20,88,12,76
447388,21,88,12,76
447388,22,88,12,76
447388,23,88,12,76
447388,25,88,12,76
447388,40,88,12,76
447403,1,1083,1053,30
447403,2,1083,1053,30
447403,3,1083,1053,30
447403,4,326,321,5
447403,5,757,732,25
447403,20,757,732,25
447403,21,1083,1053,30
447403,22,1083,1053,30
447403,23,1083,1053,30
447403,24,326,321,5
447403,25,757,732,25
447403,40,757,732,25
447421,1,241,76,165
447421,2,241,76,165
447421,3,219,72,147
447421,4,73,21,52
447421,5,146,51,95
447421,11,22,4,18
447421,19,15,3,12
447421,20,131,48,83
447421,21,127,38,89
447421,22,127,38,89
447421,23,108,35,73
447421,24,47,14,33
447421,25,61,21,40
447421,31,19,3,16
447421,39,4,2,2
447421,40,57,19,38
447421,41,114,38,76
447421,42,114,38,76
447421,43,111,37,74
447421,44,26,7,19
447421,45,85,30,55
447421,51,3,1,2
447421,59,11,1,10
447421,60,74,29,45
447430,1,142,10,132
447430,2,142,10,132
447430,3,142,10,132
447430,4,37,2,35
447430,5,105,8,97
447430,20,105,8,97
447430,21,90,5,85
447430,22,90,5,85
447430,23,90,5,85
447430,24,26,2,24
447430,25,64,3,61
447430,40,64,3,61
447430,41,52,5,47
447430,42,52,5,47
447430,43,52,5,47
447430,44,11,0,11
447430,45,41,5,36
447430,60,41,5,36
447449,1,57,5,52
447449,2,57,5,52
447449,3,57,5,52
447449,4,33,3,30
447449,5,24,2,22
447449,20,24,2,22
447449,21,35,3,32
447449,22,35,3,32
447449,23,35,3,32
447449,24,18,2,16
447449,25,17,1,16
447449,40,17,1,16
447449,41,22,2,20
447449,42,22,2,20
447449,43,22,2,20
447449,44,15,1,14
447449,45,7,1,6
447449,60,7,1,6
447458,1,574,469,105
447458,2,574,469,105
447458,3,574,469,105
447458,4,33,23,10
447458,5,541,446,95
447458,19,32,26,6
447458,20,509,420,89
447458,21,574,469,105
447458,22,574,469,105
447458,23,574,469,105
447458,24,33,23,10
447458,25,541,446,95
447458,39,32,26,6
447458,40,509,420,89
447467,1,111,6,105
447467,2,111,6,105
447467,3,111,6,105
447467,4,70,5,65
447467,5,41,1,40
447467,20,41,1,40
447467,21,111,6,105
447467,22,111,6,105
447467,23,111,6,105
447467,24,70,5,65
447467,25,41,1,40
447467,40,41,1,40
447476,1,97,21,76
447476,2,97,21,76
447476,3,97,21,76
447476,4,11,5,6
447476,5,86,16,70
447476,19,9,0,9
447476,20,77,16,61
447476,21,83,19,64
447476,22,83,19,64
447476,23,83,19,64
447476,24,8,4,4
447476,25,75,15,60
447476,39,8,0,8
447476,40,67,15,52
447476,41,14,2,12
447476,42,14,2,12
447476,43,14,2,12
447476,44,3,1,2
447476,45,11,1,10
447476,59,1,0,1
447476,60,10,1,9
447494,1,298,39,259
447494,2,298,39,259
447494,3,298,39,259
447494,4,255,31,224
447494,5,43,8,35
447494,20,43,8,35
447494,21,210,22,188
447494,22,210,22,188
447494,23,210,22,188
447494,24,182,17,165
447494,25,28,5,23
447494,40,28,5,23
447494,41,88,17,71
447494,42,88,17,71
447494,43,88,17,71
447494,44,73,14,59
447494,45,15,3,12
447494,60,15,3,12
447519,1,321,26,295
447519,2,321,26,295
447519,3,321,26,295
447519,4,222,15,207
447519,5,99,11,88
447519,20,99,11,88
447519,21,225,18,207
447519,22,225,18,207
447519,23,225,18,207
447519,24,155,9,146
447519,25,70,9,61
447519,40,70,9,61
447519,41,96,8,88
447519,42,96,8,88
447519,43,96,8,88
447519,44,67,6,61
447519,45,29,2,27
447519,60,29,2,27
447528,1,138,40,98
447528,2,138,40,98
447528,3,138,40,98
447528,4,121,32,89
447528,5,17,8,9
447528,20,17,8,9
447528,21,138,40,98
447528,22,138,40,98
447528,23,138,40,98
447528,24,121,32,89
447528,25,17,8,9
447528,40,17,8,9
447582,1,2551,846,1705
447582,2,2551,846,1705
447582,3,2022,662,1360
447582,4,634,255,379
447582,5,1388,407,981
447582,11,529,184,345
447582,19,253,86,167
447582,20,1135,321,814
447582,21,1657,555,1102
447582,22,1657,555,1102
447582,23,1622,550,1072
447582,24,575,235,340
447582,25,1047,315,732
447582,31,35,5,30
447582,39,190,69,121
447582,40,857,246,611
447582,41,894,291,603
447582,42,894,291,603
447582,43,400,112,288
447582,44,59,20,39
447582,45,341,92,249
447582,51,494,179,315
447582,59,63,17,46
447582,60,278,75,203
447591,1,229,34,195
447591,2,229,34,195
447591,3,229,34,195
447591,4,228,34,194
447591,5,1,0,1
447591,20,1,0,1
447591,21,229,34,195
447591,22,229,34,195
447591,23,229,34,195
447591,24,228,34,194
447591,25,1,0,1
447591,40,1,0,1
447625,1,186,62,124
447625,2,186,62,124
447625,3,152,52,100
447625,4,64,22,42
447625,5,88,30,58
447625,11,34,10,24
447625,19,39,8,31
447625,20,49,22,27
447625,21,69,25,44
447625,22,69,25,44
447625,23,40,16,24
447625,24,23,10,13
447625,25,17,6,11
447625,31,29,9,20
447625,39,5,1,4
447625,40,12,5,7
447625,41,117,37,80
447625,42,117,37,80
447625,43,112,36,76
447625,44,41,12,29
447625,45,71,24,47
447625,51,5,1,4
447625,59,34,7,27
447625,60,37,17,20
447634,1,362,86,276
447634,2,362,86,276
447634,3,362,86,276
447634,4,50,9,41
447634,5,312,77,235
447634,19,43,10,33
447634,20,269,67,202
447634,21,362,86,276
447634,22,362,86,276
447634,23,362,86,276
447634,24,50,9,41
447634,25,312,77,235
447634,39,43,10,33
447634,40,269,67,202
447652,1,391,138,253
447652,2,359,128,231
447652,3,359,128,231
447652,4,15,4,11
447652,5,344,124,220
447652,12,32,10,22
447652,19,20,6,14
447652,20,324,118,206
447652,21,391,138,253
447652,22,359,128,231
447652,23,359,128,231
447652,24,15,4,11
447652,25,344,124,220
447652,32,32,10,22
447652,39,20,6,14
447652,40,324,118,206
447661,1,158,65,93
447661,2,129,61,68
447661,3,129,61,68
447661,5,129,61,68
447661,12,29,4,25
447661,20,129,61,68
447661,21,158,65,93
447661,22,129,61,68
447661,23,129,61,68
447661,25,129,61,68
447661,32,29,4,25
447661,40,129,61,68
447670,1,264,89,175
447670,2,264,89,175
447670,3,256,85,171
447670,4,21,9,12
447670,5,235,76,159
447670,11,8,4,4
447670,19,48,10,38
447670,20,187,66,121
447670,21,209,72,137
447670,22,209,72,137
447670,23,207,72,135
447670,24,21,9,12
447670,25,186,63,123
447670,31,2,0,2
447670,39,45,9,36
447670,40,141,54,87
447670,41,55,17,38
447670,42,55,17,38
447670,43,49,13,36
447670,45,49,13,36
447670,51,6,4,2
447670,59,3,1,2
447670,60,46,12,34
447689,1,9719,4487,5232
447689,2,9719,4487,5232
447689,3,9325,4355,4970
447689,4,2107,976,1131
447689,5,7218,3379,3839
447689,11,394,132,262
447689,19,793,358,435
447689,20,6425,3021,3404
447689,21,6832,3173,3659
447689,22,6832,3173,3659
447689,23,6710,3133,3577
447689,24,1752,800,952
447689,25,4958,2333,2625
447689,31,122,40,82
447689,39,518,241,277
447689,40,4440,2092,2348
447689,41,2887,1314,1573
447689,42,2887,1314,1573
447689,43,2615,1222,1393
447689,44,355,176,179
447689,45,2260,1046,1214
447689,51,272,92,180
447689,59,275,117,158
447689,60,1985,929,1056
447698,1,124,41,83
447698,12,124,41,83
447698,21,95,36,59
447698,32,95,36,59
447698,41,29,5,24
447698,52,29,5,24
447704,1,64,7,57
447704,2,64,7,57
447704,3,64,7,57
447704,4,15,1,14
447704,5,49,6,43
447704,20,49,6,43
447704,21,56,7,49
447704,22,56,7,49
447704,23,56,7,49
447704,24,13,1,12
447704,25,43,6,37
447704,40,43,6,37
447704,41,8,0,8
447704,42,8,0,8
447704,43,8,0,8
447704,44,2,0,2
447704,45,6,0,6
447704,60,6,0,6
447713,1,78,20,58
447713,2,78,20,58
447713,3,78,20,58
447713,4,27,3,24
447713,5,51,17,34
447713,20,51,17,34
447713,41,78,20,58
447713,42,78,20,58
447713,43,78,20,58
447713,44,27,3,24
447713,45,51,17,34
447713,60,51,17,34
447722,1,73,21,52
447722,2,73,21,52
447722,3,73,21,52
447722,4,14,5,9
447722,5,59,16,43
447722,20,59,16,43
447722,21,73,21,52
447722,22,73,21,52
447722,23,73,21,52
447722,24,14,5,9
447722,25,59,16,43
447722,40,59,16,43
447731,1,148,2,146
447731,2,148,2,146
447731,3,148,2,146
447731,4,58,0,58
447731,5,90,2,88
447731,20,90,2,88
447731,21,78,0,78
447731,22,78,0,78
447731,23,78,0,78
447731,24,45,0,45
447731,25,33,0,33
447731,40,33,0,33
447731,41,70,2,68
447731,42,70,2,68
447731,43,70,2,68
447731,44,13,0,13
447731,45,57,2,55
447731,60,57,2,55
447759,1,234,73,161
447759,2,234,73,161
447759,3,234,73,161
447759,4,48,12,36
447759,5,186,61,125
447759,20,186,61,125
447759,21,234,73,161
447759,22,234,73,161
447759,23,234,73,161
447759,24,48,12,36
447759,25,186,61,125
447759,40,186,61,125
447768,1,1634,353,1281
447768,2,1634,353,1281
447768,3,1634,353,1281
447768,4,184,38,146
447768,5,1450,315,1135
447768,19,280,54,226
447768,20,1170,261,909
447768,21,1634,353,1281
447768,22,1634,353,1281
447768,23,1634,353,1281
447768,24,184,38,146
447768,25,1450,315,1135
447768,39,280,54,226
447768,40,1170,261,909
447777,1,686,418,268
447777,2,686,418,268
447777,3,686,418,268
447777,4,322,200,122
447777,5,364,218,146
447777,19,2,0,2
447777,20,362,218,144
447777,21,15,6,9
447777,22,15,6,9
447777,23,15,6,9
447777,24,3,3,0
447777,25,12,3,9
447777,39,2,0,2
447777,40,10,3,7
447777,41,671,412,259
447777,42,671,412,259
447777,43,671,412,259
447777,44,319,197,122
447777,45,352,215,137
447777,60,352,215,137
447795,1,28,7,21
447795,2,28,7,21
447795,3,28,7,21
447795,4,27,7,20
447795,5,1,0,1
447795,20,1,0,1
447795,21,28,7,21
447795,22,28,7,21
447795,23,28,7,21
447795,24,27,7,20
447795,25,1,0,1
447795,40,1,0,1
447801,1,177,78,99
447801,12,177,78,99
447801,21,118,55,63
447801,32,118,55,63
447801,41,59,23,36
447801,52,59,23,36
447810,1,321,26,295
447810,2,321,26,295
447810,3,321,26,295
447810,4,128,9,119
447810,5,193,17,176
447810,20,193,17,176
447810,21,321,26,295
447810,22,321,26,295
447810,23,321,26,295
447810,24,128,9,119
447810,25,193,17,176
447810,40,193,17,176
447847,1,126,120,6
447847,2,126,120,6
447847,3,126,120,6
447847,4,5,5,0
447847,5,121,115,6
447847,20,121,115,6
447847,21,126,120,6
447847,22,126,120,6
447847,23,126,120,6
447847,24,5,5,0
447847,25,121,115,6
447847,40,121,115,6
447856,1,103,18,85
447856,2,103,18,85
447856,3,103,18,85
447856,4,41,4,37
447856,5,62,14,48
447856,20,62,14,48
447856,21,103,18,85
447856,22,103,18,85
447856,23,103,18,85
447856,24,41,4,37
447856,25,62,14,48
447856,40,62,14,48
447865,1,36,26,10
447865,2,36,26,10
447865,3,36,26,10
447865,4,10,7,3
447865,5,26,19,7
447865,20,26,19,7
447865,21,28,20,8
447865,22,28,20,8
447865,23,28,20,8
447865,24,8,6,2
447865,25,20,14,6
447865,40,20,14,6
447865,41,8,6,2
447865,42,8,6,2
447865,43,8,6,2
447865,44,2,1,1
447865,45,6,5,1
447865,60,6,5,1
447874,1,375,361,14
447874,2,375,361,14
447874,3,375,361,14
447874,4,152,138,14
447874,5,223,223,0
447874,20,223,223,0
447874,21,375,361,14
447874,22,375,361,14
447874,23,375,361,14
447874,24,152,138,14
447874,25,223,223,0
447874,40,223,223,0
447883,1,65,44,21
447883,2,65,44,21
447883,3,65,44,21
447883,4,55,40,15
447883,5,10,4,6
447883,20,10,4,6
447883,21,39,27,12
447883,22,39,27,12
447883,23,39,27,12
447883,24,33,25,8
447883,25,6,2,4
447883,40,6,2,4
447883,41,26,17,9
447883,42,26,17,9
447883,43,26,17,9
447883,44,22,15,7
447883,45,4,2,2
447883,60,4,2,2
447892,1,167,39,128
447892,2,167,39,128
447892,3,167,39,128
447892,4,43,10,33
447892,5,124,29,95
447892,20,124,29,95
447892,21,128,31,97
447892,22,128,31,97
447892,23,128,31,97
447892,24,38,8,30
447892,25,90,23,67
447892,40,90,23,67
447892,41,39,8,31
447892,42,39,8,31
447892,43,39,8,31
447892,44,5,2,3
447892,45,34,6,28
447892,60,34,6,28
447908,1,29,2,27
447908,2,29,2,27
447908,3,29,2,27
447908,4,9,1,8
447908,5,20,1,19
447908,20,20,1,19
447908,21,25,2,23
447908,22,25,2,23
447908,23,25,2,23
447908,24,8,1,7
447908,25,17,1,16
447908,40,17,1,16
447908,41,4,0,4
447908,42,4,0,4
447908,43,4,0,4
447908,44,1,0,1
447908,45,3,0,3
447908,60,3,0,3
447917,1,64,13,51
447917,2,64,13,51
447917,3,64,13,51
447917,4,22,8,14
447917,5,42,5,37
447917,20,42,5,37
447917,21,52,12,40
447917,22,52,12,40
447917,23,52,12,40
447917,24,16,7,9
447917,25,36,5,31
447917,40,36,5,31
447917,41,12,1,11
447917,42,12,1,11
447917,43,12,1,11
447917,44,6,1,5
447917,45,6,0,6
447917,60,6,0,6
447935,1,427,36,391
447935,2,427,36,391
447935,3,427,36,391
447935,4,62,1,61
447935,5,365,35,330
447935,19,188,21,167
447935,20,177,14,163
447935,21,427,36,391
447935,22,427,36,391
447935,23,427,36,391
447935,24,62,1,61
447935,25,365,35,330
447935,39,188,21,167
447935,40,177,14,163
447953,1,367,174,193
447953,2,348,164,184
447953,3,348,164,184
447953,4,66,33,33
447953,5,282,131,151
447953,12,19,10,9
447953,19,27,11,16
447953,20,255,120,135
447953,21,327,152,175
447953,22,315,147,168
447953,23,315,147,168
447953,24,64,33,31
447953,25,251,114,137
447953,32,12,5,7
447953,39,27,11,16
447953,40,224,103,121
447953,41,40,22,18
447953,42,33,17,16
447953,43,33,17,16
447953,44,2,0,2
447953,45,31,17,14
447953,52,7,5,2
447953,60,31,17,14
447962,1,162,2,160
447962,2,162,2,160
447962,3,162,2,160
447962,4,28,2,26
447962,5,134,0,134
447962,20,134,0,134
447962,21,162,2,160
447962,22,162,2,160
447962,23,162,2,160
447962,24,28,2,26
447962,25,134,0,134
447962,40,134,0,134
447971,1,45,1,44
447971,2,45,1,44
447971,3,45,1,44
447971,4,36,1,35
447971,5,9,0,9
447971,20,9,0,9
447971,21,45,1,44
447971,22,45,1,44
447971,23,45,1,44
447971,24,36,1,35
447971,25,9,0,9
447971,40,9,0,9
447980,1,44,2,42
447980,2,44,2,42
447980,3,44,2,42
447980,4,27,2,25
447980,5,17,0,17
447980,20,17,0,17
447980,21,37,1,36
447980,22,37,1,36
447980,23,37,1,36
447980,24,21,1,20
447980,25,16,0,16
447980,40,16,0,16
447980,41,7,1,6
447980,42,7,1,6
447980,43,7,1,6
447980,44,6,1,5
447980,45,1,0,1
447980,60,1,0,1
447999,1,125,36,89
447999,2,125,36,89
447999,3,125,36,89
447999,4,31,7,24
447999,5,94,29,65
447999,20,94,29,65
447999,21,125,36,89
447999,22,125,36,89
447999,23,125,36,89
447999,24,31,7,24
447999,25,94,29,65
447999,40,94,29,65
448008,1,20,0,20
448008,2,20,0,20
448008,3,20,0,20
448008,4,11,0,11
448008,5,9,0,9
448008,20,9,0,9
448008,21,20,0,20
448008,22,20,0,20
448008,23,20,0,20
448008,24,11,0,11
448008,25,9,0,9
448008,40,9,0,9
448017,1,134,2,132
448017,2,134,2,132
448017,3,134,2,132
448017,4,4,1,3
448017,5,130,1,129
448017,20,130,1,129
448017,21,134,2,132
448017,22,134,2,132
448017,23,134,2,132
448017,24,4,1,3
448017,25,130,1,129
448017,40,130,1,129
448026,1,90,0,90
448026,2,90,0,90
448026,3,90,0,90
448026,4,16,0,16
448026,5,74,0,74
448026,20,74,0,74
448026,21,84,0,84
448026,22,84,0,84
448026,23,84,0,84
448026,24,16,0,16
448026,25,68,0,68
448026,40,68,0,68
448026,41,6,0,6
448026,42,6,0,6
448026,43,6,0,6
448026,45,6,0,6
448026,60,6,0,6
448035,1,25,3,22
448035,2,25,3,22
448035,3,25,3,22
448035,4,5,0,5
448035,5,20,3,17
448035,20,20,3,17
448035,21,20,3,17
448035,22,20,3,17
448035,23,20,3,17
448035,24,4,0,4
448035,25,16,3,13
448035,40,16,3,13
448035,41,5,0,5
448035,42,5,0,5
448035,43,5,0,5
448035,44,1,0,1
448035,45,4,0,4
448035,60,4,0,4
448044,1,7,1,6
448044,2,7,1,6
448044,3,7,1,6
448044,4,6,1,5
448044,5,1,0,1
448044,20,1,0,1
448044,21,7,1,6
448044,22,7,1,6
448044,23,7,1,6
448044,24,6,1,5
448044,25,1,0,1
448044,40,1,0,1
448053,1,52,3,49
448053,2,52,3,49
448053,3,52,3,49
448053,4,29,3,26
448053,5,23,0,23
448053,20,23,0,23
448053,21,52,3,49
448053,22,52,3,49
448053,23,52,3,49
448053,24,29,3,26
448053,25,23,0,23
448053,40,23,0,23
448071,1,238,34,204
448071,2,238,34,204
448071,3,238,34,204
448071,4,107,14,93
448071,5,131,20,111
448071,20,131,20,111
448071,21,163,23,140
448071,22,163,23,140
448071,23,163,23,140
448071,24,69,9,60
448071,25,94,14,80
448071,40,94,14,80
448071,41,75,11,64
448071,42,75,11,64
448071,43,75,11,64
448071,44,38,5,33
448071,45,37,6,31
448071,60,37,6,31
448105,1,18,8,10
448105,2,18,8,10
448105,3,18,8,10
448105,4,10,5,5
448105,5,8,3,5
448105,20,8,3,5
448105,21,18,8,10
448105,22,18,8,10
448105,23,18,8,10
448105,24,10,5,5
448105,25,8,3,5
448105,40,8,3,5
448114,1,599,201,398
448114,2,599,201,398
448114,3,599,201,398
448114,4,187,67,120
448114,5,412,134,278
448114,19,2,1,1
448114,20,410,133,277
448114,21,586,195,391
448114,22,586,195,391
448114,23,586,195,391
448114,24,187,67,120
448114,25,399,128,271
448114,39,1,1,0
448114,40,398,127,271
448114,41,13,6,7
448114,42,13,6,7
448114,43,13,6,7
448114,45,13,6,7
448114,59,1,0,1
448114,60,12,6,6
448123,1,120,25,95
448123,2,120,25,95
448123,3,120,25,95
448123,4,102,19,83
448123,5,18,6,12
448123,20,18,6,12
448123,21,120,25,95
448123,22,120,25,95
448123,23,120,25,95
448123,24,102,19,83
448123,25,18,6,12
448123,40,18,6,12
448141,1,39,2,37
448141,2,39,2,37
448141,3,39,2,37
448141,4,20,1,19
448141,5,19,1,18
448141,20,19,1,18
448141,21,39,2,37
448141,22,39,2,37
448141,23,39,2,37
448141,24,20,1,19
448141,25,19,1,18
448141,40,19,1,18
448150,1,121,15,106
448150,2,121,15,106
448150,3,121,15,106
448150,4,77,13,64
448150,5,44,2,42
448150,20,44,2,42
448150,21,121,15,106
448150,22,121,15,106
448150,23,121,15,106
448150,24,77,13,64
448150,25,44,2,42
448150,40,44,2,42
448196,1,178,16,162
448196,2,178,16,162
448196,3,178,16,162
448196,4,89,8,81
448196,5,89,8,81
448196,20,89,8,81
448196,21,155,14,141
448196,22,155,14,141
448196,23,155,14,141
448196,24,79,7,72
448196,25,76,7,69
448196,40,76,7,69
448196,41,23,2,21
448196,42,23,2,21
448196,43,23,2,21
448196,44,10,1,9
448196,45,13,1,12
448196,60,13,1,12
448202,1,53,4,49
448202,2,53,4,49
448202,3,53,4,49
448202,4,11,1,10
448202,5,42,3,39
448202,20,42,3,39
448202,21,33,2,31
448202,22,33,2,31
448202,23,33,2,31
448202,24,7,1,6
448202,25,26,1,25
448202,40,26,1,25
448202,41,20,2,18
448202,42,20,2,18
448202,43,20,2,18
448202,44,4,0,4
448202,45,16,2,14
448202,60,16,2,14
448211,1,45,3,42
448211,2,45,3,42
448211,3,45,3,42
448211,4,36,2,34
448211,5,9,1,8
448211,20,9,1,8
448211,21,19,0,19
448211,22,19,0,19
448211,23,19,0,19
448211,24,16,0,16
448211,25,3,0,3
448211,40,3,0,3
448211,41,26,3,23
448211,42,26,3,23
448211,43,26,3,23
448211,44,20,2,18
448211,45,6,1,5
448211,60,6,1,5
448220,1,42,4,38
448220,2,42,4,38
448220,3,42,4,38
448220,4,9,0,9
448220,5,33,4,29
448220,20,33,4,29
448220,21,42,4,38
448220,22,42,4,38
448220,23,42,4,38
448220,24,9,0,9
448220,25,33,4,29
448220,40,33,4,29
448239,1,176,3,173
448239,2,176,3,173
448239,3,176,3,173
448239,5,176,3,173
448239,20,176,3,173
448239,21,176,3,173
448239,22,176,3,173
448239,23,176,3,173
448239,25,176,3,173
448239,40,176,3,173
448248,1,1959,856,1103
448248,2,1959,856,1103
448248,3,815,329,486
448248,4,788,317,471
448248,5,27,12,15
448248,11,1144,527,617
448248,20,27,12,15
448248,21,253,34,219
448248,22,253,34,219
448248,23,175,29,146
448248,24,168,28,140
448248,25,7,1,6
448248,31,78,5,73
448248,40,7,1,6
448248,41,1706,822,884
448248,42,1706,822,884
448248,43,640,300,340
448248,44,620,289,331
448248,45,20,11,9
448248,51,1066,522,544
448248,60,20,11,9
448257,1,23,0,23
448257,2,23,0,23
448257,3,23,0,23
448257,4,17,0,17
448257,5,6,0,6
448257,20,6,0,6
448257,21,23,0,23
448257,22,23,0,23
448257,23,23,0,23
448257,24,17,0,17
448257,25,6,0,6
448257,40,6,0,6
448275,1,21,5,16
448275,2,21,5,16
448275,3,21,5,16
448275,4,15,3,12
448275,5,6,2,4
448275,20,6,2,4
448275,21,21,5,16
448275,22,21,5,16
448275,23,21,5,16
448275,24,15,3,12
448275,25,6,2,4
448275,40,6,2,4
448284,1,1653,520,1133
448284,2,726,288,438
448284,3,721,286,435
448284,4,1,1,0
448284,5,720,285,435
448284,11,5,2,3
448284,12,927,232,695
448284,19,71,27,44
448284,20,649,258,391
448284,21,898,327,571
448284,22,517,215,302
448284,23,516,215,301
448284,24,1,1,0
448284,25,515,214,301
448284,31,1,0,1
448284,32,381,112,269
448284,39,48,18,30
448284,40,467,196,271
448284,41,755,193,562
448284,42,209,73,136
448284,43,205,71,134
448284,45,205,71,134
448284,51,4,2,2
448284,52,546,120,426
448284,59,23,9,14
448284,60,182,62,120
448309,1,1118,249,869
448309,2,922,162,760
448309,3,922,162,760
448309,4,10,4,6
448309,5,912,158,754
448309,12,196,87,109
448309,19,109,25,84
448309,20,803,133,670
448309,21,1118,249,869
448309,22,922,162,760
448309,23,922,162,760
448309,24,10,4,6
448309,25,912,158,754
448309,32,196,87,109
448309,39,109,25,84
448309,40,803,133,670
448345,1,862,359,503
448345,2,862,359,503
448345,3,862,359,503
448345,4,308,137,171
448345,5,554,222,332
448345,19,30,12,18
448345,20,524,210,314
448345,21,523,208,315
448345,22,523,208,315
448345,23,523,208,315
448345,24,173,73,100
448345,25,350,135,215
448345,39,16,7,9
448345,40,334,128,206
448345,41,339,151,188
448345,42,339,151,188
448345,43,339,151,188
448345,44,135,64,71
448345,45,204,87,117
448345,59,14,5,9
448345,60,190,82,108
448354,1,216,26,190
448354,2,216,26,190
448354,3,216,26,190
448354,4,87,10,77
448354,5,129,16,113
448354,20,129,16,113
448354,21,148,16,132
448354,22,148,16,132
448354,23,148,16,132
448354,24,63,7,56
448354,25,85,9,76
448354,40,85,9,76
448354,41,68,10,58
448354,42,68,10,58
448354,43,68,10,58
448354,44,24,3,21
448354,45,44,7,37
448354,60,44,7,37
448372,1,144,66,78
448372,2,144,66,78
448372,3,144,66,78
448372,4,2,0,2
448372,5,142,66,76
448372,19,26,14,12
448372,20,116,52,64
448372,21,144,66,78
448372,22,144,66,78
448372,23,144,66,78
448372,24,2,0,2
448372,25,142,66,76
448372,39,26,14,12
448372,40,116,52,64
448406,1,175,10,165
448406,2,175,10,165
448406,3,175,10,165
448406,4,113,7,106
448406,5,62,3,59
448406,20,62,3,59
448406,21,175,10,165
448406,22,175,10,165
448406,23,175,10,165
448406,24,113,7,106
448406,25,62,3,59
448406,40,62,3,59
448415,1,603,40,563
448415,2,603,40,563
448415,3,603,40,563
448415,4,122,8,114
448415,5,481,32,449
448415,19,17,0,17
448415,20,464,32,432
448415,21,603,40,563
448415,22,603,40,563
448415,23,603,40,563
448415,24,122,8,114
448415,25,481,32,449
448415,39,17,0,17
448415,40,464,32,432
448424,1,88,3,85
448424,2,88,3,85
448424,3,88,3,85
448424,4,27,1,26
448424,5,61,2,59
448424,20,61,2,59
448424,21,74,3,71
448424,22,74,3,71
448424,23,74,3,71
448424,24,24,1,23
448424,25,50,2,48
448424,40,50,2,48
448424,41,14,0,14
448424,42,14,0,14
448424,43,14,0,14
448424,44,3,0,3
448424,45,11,0,11
448424,60,11,0,11
448433,1,1916,1857,59
448433,2,1916,1857,59
448433,3,1916,1857,59
448433,4,459,445,14
448433,5,1457,1412,45
448433,20,1457,1412,45
448433,21,1916,1857,59
448433,22,1916,1857,59
448433,23,1916,1857,59
448433,24,459,445,14
448433,25,1457,1412,45
448433,40,1457,1412,45
448442,1,369,293,76
448442,2,369,293,76
448442,3,369,293,76
448442,4,51,40,11
448442,5,318,253,65
448442,19,3,2,1
448442,20,315,251,64
448442,21,282,222,60
448442,22,282,222,60
448442,23,282,222,60
448442,24,41,34,7
448442,25,241,188,53
448442,39,3,2,1
448442,40,238,186,52
448442,41,87,71,16
448442,42,87,71,16
448442,43,87,71,16
448442,44,10,6,4
448442,45,77,65,12
448442,60,77,65,12
448451,1,439,380,59
448451,2,439,380,59
448451,3,439,380,59
448451,4,52,44,8
448451,5,387,336,51
448451,19,12,8,4
448451,20,375,328,47
448451,21,351,309,42
448451,22,351,309,42
448451,23,351,309,42
448451,24,48,42,6
448451,25,303,267,36
448451,39,11,7,4
448451,40,292,260,32
448451,41,88,71,17
448451,42,88,71,17
448451,43,88,71,17
448451,44,4,2,2
448451,45,84,69,15
448451,59,1,1,0
448451,60,83,68,15
448460,1,186,166,20
448460,2,186,166,20
448460,3,186,166,20
448460,4,35,30,5
448460,5,151,136,15
448460,20,151,136,15
448460,21,147,129,18
448460,22,147,129,18
448460,23,147,129,18
448460,24,32,27,5
448460,25,115,102,13
448460,40,115,102,13
448460,41,39,37,2
448460,42,39,37,2
448460,43,39,37,2
448460,44,3,3,0
448460,45,36,34,2
448460,60,36,34,2
448479,1,402,316,86
448479,2,402,316,86
448479,3,402,316,86
448479,4,81,63,18
448479,5,321,253,68
448479,19,14,12,2
448479,20,307,241,66
448479,21,270,220,50
448479,22,270,220,50
448479,23,270,220,50
448479,24,59,48,11
448479,25,211,172,39
448479,39,13,12,1
448479,40,198,160,38
448479,41,132,96,36
448479,42,132,96,36
448479,43,132,96,36
448479,44,22,15,7
448479,45,110,81,29
448479,59,1,0,1
448479,60,109,81,28
448488,1,242,180,62
448488,2,242,180,62
448488,3,242,180,62
448488,4,48,30,18
448488,5,194,150,44
448488,19,12,3,9
448488,20,182,147,35
448488,21,181,135,46
448488,22,181,135,46
448488,23,181,135,46
448488,24,44,28,16
448488,25,137,107,30
448488,39,6,1,5
448488,40,131,106,25
448488,41,61,45,16
448488,42,61,45,16
448488,43,61,45,16
448488,44,4,2,2
448488,45,57,43,14
448488,59,6,2,4
448488,60,51,41,10
448497,1,219,185,34
448497,2,219,185,34
448497,3,219,185,34
448497,4,39,32,7
448497,5,180,153,27
448497,19,5,4,1
448497,20,175,149,26
448497,21,172,144,28
448497,22,172,144,28
448497,23,172,144,28
448497,24,35,28,7
448497,25,137,116,21
448497,39,5,4,1
448497,40,132,112,20
448497,41,47,41,6
448497,42,47,41,6
448497,43,47,41,6
448497,44,4,4,0
448497,45,43,37,6
448497,60,43,37,6
448503,1,408,217,191
448503,2,408,217,191
448503,3,408,217,191
448503,4,40,24,16
448503,5,368,193,175
448503,19,12,0,12
448503,20,356,193,163
448503,21,253,138,115
448503,22,253,138,115
448503,23,253,138,115
448503,24,38,22,16
448503,25,215,116,99
448503,39,1,0,1
448503,40,214,116,98
448503,41,155,79,76
448503,42,155,79,76
448503,43,155,79,76
448503,44,2,2,0
448503,45,153,77,76
448503,59,11,0,11
448503,60,142,77,65
448512,1,519,271,248
448512,2,519,271,248
448512,3,519,271,248
448512,4,47,28,19
448512,5,472,243,229
448512,19,26,8,18
448512,20,446,235,211
448512,21,362,195,167
448512,22,362,195,167
448512,23,362,195,167
448512,24,40,24,16
448512,25,322,171,151
448512,39,17,7,10
448512,40,305,164,141
448512,41,157,76,81
448512,42,157,76,81
448512,43,157,76,81
448512,44,7,4,3
448512,45,150,72,78
448512,59,9,1,8
448512,60,141,71,70
448521,1,34,16,18
448521,2,27,10,17
448521,3,27,10,17
448521,5,27,10,17
448521,12,7,6,1
448521,20,27,10,17
448521,21,34,16,18
448521,22,27,10,17
448521,23,27,10,17
448521,25,27,10,17
448521,32,7,6,1
448521,40,27,10,17
448558,1,54,18,36
448558,2,54,18,36
448558,3,54,18,36
448558,5,54,18,36
448558,20,54,18,36
448558,21,54,18,36
448558,22,54,18,36
448558,23,54,18,36
448558,25,54,18,36
448558,40,54,18,36
448567,1,784,256,528
448567,2,718,233,485
448567,3,718,233,485
448567,4,28,8,20
448567,5,690,225,465
448567,12,66,23,43
448567,19,34,12,22
448567,20,656,213,443
448567,21,784,256,528
448567,22,718,233,485
448567,23,718,233,485
448567,24,28,8,20
448567,25,690,225,465
448567,32,66,23,43
448567,39,34,12,22
448567,40,656,213,443
448576,1,2307,1356,951
448576,2,2307,1356,951
448576,3,2307,1356,951
448576,4,518,329,189
448576,5,1789,1027,762
448576,19,200,122,78
448576,20,1589,905,684
448576,21,1422,825,597
448576,22,1422,825,597
448576,23,1422,825,597
448576,24,357,215,142
448576,25,1065,610,455
448576,39,104,56,48
448576,40,961,554,407
448576,41,885,531,354
448576,42,885,531,354
448576,43,885,531,354
448576,44,161,114,47
448576,45,724,417,307
448576,59,96,66,30
448576,60,628,351,277
448585,1,477,75,402
448585,2,477,75,402
448585,3,476,74,402
448585,4,27,11,16
448585,5,449,63,386
448585,11,1,1,0
448585,19,81,10,71
448585,20,368,53,315
448585,21,61,16,45
448585,22,61,16,45
448585,23,61,16,45
448585,24,3,3,0
448585,25,58,13,45
448585,39,5,2,3
448585,40,53,11,42
448585,41,416,59,357
448585,42,416,59,357
448585,43,415,58,357
448585,44,24,8,16
448585,45,391,50,341
448585,51,1,1,0
448585,59,76,8,68
448585,60,315,42,273
448594,1,4102,1551,2551
448594,2,4102,1551,2551
448594,3,3799,1446,2353
448594,4,819,371,448
448594,5,2980,1075,1905
448594,11,303,105,198
448594,19,604,206,398
448594,20,2376,869,1507
448594,21,1361,574,787
448594,22,1361,574,787
448594,23,1348,565,783
448594,24,394,173,221
448594,25,954,392,562
448594,31,13,9,4
448594,39,147,55,92
448594,40,807,337,470
448594,41,2741,977,1764
448594,42,2741,977,1764
448594,43,2451,881,1570
448594,44,425,198,227
448594,45,2026,683,1343
448594,51,290,96,194
448594,59,457,151,306
448594,60,1569,532,1037
448600,1,317,26,291
448600,2,317,26,291
448600,3,317,26,291
448600,4,37,4,33
448600,5,280,22,258
448600,19,34,2,32
448600,20,246,20,226
448600,21,173,18,155
448600,22,173,18,155
448600,23,173,18,155
448600,24,24,3,21
448600,25,149,15,134
448600,39,19,1,18
448600,40,130,14,116
448600,41,144,8,136
448600,42,144,8,136
448600,43,144,8,136
448600,44,13,1,12
448600,45,131,7,124
448600,59,15,1,14
448600,60,116,6,110
448619,1,312,32,280
448619,2,312,32,280
448619,3,312,32,280
448619,4,87,14,73
448619,5,225,18,207
448619,20,225,18,207
448619,21,210,25,185
448619,22,210,25,185
448619,23,210,25,185
448619,24,66,13,53
448619,25,144,12,132
448619,40,144,12,132
448619,41,102,7,95
448619,42,102,7,95
448619,43,102,7,95
448619,44,21,1,20
448619,45,81,6,75
448619,60,81,6,75
448628,1,348,199,149
448628,2,348,199,149
448628,3,348,199,149
448628,4,22,13,9
448628,5,326,186,140
448628,19,1,0,1
448628,20,325,186,139
448628,21,254,142,112
448628,22,254,142,112
448628,23,254,142,112
448628,24,18,11,7
448628,25,236,131,105
448628,40,236,131,105
448628,41,94,57,37
448628,42,94,57,37
448628,43,94,57,37
448628,44,4,2,2
448628,45,90,55,35
448628,59,1,0,1
448628,60,89,55,34
448646,1,70,8,62
448646,2,70,8,62
448646,3,70,8,62
448646,4,49,8,41
448646,5,21,0,21
448646,20,21,0,21
448646,21,70,8,62
448646,22,70,8,62
448646,23,70,8,62
448646,24,49,8,41
448646,25,21,0,21
448646,40,21,0,21
448664,1,425,268,157
448664,2,425,268,157
448664,3,425,268,157
448664,4,147,86,61
448664,5,278,182,96
448664,19,41,23,18
448664,20,237,159,78
448664,21,288,195,93
448664,22,288,195,93
448664,23,288,195,93
448664,24,111,68,43
448664,25,177,127,50
448664,39,32,21,11
448664,40,145,106,39
448664,41,137,73,64
448664,42,137,73,64
448664,43,137,73,64
448664,44,36,18,18
448664,45,101,55,46
448664,59,9,2,7
448664,60,92,53,39
448673,1,1851,365,1486
448673,2,1851,365,1486
448673,3,1791,358,1433
448673,4,85,18,67
448673,5,1706,340,1366
448673,11,60,7,53
448673,19,387,62,325
448673,20,1319,278,1041
448673,21,1010,195,815
448673,22,1010,195,815
448673,23,1010,195,815
448673,24,60,15,45
448673,25,950,180,770
448673,39,273,43,230
448673,40,677,137,540
448673,41,841,170,671
448673,42,841,170,671
448673,43,781,163,618
448673,44,25,3,22
448673,45,756,160,596
448673,51,60,7,53
448673,59,114,19,95
448673,60,642,141,501
448691,1,30,9,21
448691,12,30,9,21
448691,41,30,9,21
448691,52,30,9,21
448707,1,254,79,175
448707,2,254,79,175
448707,3,254,79,175
448707,4,199,70,129
448707,5,55,9,46
448707,20,55,9,46
448707,21,254,79,175
448707,22,254,79,175
448707,23,254,79,175
448707,24,199,70,129
448707,25,55,9,46
448707,40,55,9,46
448716,1,276,45,231
448716,2,276,45,231
448716,3,276,45,231
448716,4,200,34,166
448716,5,76,11,65
448716,20,76,11,65
448716,21,276,45,231
448716,22,276,45,231
448716,23,276,45,231
448716,24,200,34,166
448716,25,76,11,65
448716,40,76,11,65
448734,1,398,119,279
448734,2,154,57,97
448734,3,151,57,94
448734,4,19,9,10
448734,5,132,48,84
448734,11,3,0,3
448734,12,244,62,182
448734,19,28,10,18
448734,20,104,38,66
448734,21,106,29,77
448734,22,55,17,38
448734,23,55,17,38
448734,24,9,3,6
448734,25,46,14,32
448734,32,51,12,39
448734,39,9,2,7
448734,40,37,12,25
448734,41,292,90,202
448734,42,99,40,59
448734,43,96,40,56
448734,44,10,6,4
448734,45,86,34,52
448734,51,3,0,3
448734,52,193,50,143
448734,59,19,8,11
448734,60,67,26,41
448752,1,322,114,208
448752,2,322,114,208
448752,3,322,114,208
448752,4,32,11,21
448752,5,290,103,187
448752,19,27,9,18
448752,20,263,94,169
448752,21,322,114,208
448752,22,322,114,208
448752,23,322,114,208
448752,24,32,11,21
448752,25,290,103,187
448752,39,27,9,18
448752,40,263,94,169
448761,1,159,42,117
448761,2,159,42,117
448761,3,159,42,117
448761,4,26,5,21
448761,5,133,37,96
448761,20,133,37,96
448761,21,159,42,117
448761,22,159,42,117
448761,23,159,42,117
448761,24,26,5,21
448761,25,133,37,96
448761,40,133,37,96
448770,1,291,284,7
448770,2,291,284,7
448770,3,291,284,7
448770,4,42,41,1
448770,5,249,243,6
448770,20,249,243,6
448770,21,259,253,6
448770,22,259,253,6
448770,23,259,253,6
448770,24,39,38,1
448770,25,220,215,5
448770,40,220,215,5
448770,41,32,31,1
448770,42,32,31,1
448770,43,32,31,1
448770,44,3,3,0
448770,45,29,28,1
448770,60,29,28,1
448789,1,9,6,3
448789,2,9,6,3
448789,3,9,6,3
448789,5,9,6,3
448789,20,9,6,3
448789,21,9,6,3
448789,22,9,6,3
448789,23,9,6,3
448789,25,9,6,3
448789,40,9,6,3
448798,1,66,13,53
448798,2,66,13,53
448798,3,66,13,53
448798,4,32,6,26
448798,5,34,7,27
448798,20,34,7,27
448798,21,61,12,49
448798,22,61,12,49
448798,23,61,12,49
448798,24,31,6,25
448798,25,30,6,24
448798,40,30,6,24
448798,41,5,1,4
448798,42,5,1,4
448798,43,5,1,4
448798,44,1,0,1
448798,45,4,1,3
448798,60,4,1,3
448804,1,328,80,248
448804,2,328,80,248
448804,3,275,75,200
448804,5,275,75,200
448804,11,53,5,48
448804,19,75,18,57
448804,20,200,57,143
448804,21,67,21,46
448804,22,67,21,46
448804,23,61,20,41
448804,25,61,20,41
448804,31,6,1,5
448804,39,27,10,17
448804,40,34,10,24
448804,41,261,59,202
448804,42,261,59,202
448804,43,214,55,159
448804,45,214,55,159
448804,51,47,4,43
448804,59,48,8,40
448804,60,166,47,119
448822,1,20,8,12
448822,2,20,8,12
448822,3,20,8,12
448822,5,20,8,12
448822,20,20,8,12
448822,21,20,8,12
448822,22,20,8,12
448822,23,20,8,12
448822,25,20,8,12
448822,40,20,8,12
448831,1,60,21,39
448831,2,58,20,38
448831,3,58,20,38
448831,5,58,20,38
448831,12,2,1,1
448831,20,58,20,38
448831,21,60,21,39
448831,22,58,20,38
448831,23,58,20,38
448831,25,58,20,38
448831,32,2,1,1
448831,40,58,20,38
448840,1,4660,1802,2858
448840,2,4025,1570,2455
448840,3,3955,1540,2415
448840,4,528,165,363
448840,5,3427,1375,2052
448840,11,70,30,40
448840,12,635,232,403
448840,19,601,260,341
448840,20,2826,1115,1711
448840,21,2792,1084,1708
448840,22,2658,1028,1630
448840,23,2652,1025,1627
448840,24,518,162,356
448840,25,2134,863,1271
448840,31,6,3,3
448840,32,134,56,78
448840,39,368,154,214
448840,40,1766,709,1057
448840,41,1868,718,1150
448840,42,1367,542,825
448840,43,1303,515,788
448840,44,10,3,7
448840,45,1293,512,781
448840,51,64,27,37
448840,52,501,176,325
448840,59,233,106,127
448840,60,1060,406,654
448859,1,133,130,3
448859,2,133,130,3
448859,3,133,130,3
448859,4,61,59,2
448859,5,72,71,1
448859,19,12,12,0
448859,20,60,59,1
448859,21,133,130,3
448859,22,133,130,3
448859,23,133,130,3
448859,24,61,59,2
448859,25,72,71,1
448859,39,12,12,0
448859,40,60,59,1
448886,1,10400,3320,7080
448886,2,8564,2854,5710
448886,3,8555,2851,5704
448886,4,1080,306,774
448886,5,7475,2545,4930
448886,11,9,3,6
448886,12,1836,466,1370
448886,19,1221,454,767
448886,20,6254,2091,4163
448886,21,8918,2809,6109
448886,22,7577,2487,5090
448886,23,7575,2486,5089
448886,24,1069,300,769
448886,25,6506,2186,4320
448886,31,2,1,1
448886,32,1341,322,1019
448886,39,968,370,598
448886,40,5538,1816,3722
448886,41,1482,511,971
448886,42,987,367,620
448886,43,980,365,615
448886,44,11,6,5
448886,45,969,359,610
448886,51,7,2,5
448886,52,495,144,351
448886,59,253,84,169
448886,60,716,275,441
448895,1,488,60,428
448895,2,488,60,428
448895,3,488,60,428
448895,4,132,15,117
448895,5,356,45,311
448895,20,356,45,311
448895,21,488,60,428
448895,22,488,60,428
448895,23,488,60,428
448895,24,132,15,117
448895,25,356,45,311
448895,40,356,45,311
448974,1,378,44,334
448974,2,378,44,334
448974,3,378,44,334
448974,4,295,37,258
448974,5,83,7,76
448974,20,83,7,76
448974,21,254,28,226
448974,22,254,28,226
448974,23,254,28,226
448974,24,202,24,178
448974,25,52,4,48
448974,40,52,4,48
448974,41,124,16,108
448974,42,124,16,108
448974,43,124,16,108
448974,44,93,13,80
448974,45,31,3,28
448974,60,31,3,28
448983,1,441,90,351
448983,2,441,90,351
448983,3,441,90,351
448983,4,339,73,266
448983,5,102,17,85
448983,20,102,17,85
448983,21,323,65,258
448983,22,323,65,258
448983,23,323,65,258
448983,24,249,55,194
448983,25,74,10,64
448983,40,74,10,64
448983,41,118,25,93
448983,42,118,25,93
448983,43,118,25,93
448983,44,90,18,72
448983,45,28,7,21
448983,60,28,7,21
449010,1,991,517,474
449010,2,991,517,474
449010,3,991,517,474
449010,4,308,158,150
449010,5,683,359,324
449010,19,157,69,88
449010,20,526,290,236
449010,21,926,480,446
449010,22,926,480,446
449010,23,926,480,446
449010,24,293,148,145
449010,25,633,332,301
449010,39,149,66,83
449010,40,484,266,218
449010,41,65,37,28
449010,42,65,37,28
449010,43,65,37,28
449010,44,15,10,5
449010,45,50,27,23
449010,59,8,3,5
449010,60,42,24,18
449038,1,2973,1191,1782
449038,2,2005,839,1166
449038,3,2004,839,1165
449038,4,240,91,149
449038,5,1764,748,1016
449038,11,1,0,1
449038,12,968,352,616
449038,19,204,84,120
449038,20,1560,664,896
449038,21,511,294,217
449038,22,291,199,92
449038,23,290,199,91
449038,24,18,15,3
449038,25,272,184,88
449038,31,1,0,1
449038,32,220,95,125
449038,39,39,27,12
449038,40,233,157,76
449038,41,2462,897,1565
449038,42,1714,640,1074
449038,43,1714,640,1074
449038,44,222,76,146
449038,45,1492,564,928
449038,52,748,257,491
449038,59,165,57,108
449038,60,1327,507,820
449074,1,889,119,770
449074,2,889,119,770
449074,3,889,119,770
449074,4,296,39,257
449074,5,593,80,513
449074,20,593,80,513
449074,21,889,119,770
449074,22,889,119,770
449074,23,889,119,770
449074,24,296,39,257
449074,25,593,80,513
449074,40,593,80,513
449083,1,323,308,15
449083,2,323,308,15
449083,3,323,308,15
449083,4,93,88,5
449083,5,230,220,10
449083,20,230,220,10
449083,21,323,308,15
449083,22,323,308,15
449083,23,323,308,15
449083,24,93,88,5
449083,25,230,220,10
449083,40,230,220,10
449092,1,178,171,7
449092,2,178,171,7
449092,3,178,171,7
449092,4,47,40,7
449092,5,131,131,0
449092,19,1,1,0
449092,20,130,130,0
449092,21,178,171,7
449092,22,178,171,7
449092,23,178,171,7
449092,24,47,40,7
449092,25,131,131,0
449092,39,1,1,0
449092,40,130,130,0
449117,1,320,37,283
449117,2,320,37,283
449117,3,320,37,283
449117,4,46,7,39
449117,5,274,30,244
449117,19,92,6,86
449117,20,182,24,158
449117,21,221,29,192
449117,22,221,29,192
449117,23,221,29,192
449117,24,41,7,34
449117,25,180,22,158
449117,39,76,5,71
449117,40,104,17,87
449117,41,99,8,91
449117,42,99,8,91
449117,43,99,8,91
449117,44,5,0,5
449117,45,94,8,86
449117,59,16,1,15
449117,60,78,7,71
449126,1,222,30,192
449126,2,222,30,192
449126,3,222,30,192
449126,4,46,4,42
449126,5,176,26,150
449126,19,27,3,24
449126,20,149,23,126
449126,21,149,17,132
449126,22,149,17,132
449126,23,149,17,132
449126,24,34,1,33
449126,25,115,16,99
449126,39,18,2,16
449126,40,97,14,83
449126,41,73,13,60
449126,42,73,13,60
449126,43,73,13,60
449126,44,12,3,9
449126,45,61,10,51
449126,59,9,1,8
449126,60,52,9,43
449135,1,395,140,255
449135,2,395,140,255
449135,3,395,140,255
449135,4,177,58,119
449135,5,218,82,136
449135,20,218,82,136
449135,21,395,140,255
449135,22,395,140,255
449135,23,395,140,255
449135,24,177,58,119
449135,25,218,82,136
449135,40,218,82,136
449144,1,188,58,130
449144,2,188,58,130
449144,3,188,58,130
449144,4,87,33,54
449144,5,101,25,76
449144,20,101,25,76
449144,21,188,58,130
449144,22,188,58,130
449144,23,188,58,130
449144,24,87,33,54
449144,25,101,25,76
449144,40,101,25,76
449153,1,169,64,105
449153,2,169,64,105
449153,3,169,64,105
449153,4,73,26,47
449153,5,96,38,58
449153,20,96,38,58
449153,21,169,64,105
449153,22,169,64,105
449153,23,169,64,105
449153,24,73,26,47
449153,25,96,38,58
449153,40,96,38,58
449162,1,73,3,70
449162,2,73,3,70
449162,3,73,3,70
449162,4,33,1,32
449162,5,40,2,38
449162,20,40,2,38
449162,21,73,3,70
449162,22,73,3,70
449162,23,73,3,70
449162,24,33,1,32
449162,25,40,2,38
449162,40,40,2,38
449171,1,111,1,110
449171,2,111,1,110
449171,3,111,1,110
449171,4,34,1,33
449171,5,77,0,77
449171,20,77,0,77
449171,21,72,1,71
449171,22,72,1,71
449171,23,72,1,71
449171,24,26,1,25
449171,25,46,0,46
449171,40,46,0,46
449171,41,39,0,39
449171,42,39,0,39
449171,43,39,0,39
449171,44,8,0,8
449171,45,31,0,31
449171,60,31,0,31
449180,1,78,3,75
449180,2,78,3,75
449180,3,78,3,75
449180,4,17,0,17
449180,5,61,3,58
449180,20,61,3,58
449180,21,57,2,55
449180,22,57,2,55
449180,23,57,2,55
449180,24,11,0,11
449180,25,46,2,44
449180,40,46,2,44
449180,41,21,1,20
449180,42,21,1,20
449180,43,21,1,20
449180,44,6,0,6
449180,45,15,1,14
449180,60,15,1,14
449199,1,69,4,65
449199,2,69,4,65
449199,3,69,4,65
449199,4,28,1,27
449199,5,41,3,38
449199,20,41,3,38
449199,21,51,3,48
449199,22,51,3,48
449199,23,51,3,48
449199,24,22,1,21
449199,25,29,2,27
449199,40,29,2,27
449199,41,18,1,17
449199,42,18,1,17
449199,43,18,1,17
449199,44,6,0,6
449199,45,12,1,11
449199,60,12,1,11
449205,1,43,0,43
449205,2,43,0,43
449205,3,43,0,43
449205,4,18,0,18
449205,5,25,0,25
449205,20,25,0,25
449205,21,43,0,43
449205,22,43,0,43
449205,23,43,0,43
449205,24,18,0,18
449205,25,25,0,25
449205,40,25,0,25
449214,1,51,2,49
449214,2,51,2,49
449214,3,51,2,49
449214,4,24,0,24
449214,5,27,2,25
449214,20,27,2,25
449214,21,51,2,49
449214,22,51,2,49
449214,23,51,2,49
449214,24,24,0,24
449214,25,27,2,25
449214,40,27,2,25
449223,1,73,1,72
449223,2,73,1,72
449223,3,73,1,72
449223,4,25,0,25
449223,5,48,1,47
449223,20,48,1,47
449223,21,73,1,72
449223,22,73,1,72
449223,23,73,1,72
449223,24,25,0,25
449223,25,48,1,47
449223,40,48,1,47
449232,1,78,4,74
449232,2,78,4,74
449232,3,78,4,74
449232,4,24,1,23
449232,5,54,3,51
449232,20,54,3,51
449232,21,78,4,74
449232,22,78,4,74
449232,23,78,4,74
449232,24,24,1,23
449232,25,54,3,51
449232,40,54,3,51
449241,1,63,1,62
449241,2,63,1,62
449241,3,63,1,62
449241,4,16,0,16
449241,5,47,1,46
449241,20,47,1,46
449241,21,38,1,37
449241,22,38,1,37
449241,23,38,1,37
449241,24,13,0,13
449241,25,25,1,24
449241,40,25,1,24
449241,41,25,0,25
449241,42,25,0,25
449241,43,25,0,25
449241,44,3,0,3
449241,45,22,0,22
449241,60,22,0,22
449250,1,272,69,203
449250,2,272,69,203
449250,3,272,69,203
449250,4,254,65,189
449250,5,18,4,14
449250,20,18,4,14
449250,21,272,69,203
449250,22,272,69,203
449250,23,272,69,203
449250,24,254,65,189
449250,25,18,4,14
449250,40,18,4,14
449269,1,697,282,415
449269,2,697,282,415
449269,3,697,282,415
449269,4,120,51,69
449269,5,577,231,346
449269,20,577,231,346
449269,21,697,282,415
449269,22,697,282,415
449269,23,697,282,415
449269,24,120,51,69
449269,25,577,231,346
449269,40,577,231,346
449302,1,33,3,30
449302,2,33,3,30
449302,3,33,3,30
449302,4,4,1,3
449302,5,29,2,27
449302,19,5,0,5
449302,20,24,2,22
449302,21,26,3,23
449302,22,26,3,23
449302,23,26,3,23
449302,24,4,1,3
449302,25,22,2,20
449302,39,5,0,5
449302,40,17,2,15
449302,41,7,0,7
449302,42,7,0,7
449302,43,7,0,7
449302,45,7,0,7
449302,60,7,0,7
449311,1,176,3,173
449311,2,176,3,173
449311,3,176,3,173
449311,4,58,1,57
449311,5,118,2,116
449311,20,118,2,116
449311,21,119,3,116
449311,22,119,3,116
449311,23,119,3,116
449311,24,43,1,42
449311,25,76,2,74
449311,40,76,2,74
449311,41,57,0,57
449311,42,57,0,57
449311,43,57,0,57
449311,44,15,0,15
449311,45,42,0,42
449311,60,42,0,42
449320,1,748,739,9
449320,2,748,739,9
449320,3,748,739,9
449320,4,120,118,2
449320,5,628,621,7
449320,20,628,621,7
449320,21,748,739,9
449320,22,748,739,9
449320,23,748,739,9
449320,24,120,118,2
449320,25,628,621,7
449320,40,628,621,7
449339,1,55422,33356,22066
449339,2,43964,26433,17531
449339,3,42460,25445,17015
449339,4,6480,3159,3321
449339,5,35980,22286,13694
449339,11,1504,988,516
449339,12,11458,6923,4535
449339,19,4497,2626,1871
449339,20,31483,19660,11823
449339,21,3786,1775,2011
449339,22,3275,1505,1770
449339,23,3271,1503,1768
449339,24,387,126,261
449339,25,2884,1377,1507
449339,31,4,2,2
449339,32,511,270,241
449339,39,444,177,267
449339,40,2440,1200,1240
449339,41,51636,31581,20055
449339,42,40689,24928,15761
449339,43,39189,23942,15247
449339,44,6093,3033,3060
449339,45,33096,20909,12187
449339,51,1500,986,514
449339,52,10947,6653,4294
449339,59,4053,2449,1604
449339,60,29043,18460,10583
449348,1,45,21,24
449348,2,25,12,13
449348,3,25,12,13
449348,4,3,2,1
449348,5,22,10,12
449348,12,20,9,11
449348,19,20,10,10
449348,20,2,0,2
449348,21,18,12,6
449348,22,7,5,2
449348,23,7,5,2
449348,24,1,1,0
449348,25,6,4,2
449348,32,11,7,4
449348,39,4,4,0
449348,40,2,0,2
449348,41,27,9,18
449348,42,18,7,11
449348,43,18,7,11
449348,44,2,1,1
449348,45,16,6,10
449348,52,9,2,7
449348,59,16,6,10
449357,1,118,11,107
449357,2,118,11,107
449357,3,118,11,107
449357,4,32,5,27
449357,5,86,6,80
449357,20,86,6,80
449357,21,118,11,107
449357,22,118,11,107
449357,23,118,11,107
449357,24,32,5,27
449357,25,86,6,80
449357,40,86,6,80
449366,1,241,2,239
449366,2,241,2,239
449366,3,241,2,239
449366,4,171,2,169
449366,5,70,0,70
449366,20,70,0,70
449366,21,206,2,204
449366,22,206,2,204
449366,23,206,2,204
449366,24,141,2,139
449366,25,65,0,65
449366,40,65,0,65
449366,41,35,0,35
449366,42,35,0,35
449366,43,35,0,35
449366,44,30,0,30
449366,45,5,0,5
449366,60,5,0,5
449375,1,78,55,23
449375,2,78,55,23
449375,3,78,55,23
449375,4,32,23,9
449375,5,46,32,14
449375,20,46,32,14
449375,21,52,36,16
449375,22,52,36,16
449375,23,52,36,16
449375,24,20,13,7
449375,25,32,23,9
449375,40,32,23,9
449375,41,26,19,7
449375,42,26,19,7
449375,43,26,19,7
449375,44,12,10,2
449375,45,14,9,5
449375,60,14,9,5
449384,1,135,99,36
449384,2,135,99,36
449384,3,135,99,36
449384,4,3,1,2
449384,5,132,98,34
449384,20,132,98,34
449384,21,135,99,36
449384,22,135,99,36
449384,23,135,99,36
449384,24,3,1,2
449384,25,132,98,34
449384,40,132,98,34
449393,1,129,35,94
449393,2,129,35,94
449393,3,129,35,94
449393,4,61,14,47
449393,5,68,21,47
449393,20,68,21,47
449393,21,129,35,94
449393,22,129,35,94
449393,23,129,35,94
449393,24,61,14,47
449393,25,68,21,47
449393,40,68,21,47
449436,1,206,30,176
449436,2,206,30,176
449436,3,206,30,176
449436,4,166,23,143
449436,5,40,7,33
449436,20,40,7,33
449436,21,156,22,134
449436,22,156,22,134
449436,23,156,22,134
449436,24,129,19,110
449436,25,27,3,24
449436,40,27,3,24
449436,41,50,8,42
449436,42,50,8,42
449436,43,50,8,42
449436,44,37,4,33
449436,45,13,4,9
449436,60,13,4,9
449445,1,90,24,66
449445,2,90,24,66
449445,3,90,24,66
449445,4,64,16,48
449445,5,26,8,18
449445,20,26,8,18
449445,21,90,24,66
449445,22,90,24,66
449445,23,90,24,66
449445,24,64,16,48
449445,25,26,8,18
449445,40,26,8,18
449454,1,69,8,61
449454,2,69,8,61
449454,3,69,8,61
449454,4,10,0,10
449454,5,59,8,51
449454,20,59,8,51
449454,21,60,8,52
449454,22,60,8,52
449454,23,60,8,52
449454,24,9,0,9
449454,25,51,8,43
449454,40,51,8,43
449454,41,9,0,9
449454,42,9,0,9
449454,43,9,0,9
449454,44,1,0,1
449454,45,8,0,8
449454,60,8,0,8
449463,1,29,7,22
449463,2,29,7,22
449463,3,29,7,22
449463,4,20,2,18
449463,5,9,5,4
449463,20,9,5,4
449463,21,18,4,14
449463,22,18,4,14
449463,23,18,4,14
449463,24,14,0,14
449463,25,4,4,0
449463,40,4,4,0
449463,41,11,3,8
449463,42,11,3,8
449463,43,11,3,8
449463,44,6,2,4
449463,45,5,1,4
449463,60,5,1,4
449472,1,80,2,78
449472,2,80,2,78
449472,3,80,2,78
449472,4,28,1,27
449472,5,52,1,51
449472,20,52,1,51
449472,21,80,2,78
449472,22,80,2,78
449472,23,80,2,78
449472,24,28,1,27
449472,25,52,1,51
449472,40,52,1,51
449481,1,56,23,33
449481,12,56,23,33
449481,21,56,23,33
449481,32,56,23,33
449490,1,113,15,98
449490,2,113,15,98
449490,3,113,15,98
449490,4,55,6,49
449490,5,58,9,49
449490,20,58,9,49
449490,21,113,15,98
449490,22,113,15,98
449490,23,113,15,98
449490,24,55,6,49
449490,25,58,9,49
449490,40,58,9,49
449506,1,544,98,446
449506,2,544,98,446
449506,3,544,98,446
449506,4,94,23,71
449506,5,450,75,375
449506,20,450,75,375
449506,21,544,98,446
449506,22,544,98,446
449506,23,544,98,446
449506,24,94,23,71
449506,25,450,75,375
449506,40,450,75,375
449524,1,234,79,155
449524,2,234,79,155
449524,3,234,79,155
449524,4,26,6,20
449524,5,208,73,135
449524,19,60,23,37
449524,20,148,50,98
449524,21,234,79,155
449524,22,234,79,155
449524,23,234,79,155
449524,24,26,6,20
449524,25,208,73,135
449524,39,60,23,37
449524,40,148,50,98
449533,1,46,3,43
449533,2,46,3,43
449533,3,46,3,43
449533,4,18,0,18
449533,5,28,3,25
449533,20,28,3,25
449533,21,46,3,43
449533,22,46,3,43
449533,23,46,3,43
449533,24,18,0,18
449533,25,28,3,25
449533,40,28,3,25
449579,1,11,3,8
449579,12,11,3,8
449579,21,11,3,8
449579,32,11,3,8
449597,1,33,0,33
449597,2,33,0,33
449597,3,33,0,33
449597,4,19,0,19
449597,5,14,0,14
449597,20,14,0,14
449597,21,23,0,23
449597,22,23,0,23
449597,23,23,0,23
449597,24,12,0,12
449597,25,11,0,11
449597,40,11,0,11
449597,41,10,0,10
449597,42,10,0,10
449597,43,10,0,10
449597,44,7,0,7
449597,45,3,0,3
449597,60,3,0,3
449603,1,130,120,10
449603,2,130,120,10
449603,3,130,120,10
449603,4,92,87,5
449603,5,38,33,5
449603,20,38,33,5
449603,21,119,111,8
449603,22,119,111,8
449603,23,119,111,8
449603,24,86,82,4
449603,25,33,29,4
449603,40,33,29,4
449603,41,11,9,2
449603,42,11,9,2
449603,43,11,9,2
449603,44,6,5,1
449603,45,5,4,1
449603,60,5,4,1
449612,1,195,92,103
449612,2,195,92,103
449612,3,195,92,103
449612,4,33,16,17
449612,5,162,76,86
449612,19,16,9,7
449612,20,146,67,79
449612,21,195,92,103
449612,22,195,92,103
449612,23,195,92,103
449612,24,33,16,17
449612,25,162,76,86
449612,39,16,9,7
449612,40,146,67,79
449658,1,114,114,0
449658,2,114,114,0
449658,3,114,114,0
449658,4,29,29,0
449658,5,85,85,0
449658,19,3,3,0
449658,20,82,82,0
449658,21,113,113,0
449658,22,113,113,0
449658,23,113,113,0
449658,24,29,29,0
449658,25,84,84,0
449658,39,3,3,0
449658,40,81,81,0
449658,41,1,1,0
449658,42,1,1,0
449658,43,1,1,0
449658,45,1,1,0
449658,60,1,1,0
449667,1,66,9,57
449667,2,66,9,57
449667,3,66,9,57
449667,4,11,1,10
449667,5,55,8,47
449667,20,55,8,47
449667,21,66,9,57
449667,22,66,9,57
449667,23,66,9,57
449667,24,11,1,10
449667,25,55,8,47
449667,40,55,8,47
449676,1,119,53,66
449676,2,119,53,66
449676,3,119,53,66
449676,4,62,24,38
449676,5,57,29,28
449676,20,57,29,28
449676,41,119,53,66
449676,42,119,53,66
449676,43,119,53,66
449676,44,62,24,38
449676,45,57,29,28
449676,60,57,29,28
449685,1,124,13,111
449685,2,124,13,111
449685,3,124,13,111
449685,4,117,13,104
449685,5,7,0,7
449685,20,7,0,7
449685,21,124,13,111
449685,22,124,13,111
449685,23,124,13,111
449685,24,117,13,104
449685,25,7,0,7
449685,40,7,0,7
449700,1,505,110,395
449700,2,505,110,395
449700,3,505,110,395
449700,4,204,42,162
449700,5,301,68,233
449700,20,301,68,233
449700,21,505,110,395
449700,22,505,110,395
449700,23,505,110,395
449700,24,204,42,162
449700,25,301,68,233
449700,40,301,68,233
449719,1,202,20,182
449719,2,202,20,182
449719,3,202,20,182
449719,4,66,5,61
449719,5,136,15,121
449719,20,136,15,121
449719,21,202,20,182
449719,22,202,20,182
449719,23,202,20,182
449719,24,66,5,61
449719,25,136,15,121
449719,40,136,15,121
449728,1,65,3,62
449728,2,65,3,62
449728,3,65,3,62
449728,4,5,1,4
449728,5,60,2,58
449728,20,60,2,58
449728,21,65,3,62
449728,22,65,3,62
449728,23,65,3,62
449728,24,5,1,4
449728,25,60,2,58
449728,40,60,2,58
449746,1,59,35,24
449746,2,59,35,24
449746,3,59,35,24
449746,4,42,25,17
449746,5,17,10,7
449746,20,17,10,7
449746,21,59,35,24
449746,22,59,35,24
449746,23,59,35,24
449746,24,42,25,17
449746,25,17,10,7
449746,40,17,10,7
449764,1,118,82,36
449764,2,118,82,36
449764,3,118,82,36
449764,4,31,28,3
449764,5,87,54,33
449764,19,17,11,6
449764,20,70,43,27
449764,21,110,74,36
449764,22,110,74,36
449764,23,110,74,36
449764,24,31,28,3
449764,25,79,46,33
449764,39,17,11,6
449764,40,62,35,27
449764,41,8,8,0
449764,42,8,8,0
449764,43,8,8,0
449764,45,8,8,0
449764,60,8,8,0
449773,1,199,76,123
449773,2,199,76,123
449773,3,199,76,123
449773,4,115,46,69
449773,5,84,30,54
449773,20,84,30,54
449773,21,130,47,83
449773,22,130,47,83
449773,23,130,47,83
449773,24,78,25,53
449773,25,52,22,30
449773,40,52,22,30
449773,41,69,29,40
449773,42,69,29,40
449773,43,69,29,40
449773,44,37,21,16
449773,45,32,8,24
449773,60,32,8,24
449782,1,70,2,68
449782,2,70,2,68
449782,3,70,2,68
449782,4,57,2,55
449782,5,13,0,13
449782,20,13,0,13
449782,21,36,1,35
449782,22,36,1,35
449782,23,36,1,35
449782,24,28,1,27
449782,25,8,0,8
449782,40,8,0,8
449782,41,34,1,33
449782,42,34,1,33
449782,43,34,1,33
449782,44,29,1,28
449782,45,5,0,5
449782,60,5,0,5
449791,1,93,8,85
449791,2,93,8,85
449791,3,93,8,85
449791,4,41,6,35
449791,5,52,2,50
449791,20,52,2,50
449791,21,93,8,85
449791,22,93,8,85
449791,23,93,8,85
449791,24,41,6,35
449791,25,52,2,50
449791,40,52,2,50
449807,1,119,2,117
449807,2,119,2,117
449807,3,119,2,117
449807,4,53,0,53
449807,5,66,2,64
449807,20,66,2,64
449807,21,119,2,117
449807,22,119,2,117
449807,23,119,2,117
449807,24,53,0,53
449807,25,66,2,64
449807,40,66,2,64
449816,1,509,330,179
449816,2,509,330,179
449816,3,158,84,74
449816,4,63,33,30
449816,5,95,51,44
449816,11,351,246,105
449816,20,95,51,44
449816,21,34,28,6
449816,22,34,28,6
449816,23,34,28,6
449816,24,9,7,2
449816,25,25,21,4
449816,40,25,21,4
449816,41,475,302,173
449816,42,475,302,173
449816,43,124,56,68
449816,44,54,26,28
449816,45,70,30,40
449816,51,351,246,105
449816,60,70,30,40
449852,1,64,0,64
449852,2,64,0,64
449852,3,64,0,64
449852,4,38,0,38
449852,5,26,0,26
449852,20,26,0,26
449852,21,56,0,56
449852,22,56,0,56
449852,23,56,0,56
449852,24,34,0,34
449852,25,22,0,22
449852,40,22,0,22
449852,41,8,0,8
449852,42,8,0,8
449852,43,8,0,8
449852,44,4,0,4
449852,45,4,0,4
449852,60,4,0,4
449861,1,88,4,84
449861,2,88,4,84
449861,3,88,4,84
449861,4,46,3,43
449861,5,42,1,41
449861,19,42,1,41
449861,21,88,4,84
449861,22,88,4,84
449861,23,88,4,84
449861,24,46,3,43
449861,25,42,1,41
449861,39,42,1,41
449870,1,362,176,186
449870,2,142,62,80
449870,3,86,40,46
449870,4,21,11,10
449870,5,65,29,36
449870,11,56,22,34
449870,12,220,114,106
449870,19,13,5,8
449870,20,52,24,28
449870,21,305,150,155
449870,22,127,54,73
449870,23,71,32,39
449870,24,17,10,7
449870,25,54,22,32
449870,31,56,22,34
449870,32,178,96,82
449870,39,10,4,6
449870,40,44,18,26
449870,41,57,26,31
449870,42,15,8,7
449870,43,15,8,7
449870,44,4,1,3
449870,45,11,7,4
449870,52,42,18,24
449870,59,3,1,2
449870,60,8,6,2
449889,1,3021,965,2056
449889,12,3021,965,2056
449889,21,3021,965,2056
449889,32,3021,965,2056
449898,1,983,221,762
449898,2,654,154,500
449898,3,654,154,500
449898,4,43,16,27
449898,5,611,138,473
449898,12,329,67,262
449898,19,180,46,134
449898,20,431,92,339
449898,21,343,87,256
449898,22,296,75,221
449898,23,296,75,221
449898,24,12,8,4
449898,25,284,67,217
449898,32,47,12,35
449898,39,40,12,28
449898,40,244,55,189
449898,41,640,134,506
449898,42,358,79,279
449898,43,358,79,279
449898,44,31,8,23
449898,45,327,71,256
449898,52,282,55,227
449898,59,140,34,106
449898,60,187,37,150
449904,1,248,25,223
449904,2,248,25,223
449904,3,248,25,223
449904,4,81,9,72
449904,5,167,16,151
449904,20,167,16,151
449904,21,248,25,223
449904,22,248,25,223
449904,23,248,25,223
449904,24,81,9,72
449904,25,167,16,151
449904,40,167,16,151
449922,1,220,105,115
449922,12,220,105,115
449922,21,220,105,115
449922,32,220,105,115
449931,1,1221,495,726
449931,2,790,315,475
449931,3,790,315,475
449931,4,32,12,20
449931,5,758,303,455
449931,12,431,180,251
449931,19,84,31,53
449931,20,674,272,402
449931,21,382,131,251
449931,22,250,82,168
449931,23,250,82,168
449931,24,2,2,0
449931,25,248,80,168
449931,32,132,49,83
449931,39,19,3,16
449931,40,229,77,152
449931,41,839,364,475
449931,42,540,233,307
449931,43,540,233,307
449931,44,30,10,20
449931,45,510,223,287
449931,52,299,131,168
449931,59,65,28,37
449931,60,445,195,250
449959,1,194,17,177
449959,2,194,17,177
449959,3,194,17,177
449959,4,35,4,31
449959,5,159,13,146
449959,20,159,13,146
449959,21,115,8,107
449959,22,115,8,107
449959,23,115,8,107
449959,24,25,3,22
449959,25,90,5,85
449959,40,90,5,85
449959,41,79,9,70
449959,42,79,9,70
449959,43,79,9,70
449959,44,10,1,9
449959,45,69,8,61
449959,60,69,8,61
449968,1,301,26,275
449968,2,301,26,275
449968,3,301,26,275
449968,4,73,7,66
449968,5,228,19,209
449968,20,228,19,209
449968,21,211,13,198
449968,22,211,13,198
449968,23,211,13,198
449968,24,50,5,45
449968,25,161,8,153
449968,40,161,8,153
449968,41,90,13,77
449968,42,90,13,77
449968,43,90,13,77
449968,44,23,2,21
449968,45,67,11,56
449968,60,67,11,56
449977,1,237,12,225
449977,2,237,12,225
449977,3,237,12,225
449977,4,44,1,43
449977,5,193,11,182
449977,20,193,11,182
449977,21,174,8,166
449977,22,174,8,166
449977,23,174,8,166
449977,24,34,1,33
449977,25,140,7,133
449977,40,140,7,133
449977,41,63,4,59
449977,42,63,4,59
449977,43,63,4,59
449977,44,10,0,10
449977,45,53,4,49
449977,60,53,4,49
449986,1,280,24,256
449986,2,280,24,256
449986,3,280,24,256
449986,4,84,1,83
449986,5,196,23,173
449986,20,196,23,173
449986,21,200,16,184
449986,22,200,16,184
449986,23,200,16,184
449986,24,67,1,66
449986,25,133,15,118
449986,40,133,15,118
449986,41,80,8,72
449986,42,80,8,72
449986,43,80,8,72
449986,44,17,0,17
449986,45,63,8,55
449986,60,63,8,55
449995,1,181,16,165
449995,2,181,16,165
449995,3,181,16,165
449995,4,37,5,32
449995,5,144,11,133
449995,20,144,11,133
449995,21,134,12,122
449995,22,134,12,122
449995,23,134,12,122
449995,24,29,3,26
449995,25,105,9,96
449995,40,105,9,96
449995,41,47,4,43
449995,42,47,4,43
449995,43,47,4,43
449995,44,8,2,6
449995,45,39,2,37
449995,60,39,2,37
450003,1,277,74,203
450003,2,277,74,203
450003,3,277,74,203
450003,4,82,24,58
450003,5,195,50,145
450003,19,11,1,10
450003,20,184,49,135
450003,21,202,51,151
450003,22,202,51,151
450003,23,202,51,151
450003,24,65,19,46
450003,25,137,32,105
450003,39,9,0,9
450003,40,128,32,96
450003,41,75,23,52
450003,42,75,23,52
450003,43,75,23,52
450003,44,17,5,12
450003,45,58,18,40
450003,59,2,1,1
450003,60,56,17,39
450021,1,167,26,141
450021,2,167,26,141
450021,3,167,26,141
450021,4,149,24,125
450021,5,18,2,16
450021,20,18,2,16
450021,21,166,26,140
450021,22,166,26,140
450021,23,166,26,140
450021,24,149,24,125
450021,25,17,2,15
450021,40,17,2,15
450021,41,1,0,1
450021,42,1,0,1
450021,43,1,0,1
450021,45,1,0,1
450021,60,1,0,1
450049,1,466,257,209
450049,2,466,257,209
450049,3,466,257,209
450049,4,82,41,41
450049,5,384,216,168
450049,19,80,43,37
450049,20,304,173,131
450049,21,360,206,154
450049,22,360,206,154
450049,23,360,206,154
450049,24,69,35,34
450049,25,291,171,120
450049,39,59,34,25
450049,40,232,137,95
450049,41,106,51,55
450049,42,106,51,55
450049,43,106,51,55
450049,44,13,6,7
450049,45,93,45,48
450049,59,21,9,12
450049,60,72,36,36
450058,1,628,60,568
450058,2,628,60,568
450058,3,628,60,568
450058,4,36,9,27
450058,5,592,51,541
450058,19,191,11,180
450058,20,401,40,361
450058,21,628,60,568
450058,22,628,60,568
450058,23,628,60,568
450058,24,36,9,27
450058,25,592,51,541
450058,39,191,11,180
450058,40,401,40,361
450067,1,501,111,390
450067,2,501,111,390
450067,3,501,111,390
450067,4,94,27,67
450067,5,407,84,323
450067,19,60,10,50
450067,20,347,74,273
450067,21,501,111,390
450067,22,501,111,390
450067,23,501,111,390
450067,24,94,27,67
450067,25,407,84,323
450067,39,60,10,50
450067,40,347,74,273
450076,1,543,77,466
450076,2,543,77,466
450076,3,543,77,466
450076,4,142,17,125
450076,5,401,60,341
450076,20,401,60,341
450076,21,543,77,466
450076,22,543,77,466
450076,23,543,77,466
450076,24,142,17,125
450076,25,401,60,341
450076,40,401,60,341
450085,1,643,272,371
450085,2,643,272,371
450085,3,643,272,371
450085,4,175,69,106
450085,5,468,203,265
450085,19,90,34,56
450085,20,378,169,209
450085,21,565,239,326
450085,22,565,239,326
450085,23,565,239,326
450085,24,163,63,100
450085,25,402,176,226
450085,39,77,31,46
450085,40,325,145,180
450085,41,78,33,45
450085,42,78,33,45
450085,43,78,33,45
450085,44,12,6,6
450085,45,66,27,39
450085,59,13,3,10
450085,60,53,24,29
450094,1,1185,672,513
450094,2,1185,672,513
450094,3,1185,672,513
450094,4,255,147,108
450094,5,930,525,405
450094,19,158,80,78
450094,20,772,445,327
450094,21,626,358,268
450094,22,626,358,268
450094,23,626,358,268
450094,24,139,82,57
450094,25,487,276,211
450094,39,84,36,48
450094,40,403,240,163
450094,41,559,314,245
450094,42,559,314,245
450094,43,559,314,245
450094,44,116,65,51
450094,45,443,249,194
450094,59,74,44,30
450094,60,369,205,164
450119,1,181,44,137
450119,2,181,44,137
450119,3,181,44,137
450119,4,99,19,80
450119,5,82,25,57
450119,20,82,25,57
450119,21,107,27,80
450119,22,107,27,80
450119,23,107,27,80
450119,24,62,14,48
450119,25,45,13,32
450119,40,45,13,32
450119,41,74,17,57
450119,42,74,17,57
450119,43,74,17,57
450119,44,37,5,32
450119,45,37,12,25
450119,60,37,12,25
450128,1,231,24,207
450128,2,231,24,207
450128,3,231,24,207
450128,4,59,5,54
450128,5,172,19,153
450128,20,172,19,153
450128,21,169,14,155
450128,22,169,14,155
450128,23,169,14,155
450128,24,41,2,39
450128,25,128,12,116
450128,40,128,12,116
450128,41,62,10,52
450128,42,62,10,52
450128,43,62,10,52
450128,44,18,3,15
450128,45,44,7,37
450128,60,44,7,37
450146,1,80,8,72
450146,2,80,8,72
450146,3,80,8,72
450146,4,2,1,1
450146,5,78,7,71
450146,20,78,7,71
450146,21,77,8,69
450146,22,77,8,69
450146,23,77,8,69
450146,24,2,1,1
450146,25,75,7,68
450146,40,75,7,68
450146,41,3,0,3
450146,42,3,0,3
450146,43,3,0,3
450146,45,3,0,3
450146,60,3,0,3
450155,1,286,50,236
450155,2,286,50,236
450155,3,286,50,236
450155,4,142,27,115
450155,5,144,23,121
450155,20,144,23,121
450155,21,286,50,236
450155,22,286,50,236
450155,23,286,50,236
450155,24,142,27,115
450155,25,144,23,121
450155,40,144,23,121
450173,1,11170,913,10257
450173,2,11170,913,10257
450173,3,11170,913,10257
450173,4,3240,235,3005
450173,5,7930,678,7252
450173,19,231,20,211
450173,20,7699,658,7041
450173,21,11129,913,10216
450173,22,11129,913,10216
450173,23,11129,913,10216
450173,24,3240,235,3005
450173,25,7889,678,7211
450173,39,230,20,210
450173,40,7659,658,7001
450173,41,41,0,41
450173,42,41,0,41
450173,43,41,0,41
450173,45,41,0,41
450173,59,1,0,1
450173,60,40,0,40
450182,1,482,109,373
450182,2,482,109,373
450182,3,482,109,373
450182,4,114,22,92
450182,5,368,87,281
450182,20,368,87,281
450182,21,482,109,373
450182,22,482,109,373
450182,23,482,109,373
450182,24,114,22,92
450182,25,368,87,281
450182,40,368,87,281
450191,1,470,72,398
450191,2,470,72,398
450191,3,470,72,398
450191,4,234,38,196
450191,5,236,34,202
450191,20,236,34,202
450191,21,322,55,267
450191,22,322,55,267
450191,23,322,55,267
450191,24,182,31,151
450191,25,140,24,116
450191,40,140,24,116
450191,41,148,17,131
450191,42,148,17,131
450191,43,148,17,131
450191,44,52,7,45
450191,45,96,10,86
450191,60,96,10,86
450207,1,230,141,89
450207,2,230,141,89
450207,3,230,141,89
450207,4,26,18,8
450207,5,204,123,81
450207,19,5,2,3
450207,20,199,121,78
450207,21,163,107,56
450207,22,163,107,56
450207,23,163,107,56
450207,24,21,16,5
450207,25,142,91,51
450207,39,1,0,1
450207,40,141,91,50
450207,41,67,34,33
450207,42,67,34,33
450207,43,67,34,33
450207,44,5,2,3
450207,45,62,32,30
450207,59,4,2,2
450207,60,58,30,28
450216,1,656,458,198
450216,2,656,458,198
450216,3,656,458,198
450216,4,156,106,50
450216,5,500,352,148
450216,19,6,4,2
450216,20,494,348,146
450216,21,551,389,162
450216,22,551,389,162
450216,23,551,389,162
450216,24,140,94,46
450216,25,411,295,116
450216,39,6,4,2
450216,40,405,291,114
450216,41,105,69,36
450216,42,105,69,36
450216,43,105,69,36
450216,44,16,12,4
450216,45,89,57,32
450216,60,89,57,32
450225,1,357,264,93
450225,2,357,264,93
450225,3,357,264,93
450225,4,85,63,22
450225,5,272,201,71
450225,19,4,4,0
450225,20,268,197,71
450225,21,278,207,71
450225,22,278,207,71
450225,23,278,207,71
450225,24,72,54,18
450225,25,206,153,53
450225,39,3,3,0
450225,40,203,150,53
450225,41,79,57,22
450225,42,79,57,22
450225,43,79,57,22
450225,44,13,9,4
450225,45,66,48,18
450225,59,1,1,0
450225,60,65,47,18
450234,1,303,180,123
450234,2,303,180,123
450234,3,303,180,123
450234,4,31,28,3
450234,5,272,152,120
450234,19,12,5,7
450234,20,260,147,113
450234,21,206,129,77
450234,22,206,129,77
450234,23,206,129,77
450234,24,24,22,2
450234,25,182,107,75
450234,39,3,2,1
450234,40,179,105,74
450234,41,97,51,46
450234,42,97,51,46
450234,43,97,51,46
450234,44,7,6,1
450234,45,90,45,45
450234,59,9,3,6
450234,60,81,42,39
450243,1,483,383,100
450243,2,483,383,100
450243,3,483,383,100
450243,4,48,41,7
450243,5,435,342,93
450243,19,1,1,0
450243,20,434,341,93
450243,21,345,272,73
450243,22,345,272,73
450243,23,345,272,73
450243,24,43,37,6
450243,25,302,235,67
450243,39,1,1,0
450243,40,301,234,67
450243,41,138,111,27
450243,42,138,111,27
450243,43,138,111,27
450243,44,5,4,1
450243,45,133,107,26
450243,60,133,107,26
450252,1,690,437,253
450252,2,690,437,253
450252,3,690,437,253
450252,4,153,97,56
450252,5,537,340,197
450252,19,2,0,2
450252,20,535,340,195
450252,21,512,331,181
450252,22,512,331,181
450252,23,512,331,181
450252,24,134,87,47
450252,25,378,244,134
450252,39,2,0,2
450252,40,376,244,132
450252,41,178,106,72
450252,42,178,106,72
450252,43,178,106,72
450252,44,19,10,9
450252,45,159,96,63
450252,60,159,96,63
450261,1,206,162,44
450261,2,206,162,44
450261,3,206,162,44
450261,4,56,40,16
450261,5,150,122,28
450261,20,150,122,28
450261,21,158,124,34
450261,22,158,124,34
450261,23,158,124,34
450261,24,51,37,14
450261,25,107,87,20
450261,40,107,87,20
450261,41,48,38,10
450261,42,48,38,10
450261,43,48,38,10
450261,44,5,3,2
450261,45,43,35,8
450261,60,43,35,8
450270,1,330,166,164
450270,2,330,166,164
450270,3,330,166,164
450270,4,37,25,12
450270,5,293,141,152
450270,19,5,2,3
450270,20,288,139,149
450270,21,230,114,116
450270,22,230,114,116
450270,23,230,114,116
450270,24,35,23,12
450270,25,195,91,104
450270,39,4,2,2
450270,40,191,89,102
450270,41,100,52,48
450270,42,100,52,48
450270,43,100,52,48
450270,44,2,2,0
450270,45,98,50,48
450270,59,1,0,1
450270,60,97,50,47
450289,1,410,90,320
450289,2,410,90,320
450289,3,410,90,320
450289,4,215,55,160
450289,5,195,35,160
450289,20,195,35,160
450289,21,262,73,189
450289,22,262,73,189
450289,23,262,73,189
450289,24,161,46,115
450289,25,101,27,74
450289,40,101,27,74
450289,41,148,17,131
450289,42,148,17,131
450289,43,148,17,131
450289,44,54,9,45
450289,45,94,8,86
450289,60,94,8,86
450298,1,347,114,233
450298,2,255,90,165
450298,3,254,90,164
450298,4,37,10,27
450298,5,217,80,137
450298,11,1,0,1
450298,12,92,24,68
450298,19,17,8,9
450298,20,200,72,128
450298,21,22,12,10
450298,22,14,8,6
450298,23,14,8,6
450298,24,1,0,1
450298,25,13,8,5
450298,32,8,4,4
450298,39,2,2,0
450298,40,11,6,5
450298,41,325,102,223
450298,42,241,82,159
450298,43,240,82,158
450298,44,36,10,26
450298,45,204,72,132
450298,51,1,0,1
450298,52,84,20,64
450298,59,15,6,9
450298,60,189,66,123
450304,1,215,103,112
450304,12,215,103,112
450304,21,151,78,73
450304,32,151,78,73
450304,41,64,25,39
450304,52,64,25,39
450377,1,852,206,646
450377,2,390,113,277
450377,3,389,112,277
450377,4,64,19,45
450377,5,325,93,232
450377,11,1,1,0
450377,12,462,93,369
450377,19,65,23,42
450377,20,260,70,190
450377,21,61,33,28
450377,22,32,24,8
450377,23,32,24,8
450377,24,4,4,0
450377,25,28,20,8
450377,32,29,9,20
450377,39,4,4,0
450377,40,24,16,8
450377,41,791,173,618
450377,42,358,89,269
450377,43,357,88,269
450377,44,60,15,45
450377,45,297,73,224
450377,51,1,1,0
450377,52,433,84,349
450377,59,61,19,42
450377,60,236,54,182
450395,1,151,2,149
450395,2,151,2,149
450395,3,151,2,149
450395,4,15,0,15
450395,5,136,2,134
450395,20,136,2,134
450395,21,151,2,149
450395,22,151,2,149
450395,23,151,2,149
450395,24,15,0,15
450395,25,136,2,134
450395,40,136,2,134
450401,1,312,7,305
450401,2,312,7,305
450401,3,312,7,305
450401,4,107,3,104
450401,5,205,4,201
450401,20,205,4,201
450401,21,312,7,305
450401,22,312,7,305
450401,23,312,7,305
450401,24,107,3,104
450401,25,205,4,201
450401,40,205,4,201
450429,1,163,39,124
450429,2,163,39,124
450429,3,155,36,119
450429,4,17,7,10
450429,5,138,29,109
450429,11,8,3,5
450429,19,18,3,15
450429,20,120,26,94
450429,21,104,22,82
450429,22,104,22,82
450429,23,103,22,81
450429,24,16,7,9
450429,25,87,15,72
450429,31,1,0,1
450429,39,16,3,13
450429,40,71,12,59
450429,41,59,17,42
450429,42,59,17,42
450429,43,52,14,38
450429,44,1,0,1
450429,45,51,14,37
450429,51,7,3,4
450429,59,2,0,2
450429,60,49,14,35
450447,1,194,67,127
450447,2,194,67,127
450447,3,194,67,127
450447,4,22,13,9
450447,5,172,54,118
450447,19,13,5,8
450447,20,159,49,110
450447,21,136,49,87
450447,22,136,49,87
450447,23,136,49,87
450447,24,12,6,6
450447,25,124,43,81
450447,39,7,5,2
450447,40,117,38,79
450447,41,58,18,40
450447,42,58,18,40
450447,43,58,18,40
450447,44,10,7,3
450447,45,48,11,37
450447,59,6,0,6
450447,60,42,11,31
450456,1,301,66,235
450456,2,271,57,214
450456,3,271,57,214
450456,4,11,1,10
450456,5,260,56,204
450456,12,30,9,21
450456,19,19,7,12
450456,20,241,49,192
450456,21,301,66,235
450456,22,271,57,214
450456,23,271,57,214
450456,24,11,1,10
450456,25,260,56,204
450456,32,30,9,21
450456,39,19,7,12
450456,40,241,49,192
450465,1,356,170,186
450465,2,356,170,186
450465,3,356,170,186
450465,4,31,19,12
450465,5,325,151,174
450465,19,21,12,9
450465,20,304,139,165
450465,21,279,128,151
450465,22,279,128,151
450465,23,279,128,151
450465,24,15,8,7
450465,25,264,120,144
450465,39,13,7,6
450465,40,251,113,138
450465,41,77,42,35
450465,42,77,42,35
450465,43,77,42,35
450465,44,16,11,5
450465,45,61,31,30
450465,59,8,5,3
450465,60,53,26,27
450474,1,827,302,525
450474,2,735,275,460
450474,3,735,275,460
450474,4,29,8,21
450474,5,706,267,439
450474,12,92,27,65
450474,19,60,31,29
450474,20,646,236,410
450474,21,827,302,525
450474,22,735,275,460
450474,23,735,275,460
450474,24,29,8,21
450474,25,706,267,439
450474,32,92,27,65
450474,39,60,31,29
450474,40,646,236,410
450483,1,313,143,170
450483,2,303,135,168
450483,3,303,135,168
450483,4,18,5,13
450483,5,285,130,155
450483,12,10,8,2
450483,19,21,7,14
450483,20,264,123,141
450483,21,313,143,170
450483,22,303,135,168
450483,23,303,135,168
450483,24,18,5,13
450483,25,285,130,155
450483,32,10,8,2
450483,39,21,7,14
450483,40,264,123,141
450526,1,704,196,508
450526,2,388,113,275
450526,3,387,112,275
450526,4,46,19,27
450526,5,341,93,248
450526,11,1,1,0
450526,12,316,83,233
450526,19,68,20,48
450526,20,273,73,200
450526,21,136,45,91
450526,22,89,26,63
450526,23,89,26,63
450526,24,13,6,7
450526,25,76,20,56
450526,32,47,19,28
450526,39,17,4,13
450526,40,59,16,43
450526,41,568,151,417
450526,42,299,87,212
450526,43,298,86,212
450526,44,33,13,20
450526,45,265,73,192
450526,51,1,1,0
450526,52,269,64,205
450526,59,51,16,35
450526,60,214,57,157
450535,1,551,139,412
450535,2,207,66,141
450535,3,207,66,141
450535,4,25,5,20
450535,5,182,61,121
450535,12,344,73,271
450535,19,45,11,34
450535,20,137,50,87
450535,21,87,28,59
450535,22,63,20,43
450535,23,63,20,43
450535,24,7,0,7
450535,25,56,20,36
450535,32,24,8,16
450535,39,11,1,10
450535,40,45,19,26
450535,41,464,111,353
450535,42,144,46,98
450535,43,144,46,98
450535,44,18,5,13
450535,45,126,41,85
450535,52,320,65,255
450535,59,34,10,24
450535,60,92,31,61
450544,1,487,215,272
450544,2,270,131,139
450544,3,270,131,139
450544,4,25,12,13
450544,5,245,119,126
450544,12,217,84,133
450544,19,62,28,34
450544,20,183,91,92
450544,21,140,69,71
450544,22,77,44,33
450544,23,77,44,33
450544,24,4,2,2
450544,25,73,42,31
450544,32,63,25,38
450544,39,16,7,9
450544,40,57,35,22
450544,41,347,146,201
450544,42,193,87,106
450544,43,193,87,106
450544,44,21,10,11
450544,45,172,77,95
450544,52,154,59,95
450544,59,46,21,25
450544,60,126,56,70
450571,1,1506,275,1231
450571,2,1506,275,1231
450571,3,1491,275,1216
450571,4,68,20,48
450571,5,1423,255,1168
450571,11,15,0,15
450571,19,264,48,216
450571,20,1159,207,952
450571,21,834,148,686
450571,22,834,148,686
450571,23,834,148,686
450571,24,45,15,30
450571,25,789,133,656
450571,39,200,32,168
450571,40,589,101,488
450571,41,672,127,545
450571,42,672,127,545
450571,43,657,127,530
450571,44,23,5,18
450571,45,634,122,512
450571,51,15,0,15
450571,59,64,16,48
450571,60,570,106,464
450580,1,88,3,85
450580,2,88,3,85
450580,3,88,3,85
450580,4,27,1,26
450580,5,61,2,59
450580,20,61,2,59
450580,21,63,2,61
450580,22,63,2,61
450580,23,63,2,61
450580,24,18,0,18
450580,25,45,2,43
450580,40,45,2,43
450580,41,25,1,24
450580,42,25,1,24
450580,43,25,1,24
450580,44,9,1,8
450580,45,16,0,16
450580,60,16,0,16
450599,1,140,15,125
450599,2,140,15,125
450599,3,140,15,125
450599,4,55,10,45
450599,5,85,5,80
450599,20,85,5,80
450599,21,137,15,122
450599,22,137,15,122
450599,23,137,15,122
450599,24,55,10,45
450599,25,82,5,77
450599,40,82,5,77
450599,41,3,0,3
450599,42,3,0,3
450599,43,3,0,3
450599,45,3,0,3
450599,60,3,0,3
450605,1,127,5,122
450605,2,127,5,122
450605,3,127,5,122
450605,4,52,1,51
450605,5,75,4,71
450605,20,75,4,71
450605,21,94,5,89
450605,22,94,5,89
450605,23,94,5,89
450605,24,40,1,39
450605,25,54,4,50
450605,40,54,4,50
450605,41,33,0,33
450605,42,33,0,33
450605,43,33,0,33
450605,44,12,0,12
450605,45,21,0,21
450605,60,21,0,21
450614,1,123,9,114
450614,2,123,9,114
450614,3,123,9,114
450614,4,42,5,37
450614,5,81,4,77
450614,20,81,4,77
450614,21,98,7,91
450614,22,98,7,91
450614,23,98,7,91
450614,24,39,5,34
450614,25,59,2,57
450614,40,59,2,57
450614,41,25,2,23
450614,42,25,2,23
450614,43,25,2,23
450614,44,3,0,3
450614,45,22,2,20
450614,60,22,2,20
450623,1,168,4,164
450623,2,168,4,164
450623,3,168,4,164
450623,4,24,1,23
450623,5,144,3,141
450623,20,144,3,141
450623,21,80,1,79
450623,22,80,1,79
450623,23,80,1,79
450623,24,20,1,19
450623,25,60,0,60
450623,40,60,0,60
450623,41,88,3,85
450623,42,88,3,85
450623,43,88,3,85
450623,44,4,0,4
450623,45,84,3,81
450623,60,84,3,81
450632,1,154,35,119
450632,2,154,35,119
450632,3,154,35,119
450632,4,31,8,23
450632,5,123,27,96
450632,20,123,27,96
450632,41,154,35,119
450632,42,154,35,119
450632,43,154,35,119
450632,44,31,8,23
450632,45,123,27,96
450632,60,123,27,96
450641,1,119,7,112
450641,2,119,7,112
450641,3,119,7,112
450641,4,22,0,22
450641,5,97,7,90
450641,20,97,7,90
450641,21,93,4,89
450641,22,93,4,89
450641,23,93,4,89
450641,24,19,0,19
450641,25,74,4,70
450641,40,74,4,70
450641,41,26,3,23
450641,42,26,3,23
450641,43,26,3,23
450641,44,3,0,3
450641,45,23,3,20
450641,60,23,3,20
450650,1,225,19,206
450650,2,225,19,206
450650,3,225,19,206
450650,4,73,6,67
450650,5,152,13,139
450650,20,152,13,139
450650,21,84,6,78
450650,22,84,6,78
450650,23,84,6,78
450650,24,32,1,31
450650,25,52,5,47
450650,40,52,5,47
450650,41,141,13,128
450650,42,141,13,128
450650,43,141,13,128
450650,44,41,5,36
450650,45,100,8,92
450650,60,100,8,92
450669,1,33,16,17
450669,2,33,16,17
450669,3,33,16,17
450669,4,11,7,4
450669,5,22,9,13
450669,20,22,9,13
450669,21,33,16,17
450669,22,33,16,17
450669,23,33,16,17
450669,24,11,7,4
450669,25,22,9,13
450669,40,22,9,13
450678,1,101,17,84
450678,2,101,17,84
450678,3,101,17,84
450678,4,14,1,13
450678,5,87,16,71
450678,20,87,16,71
450678,21,101,17,84
450678,22,101,17,84
450678,23,101,17,84
450678,24,14,1,13
450678,25,87,16,71
450678,40,87,16,71
450696,1,465,66,399
450696,2,465,66,399
450696,3,465,66,399
450696,4,62,7,55
450696,5,403,59,344
450696,19,56,8,48
450696,20,347,51,296
450696,21,430,65,365
450696,22,430,65,365
450696,23,430,65,365
450696,24,62,7,55
450696,25,368,58,310
450696,39,53,8,45
450696,40,315,50,265
450696,41,35,1,34
450696,42,35,1,34
450696,43,35,1,34
450696,45,35,1,34
450696,59,3,0,3
450696,60,32,1,31
450702,1,451,69,382
450702,2,451,69,382
450702,3,451,69,382
450702,4,42,8,34
450702,5,409,61,348
450702,19,75,13,62
450702,20,334,48,286
450702,21,420,67,353
450702,22,420,67,353
450702,23,420,67,353
450702,24,42,8,34
450702,25,378,59,319
450702,39,65,13,52
450702,40,313,46,267
450702,41,31,2,29
450702,42,31,2,29
450702,43,31,2,29
450702,45,31,2,29
450702,59,10,0,10
450702,60,21,2,19
450720,1,142,10,132
450720,2,142,10,132
450720,3,142,10,132
450720,4,22,4,18
450720,5,120,6,114
450720,20,120,6,114
450720,21,89,5,84
450720,22,89,5,84
450720,23,89,5,84
450720,24,19,4,15
450720,25,70,1,69
450720,40,70,1,69
450720,41,53,5,48
450720,42,53,5,48
450720,43,53,5,48
450720,44,3,0,3
450720,45,50,5,45
450720,60,50,5,45
450739,1,172,9,163
450739,2,172,9,163
450739,3,172,9,163
450739,4,40,2,38
450739,5,132,7,125
450739,20,132,7,125
450739,21,90,6,84
450739,22,90,6,84
450739,23,90,6,84
450739,24,18,2,16
450739,25,72,4,68
450739,40,72,4,68
450739,41,82,3,79
450739,42,82,3,79
450739,43,82,3,79
450739,44,22,0,22
450739,45,60,3,57
450739,60,60,3,57
450757,1,104,4,100
450757,2,104,4,100
450757,3,104,4,100
450757,4,19,1,18
450757,5,85,3,82
450757,20,85,3,82
450757,21,83,4,79
450757,22,83,4,79
450757,23,83,4,79
450757,24,15,1,14
450757,25,68,3,65
450757,40,68,3,65
450757,41,21,0,21
450757,42,21,0,21
450757,43,21,0,21
450757,44,4,0,4
450757,45,17,0,17
450757,60,17,0,17
450766,1,215,84,131
450766,2,56,11,45
450766,3,56,11,45
450766,5,56,11,45
450766,12,159,73,86
450766,19,15,2,13
450766,20,41,9,32
450766,21,57,10,47
450766,22,43,7,36
450766,23,43,7,36
450766,25,43,7,36
450766,32,14,3,11
450766,39,11,0,11
450766,40,32,7,25
450766,41,158,74,84
450766,42,13,4,9
450766,43,13,4,9
450766,45,13,4,9
450766,52,145,70,75
450766,59,4,2,2
450766,60,9,2,7
450784,1,81,3,78
450784,2,81,3,78
450784,3,81,3,78
450784,4,21,0,21
450784,5,60,3,57
450784,20,60,3,57
450784,21,62,2,60
450784,22,62,2,60
450784,23,62,2,60
450784,24,15,0,15
450784,25,47,2,45
450784,40,47,2,45
450784,41,19,1,18
450784,42,19,1,18
450784,43,19,1,18
450784,44,6,0,6
450784,45,13,1,12
450784,60,13,1,12
450793,1,114,5,109
450793,2,114,5,109
450793,3,114,5,109
450793,4,41,2,39
450793,5,73,3,70
450793,20,73,3,70
450793,21,80,4,76
450793,22,80,4,76
450793,23,80,4,76
450793,24,30,2,28
450793,25,50,2,48
450793,40,50,2,48
450793,41,34,1,33
450793,42,34,1,33
450793,43,34,1,33
450793,44,11,0,11
450793,45,23,1,22
450793,60,23,1,22
450809,1,41,0,41
450809,2,41,0,41
450809,3,41,0,41
450809,4,21,0,21
450809,5,20,0,20
450809,20,20,0,20
450809,21,41,0,41
450809,22,41,0,41
450809,23,41,0,41
450809,24,21,0,21
450809,25,20,0,20
450809,40,20,0,20
450818,1,57,6,51
450818,2,57,6,51
450818,3,57,6,51
450818,4,18,3,15
450818,5,39,3,36
450818,20,39,3,36
450818,21,57,6,51
450818,22,57,6,51
450818,23,57,6,51
450818,24,18,3,15
450818,25,39,3,36
450818,40,39,3,36
450827,1,113,13,100
450827,2,113,13,100
450827,3,113,13,100
450827,4,40,3,37
450827,5,73,10,63
450827,20,73,10,63
450827,21,84,9,75
450827,22,84,9,75
450827,23,84,9,75
450827,24,32,3,29
450827,25,52,6,46
450827,40,52,6,46
450827,41,29,4,25
450827,42,29,4,25
450827,43,29,4,25
450827,44,8,0,8
450827,45,21,4,17
450827,60,21,4,17
450836,1,114,17,97
450836,2,114,17,97
450836,3,114,17,97
450836,4,42,8,34
450836,5,72,9,63
450836,20,72,9,63
450836,21,114,17,97
450836,22,114,17,97
450836,23,114,17,97
450836,24,42,8,34
450836,25,72,9,63
450836,40,72,9,63
450845,1,32,2,30
450845,2,32,2,30
450845,3,32,2,30
450845,4,7,0,7
450845,5,25,2,23
450845,20,25,2,23
450845,21,21,2,19
450845,22,21,2,19
450845,23,21,2,19
450845,24,5,0,5
450845,25,16,2,14
450845,40,16,2,14
450845,41,11,0,11
450845,42,11,0,11
450845,43,11,0,11
450845,44,2,0,2
450845,45,9,0,9
450845,60,9,0,9
450854,1,94,2,92
450854,2,94,2,92
450854,3,94,2,92
450854,4,34,0,34
450854,5,60,2,58
450854,20,60,2,58
450854,21,67,1,66
450854,22,67,1,66
450854,23,67,1,66
450854,24,24,0,24
450854,25,43,1,42
450854,40,43,1,42
450854,41,27,1,26
450854,42,27,1,26
450854,43,27,1,26
450854,44,10,0,10
450854,45,17,1,16
450854,60,17,1,16
450863,1,46,1,45
450863,2,46,1,45
450863,3,46,1,45
450863,4,18,1,17
450863,5,28,0,28
450863,20,28,0,28
450863,21,46,1,45
450863,22,46,1,45
450863,23,46,1,45
450863,24,18,1,17
450863,25,28,0,28
450863,40,28,0,28
450872,1,84,2,82
450872,2,84,2,82
450872,3,84,2,82
450872,4,24,1,23
450872,5,60,1,59
450872,20,60,1,59
450872,21,59,2,57
450872,22,59,2,57
450872,23,59,2,57
450872,24,18,1,17
450872,25,41,1,40
450872,40,41,1,40
450872,41,25,0,25
450872,42,25,0,25
450872,43,25,0,25
450872,44,6,0,6
450872,45,19,0,19
450872,60,19,0,19
450881,1,57,3,54
450881,2,57,3,54
450881,3,57,3,54
450881,4,16,0,16
450881,5,41,3,38
450881,20,41,3,38
450881,21,57,3,54
450881,22,57,3,54
450881,23,57,3,54
450881,24,16,0,16
450881,25,41,3,38
450881,40,41,3,38
450933,1,20185,12248,7937
450933,2,14853,9278,5575
450933,3,14685,9161,5524
450933,4,704,401,303
450933,5,13981,8760,5221
450933,11,168,117,51
450933,12,5332,2970,2362
450933,19,2292,1438,854
450933,20,11689,7322,4367
450933,21,12365,6685,5680
450933,22,7033,3715,3318
450933,23,7031,3713,3318
450933,24,451,213,238
450933,25,6580,3500,3080
450933,31,2,2,0
450933,32,5332,2970,2362
450933,39,1169,613,556
450933,40,5411,2887,2524
450933,41,7820,5563,2257
450933,42,7820,5563,2257
450933,43,7654,5448,2206
450933,44,253,188,65
450933,45,7401,5260,2141
450933,51,166,115,51
450933,59,1123,825,298
450933,60,6278,4435,1843
450942,1,953,455,498
450942,12,953,455,498
450942,21,627,304,323
450942,32,627,304,323
450942,41,326,151,175
450942,52,326,151,175
450951,1,136,75,61
450951,2,136,75,61
450951,3,136,75,61
450951,4,24,11,13
450951,5,112,64,48
450951,20,112,64,48
450951,21,136,75,61
450951,22,136,75,61
450951,23,136,75,61
450951,24,24,11,13
450951,25,112,64,48
450951,40,112,64,48
450960,1,181,19,162
450960,2,181,19,162
450960,3,181,19,162
450960,4,173,17,156
450960,5,8,2,6
450960,20,8,2,6
450960,21,181,19,162
450960,22,181,19,162
450960,23,181,19,162
450960,24,173,17,156
450960,25,8,2,6
450960,40,8,2,6
450979,1,7093,4656,2437
450979,2,3996,2708,1288
450979,3,3790,2571,1219
450979,4,74,47,27
450979,5,3716,2524,1192
450979,11,206,137,69
450979,12,3097,1948,1149
450979,19,764,495,269
450979,20,2952,2029,923
450979,21,5560,3524,2036
450979,22,2463,1576,887
450979,23,2451,1572,879
450979,24,66,40,26
450979,25,2385,1532,853
450979,31,12,4,8
450979,32,3097,1948,1149
450979,39,525,306,219
450979,40,1860,1226,634
450979,41,1533,1132,401
450979,42,1533,1132,401
450979,43,1339,999,340
450979,44,8,7,1
450979,45,1331,992,339
450979,51,194,133,61
450979,59,239,189,50
450979,60,1092,803,289
450988,1,197,44,153
450988,2,197,44,153
450988,3,197,44,153
450988,4,110,31,79
450988,5,87,13,74
450988,20,87,13,74
450988,21,106,35,71
450988,22,106,35,71
450988,23,106,35,71
450988,24,69,26,43
450988,25,37,9,28
450988,40,37,9,28
450988,41,91,9,82
450988,42,91,9,82
450988,43,91,9,82
450988,44,41,5,36
450988,45,50,4,46
450988,60,50,4,46
451006,1,146,27,119
451006,2,146,27,119
451006,3,146,27,119
451006,4,34,5,29
451006,5,112,22,90
451006,20,112,22,90
451006,21,106,18,88
451006,22,106,18,88
451006,23,106,18,88
451006,24,23,4,19
451006,25,83,14,69
451006,40,83,14,69
451006,41,40,9,31
451006,42,40,9,31
451006,43,40,9,31
451006,44,11,1,10
451006,45,29,8,21
451006,60,29,8,21
451015,1,278,56,222
451015,2,278,56,222
451015,3,278,56,222
451015,4,255,50,205
451015,5,23,6,17
451015,20,23,6,17
451015,21,278,56,222
451015,22,278,56,222
451015,23,278,56,222
451015,24,255,50,205
451015,25,23,6,17
451015,40,23,6,17
451033,1,22,0,22
451033,2,22,0,22
451033,3,22,0,22
451033,5,22,0,22
451033,20,22,0,22
451033,41,22,0,22
451033,42,22,0,22
451033,43,22,0,22
451033,45,22,0,22
451033,60,22,0,22
451042,1,64,12,52
451042,2,64,12,52
451042,3,64,12,52
451042,4,53,12,41
451042,5,11,0,11
451042,20,11,0,11
451042,21,20,2,18
451042,22,20,2,18
451042,23,20,2,18
451042,24,15,2,13
451042,25,5,0,5
451042,40,5,0,5
451042,41,44,10,34
451042,42,44,10,34
451042,43,44,10,34
451042,44,38,10,28
451042,45,6,0,6
451042,60,6,0,6
451051,1,68,4,64
451051,2,68,4,64
451051,3,68,4,64
451051,4,23,1,22
451051,5,45,3,42
451051,20,45,3,42
451051,21,16,0,16
451051,22,16,0,16
451051,23,16,0,16
451051,24,6,0,6
451051,25,10,0,10
451051,40,10,0,10
451051,41,52,4,48
451051,42,52,4,48
451051,43,52,4,48
451051,44,17,1,16
451051,45,35,3,32
451051,60,35,3,32
451060,1,300,194,106
451060,2,270,174,96
451060,3,265,170,95
451060,4,47,28,19
451060,5,218,142,76
451060,11,5,4,1
451060,12,30,20,10
451060,19,23,10,13
451060,20,195,132,63
451060,21,222,137,85
451060,22,203,126,77
451060,23,202,125,77
451060,24,43,25,18
451060,25,159,100,59
451060,31,1,1,0
451060,32,19,11,8
451060,39,22,10,12
451060,40,137,90,47
451060,41,78,57,21
451060,42,67,48,19
451060,43,63,45,18
451060,44,4,3,1
451060,45,59,42,17
451060,51,4,3,1
451060,52,11,9,2
451060,59,1,0,1
451060,60,58,42,16
451079,1,77,18,59
451079,12,77,18,59
451079,21,77,18,59
451079,32,77,18,59
451097,1,152,32,120
451097,2,152,32,120
451097,3,152,32,120
451097,4,46,11,35
451097,5,106,21,85
451097,20,106,21,85
451097,21,47,14,33
451097,22,47,14,33
451097,23,47,14,33
451097,24,27,4,23
451097,25,20,10,10
451097,40,20,10,10
451097,41,105,18,87
451097,42,105,18,87
451097,43,105,18,87
451097,44,19,7,12
451097,45,86,11,75
451097,60,86,11,75
451103,1,822,235,587
451103,2,822,235,587
451103,3,507,141,366
451103,4,172,53,119
451103,5,335,88,247
451103,11,315,94,221
451103,20,335,88,247
451103,21,822,235,587
451103,22,822,235,587
451103,23,507,141,366
451103,24,172,53,119
451103,25,335,88,247
451103,31,315,94,221
451103,40,335,88,247
451121,1,119,12,107
451121,2,119,12,107
451121,3,119,12,107
451121,4,1,1,0
451121,5,118,11,107
451121,20,118,11,107
451121,21,62,7,55
451121,22,62,7,55
451121,23,62,7,55
451121,25,62,7,55
451121,40,62,7,55
451121,41,57,5,52
451121,42,57,5,52
451121,43,57,5,52
451121,44,1,1,0
451121,45,56,4,52
451121,60,56,4,52
451130,1,213,127,86
451130,12,213,127,86
451130,21,210,125,85
451130,32,210,125,85
451130,41,3,2,1
451130,52,3,2,1
451149,1,619,46,573
451149,2,619,46,573
451149,3,619,46,573
451149,4,253,15,238
451149,5,366,31,335
451149,20,366,31,335
451149,21,619,46,573
451149,22,619,46,573
451149,23,619,46,573
451149,24,253,15,238
451149,25,366,31,335
451149,40,366,31,335
451158,1,666,34,632
451158,2,666,34,632
451158,3,666,34,632
451158,4,297,19,278
451158,5,369,15,354
451158,20,369,15,354
451158,21,666,34,632
451158,22,666,34,632
451158,23,666,34,632
451158,24,297,19,278
451158,25,369,15,354
451158,40,369,15,354
451167,1,103,65,38
451167,2,103,65,38
451167,3,103,65,38
451167,4,42,25,17
451167,5,61,40,21
451167,20,61,40,21
451167,21,84,52,32
451167,22,84,52,32
451167,23,84,52,32
451167,24,34,20,14
451167,25,50,32,18
451167,40,50,32,18
451167,41,19,13,6
451167,42,19,13,6
451167,43,19,13,6
451167,44,8,5,3
451167,45,11,8,3
451167,60,11,8,3
451194,1,26,4,22
451194,2,26,4,22
451194,3,26,4,22
451194,4,10,1,9
451194,5,16,3,13
451194,20,16,3,13
451194,21,26,4,22
451194,22,26,4,22
451194,23,26,4,22
451194,24,10,1,9
451194,25,16,3,13
451194,40,16,3,13
451219,1,17,9,8
451219,2,17,9,8
451219,3,17,9,8
451219,4,5,4,1
451219,5,12,5,7
451219,20,12,5,7
451219,21,8,3,5
451219,22,8,3,5
451219,23,8,3,5
451219,24,2,1,1
451219,25,6,2,4
451219,40,6,2,4
451219,41,9,6,3
451219,42,9,6,3
451219,43,9,6,3
451219,44,3,3,0
451219,45,6,3,3
451219,60,6,3,3
451228,1,208,184,24
451228,2,208,184,24
451228,3,208,184,24
451228,4,72,69,3
451228,5,136,115,21
451228,20,136,115,21
451228,21,208,184,24
451228,22,208,184,24
451228,23,208,184,24
451228,24,72,69,3
451228,25,136,115,21
451228,40,136,115,21
451237,1,59,3,56
451237,2,59,3,56
451237,3,59,3,56
451237,4,29,2,27
451237,5,30,1,29
451237,20,30,1,29
451237,21,59,3,56
451237,22,59,3,56
451237,23,59,3,56
451237,24,29,2,27
451237,25,30,1,29
451237,40,30,1,29
451255,1,25,0,25
451255,2,25,0,25
451255,3,25,0,25
451255,4,16,0,16
451255,5,9,0,9
451255,20,9,0,9
451255,21,19,0,19
451255,22,19,0,19
451255,23,19,0,19
451255,24,13,0,13
451255,25,6,0,6
451255,40,6,0,6
451255,41,6,0,6
451255,42,6,0,6
451255,43,6,0,6
451255,44,3,0,3
451255,45,3,0,3
451255,60,3,0,3
451264,1,177,42,135
451264,2,177,42,135
451264,3,177,42,135
451264,4,13,3,10
451264,5,164,39,125
451264,20,164,39,125
451264,21,177,42,135
451264,22,177,42,135
451264,23,177,42,135
451264,24,13,3,10
451264,25,164,39,125
451264,40,164,39,125
451282,1,193,7,186
451282,2,193,7,186
451282,3,193,7,186
451282,4,33,0,33
451282,5,160,7,153
451282,20,160,7,153
451282,21,125,5,120
451282,22,125,5,120
451282,23,125,5,120
451282,24,21,0,21
451282,25,104,5,99
451282,40,104,5,99
451282,41,68,2,66
451282,42,68,2,66
451282,43,68,2,66
451282,44,12,0,12
451282,45,56,2,54
451282,60,56,2,54
451291,1,22,3,19
451291,2,22,3,19
451291,3,22,3,19
451291,4,8,3,5
451291,5,14,0,14
451291,20,14,0,14
451291,41,22,3,19
451291,42,22,3,19
451291,43,22,3,19
451291,44,8,3,5
451291,45,14,0,14
451291,60,14,0,14
451307,1,61,1,60
451307,2,61,1,60
451307,3,61,1,60
451307,4,17,0,17
451307,5,44,1,43
451307,20,44,1,43
451307,21,47,1,46
451307,22,47,1,46
451307,23,47,1,46
451307,24,8,0,8
451307,25,39,1,38
451307,40,39,1,38
451307,41,14,0,14
451307,42,14,0,14
451307,43,14,0,14
451307,44,9,0,9
451307,45,5,0,5
451307,60,5,0,5
451316,1,72,0,72
451316,2,72,0,72
451316,3,72,0,72
451316,4,15,0,15
451316,5,57,0,57
451316,20,57,0,57
451316,21,72,0,72
451316,22,72,0,72
451316,23,72,0,72
451316,24,15,0,15
451316,25,57,0,57
451316,40,57,0,57
451334,1,96,20,76
451334,2,96,20,76
451334,3,96,20,76
451334,4,22,6,16
451334,5,74,14,60
451334,20,74,14,60
451334,21,86,19,67
451334,22,86,19,67
451334,23,86,19,67
451334,24,21,6,15
451334,25,65,13,52
451334,40,65,13,52
451334,41,10,1,9
451334,42,10,1,9
451334,43,10,1,9
451334,44,1,0,1
451334,45,9,1,8
451334,60,9,1,8
451343,1,160,9,151
451343,2,160,9,151
451343,3,160,9,151
451343,4,5,0,5
451343,5,155,9,146
451343,20,155,9,146
451343,21,112,5,107
451343,22,112,5,107
451343,23,112,5,107
451343,24,5,0,5
451343,25,107,5,102
451343,40,107,5,102
451343,41,48,4,44
451343,42,48,4,44
451343,43,48,4,44
451343,45,48,4,44
451343,60,48,4,44
451352,1,345,49,296
451352,2,345,49,296
451352,3,345,49,296
451352,4,86,12,74
451352,5,259,37,222
451352,20,259,37,222
451352,21,213,27,186
451352,22,213,27,186
451352,23,213,27,186
451352,24,65,9,56
451352,25,148,18,130
451352,40,148,18,130
451352,41,132,22,110
451352,42,132,22,110
451352,43,132,22,110
451352,44,21,3,18
451352,45,111,19,92
451352,60,111,19,92
451361,1,22,5,17
451361,2,22,5,17
451361,3,22,5,17
451361,4,17,4,13
451361,5,5,1,4
451361,20,5,1,4
451361,21,17,5,12
451361,22,17,5,12
451361,23,17,5,12
451361,24,14,4,10
451361,25,3,1,2
451361,40,3,1,2
451361,41,5,0,5
451361,42,5,0,5
451361,43,5,0,5
451361,44,3,0,3
451361,45,2,0,2
451361,60,2,0,2
451370,1,61,61,0
451370,2,61,61,0
451370,3,61,61,0
451370,4,8,8,0
451370,5,53,53,0
451370,19,11,11,0
451370,20,42,42,0
451370,21,61,61,0
451370,22,61,61,0
451370,23,61,61,0
451370,24,8,8,0
451370,25,53,53,0
451370,39,11,11,0
451370,40,42,42,0
451398,1,182,182,0
451398,2,182,182,0
451398,3,182,182,0
451398,4,54,54,0
451398,5,128,128,0
451398,19,18,18,0
451398,20,110,110,0
451398,21,182,182,0
451398,22,182,182,0
451398,23,182,182,0
451398,24,54,54,0
451398,25,128,128,0
451398,39,18,18,0
451398,40,110,110,0
451404,1,307,307,0
451404,2,307,307,0
451404,3,307,307,0
451404,4,68,68,0
451404,5,239,239,0
451404,19,78,78,0
451404,20,161,161,0
451404,21,307,307,0
451404,22,307,307,0
451404,23,307,307,0
451404,24,68,68,0
451404,25,239,239,0
451404,39,78,78,0
451404,40,161,161,0
451413,1,155,87,68
451413,2,155,87,68
451413,3,155,87,68
451413,4,8,5,3
451413,5,147,82,65
451413,20,147,82,65
451413,21,155,87,68
451413,22,155,87,68
451413,23,155,87,68
451413,24,8,5,3
451413,25,147,82,65
451413,40,147,82,65
451422,1,110,19,91
451422,2,110,19,91
451422,3,110,19,91
451422,5,110,19,91
451422,20,110,19,91
451422,21,110,19,91
451422,22,110,19,91
451422,23,110,19,91
451422,25,110,19,91
451422,40,110,19,91
451440,1,359,72,287
451440,2,359,72,287
451440,3,359,72,287
451440,4,149,33,116
451440,5,210,39,171
451440,20,210,39,171
451440,21,359,72,287
451440,22,359,72,287
451440,23,359,72,287
451440,24,149,33,116
451440,25,210,39,171
451440,40,210,39,171
451459,1,108,45,63
451459,2,108,45,63
451459,3,108,45,63
451459,4,39,21,18
451459,5,69,24,45
451459,20,69,24,45
451459,21,108,45,63
451459,22,108,45,63
451459,23,108,45,63
451459,24,39,21,18
451459,25,69,24,45
451459,40,69,24,45
451468,1,212,9,203
451468,2,212,9,203
451468,3,212,9,203
451468,4,14,1,13
451468,5,198,8,190
451468,20,198,8,190
451468,21,212,9,203
451468,22,212,9,203
451468,23,212,9,203
451468,24,14,1,13
451468,25,198,8,190
451468,40,198,8,190
451477,1,292,252,40
451477,2,292,252,40
451477,3,292,252,40
451477,4,156,136,20
451477,5,136,116,20
451477,20,136,116,20
451477,21,292,252,40
451477,22,292,252,40
451477,23,292,252,40
451477,24,156,136,20
451477,25,136,116,20
451477,40,136,116,20
451495,1,47,6,41
451495,2,47,6,41
451495,3,47,6,41
451495,4,22,1,21
451495,5,25,5,20
451495,20,25,5,20
451495,21,30,5,25
451495,22,30,5,25
451495,23,30,5,25
451495,24,6,1,5
451495,25,24,4,20
451495,40,24,4,20
451495,41,17,1,16
451495,42,17,1,16
451495,43,17,1,16
451495,44,16,0,16
451495,45,1,1,0
451495,60,1,1,0
451501,1,125,53,72
451501,2,125,53,72
451501,3,125,53,72
451501,4,45,27,18
451501,5,80,26,54
451501,20,80,26,54
451501,21,125,53,72
451501,22,125,53,72
451501,23,125,53,72
451501,24,45,27,18
451501,25,80,26,54
451501,40,80,26,54
451510,1,542,303,239
451510,12,542,303,239
451510,21,427,230,197
451510,32,427,230,197
451510,41,115,73,42
451510,52,115,73,42
451529,1,51,0,51
451529,2,51,0,51
451529,3,51,0,51
451529,4,35,0,35
451529,5,16,0,16
451529,20,16,0,16
451529,21,16,0,16
451529,22,16,0,16
451529,23,16,0,16
451529,24,9,0,9
451529,25,7,0,7
451529,40,7,0,7
451529,41,35,0,35
451529,42,35,0,35
451529,43,35,0,35
451529,44,26,0,26
451529,45,9,0,9
451529,60,9,0,9
451538,1,120,107,13
451538,2,120,107,13
451538,3,120,107,13
451538,4,105,95,10
451538,5,15,12,3
451538,20,15,12,3
451538,21,120,107,13
451538,22,120,107,13
451538,23,120,107,13
451538,24,105,95,10
451538,25,15,12,3
451538,40,15,12,3
451547,1,25,1,24
451547,2,25,1,24
451547,3,25,1,24
451547,4,22,1,21
451547,5,3,0,3
451547,20,3,0,3
451547,21,25,1,24
451547,22,25,1,24
451547,23,25,1,24
451547,24,22,1,21
451547,25,3,0,3
451547,40,3,0,3
451556,1,1296,559,737
451556,2,1296,559,737
451556,3,1296,559,737
451556,4,434,219,215
451556,5,862,340,522
451556,19,590,229,361
451556,20,272,111,161
451556,21,1296,559,737
451556,22,1296,559,737
451556,23,1296,559,737
451556,24,434,219,215
451556,25,862,340,522
451556,39,590,229,361
451556,40,272,111,161
451565,1,171,7,164
451565,2,171,7,164
451565,3,171,7,164
451565,4,31,1,30
451565,5,140,6,134
451565,20,140,6,134
451565,21,122,4,118
451565,22,122,4,118
451565,23,122,4,118
451565,24,25,1,24
451565,25,97,3,94
451565,40,97,3,94
451565,41,49,3,46
451565,42,49,3,46
451565,43,49,3,46
451565,44,6,0,6
451565,45,43,3,40
451565,60,43,3,40
451574,1,179,10,169
451574,2,179,10,169
451574,3,179,10,169
451574,4,96,6,90
451574,5,83,4,79
451574,20,83,4,79
451574,21,179,10,169
451574,22,179,10,169
451574,23,179,10,169
451574,24,96,6,90
451574,25,83,4,79
451574,40,83,4,79
451583,1,165,94,71
451583,2,165,94,71
451583,3,143,83,60
451583,4,63,39,24
451583,5,80,44,36
451583,11,22,11,11
451583,20,80,44,36
451583,21,73,29,44
451583,22,73,29,44
451583,23,64,29,35
451583,24,27,9,18
451583,25,37,20,17
451583,31,9,0,9
451583,40,37,20,17
451583,41,92,65,27
451583,42,92,65,27
451583,43,79,54,25
451583,44,36,30,6
451583,45,43,24,19
451583,51,13,11,2
451583,60,43,24,19
451592,1,7,0,7
451592,2,7,0,7
451592,3,7,0,7
451592,5,7,0,7
451592,20,7,0,7
451592,21,3,0,3
451592,22,3,0,3
451592,23,3,0,3
451592,25,3,0,3
451592,40,3,0,3
451592,41,4,0,4
451592,42,4,0,4
451592,43,4,0,4
451592,45,4,0,4
451592,60,4,0,4
451617,1,37,2,35
451617,2,37,2,35
451617,3,37,2,35
451617,4,10,0,10
451617,5,27,2,25
451617,20,27,2,25
451617,21,34,2,32
451617,22,34,2,32
451617,23,34,2,32
451617,24,9,0,9
451617,25,25,2,23
451617,40,25,2,23
451617,41,3,0,3
451617,42,3,0,3
451617,43,3,0,3
451617,44,1,0,1
451617,45,2,0,2
451617,60,2,0,2
451626,1,93,14,79
451626,2,93,14,79
451626,3,93,14,79
451626,4,32,6,26
451626,5,61,8,53
451626,20,61,8,53
451626,21,80,14,66
451626,22,80,14,66
451626,23,80,14,66
451626,24,32,6,26
451626,25,48,8,40
451626,40,48,8,40
451626,41,13,0,13
451626,42,13,0,13
451626,43,13,0,13
451626,45,13,0,13
451626,60,13,0,13
451635,1,25,3,22
451635,2,25,3,22
451635,3,25,3,22
451635,4,12,0,12
451635,5,13,3,10
451635,20,13,3,10
451635,21,25,3,22
451635,22,25,3,22
451635,23,25,3,22
451635,24,12,0,12
451635,25,13,3,10
451635,40,13,3,10
451644,1,8,1,7
451644,2,8,1,7
451644,3,8,1,7
451644,4,3,0,3
451644,5,5,1,4
451644,20,5,1,4
451644,21,8,1,7
451644,22,8,1,7
451644,23,8,1,7
451644,24,3,0,3
451644,25,5,1,4
451644,40,5,1,4
451653,1,30,1,29
451653,2,30,1,29
451653,3,30,1,29
451653,4,19,1,18
451653,5,11,0,11
451653,20,11,0,11
451653,21,30,1,29
451653,22,30,1,29
451653,23,30,1,29
451653,24,19,1,18
451653,25,11,0,11
451653,40,11,0,11
451662,1,10906,4232,6674
451662,2,10906,4232,6674
451662,3,10896,4228,6668
451662,4,1339,626,713
451662,5,9557,3602,5955
451662,11,10,4,6
451662,19,1161,428,733
451662,20,8396,3174,5222
451662,21,556,225,331
451662,22,556,225,331
451662,23,556,225,331
451662,24,36,13,23
451662,25,520,212,308
451662,39,54,18,36
451662,40,466,194,272
451662,41,10350,4007,6343
451662,42,10350,4007,6343
451662,43,10340,4003,6337
451662,44,1303,613,690
451662,45,9037,3390,5647
451662,51,10,4,6
451662,59,1107,410,697
451662,60,7930,2980,4950
451671,1,1877,758,1119
451671,2,1728,706,1022
451671,3,1671,676,995
451671,4,83,38,45
451671,5,1588,638,950
451671,11,57,30,27
451671,12,149,52,97
451671,19,402,167,235
451671,20,1186,471,715
451671,21,875,360,515
451671,22,837,341,496
451671,23,825,339,486
451671,24,80,37,43
451671,25,745,302,443
451671,31,12,2,10
451671,32,38,19,19
451671,39,244,106,138
451671,40,501,196,305
451671,41,1002,398,604
451671,42,891,365,526
451671,43,846,337,509
451671,44,3,1,2
451671,45,843,336,507
451671,51,45,28,17
451671,52,111,33,78
451671,59,158,61,97
451671,60,685,275,410
451699,1,899,207,692
451699,2,899,207,692
451699,3,899,207,692
451699,4,114,27,87
451699,5,785,180,605
451699,19,166,35,131
451699,20,619,145,474
451699,21,899,207,692
451699,22,899,207,692
451699,23,899,207,692
451699,24,114,27,87
451699,25,785,180,605
451699,39,166,35,131
451699,40,619,145,474
451705,1,75,26,49
451705,2,75,26,49
451705,3,75,26,49
451705,4,13,4,9
451705,5,62,22,40
451705,19,9,2,7
451705,20,53,20,33
451705,21,75,26,49
451705,22,75,26,49
451705,23,75,26,49
451705,24,13,4,9
451705,25,62,22,40
451705,39,9,2,7
451705,40,53,20,33
451714,1,257,17,240
451714,2,257,17,240
451714,3,257,17,240
451714,4,62,2,60
451714,5,195,15,180
451714,20,195,15,180
451714,21,257,17,240
451714,22,257,17,240
451714,23,257,17,240
451714,24,62,2,60
451714,25,195,15,180
451714,40,195,15,180
451741,1,631,206,425
451741,2,631,206,425
451741,3,631,206,425
451741,4,121,56,65
451741,5,510,150,360
451741,19,162,48,114
451741,20,348,102,246
451741,21,552,176,376
451741,22,552,176,376
451741,23,552,176,376
451741,24,121,56,65
451741,25,431,120,311
451741,39,136,40,96
451741,40,295,80,215
451741,41,79,30,49
451741,42,79,30,49
451741,43,79,30,49
451741,45,79,30,49
451741,59,26,8,18
451741,60,53,22,31
451750,1,760,80,680
451750,2,760,80,680
451750,3,760,80,680
451750,4,48,6,42
451750,5,712,74,638
451750,19,153,19,134
451750,20,559,55,504
451750,21,449,50,399
451750,22,449,50,399
451750,23,449,50,399
451750,24,46,6,40
451750,25,403,44,359
451750,39,123,17,106
451750,40,280,27,253
451750,41,311,30,281
451750,42,311,30,281
451750,43,311,30,281
451750,44,2,0,2
451750,45,309,30,279
451750,59,30,2,28
451750,60,279,28,251
451769,1,395,104,291
451769,2,395,104,291
451769,3,384,103,281
451769,4,21,4,17
451769,5,363,99,264
451769,11,11,1,10
451769,19,56,14,42
451769,20,307,85,222
451769,21,258,76,182
451769,22,258,76,182
451769,23,257,76,181
451769,24,21,4,17
451769,25,236,72,164
451769,31,1,0,1
451769,39,50,14,36
451769,40,186,58,128
451769,41,137,28,109
451769,42,137,28,109
451769,43,127,27,100
451769,45,127,27,100
451769,51,10,1,9
451769,59,6,0,6
451769,60,121,27,94
451796,1,1003,486,517
451796,2,1003,486,517
451796,3,995,481,514
451796,4,294,157,137
451796,5,701,324,377
451796,11,8,5,3
451796,19,128,53,75
451796,20,573,271,302
451796,21,697,352,345
451796,22,697,352,345
451796,23,696,351,345
451796,24,247,132,115
451796,25,449,219,230
451796,31,1,1,0
451796,39,88,36,52
451796,40,361,183,178
451796,41,306,134,172
451796,42,306,134,172
451796,43,299,130,169
451796,44,47,25,22
451796,45,252,105,147
451796,51,7,4,3
451796,59,40,17,23
451796,60,212,88,124
451802,1,18,1,17
451802,2,18,1,17
451802,3,18,1,17
451802,4,9,0,9
451802,5,9,1,8
451802,20,9,1,8
451802,21,18,1,17
451802,22,18,1,17
451802,23,18,1,17
451802,24,9,0,9
451802,25,9,1,8
451802,40,9,1,8
451811,1,38,3,35
451811,2,38,3,35
451811,3,38,3,35
451811,4,10,2,8
451811,5,28,1,27
451811,20,28,1,27
451811,21,11,1,10
451811,22,11,1,10
451811,23,11,1,10
451811,24,1,1,0
451811,25,10,0,10
451811,40,10,0,10
451811,41,27,2,25
451811,42,27,2,25
451811,43,27,2,25
451811,44,9,1,8
451811,45,18,1,17
451811,60,18,1,17
451820,1,1413,818,595
451820,2,1413,818,595
451820,3,1413,818,595
451820,4,213,125,88
451820,5,1200,693,507
451820,19,249,142,107
451820,20,951,551,400
451820,21,1071,627,444
451820,22,1071,627,444
451820,23,1071,627,444
451820,24,174,97,77
451820,25,897,530,367
451820,39,198,115,83
451820,40,699,415,284
451820,41,342,191,151
451820,42,342,191,151
451820,43,342,191,151
451820,44,39,28,11
451820,45,303,163,140
451820,59,51,27,24
451820,60,252,136,116
451848,1,570,309,261
451848,2,570,309,261
451848,3,570,309,261
451848,4,96,43,53
451848,5,474,266,208
451848,19,56,30,26
451848,20,418,236,182
451848,21,338,176,162
451848,22,338,176,162
451848,23,338,176,162
451848,24,72,33,39
451848,25,266,143,123
451848,39,39,19,20
451848,40,227,124,103
451848,41,232,133,99
451848,42,232,133,99
451848,43,232,133,99
451848,44,24,10,14
451848,45,208,123,85
451848,59,17,11,6
451848,60,191,112,79
451857,1,252,26,226
451857,2,252,26,226
451857,3,252,26,226
451857,4,78,8,70
451857,5,174,18,156
451857,19,2,0,2
451857,20,172,18,154
451857,21,252,26,226
451857,22,252,26,226
451857,23,252,26,226
451857,24,78,8,70
451857,25,174,18,156
451857,39,2,0,2
451857,40,172,18,154
451866,1,318,72,246
451866,2,318,72,246
451866,3,318,72,246
451866,4,108,19,89
451866,5,210,53,157
451866,19,1,0,1
451866,20,209,53,156
451866,21,318,72,246
451866,22,318,72,246
451866,23,318,72,246
451866,24,108,19,89
451866,25,210,53,157
451866,39,1,0,1
451866,40,209,53,156
451875,1,254,73,181
451875,2,254,73,181
451875,3,254,73,181
451875,4,16,6,10
451875,5,238,67,171
451875,19,43,11,32
451875,20,195,56,139
451875,21,24,14,10
451875,22,24,14,10
451875,23,24,14,10
451875,24,1,1,0
451875,25,23,13,10
451875,39,1,0,1
451875,40,22,13,9
451875,41,230,59,171
451875,42,230,59,171
451875,43,230,59,171
451875,44,15,5,10
451875,45,215,54,161
451875,59,42,11,31
451875,60,173,43,130
451884,1,375,94,281
451884,2,375,94,281
451884,3,375,94,281
451884,4,38,13,25
451884,5,337,81,256
451884,19,79,25,54
451884,20,258,56,202
451884,21,19,7,12
451884,22,19,7,12
451884,23,19,7,12
451884,25,19,7,12
451884,39,2,1,1
451884,40,17,6,11
451884,41,356,87,269
451884,42,356,87,269
451884,43,356,87,269
451884,44,38,13,25
451884,45,318,74,244
451884,59,77,24,53
451884,60,241,50,191
451909,1,487,41,446
451909,2,487,41,446
451909,3,487,41,446
451909,4,96,7,89
451909,5,391,34,357
451909,19,21,1,20
451909,20,370,33,337
451909,21,487,41,446
451909,22,487,41,446
451909,23,487,41,446
451909,24,96,7,89
451909,25,391,34,357
451909,39,21,1,20
451909,40,370,33,337
451918,1,142,7,135
451918,2,142,7,135
451918,3,142,7,135
451918,4,36,2,34
451918,5,106,5,101
451918,20,106,5,101
451918,21,116,6,110
451918,22,116,6,110
451918,23,116,6,110
451918,24,25,1,24
451918,25,91,5,86
451918,40,91,5,86
451918,41,26,1,25
451918,42,26,1,25
451918,43,26,1,25
451918,44,11,1,10
451918,45,15,0,15
451918,60,15,0,15
451936,1,282,230,52
451936,2,282,230,52
451936,3,282,230,52
451936,4,43,34,9
451936,5,239,196,43
451936,19,7,4,3
451936,20,232,192,40
451936,21,232,186,46
451936,22,232,186,46
451936,23,232,186,46
451936,24,38,30,8
451936,25,194,156,38
451936,39,7,4,3
451936,40,187,152,35
451936,41,50,44,6
451936,42,50,44,6
451936,43,50,44,6
451936,44,5,4,1
451936,45,45,40,5
451936,60,45,40,5
451945,1,372,208,164
451945,2,372,208,164
451945,3,372,208,164
451945,4,54,36,18
451945,5,318,172,146
451945,19,7,1,6
451945,20,311,171,140
451945,21,267,160,107
451945,22,267,160,107
451945,23,267,160,107
451945,24,46,31,15
451945,25,221,129,92
451945,39,5,1,4
451945,40,216,128,88
451945,41,105,48,57
451945,42,105,48,57
451945,43,105,48,57
451945,44,8,5,3
451945,45,97,43,54
451945,59,2,0,2
451945,60,95,43,52
451954,1,208,172,36
451954,2,208,172,36
451954,3,208,172,36
451954,4,46,35,11
451954,5,162,137,25
451954,19,7,6,1
451954,20,155,131,24
451954,21,154,124,30
451954,22,154,124,30
451954,23,154,124,30
451954,24,41,30,11
451954,25,113,94,19
451954,39,6,5,1
451954,40,107,89,18
451954,41,54,48,6
451954,42,54,48,6
451954,43,54,48,6
451954,44,5,5,0
451954,45,49,43,6
451954,59,1,1,0
451954,60,48,42,6
451963,1,345,262,83
451963,2,345,262,83
451963,3,345,262,83
451963,4,66,50,16
451963,5,279,212,67
451963,19,9,6,3
451963,20,270,206,64
451963,21,283,214,69
451963,22,283,214,69
451963,23,283,214,69
451963,24,59,45,14
451963,25,224,169,55
451963,39,7,5,2
451963,40,217,164,53
451963,41,62,48,14
451963,42,62,48,14
451963,43,62,48,14
451963,44,7,5,2
451963,45,55,43,12
451963,59,2,1,1
451963,60,53,42,11
451972,1,247,173,74
451972,2,247,173,74
451972,3,247,173,74
451972,4,31,20,11
451972,5,216,153,63
451972,19,1,1,0
451972,20,215,152,63
451972,21,171,120,51
451972,22,171,120,51
451972,23,171,120,51
451972,24,29,18,11
451972,25,142,102,40
451972,39,1,1,0
451972,40,141,101,40
451972,41,76,53,23
451972,42,76,53,23
451972,43,76,53,23
451972,44,2,2,0
451972,45,74,51,23
451972,60,74,51,23
451981,1,178,137,41
451981,2,178,137,41
451981,3,178,137,41
451981,4,46,37,9
451981,5,132,100,32
451981,19,4,2,2
451981,20,128,98,30
451981,21,130,100,30
451981,22,130,100,30
451981,23,130,100,30
451981,24,39,32,7
451981,25,91,68,23
451981,39,2,0,2
451981,40,89,68,21
451981,41,48,37,11
451981,42,48,37,11
451981,43,48,37,11
451981,44,7,5,2
451981,45,41,32,9
451981,59,2,2,0
451981,60,39,30,9
451990,1,451,231,220
451990,2,451,231,220
451990,3,451,231,220
451990,4,77,49,28
451990,5,374,182,192
451990,19,4,2,2
451990,20,370,180,190
451990,21,318,178,140
451990,22,318,178,140
451990,23,318,178,140
451990,24,63,42,21
451990,25,255,136,119
451990,39,2,2,0
451990,40,253,134,119
451990,41,133,53,80
451990,42,133,53,80
451990,43,133,53,80
451990,44,14,7,7
451990,45,119,46,73
451990,59,2,0,2
451990,60,117,46,71
452009,1,45,1,44
452009,2,45,1,44
452009,3,45,1,44
452009,4,6,0,6
452009,5,39,1,38
452009,20,39,1,38
452009,21,45,1,44
452009,22,45,1,44
452009,23,45,1,44
452009,24,6,0,6
452009,25,39,1,38
452009,40,39,1,38
452018,1,495,251,244
452018,2,495,251,244
452018,3,495,251,244
452018,4,145,84,61
452018,5,350,167,183
452018,19,54,21,33
452018,20,296,146,150
452018,21,365,194,171
452018,22,365,194,171
452018,23,365,194,171
452018,24,111,67,44
452018,25,254,127,127
452018,39,45,18,27
452018,40,209,109,100
452018,41,130,57,73
452018,42,130,57,73
452018,43,130,57,73
452018,44,34,17,17
452018,45,96,40,56
452018,59,9,3,6
452018,60,87,37,50
452027,1,781,379,402
452027,2,781,379,402
452027,3,781,379,402
452027,4,187,93,94
452027,5,594,286,308
452027,19,142,73,69
452027,20,452,213,239
452027,21,513,250,263
452027,22,513,250,263
452027,23,513,250,263
452027,24,119,58,61
452027,25,394,192,202
452027,39,76,40,36
452027,40,318,152,166
452027,41,268,129,139
452027,42,268,129,139
452027,43,268,129,139
452027,44,68,35,33
452027,45,200,94,106
452027,59,66,33,33
452027,60,134,61,73
452036,1,375,193,182
452036,2,375,193,182
452036,3,375,193,182
452036,4,78,42,36
452036,5,297,151,146
452036,20,297,151,146
452036,21,375,193,182
452036,22,375,193,182
452036,23,375,193,182
452036,24,78,42,36
452036,25,297,151,146
452036,40,297,151,146
452045,1,439,218,221
452045,2,439,218,221
452045,3,439,218,221
452045,4,91,33,58
452045,5,348,185,163
452045,20,348,185,163
452045,21,439,218,221
452045,22,439,218,221
452045,23,439,218,221
452045,24,91,33,58
452045,25,348,185,163
452045,40,348,185,163
452054,1,488,247,241
452054,2,488,247,241
452054,3,488,247,241
452054,4,90,48,42
452054,5,398,199,199
452054,19,43,24,19
452054,20,355,175,180
452054,21,488,247,241
452054,22,488,247,241
452054,23,488,247,241
452054,24,90,48,42
452054,25,398,199,199
452054,39,43,24,19
452054,40,355,175,180
452063,1,892,471,421
452063,2,892,471,421
452063,3,892,471,421
452063,4,141,65,76
452063,5,751,406,345
452063,19,51,19,32
452063,20,700,387,313
452063,21,892,471,421
452063,22,892,471,421
452063,23,892,471,421
452063,24,141,65,76
452063,25,751,406,345
452063,39,51,19,32
452063,40,700,387,313
452072,1,116,8,108
452072,2,116,8,108
452072,3,116,8,108
452072,4,43,4,39
452072,5,73,4,69
452072,20,73,4,69
452072,21,116,8,108
452072,22,116,8,108
452072,23,116,8,108
452072,24,43,4,39
452072,25,73,4,69
452072,40,73,4,69
452081,1,423,13,410
452081,2,423,13,410
452081,3,423,13,410
452081,4,79,3,76
452081,5,344,10,334
452081,20,344,10,334
452081,21,423,13,410
452081,22,423,13,410
452081,23,423,13,410
452081,24,79,3,76
452081,25,344,10,334
452081,40,344,10,334
452090,1,243,98,145
452090,2,108,34,74
452090,3,108,34,74
452090,4,3,1,2
452090,5,105,33,72
452090,12,135,64,71
452090,19,10,2,8
452090,20,95,31,64
452090,21,85,31,54
452090,22,41,12,29
452090,23,41,12,29
452090,25,41,12,29
452090,32,44,19,25
452090,39,5,1,4
452090,40,36,11,25
452090,41,158,67,91
452090,42,67,22,45
452090,43,67,22,45
452090,44,3,1,2
452090,45,64,21,43
452090,52,91,45,46
452090,59,5,1,4
452090,60,59,20,39
452106,1,100,97,3
452106,2,100,97,3
452106,3,100,97,3
452106,4,28,27,1
452106,5,72,70,2
452106,20,72,70,2
452106,21,100,97,3
452106,22,100,97,3
452106,23,100,97,3
452106,24,28,27,1
452106,25,72,70,2
452106,40,72,70,2
452115,1,656,96,560
452115,2,656,96,560
452115,3,656,96,560
452115,4,291,41,250
452115,5,365,55,310
452115,20,365,55,310
452115,21,458,79,379
452115,22,458,79,379
452115,23,458,79,379
452115,24,237,38,199
452115,25,221,41,180
452115,40,221,41,180
452115,41,198,17,181
452115,42,198,17,181
452115,43,198,17,181
452115,44,54,3,51
452115,45,144,14,130
452115,60,144,14,130
452124,1,346,142,204
452124,2,346,142,204
452124,3,346,142,204
452124,4,69,26,43
452124,5,277,116,161
452124,19,19,8,11
452124,20,258,108,150
452124,21,346,142,204
452124,22,346,142,204
452124,23,346,142,204
452124,24,69,26,43
452124,25,277,116,161
452124,39,19,8,11
452124,40,258,108,150
452373,1,554,87,467
452373,2,554,87,467
452373,3,554,87,467
452373,4,70,14,56
452373,5,484,73,411
452373,19,161,22,139
452373,20,323,51,272
452373,21,290,41,249
452373,22,290,41,249
452373,23,290,41,249
452373,24,42,8,34
452373,25,248,33,215
452373,39,98,11,87
452373,40,150,22,128
452373,41,264,46,218
452373,42,264,46,218
452373,43,264,46,218
452373,44,28,6,22
452373,45,236,40,196
452373,59,63,11,52
452373,60,173,29,144
452692,1,2,0,2
452692,2,2,0,2
452692,3,2,0,2
452692,4,1,0,1
452692,5,1,0,1
452692,20,1,0,1
452692,21,2,0,2
452692,22,2,0,2
452692,23,2,0,2
452692,24,1,0,1
452692,25,1,0,1
452692,40,1,0,1
452771,1,16,2,14
452771,2,16,2,14
452771,3,16,2,14
452771,4,10,1,9
452771,5,6,1,5
452771,20,6,1,5
452771,41,16,2,14
452771,42,16,2,14
452771,43,16,2,14
452771,44,10,1,9
452771,45,6,1,5
452771,60,6,1,5
452780,1,18,1,17
452780,2,18,1,17
452780,3,18,1,17
452780,4,12,1,11
452780,5,6,0,6
452780,20,6,0,6
452780,41,18,1,17
452780,42,18,1,17
452780,43,18,1,17
452780,44,12,1,11
452780,45,6,0,6
452780,60,6,0,6
452841,1,134,13,121
452841,2,134,13,121
452841,3,134,13,121
452841,4,130,13,117
452841,5,4,0,4
452841,20,4,0,4
452841,21,134,13,121
452841,22,134,13,121
452841,23,134,13,121
452841,24,130,13,117
452841,25,4,0,4
452841,40,4,0,4
452948,1,505,60,445
452948,2,505,60,445
452948,3,505,60,445
452948,4,24,5,19
452948,5,481,55,426
452948,19,119,16,103
452948,20,362,39,323
452948,21,278,31,247
452948,22,278,31,247
452948,23,278,31,247
452948,24,22,4,18
452948,25,256,27,229
452948,39,41,6,35
452948,40,215,21,194
452948,41,227,29,198
452948,42,227,29,198
452948,43,227,29,198
452948,44,2,1,1
452948,45,225,28,197
452948,59,78,10,68
452948,60,147,18,129
452984,1,16,2,14
452984,2,16,2,14
452984,3,16,2,14
452984,4,7,1,6
452984,5,9,1,8
452984,20,9,1,8
452984,41,16,2,14
452984,42,16,2,14
452984,43,16,2,14
452984,44,7,1,6
452984,45,9,1,8
452984,60,9,1,8
453075,1,66,9,57
453075,2,66,9,57
453075,3,66,9,57
453075,4,28,4,24
453075,5,38,5,33
453075,20,38,5,33
453075,21,64,9,55
453075,22,64,9,55
453075,23,64,9,55
453075,24,27,4,23
453075,25,37,5,32
453075,40,37,5,32
453075,41,2,0,2
453075,42,2,0,2
453075,43,2,0,2
453075,44,1,0,1
453075,45,1,0,1
453075,60,1,0,1
453109,1,161,95,66
453109,2,161,95,66
453109,3,161,95,66
453109,4,105,68,37
453109,5,56,27,29
453109,19,5,1,4
453109,20,51,26,25
453109,21,161,95,66
453109,22,161,95,66
453109,23,161,95,66
453109,24,105,68,37
453109,25,56,27,29
453109,39,5,1,4
453109,40,51,26,25
453127,1,568,222,346
453127,2,424,171,253
453127,3,424,171,253
453127,4,69,34,35
453127,5,355,137,218
453127,12,144,51,93
453127,19,51,21,30
453127,20,304,116,188
453127,21,59,38,21
453127,22,36,28,8
453127,23,36,28,8
453127,24,3,3,0
453127,25,33,25,8
453127,32,23,10,13
453127,39,10,8,2
453127,40,23,17,6
453127,41,509,184,325
453127,42,388,143,245
453127,43,388,143,245
453127,44,66,31,35
453127,45,322,112,210
453127,52,121,41,80
453127,59,41,13,28
453127,60,281,99,182
453163,1,3802,1061,2741
453163,2,2116,668,1448
453163,3,2111,666,1445
453163,4,340,122,218
453163,5,1771,544,1227
453163,11,5,2,3
453163,12,1686,393,1293
453163,19,240,77,163
453163,20,1531,467,1064
453163,21,266,129,137
453163,22,131,82,49
453163,23,131,82,49
453163,24,13,9,4
453163,25,118,73,45
453163,32,135,47,88
453163,39,26,17,9
453163,40,92,56,36
453163,41,3536,932,2604
453163,42,1985,586,1399
453163,43,1980,584,1396
453163,44,327,113,214
453163,45,1653,471,1182
453163,51,5,2,3
453163,52,1551,346,1205
453163,59,214,60,154
453163,60,1439,411,1028
453215,1,788,290,498
453215,2,580,206,374
453215,3,578,206,372
453215,4,62,21,41
453215,5,516,185,331
453215,11,2,0,2
453215,12,208,84,124
453215,19,65,28,37
453215,20,451,157,294
453215,21,112,57,55
453215,22,58,32,26
453215,23,58,32,26
453215,24,3,3,0
453215,25,55,29,26
453215,32,54,25,29
453215,39,9,4,5
453215,40,46,25,21
453215,41,676,233,443
453215,42,522,174,348
453215,43,520,174,346
453215,44,59,18,41
453215,45,461,156,305
453215,51,2,0,2
453215,52,154,59,95
453215,59,56,24,32
453215,60,405,132,273
453297,1,40,21,19
453297,2,40,21,19
453297,3,40,21,19
453297,4,2,1,1
453297,5,38,20,18
453297,20,38,20,18
453297,21,40,21,19
453297,22,40,21,19
453297,23,40,21,19
453297,24,2,1,1
453297,25,38,20,18
453297,40,38,20,18
453455,1,167,28,139
453455,2,167,28,139
453455,3,165,28,137
453455,4,5,0,5
453455,5,160,28,132
453455,11,2,0,2
453455,19,32,4,28
453455,20,128,24,104
453455,21,105,15,90
453455,22,105,15,90
453455,23,105,15,90
453455,24,4,0,4
453455,25,101,15,86
453455,39,27,3,24
453455,40,74,12,62
453455,41,62,13,49
453455,42,62,13,49
453455,43,60,13,47
453455,44,1,0,1
453455,45,59,13,46
453455,51,2,0,2
453455,59,5,1,4
453455,60,54,12,42
453464,1,130,31,99
453464,2,130,31,99
453464,3,129,31,98
453464,4,17,4,13
453464,5,112,27,85
453464,11,1,0,1
453464,19,22,6,16
453464,20,90,21,69
453464,21,98,24,74
453464,22,98,24,74
453464,23,98,24,74
453464,24,15,3,12
453464,25,83,21,62
453464,39,17,4,13
453464,40,66,17,49
453464,41,32,7,25
453464,42,32,7,25
453464,43,31,7,24
453464,44,2,1,1
453464,45,29,6,23
453464,51,1,0,1
453464,59,5,2,3
453464,60,24,4,20
453473,1,137,30,107
453473,2,137,30,107
453473,3,137,30,107
453473,4,13,3,10
453473,5,124,27,97
453473,19,23,3,20
453473,20,101,24,77
453473,21,77,15,62
453473,22,77,15,62
453473,23,77,15,62
453473,24,12,3,9
453473,25,65,12,53
453473,39,16,2,14
453473,40,49,10,39
453473,41,60,15,45
453473,42,60,15,45
453473,43,60,15,45
453473,44,1,0,1
453473,45,59,15,44
453473,59,7,1,6
453473,60,52,14,38
453482,1,82,17,65
453482,2,82,17,65
453482,3,82,17,65
453482,4,6,2,4
453482,5,76,15,61
453482,19,13,2,11
453482,20,63,13,50
453482,21,56,11,45
453482,22,56,11,45
453482,23,56,11,45
453482,24,4,1,3
453482,25,52,10,42
453482,39,11,2,9
453482,40,41,8,33
453482,41,26,6,20
453482,42,26,6,20
453482,43,26,6,20
453482,44,2,1,1
453482,45,24,5,19
453482,59,2,0,2
453482,60,22,5,17
453552,1,352,63,289
453552,2,352,63,289
453552,3,352,63,289
453552,4,299,54,245
453552,5,53,9,44
453552,20,53,9,44
453552,21,239,49,190
453552,22,239,49,190
453552,23,239,49,190
453552,24,203,41,162
453552,25,36,8,28
453552,40,36,8,28
453552,41,113,14,99
453552,42,113,14,99
453552,43,113,14,99
453552,44,96,13,83
453552,45,17,1,16
453552,60,17,1,16
453570,1,50,1,49
453570,2,50,1,49
453570,3,50,1,49
453570,4,18,0,18
453570,5,32,1,31
453570,20,32,1,31
453570,21,50,1,49
453570,22,50,1,49
453570,23,50,1,49
453570,24,18,0,18
453570,25,32,1,31
453570,40,32,1,31
453747,1,165,28,137
453747,2,165,28,137
453747,3,165,28,137
453747,4,39,6,33
453747,5,126,22,104
453747,19,62,10,52
453747,20,64,12,52
453747,21,126,17,109
453747,22,126,17,109
453747,23,126,17,109
453747,24,36,5,31
453747,25,90,12,78
453747,39,55,6,49
453747,40,35,6,29
453747,41,39,11,28
453747,42,39,11,28
453747,43,39,11,28
453747,44,3,1,2
453747,45,36,10,26
453747,59,7,4,3
453747,60,29,6,23
453756,1,102,62,40
453756,2,102,62,40
453756,3,102,62,40
453756,4,65,42,23
453756,5,37,20,17
453756,20,37,20,17
453756,21,102,62,40
453756,22,102,62,40
453756,23,102,62,40
453756,24,65,42,23
453756,25,37,20,17
453756,40,37,20,17
453817,1,267,257,10
453817,2,267,257,10
453817,3,267,257,10
453817,4,68,65,3
453817,5,199,192,7
453817,20,199,192,7
453817,21,267,257,10
453817,22,267,257,10
453817,23,267,257,10
453817,24,68,65,3
453817,25,199,192,7
453817,40,199,192,7
454078,1,40,23,17
454078,2,40,23,17
454078,3,40,23,17
454078,4,17,12,5
454078,5,23,11,12
454078,20,23,11,12
454078,21,40,23,17
454078,22,40,23,17
454078,23,40,23,17
454078,24,17,12,5
454078,25,23,11,12
454078,40,23,11,12
454175,1,607,101,506
454175,2,607,101,506
454175,3,607,101,506
454175,4,134,32,102
454175,5,473,69,404
454175,19,1,0,1
454175,20,472,69,403
454175,21,607,101,506
454175,22,607,101,506
454175,23,607,101,506
454175,24,134,32,102
454175,25,473,69,404
454175,39,1,0,1
454175,40,472,69,403
454184,1,516,206,310
454184,2,516,206,310
454184,3,504,203,301
454184,4,127,42,85
454184,5,377,161,216
454184,11,12,3,9
454184,19,12,9,3
454184,20,365,152,213
454184,21,493,196,297
454184,22,493,196,297
454184,23,490,195,295
454184,24,125,42,83
454184,25,365,153,212
454184,31,3,1,2
454184,39,12,9,3
454184,40,353,144,209
454184,41,23,10,13
454184,42,23,10,13
454184,43,14,8,6
454184,44,2,0,2
454184,45,12,8,4
454184,51,9,2,7
454184,60,12,8,4
454227,1,13720,1120,12600
454227,2,10783,927,9856
454227,3,10778,927,9851
454227,4,13,3,10
454227,5,10765,924,9841
454227,11,5,0,5
454227,12,2937,193,2744
454227,19,5083,423,4660
454227,20,5682,501,5181
454227,21,2489,274,2215
454227,22,2334,256,2078
454227,23,2334,256,2078
454227,24,13,3,10
454227,25,2321,253,2068
454227,32,155,18,137
454227,39,1433,147,1286
454227,40,888,106,782
454227,41,11231,846,10385
454227,42,8449,671,7778
454227,43,8444,671,7773
454227,45,8444,671,7773
454227,51,5,0,5
454227,52,2782,175,2607
454227,59,3650,276,3374
454227,60,4794,395,4399
454236,1,667,105,562
454236,2,667,105,562
454236,3,666,105,561
454236,4,13,3,10
454236,5,653,102,551
454236,11,1,0,1
454236,19,267,37,230
454236,20,386,65,321
454236,21,346,52,294
454236,22,346,52,294
454236,23,346,52,294
454236,24,13,3,10
454236,25,333,49,284
454236,39,171,24,147
454236,40,162,25,137
454236,41,321,53,268
454236,42,321,53,268
454236,43,320,53,267
454236,45,320,53,267
454236,51,1,0,1
454236,59,96,13,83
454236,60,224,40,184
454245,1,515,72,443
454245,2,515,72,443
454245,3,515,72,443
454245,4,6,1,5
454245,5,509,71,438
454245,19,185,29,156
454245,20,324,42,282
454245,21,307,43,264
454245,22,307,43,264
454245,23,307,43,264
454245,24,5,1,4
454245,25,302,42,260
454245,39,131,21,110
454245,40,171,21,150
454245,41,208,29,179
454245,42,208,29,179
454245,43,208,29,179
454245,44,1,0,1
454245,45,207,29,178
454245,59,54,8,46
454245,60,153,21,132
454306,1,329,62,267
454306,2,329,62,267
454306,3,329,62,267
454306,4,117,22,95
454306,5,212,40,172
454306,20,212,40,172
454306,21,329,62,267
454306,22,329,62,267
454306,23,329,62,267
454306,24,117,22,95
454306,25,212,40,172
454306,40,212,40,172
454315,1,89,1,88
454315,2,89,1,88
454315,3,89,1,88
454315,4,30,1,29
454315,5,59,0,59
454315,20,59,0,59
454315,21,68,1,67
454315,22,68,1,67
454315,23,68,1,67
454315,24,24,1,23
454315,25,44,0,44
454315,40,44,0,44
454315,41,21,0,21
454315,42,21,0,21
454315,43,21,0,21
454315,44,6,0,6
454315,45,15,0,15
454315,60,15,0,15
454324,1,70,0,70
454324,2,70,0,70
454324,3,70,0,70
454324,4,25,0,25
454324,5,45,0,45
454324,20,45,0,45
454324,21,53,0,53
454324,22,53,0,53
454324,23,53,0,53
454324,24,20,0,20
454324,25,33,0,33
454324,40,33,0,33
454324,41,17,0,17
454324,42,17,0,17
454324,43,17,0,17
454324,44,5,0,5
454324,45,12,0,12
454324,60,12,0,12
454333,1,85,3,82
454333,2,85,3,82
454333,3,85,3,82
454333,4,31,2,29
454333,5,54,1,53
454333,20,54,1,53
454333,21,59,2,57
454333,22,59,2,57
454333,23,59,2,57
454333,24,24,1,23
454333,25,35,1,34
454333,40,35,1,34
454333,41,26,1,25
454333,42,26,1,25
454333,43,26,1,25
454333,44,7,1,6
454333,45,19,0,19
454333,60,19,0,19
454342,1,87,2,85
454342,2,87,2,85
454342,3,87,2,85
454342,4,29,0,29
454342,5,58,2,56
454342,20,58,2,56
454342,21,67,2,65
454342,22,67,2,65
454342,23,67,2,65
454342,24,22,0,22
454342,25,45,2,43
454342,40,45,2,43
454342,41,20,0,20
454342,42,20,0,20
454342,43,20,0,20
454342,44,7,0,7
454342,45,13,0,13
454342,60,13,0,13
454351,1,123,3,120
454351,2,123,3,120
454351,3,123,3,120
454351,4,38,1,37
454351,5,85,2,83
454351,20,85,2,83
454351,21,123,3,120
454351,22,123,3,120
454351,23,123,3,120
454351,24,38,1,37
454351,25,85,2,83
454351,40,85,2,83
454360,1,163,6,157
454360,2,163,6,157
454360,3,163,6,157
454360,4,45,1,44
454360,5,118,5,113
454360,20,118,5,113
454360,21,121,5,116
454360,22,121,5,116
454360,23,121,5,116
454360,24,33,1,32
454360,25,88,4,84
454360,40,88,4,84
454360,41,42,1,41
454360,42,42,1,41
454360,43,42,1,41
454360,44,12,0,12
454360,45,30,1,29
454360,60,30,1,29
454379,1,130,9,121
454379,2,130,9,121
454379,3,130,9,121
454379,4,41,5,36
454379,5,89,4,85
454379,20,89,4,85
454379,21,130,9,121
454379,22,130,9,121
454379,23,130,9,121
454379,24,41,5,36
454379,25,89,4,85
454379,40,89,4,85
454388,1,87,8,79
454388,2,87,8,79
454388,3,87,8,79
454388,4,36,1,35
454388,5,51,7,44
454388,20,51,7,44
454388,21,63,7,56
454388,22,63,7,56
454388,23,63,7,56
454388,24,22,1,21
454388,25,41,6,35
454388,40,41,6,35
454388,41,24,1,23
454388,42,24,1,23
454388,43,24,1,23
454388,44,14,0,14
454388,45,10,1,9
454388,60,10,1,9
454397,1,117,4,113
454397,2,117,4,113
454397,3,117,4,113
454397,4,53,2,51
454397,5,64,2,62
454397,20,64,2,62
454397,21,81,2,79
454397,22,81,2,79
454397,23,81,2,79
454397,24,37,1,36
454397,25,44,1,43
454397,40,44,1,43
454397,41,36,2,34
454397,42,36,2,34
454397,43,36,2,34
454397,44,16,1,15
454397,45,20,1,19
454397,60,20,1,19
454458,1,84,26,58
454458,2,84,26,58
454458,3,84,26,58
454458,4,15,3,12
454458,5,69,23,46
454458,20,69,23,46
454458,21,84,26,58
454458,22,84,26,58
454458,23,84,26,58
454458,24,15,3,12
454458,25,69,23,46
454458,40,69,23,46
454467,1,95,7,88
454467,2,95,7,88
454467,3,95,7,88
454467,4,29,2,27
454467,5,66,5,61
454467,20,66,5,61
454467,21,72,5,67
454467,22,72,5,67
454467,23,72,5,67
454467,24,25,2,23
454467,25,47,3,44
454467,40,47,3,44
454467,41,23,2,21
454467,42,23,2,21
454467,43,23,2,21
454467,44,4,0,4
454467,45,19,2,17
454467,60,19,2,17
454476,1,61,2,59
454476,2,61,2,59
454476,3,61,2,59
454476,4,18,0,18
454476,5,43,2,41
454476,20,43,2,41
454476,21,37,1,36
454476,22,37,1,36
454476,23,37,1,36
454476,24,12,0,12
454476,25,25,1,24
454476,40,25,1,24
454476,41,24,1,23
454476,42,24,1,23
454476,43,24,1,23
454476,44,6,0,6
454476,45,18,1,17
454476,60,18,1,17
454485,1,28,1,27
454485,2,28,1,27
454485,3,28,1,27
454485,4,10,0,10
454485,5,18,1,17
454485,20,18,1,17
454485,21,28,1,27
454485,22,28,1,27
454485,23,28,1,27
454485,24,10,0,10
454485,25,18,1,17
454485,40,18,1,17
454494,1,62,5,57
454494,2,62,5,57
454494,3,62,5,57
454494,4,20,1,19
454494,5,42,4,38
454494,20,42,4,38
454494,21,62,5,57
454494,22,62,5,57
454494,23,62,5,57
454494,24,20,1,19
454494,25,42,4,38
454494,40,42,4,38
454500,1,96,6,90
454500,2,96,6,90
454500,3,96,6,90
454500,4,33,2,31
454500,5,63,4,59
454500,20,63,4,59
454500,21,67,4,63
454500,22,67,4,63
454500,23,67,4,63
454500,24,24,2,22
454500,25,43,2,41
454500,40,43,2,41
454500,41,29,2,27
454500,42,29,2,27
454500,43,29,2,27
454500,44,9,0,9
454500,45,20,2,18
454500,60,20,2,18
454519,1,92,2,90
454519,2,92,2,90
454519,3,92,2,90
454519,4,37,1,36
454519,5,55,1,54
454519,20,55,1,54
454519,21,63,1,62
454519,22,63,1,62
454519,23,63,1,62
454519,24,22,1,21
454519,25,41,0,41
454519,40,41,0,41
454519,41,29,1,28
454519,42,29,1,28
454519,43,29,1,28
454519,44,15,0,15
454519,45,14,1,13
454519,60,14,1,13
454528,1,66,3,63
454528,2,66,3,63
454528,3,66,3,63
454528,4,22,1,21
454528,5,44,2,42
454528,20,44,2,42
454528,21,45,3,42
454528,22,45,3,42
454528,23,45,3,42
454528,24,17,1,16
454528,25,28,2,26
454528,40,28,2,26
454528,41,21,0,21
454528,42,21,0,21
454528,43,21,0,21
454528,44,5,0,5
454528,45,16,0,16
454528,60,16,0,16
454537,1,61,3,58
454537,2,61,3,58
454537,3,61,3,58
454537,4,57,3,54
454537,5,4,0,4
454537,20,4,0,4
454537,21,61,3,58
454537,22,61,3,58
454537,23,61,3,58
454537,24,57,3,54
454537,25,4,0,4
454537,40,4,0,4
454546,1,98,3,95
454546,2,98,3,95
454546,3,98,3,95
454546,4,25,1,24
454546,5,73,2,71
454546,20,73,2,71
454546,21,98,3,95
454546,22,98,3,95
454546,23,98,3,95
454546,24,25,1,24
454546,25,73,2,71
454546,40,73,2,71
454555,1,224,12,212
454555,2,224,12,212
454555,3,224,12,212
454555,4,56,10,46
454555,5,168,2,166
454555,20,168,2,166
454555,21,224,12,212
454555,22,224,12,212
454555,23,224,12,212
454555,24,56,10,46
454555,25,168,2,166
454555,40,168,2,166
454573,1,276,6,270
454573,2,276,6,270
454573,3,276,6,270
454573,4,88,1,87
454573,5,188,5,183
454573,20,188,5,183
454573,21,276,6,270
454573,22,276,6,270
454573,23,276,6,270
454573,24,88,1,87
454573,25,188,5,183
454573,40,188,5,183
454582,1,458,179,279
454582,2,383,149,234
454582,3,379,145,234
454582,5,379,145,234
454582,11,4,4,0
454582,12,75,30,45
454582,19,70,30,40
454582,20,309,115,194
454582,21,1,1,0
454582,22,1,1,0
454582,23,1,1,0
454582,25,1,1,0
454582,40,1,1,0
454582,41,457,178,279
454582,42,382,148,234
454582,43,378,144,234
454582,45,378,144,234
454582,51,4,4,0
454582,52,75,30,45
454582,59,70,30,40
454582,60,308,114,194
454591,1,124,36,88
454591,2,124,36,88
454591,3,118,35,83
454591,4,25,8,17
454591,5,93,27,66
454591,11,6,1,5
454591,19,14,6,8
454591,20,79,21,58
454591,21,82,24,58
454591,22,82,24,58
454591,23,79,23,56
454591,24,21,5,16
454591,25,58,18,40
454591,31,3,1,2
454591,39,13,6,7
454591,40,45,12,33
454591,41,42,12,30
454591,42,42,12,30
454591,43,39,12,27
454591,44,4,3,1
454591,45,35,9,26
454591,51,3,0,3
454591,59,1,0,1
454591,60,34,9,25
454607,1,211,13,198
454607,2,211,13,198
454607,3,211,13,198
454607,4,30,0,30
454607,5,181,13,168
454607,20,181,13,168
454607,21,211,13,198
454607,22,211,13,198
454607,23,211,13,198
454607,24,30,0,30
454607,25,181,13,168
454607,40,181,13,168
454616,1,242,217,25
454616,2,242,217,25
454616,3,233,208,25
454616,4,45,39,6
454616,5,188,169,19
454616,11,9,9,0
454616,19,36,34,2
454616,20,152,135,17
454616,21,153,138,15
454616,22,153,138,15
454616,23,151,136,15
454616,24,33,29,4
454616,25,118,107,11
454616,31,2,2,0
454616,39,27,26,1
454616,40,91,81,10
454616,41,89,79,10
454616,42,89,79,10
454616,43,82,72,10
454616,44,12,10,2
454616,45,70,62,8
454616,51,7,7,0
454616,59,9,8,1
454616,60,61,54,7
454625,1,460,59,401
454625,2,460,59,401
454625,3,460,59,401
454625,4,243,31,212
454625,5,217,28,189
454625,20,217,28,189
454625,21,307,47,260
454625,22,307,47,260
454625,23,307,47,260
454625,24,186,27,159
454625,25,121,20,101
454625,40,121,20,101
454625,41,153,12,141
454625,42,153,12,141
454625,43,153,12,141
454625,44,57,4,53
454625,45,96,8,88
454625,60,96,8,88
454652,1,162,9,153
454652,2,162,9,153
454652,3,162,9,153
454652,4,20,0,20
454652,5,142,9,133
454652,20,142,9,133
454652,21,162,9,153
454652,22,162,9,153
454652,23,162,9,153
454652,24,20,0,20
454652,25,142,9,133
454652,40,142,9,133
454689,1,785,441,344
454689,2,4,0,4
454689,3,4,0,4
454689,4,2,0,2
454689,5,2,0,2
454689,12,781,441,340
454689,20,2,0,2
454689,21,720,405,315
454689,22,4,0,4
454689,23,4,0,4
454689,24,2,0,2
454689,25,2,0,2
454689,32,716,405,311
454689,40,2,0,2
454689,41,65,36,29
454689,52,65,36,29
454698,1,329,161,168
454698,2,329,161,168
454698,3,329,161,168
454698,4,229,118,111
454698,5,100,43,57
454698,20,100,43,57
454698,21,329,161,168
454698,22,329,161,168
454698,23,329,161,168
454698,24,229,118,111
454698,25,100,43,57
454698,40,100,43,57
454704,1,33,32,1
454704,2,33,32,1
454704,3,33,32,1
454704,4,17,16,1
454704,5,16,16,0
454704,20,16,16,0
454704,21,33,32,1
454704,22,33,32,1
454704,23,33,32,1
454704,24,17,16,1
454704,25,16,16,0
454704,40,16,16,0
454722,1,23,1,22
454722,2,23,1,22
454722,3,23,1,22
454722,4,7,0,7
454722,5,16,1,15
454722,20,16,1,15
454722,21,19,0,19
454722,22,19,0,19
454722,23,19,0,19
454722,24,6,0,6
454722,25,13,0,13
454722,40,13,0,13
454722,41,4,1,3
454722,42,4,1,3
454722,43,4,1,3
454722,44,1,0,1
454722,45,3,1,2
454722,60,3,1,2
454731,1,123,44,79
454731,2,123,44,79
454731,3,123,44,79
454731,4,51,18,33
454731,5,72,26,46
454731,20,72,26,46
454731,21,123,44,79
454731,22,123,44,79
454731,23,123,44,79
454731,24,51,18,33
454731,25,72,26,46
454731,40,72,26,46
454740,1,215,64,151
454740,2,215,64,151
454740,3,165,45,120
454740,4,8,3,5
454740,5,157,42,115
454740,11,50,19,31
454740,19,11,3,8
454740,20,146,39,107
454740,21,46,14,32
454740,22,46,14,32
454740,23,39,11,28
454740,24,4,2,2
454740,25,35,9,26
454740,31,7,3,4
454740,39,6,3,3
454740,40,29,6,23
454740,41,169,50,119
454740,42,169,50,119
454740,43,126,34,92
454740,44,4,1,3
454740,45,122,33,89
454740,51,43,16,27
454740,59,5,0,5
454740,60,117,33,84
454759,1,23,20,3
454759,2,23,20,3
454759,3,23,20,3
454759,5,23,20,3
454759,20,23,20,3
454759,21,4,2,2
454759,22,4,2,2
454759,23,4,2,2
454759,25,4,2,2
454759,40,4,2,2
454759,41,19,18,1
454759,42,19,18,1
454759,43,19,18,1
454759,45,19,18,1
454759,60,19,18,1
454768,1,174,11,163
454768,2,174,11,163
454768,3,174,11,163
454768,4,15,2,13
454768,5,159,9,150
454768,20,159,9,150
454768,21,120,6,114
454768,22,120,6,114
454768,23,120,6,114
454768,24,11,1,10
454768,25,109,5,104
454768,40,109,5,104
454768,41,54,5,49
454768,42,54,5,49
454768,43,54,5,49
454768,44,4,1,3
454768,45,50,4,46
454768,60,50,4,46
454777,1,204,22,182
454777,2,204,22,182
454777,3,204,22,182
454777,4,18,1,17
454777,5,186,21,165
454777,20,186,21,165
454777,21,154,16,138
454777,22,154,16,138
454777,23,154,16,138
454777,24,14,1,13
454777,25,140,15,125
454777,40,140,15,125
454777,41,50,6,44
454777,42,50,6,44
454777,43,50,6,44
454777,44,4,0,4
454777,45,46,6,40
454777,60,46,6,40
454786,1,856,358,498
454786,2,856,358,498
454786,3,856,358,498
454786,4,378,162,216
454786,5,478,196,282
454786,20,478,196,282
454786,21,70,28,42
454786,22,70,28,42
454786,23,70,28,42
454786,24,23,8,15
454786,25,47,20,27
454786,40,47,20,27
454786,41,786,330,456
454786,42,786,330,456
454786,43,786,330,456
454786,44,355,154,201
454786,45,431,176,255
454786,60,431,176,255
454795,1,228,51,177
454795,2,228,51,177
454795,3,228,51,177
454795,4,55,17,38
454795,5,173,34,139
454795,20,173,34,139
454795,21,117,26,91
454795,22,117,26,91
454795,23,117,26,91
454795,24,31,11,20
454795,25,86,15,71
454795,40,86,15,71
454795,41,111,25,86
454795,42,111,25,86
454795,43,111,25,86
454795,44,24,6,18
454795,45,87,19,68
454795,60,87,19,68
454801,1,69,8,61
454801,2,69,8,61
454801,3,69,8,61
454801,4,30,5,25
454801,5,39,3,36
454801,20,39,3,36
454801,21,32,5,27
454801,22,32,5,27
454801,23,32,5,27
454801,24,30,5,25
454801,25,2,0,2
454801,40,2,0,2
454801,41,37,3,34
454801,42,37,3,34
454801,43,37,3,34
454801,45,37,3,34
454801,60,37,3,34
454810,1,351,182,169
454810,2,351,182,169
454810,3,351,182,169
454810,4,111,54,57
454810,5,240,128,112
454810,20,240,128,112
454810,21,351,182,169
454810,22,351,182,169
454810,23,351,182,169
454810,24,111,54,57
454810,25,240,128,112
454810,40,240,128,112
454829,1,633,195,438
454829,2,162,75,87
454829,3,162,75,87
454829,4,34,14,20
454829,5,128,61,67
454829,12,471,120,351
454829,20,128,61,67
454829,21,275,93,182
454829,22,72,36,36
454829,23,72,36,36
454829,24,15,5,10
454829,25,57,31,26
454829,32,203,57,146
454829,40,57,31,26
454829,41,358,102,256
454829,42,90,39,51
454829,43,90,39,51
454829,44,19,9,10
454829,45,71,30,41
454829,52,268,63,205
454829,60,71,30,41
454838,1,43,11,32
454838,12,43,11,32
454838,21,43,11,32
454838,32,43,11,32
454847,1,63,10,53
454847,2,63,10,53
454847,3,63,10,53
454847,4,57,8,49
454847,5,6,2,4
454847,20,6,2,4
454847,21,63,10,53
454847,22,63,10,53
454847,23,63,10,53
454847,24,57,8,49
454847,25,6,2,4
454847,40,6,2,4
454856,1,696,90,606
454856,2,696,90,606
454856,3,696,90,606
454856,5,696,90,606
454856,19,115,16,99
454856,20,581,74,507
454856,21,696,90,606
454856,22,696,90,606
454856,23,696,90,606
454856,25,696,90,606
454856,39,115,16,99
454856,40,581,74,507
454865,1,204,35,169
454865,2,204,35,169
454865,3,204,35,169
454865,4,46,4,42
454865,5,158,31,127
454865,20,158,31,127
454865,21,198,33,165
454865,22,198,33,165
454865,23,198,33,165
454865,24,41,3,38
454865,25,157,30,127
454865,40,157,30,127
454865,41,6,2,4
454865,42,6,2,4
454865,43,6,2,4
454865,44,5,1,4
454865,45,1,1,0
454865,60,1,1,0
454874,1,55,4,51
454874,2,55,4,51
454874,3,55,4,51
454874,4,22,2,20
454874,5,33,2,31
454874,20,33,2,31
454874,21,44,4,40
454874,22,44,4,40
454874,23,44,4,40
454874,24,19,2,17
454874,25,25,2,23
454874,40,25,2,23
454874,41,11,0,11
454874,42,11,0,11
454874,43,11,0,11
454874,44,3,0,3
454874,45,8,0,8
454874,60,8,0,8
454883,1,632,30,602
454883,2,632,30,602
454883,3,632,30,602
454883,4,78,3,75
454883,5,554,27,527
454883,19,144,6,138
454883,20,410,21,389
454883,21,632,30,602
454883,22,632,30,602
454883,23,632,30,602
454883,24,78,3,75
454883,25,554,27,527
454883,39,144,6,138
454883,40,410,21,389
454892,1,32,0,32
454892,2,32,0,32
454892,3,32,0,32
454892,4,17,0,17
454892,5,15,0,15
454892,20,15,0,15
454892,21,19,0,19
454892,22,19,0,19
454892,23,19,0,19
454892,24,11,0,11
454892,25,8,0,8
454892,40,8,0,8
454892,41,13,0,13
454892,42,13,0,13
454892,43,13,0,13
454892,44,6,0,6
454892,45,7,0,7
454892,60,7,0,7
454908,1,38,20,18
454908,2,38,20,18
454908,3,38,20,18
454908,4,8,5,3
454908,5,30,15,15
454908,20,30,15,15
454908,21,38,20,18
454908,22,38,20,18
454908,23,38,20,18
454908,24,8,5,3
454908,25,30,15,15
454908,40,30,15,15
454917,1,198,25,173
454917,2,198,25,173
454917,3,198,25,173
454917,4,191,25,166
454917,5,7,0,7
454917,20,7,0,7
454917,21,167,23,144
454917,22,167,23,144
454917,23,167,23,144
454917,24,161,23,138
454917,25,6,0,6
454917,40,6,0,6
454917,41,31,2,29
454917,42,31,2,29
454917,43,31,2,29
454917,44,30,2,28
454917,45,1,0,1
454917,60,1,0,1
454926,1,225,17,208
454926,2,225,17,208
454926,3,225,17,208
454926,4,42,1,41
454926,5,183,16,167
454926,20,183,16,167
454926,21,225,17,208
454926,22,225,17,208
454926,23,225,17,208
454926,24,42,1,41
454926,25,183,16,167
454926,40,183,16,167
454935,1,67,0,67
454935,2,67,0,67
454935,3,67,0,67
454935,4,56,0,56
454935,5,11,0,11
454935,20,11,0,11
454935,21,67,0,67
454935,22,67,0,67
454935,23,67,0,67
454935,24,56,0,56
454935,25,11,0,11
454935,40,11,0,11
454944,1,139,6,133
454944,2,139,6,133
454944,3,139,6,133
454944,4,26,0,26
454944,5,113,6,107
454944,20,113,6,107
454944,21,120,6,114
454944,22,120,6,114
454944,23,120,6,114
454944,24,23,0,23
454944,25,97,6,91
454944,40,97,6,91
454944,41,19,0,19
454944,42,19,0,19
454944,43,19,0,19
454944,44,3,0,3
454944,45,16,0,16
454944,60,16,0,16
454953,1,33,0,33
454953,2,33,0,33
454953,3,33,0,33
454953,4,4,0,4
454953,5,29,0,29
454953,20,29,0,29
454953,21,19,0,19
454953,22,19,0,19
454953,23,19,0,19
454953,24,2,0,2
454953,25,17,0,17
454953,40,17,0,17
454953,41,14,0,14
454953,42,14,0,14
454953,43,14,0,14
454953,44,2,0,2
454953,45,12,0,12
454953,60,12,0,12
454962,1,31,0,31
454962,2,31,0,31
454962,3,31,0,31
454962,4,17,0,17
454962,5,14,0,14
454962,20,14,0,14
454962,21,25,0,25
454962,22,25,0,25
454962,23,25,0,25
454962,24,16,0,16
454962,25,9,0,9
454962,40,9,0,9
454962,41,6,0,6
454962,42,6,0,6
454962,43,6,0,6
454962,44,1,0,1
454962,45,5,0,5
454962,60,5,0,5
454971,1,177,5,172
454971,2,177,5,172
454971,3,177,5,172
454971,4,25,1,24
454971,5,152,4,148
454971,20,152,4,148
454971,21,101,2,99
454971,22,101,2,99
454971,23,101,2,99
454971,24,20,0,20
454971,25,81,2,79
454971,40,81,2,79
454971,41,76,3,73
454971,42,76,3,73
454971,43,76,3,73
454971,44,5,1,4
454971,45,71,2,69
454971,60,71,2,69
454980,1,133,3,130
454980,2,133,3,130
454980,3,133,3,130
454980,4,15,2,13
454980,5,118,1,117
454980,20,118,1,117
454980,21,83,1,82
454980,22,83,1,82
454980,23,83,1,82
454980,24,10,1,9
454980,25,73,0,73
454980,40,73,0,73
454980,41,50,2,48
454980,42,50,2,48
454980,43,50,2,48
454980,44,5,1,4
454980,45,45,1,44
454980,60,45,1,44
454999,1,114,2,112
454999,2,114,2,112
454999,3,114,2,112
454999,4,11,0,11
454999,5,103,2,101
454999,20,103,2,101
454999,21,85,2,83
454999,22,85,2,83
454999,23,85,2,83
454999,24,10,0,10
454999,25,75,2,73
454999,40,75,2,73
454999,41,29,0,29
454999,42,29,0,29
454999,43,29,0,29
454999,44,1,0,1
454999,45,28,0,28
454999,60,28,0,28
455008,1,139,2,137
455008,2,139,2,137
455008,3,139,2,137
455008,4,26,0,26
455008,5,113,2,111
455008,20,113,2,111
455008,21,94,1,93
455008,22,94,1,93
455008,23,94,1,93
455008,24,25,0,25
455008,25,69,1,68
455008,40,69,1,68
455008,41,45,1,44
455008,42,45,1,44
455008,43,45,1,44
455008,44,1,0,1
455008,45,44,1,43
455008,60,44,1,43
455017,1,35,2,33
455017,2,35,2,33
455017,3,35,2,33
455017,4,9,0,9
455017,5,26,2,24
455017,20,26,2,24
455017,21,22,1,21
455017,22,22,1,21
455017,23,22,1,21
455017,24,6,0,6
455017,25,16,1,15
455017,40,16,1,15
455017,41,13,1,12
455017,42,13,1,12
455017,43,13,1,12
455017,44,3,0,3
455017,45,10,1,9
455017,60,10,1,9
455026,1,96,88,8
455026,2,96,88,8
455026,3,96,88,8
455026,4,19,16,3
455026,5,77,72,5
455026,20,77,72,5
455026,41,96,88,8
455026,42,96,88,8
455026,43,96,88,8
455026,44,19,16,3
455026,45,77,72,5
455026,60,77,72,5
455035,1,17,9,8
455035,2,17,9,8
455035,3,17,9,8
455035,4,10,6,4
455035,5,7,3,4
455035,20,7,3,4
455035,21,17,9,8
455035,22,17,9,8
455035,23,17,9,8
455035,24,10,6,4
455035,25,7,3,4
455035,40,7,3,4
455053,1,47,11,36
455053,2,47,11,36
455053,3,47,11,36
455053,4,20,6,14
455053,5,27,5,22
455053,20,27,5,22
455053,21,6,1,5
455053,22,6,1,5
455053,23,6,1,5
455053,24,4,1,3
455053,25,2,0,2
455053,40,2,0,2
455053,41,41,10,31
455053,42,41,10,31
455053,43,41,10,31
455053,44,16,5,11
455053,45,25,5,20
455053,60,25,5,20
455062,1,73,4,69
455062,2,73,4,69
455062,3,73,4,69
455062,4,9,0,9
455062,5,64,4,60
455062,20,64,4,60
455062,21,27,2,25
455062,22,27,2,25
455062,23,27,2,25
455062,24,4,0,4
455062,25,23,2,21
455062,40,23,2,21
455062,41,46,2,44
455062,42,46,2,44
455062,43,46,2,44
455062,44,5,0,5
455062,45,41,2,39
455062,60,41,2,39
455071,1,119,27,92
455071,2,119,27,92
455071,3,119,27,92
455071,4,41,15,26
455071,5,78,12,66
455071,20,78,12,66
455071,41,119,27,92
455071,42,119,27,92
455071,43,119,27,92
455071,44,41,15,26
455071,45,78,12,66
455071,60,78,12,66
455080,1,97,8,89
455080,2,97,8,89
455080,3,97,8,89
455080,4,63,6,57
455080,5,34,2,32
455080,20,34,2,32
455080,21,75,5,70
455080,22,75,5,70
455080,23,75,5,70
455080,24,50,5,45
455080,25,25,0,25
455080,40,25,0,25
455080,41,22,3,19
455080,42,22,3,19
455080,43,22,3,19
455080,44,13,1,12
455080,45,9,2,7
455080,60,9,2,7
455099,1,68,48,20
455099,12,68,48,20
455099,21,9,7,2
455099,32,9,7,2
455099,41,59,41,18
455099,52,59,41,18
455105,1,58,3,55
455105,2,58,3,55
455105,3,58,3,55
455105,4,12,1,11
455105,5,46,2,44
455105,20,46,2,44
455105,21,58,3,55
455105,22,58,3,55
455105,23,58,3,55
455105,24,12,1,11
455105,25,46,2,44
455105,40,46,2,44
455114,1,9191,3975,5216
455114,2,9191,3975,5216
455114,3,8164,3479,4685
455114,4,1661,818,843
455114,5,6503,2661,3842
455114,11,1027,496,531
455114,19,1089,457,632
455114,20,5414,2204,3210
455114,21,3933,1853,2080
455114,22,3933,1853,2080
455114,23,3898,1835,2063
455114,24,829,398,431
455114,25,3069,1437,1632
455114,31,35,18,17
455114,39,512,248,264
455114,40,2557,1189,1368
455114,41,5258,2122,3136
455114,42,5258,2122,3136
455114,43,4266,1644,2622
455114,44,832,420,412
455114,45,3434,1224,2210
455114,51,992,478,514
455114,59,577,209,368
455114,60,2857,1015,1842
455141,1,156,9,147
455141,2,156,9,147
455141,3,156,9,147
455141,4,69,1,68
455141,5,87,8,79
455141,20,87,8,79
455141,21,156,9,147
455141,22,156,9,147
455141,23,156,9,147
455141,24,69,1,68
455141,25,87,8,79
455141,40,87,8,79
455169,1,1410,591,819
455169,12,1410,591,819
455169,21,1141,486,655
455169,32,1141,486,655
455169,41,269,105,164
455169,52,269,105,164
455178,1,78,22,56
455178,12,78,22,56
455178,21,75,22,53
455178,32,75,22,53
455178,41,3,0,3
455178,52,3,0,3
455187,1,136,0,136
455187,2,136,0,136
455187,3,136,0,136
455187,4,126,0,126
455187,5,10,0,10
455187,20,10,0,10
455187,21,68,0,68
455187,22,68,0,68
455187,23,68,0,68
455187,24,63,0,63
455187,25,5,0,5
455187,40,5,0,5
455187,41,68,0,68
455187,42,68,0,68
455187,43,68,0,68
455187,44,63,0,63
455187,45,5,0,5
455187,60,5,0,5
455196,1,1887,183,1704
455196,2,1887,183,1704
455196,3,1887,183,1704
455196,4,119,16,103
455196,5,1768,167,1601
455196,19,294,22,272
455196,20,1474,145,1329
455196,21,1887,183,1704
455196,22,1887,183,1704
455196,23,1887,183,1704
455196,24,119,16,103
455196,25,1768,167,1601
455196,39,294,22,272
455196,40,1474,145,1329
455202,1,274,46,228
455202,2,274,46,228
455202,3,274,46,228
455202,4,9,1,8
455202,5,265,45,220
455202,20,265,45,220
455202,21,274,46,228
455202,22,274,46,228
455202,23,274,46,228
455202,24,9,1,8
455202,25,265,45,220
455202,40,265,45,220
455211,1,115,10,105
455211,2,115,10,105
455211,3,115,10,105
455211,4,16,1,15
455211,5,99,9,90
455211,20,99,9,90
455211,21,106,9,97
455211,22,106,9,97
455211,23,106,9,97
455211,24,16,1,15
455211,25,90,8,82
455211,40,90,8,82
455211,41,9,1,8
455211,42,9,1,8
455211,43,9,1,8
455211,45,9,1,8
455211,60,9,1,8
455220,1,62,1,61
455220,2,62,1,61
455220,3,62,1,61
455220,4,58,1,57
455220,5,4,0,4
455220,20,4,0,4
455220,21,62,1,61
455220,22,62,1,61
455220,23,62,1,61
455220,24,58,1,57
455220,25,4,0,4
455220,40,4,0,4
455239,1,72,0,72
455239,2,72,0,72
455239,3,72,0,72
455239,4,40,0,40
455239,5,32,0,32
455239,20,32,0,32
455239,21,40,0,40
455239,22,40,0,40
455239,23,40,0,40
455239,24,20,0,20
455239,25,20,0,20
455239,40,20,0,20
455239,41,32,0,32
455239,42,32,0,32
455239,43,32,0,32
455239,44,20,0,20
455239,45,12,0,12
455239,60,12,0,12
455248,1,4,0,4
455248,2,4,0,4
455248,3,4,0,4
455248,5,4,0,4
455248,20,4,0,4
455248,21,4,0,4
455248,22,4,0,4
455248,23,4,0,4
455248,25,4,0,4
455248,40,4,0,4
455257,1,347,347,0
455257,2,347,347,0
455257,3,347,347,0
455257,4,69,69,0
455257,5,278,278,0
455257,19,25,25,0
455257,20,253,253,0
455257,21,347,347,0
455257,22,347,347,0
455257,23,347,347,0
455257,24,69,69,0
455257,25,278,278,0
455257,39,25,25,0
455257,40,253,253,0
455275,1,271,12,259
455275,2,271,12,259
455275,3,271,12,259
455275,4,128,5,123
455275,5,143,7,136
455275,20,143,7,136
455275,21,271,12,259
455275,22,271,12,259
455275,23,271,12,259
455275,24,128,5,123
455275,25,143,7,136
455275,40,143,7,136
455284,1,244,10,234
455284,2,244,10,234
455284,3,244,10,234
455284,4,47,0,47
455284,5,197,10,187
455284,20,197,10,187
455284,21,192,9,183
455284,22,192,9,183
455284,23,192,9,183
455284,24,38,0,38
455284,25,154,9,145
455284,40,154,9,145
455284,41,52,1,51
455284,42,52,1,51
455284,43,52,1,51
455284,44,9,0,9
455284,45,43,1,42
455284,60,43,1,42
455293,1,12,1,11
455293,2,12,1,11
455293,3,12,1,11
455293,4,4,0,4
455293,5,8,1,7
455293,20,8,1,7
455293,21,12,1,11
455293,22,12,1,11
455293,23,12,1,11
455293,24,4,0,4
455293,25,8,1,7
455293,40,8,1,7
455327,1,72,21,51
455327,2,72,21,51
455327,3,72,21,51
455327,4,60,21,39
455327,5,12,0,12
455327,20,12,0,12
455327,21,29,7,22
455327,22,29,7,22
455327,23,29,7,22
455327,24,23,7,16
455327,25,6,0,6
455327,40,6,0,6
455327,41,43,14,29
455327,42,43,14,29
455327,43,43,14,29
455327,44,37,14,23
455327,45,6,0,6
455327,60,6,0,6
455336,1,176,158,18
455336,2,176,158,18
455336,3,176,158,18
455336,4,172,155,17
455336,5,4,3,1
455336,20,4,3,1
455336,21,176,158,18
455336,22,176,158,18
455336,23,176,158,18
455336,24,172,155,17
455336,25,4,3,1
455336,40,4,3,1
455345,1,60,12,48
455345,2,60,12,48
455345,3,60,12,48
455345,4,25,7,18
455345,5,35,5,30
455345,20,35,5,30
455345,21,60,12,48
455345,22,60,12,48
455345,23,60,12,48
455345,24,25,7,18
455345,25,35,5,30
455345,40,35,5,30
455354,1,303,9,294
455354,2,303,9,294
455354,3,303,9,294
455354,4,62,1,61
455354,5,241,8,233
455354,20,241,8,233
455354,21,303,9,294
455354,22,303,9,294
455354,23,303,9,294
455354,24,62,1,61
455354,25,241,8,233
455354,40,241,8,233
455372,1,14,1,13
455372,2,14,1,13
455372,3,14,1,13
455372,4,6,0,6
455372,5,8,1,7
455372,20,8,1,7
455372,21,13,0,13
455372,22,13,0,13
455372,23,13,0,13
455372,24,6,0,6
455372,25,7,0,7
455372,40,7,0,7
455372,41,1,1,0
455372,42,1,1,0
455372,43,1,1,0
455372,45,1,1,0
455372,60,1,1,0
455381,1,67,1,66
455381,2,67,1,66
455381,3,67,1,66
455381,4,7,0,7
455381,5,60,1,59
455381,20,60,1,59
455381,21,34,1,33
455381,22,34,1,33
455381,23,34,1,33
455381,24,5,0,5
455381,25,29,1,28
455381,40,29,1,28
455381,41,33,0,33
455381,42,33,0,33
455381,43,33,0,33
455381,44,2,0,2
455381,45,31,0,31
455381,60,31,0,31
455390,1,265,42,223
455390,2,265,42,223
455390,3,265,42,223
455390,4,56,9,47
455390,5,209,33,176
455390,19,150,26,124
455390,20,59,7,52
455390,21,93,17,76
455390,22,93,17,76
455390,23,93,17,76
455390,24,29,6,23
455390,25,64,11,53
455390,39,34,9,25
455390,40,30,2,28
455390,41,172,25,147
455390,42,172,25,147
455390,43,172,25,147
455390,44,27,3,24
455390,45,145,22,123
455390,59,116,17,99
455390,60,29,5,24
455406,1,359,187,172
455406,12,359,187,172
455406,21,355,186,169
455406,32,355,186,169
455406,41,4,1,3
455406,52,4,1,3
455415,1,18,4,14
455415,2,18,4,14
455415,3,18,4,14
455415,4,5,2,3
455415,5,13,2,11
455415,20,13,2,11
455415,21,10,2,8
455415,22,10,2,8
455415,23,10,2,8
455415,24,3,1,2
455415,25,7,1,6
455415,40,7,1,6
455415,41,8,2,6
455415,42,8,2,6
455415,43,8,2,6
455415,44,2,1,1
455415,45,6,1,5
455415,60,6,1,5
455424,1,402,302,100
455424,2,402,302,100
455424,3,402,302,100
455424,4,130,93,37
455424,5,272,209,63
455424,19,72,48,24
455424,20,200,161,39
455424,21,402,302,100
455424,22,402,302,100
455424,23,402,302,100
455424,24,130,93,37
455424,25,272,209,63
455424,39,72,48,24
455424,40,200,161,39
455433,1,273,54,219
455433,12,273,54,219
455433,21,125,25,100
455433,32,125,25,100
455433,41,148,29,119
455433,52,148,29,119
455460,1,208,51,157
455460,2,208,51,157
455460,3,208,51,157
455460,4,20,5,15
455460,5,188,46,142
455460,20,188,46,142
455460,21,208,51,157
455460,22,208,51,157
455460,23,208,51,157
455460,24,20,5,15
455460,25,188,46,142
455460,40,188,46,142
455479,1,817,95,722
455479,2,817,95,722
455479,3,817,95,722
455479,4,99,16,83
455479,5,718,79,639
455479,19,115,12,103
455479,20,603,67,536
455479,21,817,95,722
455479,22,817,95,722
455479,23,817,95,722
455479,24,99,16,83
455479,25,718,79,639
455479,39,115,12,103
455479,40,603,67,536
455488,1,363,73,290
455488,2,363,73,290
455488,3,363,73,290
455488,4,105,27,78
455488,5,258,46,212
455488,19,39,4,35
455488,20,219,42,177
455488,21,290,70,220
455488,22,290,70,220
455488,23,290,70,220
455488,24,84,26,58
455488,25,206,44,162
455488,39,33,4,29
455488,40,173,40,133
455488,41,73,3,70
455488,42,73,3,70
455488,43,73,3,70
455488,44,21,1,20
455488,45,52,2,50
455488,59,6,0,6
455488,60,46,2,44
455497,1,80,23,57
455497,2,80,23,57
455497,3,80,23,57
455497,5,80,23,57
455497,20,80,23,57
455497,21,80,23,57
455497,22,80,23,57
455497,23,80,23,57
455497,25,80,23,57
455497,40,80,23,57
455512,1,2641,1051,1590
455512,2,2641,1051,1590
455512,3,2397,948,1449
455512,4,410,170,240
455512,5,1987,778,1209
455512,11,244,103,141
455512,19,399,166,233
455512,20,1588,612,976
455512,21,830,350,480
455512,22,830,350,480
455512,23,807,338,469
455512,24,196,82,114
455512,25,611,256,355
455512,31,23,12,11
455512,39,69,40,29
455512,40,542,216,326
455512,41,1811,701,1110
455512,42,1811,701,1110
455512,43,1590,610,980
455512,44,214,88,126
455512,45,1376,522,854
455512,51,221,91,130
455512,59,330,126,204
455512,60,1046,396,650
455549,1,97,7,90
455549,2,97,7,90
455549,3,97,7,90
455549,4,33,3,30
455549,5,64,4,60
455549,20,64,4,60
455549,21,97,7,90
455549,22,97,7,90
455549,23,97,7,90
455549,24,33,3,30
455549,25,64,4,60
455549,40,64,4,60
455558,1,165,81,84
455558,2,165,81,84
455558,3,165,81,84
455558,4,71,43,28
455558,5,94,38,56
455558,20,94,38,56
455558,21,165,81,84
455558,22,165,81,84
455558,23,165,81,84
455558,24,71,43,28
455558,25,94,38,56
455558,40,94,38,56
455567,1,355,162,193
455567,2,355,162,193
455567,3,355,162,193
455567,4,48,28,20
455567,5,307,134,173
455567,19,27,6,21
455567,20,280,128,152
455567,21,355,162,193
455567,22,355,162,193
455567,23,355,162,193
455567,24,48,28,20
455567,25,307,134,173
455567,39,27,6,21
455567,40,280,128,152
455585,1,182,45,137
455585,2,182,45,137
455585,3,171,41,130
455585,4,32,2,30
455585,5,139,39,100
455585,11,11,4,7
455585,19,29,9,20
455585,20,110,30,80
455585,21,127,34,93
455585,22,127,34,93
455585,23,127,34,93
455585,24,29,1,28
455585,25,98,33,65
455585,39,27,9,18
455585,40,71,24,47
455585,41,55,11,44
455585,42,55,11,44
455585,43,44,7,37
455585,44,3,1,2
455585,45,41,6,35
455585,51,11,4,7
455585,59,2,0,2
455585,60,39,6,33
455600,1,393,106,287
455600,2,393,106,287
455600,3,393,106,287
455600,4,63,16,47
455600,5,330,90,240
455600,19,59,11,48
455600,20,271,79,192
455600,21,393,106,287
455600,22,393,106,287
455600,23,393,106,287
455600,24,63,16,47
455600,25,330,90,240
455600,39,59,11,48
455600,40,271,79,192
455619,1,604,122,482
455619,2,604,122,482
455619,3,604,122,482
455619,4,74,18,56
455619,5,530,104,426
455619,19,92,13,79
455619,20,438,91,347
455619,21,604,122,482
455619,22,604,122,482
455619,23,604,122,482
455619,24,74,18,56
455619,25,530,104,426
455619,39,92,13,79
455619,40,438,91,347
455628,1,711,168,543
455628,2,711,168,543
455628,3,711,168,543
455628,4,71,20,51
455628,5,640,148,492
455628,19,96,29,67
455628,20,544,119,425
455628,21,711,168,543
455628,22,711,168,543
455628,23,711,168,543
455628,24,71,20,51
455628,25,640,148,492
455628,39,96,29,67
455628,40,544,119,425
455646,1,48,6,42
455646,2,48,6,42
455646,3,48,6,42
455646,4,8,1,7
455646,5,40,5,35
455646,19,4,0,4
455646,20,36,5,31
455646,21,36,4,32
455646,22,36,4,32
455646,23,36,4,32
455646,24,6,0,6
455646,25,30,4,26
455646,39,4,0,4
455646,40,26,4,22
455646,41,12,2,10
455646,42,12,2,10
455646,43,12,2,10
455646,44,2,1,1
455646,45,10,1,9
455646,60,10,1,9
455655,1,446,70,376
455655,2,446,70,376
455655,3,446,70,376
455655,4,189,29,160
455655,5,257,41,216
455655,19,8,2,6
455655,20,249,39,210
455655,21,269,44,225
455655,22,269,44,225
455655,23,269,44,225
455655,24,126,17,109
455655,25,143,27,116
455655,39,4,1,3
455655,40,139,26,113
455655,41,177,26,151
455655,42,177,26,151
455655,43,177,26,151
455655,44,63,12,51
455655,45,114,14,100
455655,59,4,1,3
455655,60,110,13,97
455664,1,2006,421,1585
455664,12,2006,421,1585
455664,21,712,138,574
455664,32,712,138,574
455664,41,1294,283,1011
455664,52,1294,283,1011
455673,1,50,6,44
455673,2,50,6,44
455673,3,50,6,44
455673,4,2,0,2
455673,5,48,6,42
455673,19,4,0,4
455673,20,44,6,38
455673,21,42,6,36
455673,22,42,6,36
455673,23,42,6,36
455673,24,2,0,2
455673,25,40,6,34
455673,39,4,0,4
455673,40,36,6,30
455673,41,8,0,8
455673,42,8,0,8
455673,43,8,0,8
455673,45,8,0,8
455673,60,8,0,8
455682,1,267,50,217
455682,12,267,50,217
455682,21,79,17,62
455682,32,79,17,62
455682,41,188,33,155
455682,52,188,33,155
455707,1,38,7,31
455707,2,38,7,31
455707,3,38,7,31
455707,5,38,7,31
455707,20,38,7,31
455707,21,38,7,31
455707,22,38,7,31
455707,23,38,7,31
455707,25,38,7,31
455707,40,38,7,31
455716,1,629,173,456
455716,2,629,173,456
455716,3,629,173,456
455716,4,300,87,213
455716,5,329,86,243
455716,20,329,86,243
455716,21,467,140,327
455716,22,467,140,327
455716,23,467,140,327
455716,24,234,69,165
455716,25,233,71,162
455716,40,233,71,162
455716,41,162,33,129
455716,42,162,33,129
455716,43,162,33,129
455716,44,66,18,48
455716,45,96,15,81
455716,60,96,15,81
455725,1,363,18,345
455725,2,363,18,345
455725,3,363,18,345
455725,4,227,11,216
455725,5,136,7,129
455725,20,136,7,129
455725,21,363,18,345
455725,22,363,18,345
455725,23,363,18,345
455725,24,227,11,216
455725,25,136,7,129
455725,40,136,7,129
455734,1,223,39,184
455734,2,223,39,184
455734,3,223,39,184
455734,4,78,10,68
455734,5,145,29,116
455734,20,145,29,116
455734,21,223,39,184
455734,22,223,39,184
455734,23,223,39,184
455734,24,78,10,68
455734,25,145,29,116
455734,40,145,29,116
455743,1,33,12,21
455743,2,33,12,21
455743,3,33,12,21
455743,4,21,8,13
455743,5,12,4,8
455743,20,12,4,8
455743,21,33,12,21
455743,22,33,12,21
455743,23,33,12,21
455743,24,21,8,13
455743,25,12,4,8
455743,40,12,4,8
455752,1,73,73,0
455752,2,73,73,0
455752,3,73,73,0
455752,4,28,28,0
455752,5,45,45,0
455752,20,45,45,0
455752,21,73,73,0
455752,22,73,73,0
455752,23,73,73,0
455752,24,28,28,0
455752,25,45,45,0
455752,40,45,45,0
455761,1,348,21,327
455761,2,348,21,327
455761,3,348,21,327
455761,4,15,0,15
455761,5,333,21,312
455761,20,333,21,312
455761,21,247,17,230
455761,22,247,17,230
455761,23,247,17,230
455761,24,14,0,14
455761,25,233,17,216
455761,40,233,17,216
455761,41,101,4,97
455761,42,101,4,97
455761,43,101,4,97
455761,44,1,0,1
455761,45,100,4,96
455761,60,100,4,96
455770,1,66,32,34
455770,2,66,32,34
455770,3,66,32,34
455770,4,20,7,13
455770,5,46,25,21
455770,19,10,9,1
455770,20,36,16,20
455770,21,66,32,34
455770,22,66,32,34
455770,23,66,32,34
455770,24,20,7,13
455770,25,46,25,21
455770,39,10,9,1
455770,40,36,16,20
455789,1,13,2,11
455789,2,13,2,11
455789,3,13,2,11
455789,4,12,1,11
455789,5,1,1,0
455789,20,1,1,0
455789,21,13,2,11
455789,22,13,2,11
455789,23,13,2,11
455789,24,12,1,11
455789,25,1,1,0
455789,40,1,1,0
455798,1,107,8,99
455798,2,107,8,99
455798,3,107,8,99
455798,4,22,4,18
455798,5,85,4,81
455798,20,85,4,81
455798,21,56,3,53
455798,22,56,3,53
455798,23,56,3,53
455798,24,17,3,14
455798,25,39,0,39
455798,40,39,0,39
455798,41,51,5,46
455798,42,51,5,46
455798,43,51,5,46
455798,44,5,1,4
455798,45,46,4,42
455798,60,46,4,42
455804,1,135,85,50
455804,12,135,85,50
455804,21,79,52,27
455804,32,79,52,27
455804,41,56,33,23
455804,52,56,33,23
455813,1,85,49,36
455813,12,85,49,36
455813,21,52,28,24
455813,32,52,28,24
455813,41,33,21,12
455813,52,33,21,12
455831,1,122,20,102
455831,2,122,20,102
455831,3,122,20,102
455831,4,32,12,20
455831,5,90,8,82
455831,20,90,8,82
455831,21,122,20,102
455831,22,122,20,102
455831,23,122,20,102
455831,24,32,12,20
455831,25,90,8,82
455831,40,90,8,82
455840,1,155,12,143
455840,2,155,12,143
455840,3,155,12,143
455840,4,45,7,38
455840,5,110,5,105
455840,20,110,5,105
455840,21,155,12,143
455840,22,155,12,143
455840,23,155,12,143
455840,24,45,7,38
455840,25,110,5,105
455840,40,110,5,105
455859,1,192,11,181
455859,2,192,11,181
455859,3,192,11,181
455859,4,34,0,34
455859,5,158,11,147
455859,20,158,11,147
455859,21,192,11,181
455859,22,192,11,181
455859,23,192,11,181
455859,24,34,0,34
455859,25,158,11,147
455859,40,158,11,147
455868,1,43,12,31
455868,2,43,12,31
455868,3,43,12,31
455868,4,25,6,19
455868,5,18,6,12
455868,20,18,6,12
455868,21,43,12,31
455868,22,43,12,31
455868,23,43,12,31
455868,24,25,6,19
455868,25,18,6,12
455868,40,18,6,12
455877,1,183,12,171
455877,2,183,12,171
455877,3,183,12,171
455877,4,106,8,98
455877,5,77,4,73
455877,20,77,4,73
455877,21,183,12,171
455877,22,183,12,171
455877,23,183,12,171
455877,24,106,8,98
455877,25,77,4,73
455877,40,77,4,73
455886,1,150,7,143
455886,2,150,7,143
455886,3,150,7,143
455886,4,19,0,19
455886,5,131,7,124
455886,20,131,7,124
455886,21,95,5,90
455886,22,95,5,90
455886,23,95,5,90
455886,24,15,0,15
455886,25,80,5,75
455886,40,80,5,75
455886,41,55,2,53
455886,42,55,2,53
455886,43,55,2,53
455886,44,4,0,4
455886,45,51,2,49
455886,60,51,2,49
455895,1,165,2,163
455895,2,165,2,163
455895,3,165,2,163
455895,4,14,0,14
455895,5,151,2,149
455895,20,151,2,149
455895,21,107,2,105
455895,22,107,2,105
455895,23,107,2,105
455895,24,11,0,11
455895,25,96,2,94
455895,40,96,2,94
455895,41,58,0,58
455895,42,58,0,58
455895,43,58,0,58
455895,44,3,0,3
455895,45,55,0,55
455895,60,55,0,55
455901,1,216,12,204
455901,2,216,12,204
455901,3,216,12,204
455901,4,31,2,29
455901,5,185,10,175
455901,20,185,10,175
455901,21,216,12,204
455901,22,216,12,204
455901,23,216,12,204
455901,24,31,2,29
455901,25,185,10,175
455901,40,185,10,175
455910,1,58,13,45
455910,2,58,13,45
455910,3,58,13,45
455910,4,26,6,20
455910,5,32,7,25
455910,20,32,7,25
455910,21,58,13,45
455910,22,58,13,45
455910,23,58,13,45
455910,24,26,6,20
455910,25,32,7,25
455910,40,32,7,25
455929,1,55,4,51
455929,2,55,4,51
455929,3,55,4,51
455929,4,23,0,23
455929,5,32,4,28
455929,20,32,4,28
455929,21,28,4,24
455929,22,28,4,24
455929,23,28,4,24
455929,24,12,0,12
455929,25,16,4,12
455929,40,16,4,12
455929,41,27,0,27
455929,42,27,0,27
455929,43,27,0,27
455929,44,11,0,11
455929,45,16,0,16
455929,60,16,0,16
455938,1,15,0,15
455938,2,15,0,15
455938,3,15,0,15
455938,4,5,0,5
455938,5,10,0,10
455938,20,10,0,10
455938,21,15,0,15
455938,22,15,0,15
455938,23,15,0,15
455938,24,5,0,5
455938,25,10,0,10
455938,40,10,0,10
455947,1,138,9,129
455947,2,138,9,129
455947,3,138,9,129
455947,4,129,7,122
455947,5,9,2,7
455947,20,9,2,7
455947,21,118,7,111
455947,22,118,7,111
455947,23,118,7,111
455947,24,113,5,108
455947,25,5,2,3
455947,40,5,2,3
455947,41,20,2,18
455947,42,20,2,18
455947,43,20,2,18
455947,44,16,2,14
455947,45,4,0,4
455947,60,4,0,4
455956,1,109,27,82
455956,2,109,27,82
455956,3,109,27,82
455956,4,65,17,48
455956,5,44,10,34
455956,20,44,10,34
455956,21,109,27,82
455956,22,109,27,82
455956,23,109,27,82
455956,24,65,17,48
455956,25,44,10,34
455956,40,44,10,34
455965,1,139,9,130
455965,2,139,9,130
455965,3,139,9,130
455965,4,36,2,34
455965,5,103,7,96
455965,20,103,7,96
455965,21,139,9,130
455965,22,139,9,130
455965,23,139,9,130
455965,24,36,2,34
455965,25,103,7,96
455965,40,103,7,96
455974,1,136,16,120
455974,2,136,16,120
455974,3,136,16,120
455974,4,101,9,92
455974,5,35,7,28
455974,20,35,7,28
455974,21,136,16,120
455974,22,136,16,120
455974,23,136,16,120
455974,24,101,9,92
455974,25,35,7,28
455974,40,35,7,28
455983,1,310,131,179
455983,2,310,131,179
455983,3,297,126,171
455983,4,196,79,117
455983,5,101,47,54
455983,11,13,5,8
455983,19,17,10,7
455983,20,84,37,47
455983,21,266,114,152
455983,22,266,114,152
455983,23,253,109,144
455983,24,168,68,100
455983,25,85,41,44
455983,31,13,5,8
455983,39,17,10,7
455983,40,68,31,37
455983,41,44,17,27
455983,42,44,17,27
455983,43,44,17,27
455983,44,28,11,17
455983,45,16,6,10
455983,60,16,6,10
455992,1,359,110,249
455992,12,359,110,249
455992,21,359,110,249
455992,32,359,110,249
456001,1,53,51,2
456001,2,53,51,2
456001,3,53,51,2
456001,4,41,40,1
456001,5,12,11,1
456001,20,12,11,1
456001,21,53,51,2
456001,22,53,51,2
456001,23,53,51,2
456001,24,41,40,1
456001,25,12,11,1
456001,40,12,11,1
456010,1,244,110,134
456010,2,244,110,134
456010,3,243,110,133
456010,4,24,14,10
456010,5,219,96,123
456010,11,1,0,1
456010,19,42,17,25
456010,20,177,79,98
456010,21,185,87,98
456010,22,185,87,98
456010,23,185,87,98
456010,24,18,12,6
456010,25,167,75,92
456010,39,30,12,18
456010,40,137,63,74
456010,41,59,23,36
456010,42,59,23,36
456010,43,58,23,35
456010,44,6,2,4
456010,45,52,21,31
456010,51,1,0,1
456010,59,12,5,7
456010,60,40,16,24
456029,1,143,12,131
456029,2,143,12,131
456029,3,143,12,131
456029,4,18,0,18
456029,5,125,12,113
456029,20,125,12,113
456029,21,143,12,131
456029,22,143,12,131
456029,23,143,12,131
456029,24,18,0,18
456029,25,125,12,113
456029,40,125,12,113
456038,1,511,65,446
456038,2,511,65,446
456038,3,511,65,446
456038,4,230,28,202
456038,5,281,37,244
456038,20,281,37,244
456038,21,511,65,446
456038,22,511,65,446
456038,23,511,65,446
456038,24,230,28,202
456038,25,281,37,244
456038,40,281,37,244
456056,1,425,55,370
456056,2,425,55,370
456056,3,425,55,370
456056,4,206,21,185
456056,5,219,34,185
456056,20,219,34,185
456056,21,316,46,270
456056,22,316,46,270
456056,23,316,46,270
456056,24,173,20,153
456056,25,143,26,117
456056,40,143,26,117
456056,41,109,9,100
456056,42,109,9,100
456056,43,109,9,100
456056,44,33,1,32
456056,45,76,8,68
456056,60,76,8,68
456065,1,181,6,175
456065,2,181,6,175
456065,3,181,6,175
456065,4,30,2,28
456065,5,151,4,147
456065,20,151,4,147
456065,21,131,6,125
456065,22,131,6,125
456065,23,131,6,125
456065,24,26,2,24
456065,25,105,4,101
456065,40,105,4,101
456065,41,50,0,50
456065,42,50,0,50
456065,43,50,0,50
456065,44,4,0,4
456065,45,46,0,46
456065,60,46,0,46
456074,1,216,7,209
456074,2,216,7,209
456074,3,216,7,209
456074,4,28,3,25
456074,5,188,4,184
456074,20,188,4,184
456074,21,164,2,162
456074,22,164,2,162
456074,23,164,2,162
456074,24,20,1,19
456074,25,144,1,143
456074,40,144,1,143
456074,41,52,5,47
456074,42,52,5,47
456074,43,52,5,47
456074,44,8,2,6
456074,45,44,3,41
456074,60,44,3,41
456092,1,131,10,121
456092,2,131,10,121
456092,3,131,10,121
456092,4,24,1,23
456092,5,107,9,98
456092,20,107,9,98
456092,21,80,5,75
456092,22,80,5,75
456092,23,80,5,75
456092,24,12,1,11
456092,25,68,4,64
456092,40,68,4,64
456092,41,51,5,46
456092,42,51,5,46
456092,43,51,5,46
456092,44,12,0,12
456092,45,39,5,34
456092,60,39,5,34
456117,1,106,21,85
456117,2,106,21,85
456117,3,106,21,85
456117,4,28,7,21
456117,5,78,14,64
456117,20,78,14,64
456117,21,64,15,49
456117,22,64,15,49
456117,23,64,15,49
456117,24,15,4,11
456117,25,49,11,38
456117,40,49,11,38
456117,41,42,6,36
456117,42,42,6,36
456117,43,42,6,36
456117,44,13,3,10
456117,45,29,3,26
456117,60,29,3,26
456126,1,101,6,95
456126,2,101,6,95
456126,3,101,6,95
456126,4,44,4,40
456126,5,57,2,55
456126,20,57,2,55
456126,21,78,5,73
456126,22,78,5,73
456126,23,78,5,73
456126,24,33,3,30
456126,25,45,2,43
456126,40,45,2,43
456126,41,23,1,22
456126,42,23,1,22
456126,43,23,1,22
456126,44,11,1,10
456126,45,12,0,12
456126,60,12,0,12
456135,1,110,4,106
456135,2,110,4,106
456135,3,110,4,106
456135,4,27,0,27
456135,5,83,4,79
456135,20,83,4,79
456135,21,78,2,76
456135,22,78,2,76
456135,23,78,2,76
456135,24,22,0,22
456135,25,56,2,54
456135,40,56,2,54
456135,41,32,2,30
456135,42,32,2,30
456135,43,32,2,30
456135,44,5,0,5
456135,45,27,2,25
456135,60,27,2,25
456144,1,87,77,10
456144,2,87,77,10
456144,3,87,77,10
456144,4,77,67,10
456144,5,10,10,0
456144,20,10,10,0
456144,21,87,77,10
456144,22,87,77,10
456144,23,87,77,10
456144,24,77,67,10
456144,25,10,10,0
456144,40,10,10,0
456153,1,126,115,11
456153,2,126,115,11
456153,3,126,115,11
456153,4,120,110,10
456153,5,6,5,1
456153,20,6,5,1
456153,21,126,115,11
456153,22,126,115,11
456153,23,126,115,11
456153,24,120,110,10
456153,25,6,5,1
456153,40,6,5,1
456180,1,271,46,225
456180,2,271,46,225
456180,3,271,46,225
456180,4,22,2,20
456180,5,249,44,205
456180,19,29,2,27
456180,20,220,42,178
456180,21,271,46,225
456180,22,271,46,225
456180,23,271,46,225
456180,24,22,2,20
456180,25,249,44,205
456180,39,29,2,27
456180,40,220,42,178
456205,1,459,42,417
456205,2,459,42,417
456205,3,459,42,417
456205,4,115,13,102
456205,5,344,29,315
456205,19,54,6,48
456205,20,290,23,267
456205,21,285,25,260
456205,22,285,25,260
456205,23,285,25,260
456205,24,87,11,76
456205,25,198,14,184
456205,39,29,4,25
456205,40,169,10,159
456205,41,174,17,157
456205,42,174,17,157
456205,43,174,17,157
456205,44,28,2,26
456205,45,146,15,131
456205,59,25,2,23
456205,60,121,13,108
456214,1,169,71,98
456214,2,169,71,98
456214,3,169,71,98
456214,4,145,60,85
456214,5,24,11,13
456214,20,24,11,13
456214,21,169,71,98
456214,22,169,71,98
456214,23,169,71,98
456214,24,145,60,85
456214,25,24,11,13
456214,40,24,11,13
456250,1,149,7,142
456250,2,149,7,142
456250,3,149,7,142
456250,4,26,1,25
456250,5,123,6,117
456250,20,123,6,117
456250,21,104,5,99
456250,22,104,5,99
456250,23,104,5,99
456250,24,22,1,21
456250,25,82,4,78
456250,40,82,4,78
456250,41,45,2,43
456250,42,45,2,43
456250,43,45,2,43
456250,44,4,0,4
456250,45,41,2,39
456250,60,41,2,39
456278,1,60,10,50
456278,2,60,10,50
456278,3,60,10,50
456278,5,60,10,50
456278,20,60,10,50
456278,21,60,10,50
456278,22,60,10,50
456278,23,60,10,50
456278,25,60,10,50
456278,40,60,10,50
456287,1,114,2,112
456287,2,114,2,112
456287,3,114,2,112
456287,4,24,1,23
456287,5,90,1,89
456287,20,90,1,89
456287,21,114,2,112
456287,22,114,2,112
456287,23,114,2,112
456287,24,24,1,23
456287,25,90,1,89
456287,40,90,1,89
456296,1,1251,648,603
456296,2,1251,648,603
456296,3,1251,648,603
456296,4,136,86,50
456296,5,1115,562,553
456296,19,154,74,80
456296,20,961,488,473
456296,21,1112,572,540
456296,22,1112,572,540
456296,23,1112,572,540
456296,24,125,78,47
456296,25,987,494,493
456296,39,143,69,74
456296,40,844,425,419
456296,41,139,76,63
456296,42,139,76,63
456296,43,139,76,63
456296,44,11,8,3
456296,45,128,68,60
456296,59,11,5,6
456296,60,117,63,54
456302,1,302,151,151
456302,2,302,151,151
456302,3,302,151,151
456302,4,73,33,40
456302,5,229,118,111
456302,20,229,118,111
456302,21,302,151,151
456302,22,302,151,151
456302,23,302,151,151
456302,24,73,33,40
456302,25,229,118,111
456302,40,229,118,111
456311,1,274,59,215
456311,2,274,59,215
456311,3,274,59,215
456311,4,66,16,50
456311,5,208,43,165
456311,19,33,7,26
456311,20,175,36,139
456311,21,266,57,209
456311,22,266,57,209
456311,23,266,57,209
456311,24,66,16,50
456311,25,200,41,159
456311,39,33,7,26
456311,40,167,34,133
456311,41,8,2,6
456311,42,8,2,6
456311,43,8,2,6
456311,45,8,2,6
456311,60,8,2,6
456320,1,390,69,321
456320,2,390,69,321
456320,3,390,69,321
456320,4,81,15,66
456320,5,309,54,255
456320,19,21,3,18
456320,20,288,51,237
456320,21,390,69,321
456320,22,390,69,321
456320,23,390,69,321
456320,24,81,15,66
456320,25,309,54,255
456320,39,21,3,18
456320,40,288,51,237
456339,1,413,84,329
456339,2,413,84,329
456339,3,413,84,329
456339,4,102,27,75
456339,5,311,57,254
456339,20,311,57,254
456339,21,413,84,329
456339,22,413,84,329
456339,23,413,84,329
456339,24,102,27,75
456339,25,311,57,254
456339,40,311,57,254
456348,1,11746,2987,8759
456348,2,8938,2212,6726
456348,3,8917,2204,6713
456348,4,867,335,532
456348,5,8050,1869,6181
456348,11,21,8,13
456348,12,2808,775,2033
456348,19,976,262,714
456348,20,7074,1607,5467
456348,21,11746,2987,8759
456348,22,8938,2212,6726
456348,23,8917,2204,6713
456348,24,867,335,532
456348,25,8050,1869,6181
456348,31,21,8,13
456348,32,2808,775,2033
456348,39,976,262,714
456348,40,7074,1607,5467
456357,1,551,30,521
456357,2,551,30,521
456357,3,551,30,521
456357,4,79,6,73
456357,5,472,24,448
456357,20,472,24,448
456357,21,551,30,521
456357,22,551,30,521
456357,23,551,30,521
456357,24,79,6,73
456357,25,472,24,448
456357,40,472,24,448
456366,1,357,23,334
456366,2,357,23,334
456366,3,357,23,334
456366,4,62,4,58
456366,5,295,19,276
456366,19,2,0,2
456366,20,293,19,274
456366,21,357,23,334
456366,22,357,23,334
456366,23,357,23,334
456366,24,62,4,58
456366,25,295,19,276
456366,39,2,0,2
456366,40,293,19,274
456375,1,180,18,162
456375,2,180,18,162
456375,3,180,18,162
456375,4,52,4,48
456375,5,128,14,114
456375,20,128,14,114
456375,21,180,18,162
456375,22,180,18,162
456375,23,180,18,162
456375,24,52,4,48
456375,25,128,14,114
456375,40,128,14,114
456393,1,231,169,62
456393,2,231,169,62
456393,3,231,169,62
456393,4,85,60,25
456393,5,146,109,37
456393,19,2,0,2
456393,20,144,109,35
456393,21,185,135,50
456393,22,185,135,50
456393,23,185,135,50
456393,24,81,56,25
456393,25,104,79,25
456393,39,2,0,2
456393,40,102,79,23
456393,41,46,34,12
456393,42,46,34,12
456393,43,46,34,12
456393,44,4,4,0
456393,45,42,30,12
456393,60,42,30,12
456409,1,206,167,39
456409,2,206,167,39
456409,3,206,167,39
456409,4,46,37,9
456409,5,160,130,30
456409,19,5,3,2
456409,20,155,127,28
456409,21,158,128,30
456409,22,158,128,30
456409,23,158,128,30
456409,24,41,33,8
456409,25,117,95,22
456409,39,3,1,2
456409,40,114,94,20
456409,41,48,39,9
456409,42,48,39,9
456409,43,48,39,9
456409,44,5,4,1
456409,45,43,35,8
456409,59,2,2,0
456409,60,41,33,8
456418,1,263,136,127
456418,2,263,136,127
456418,3,263,136,127
456418,4,34,29,5
456418,5,229,107,122
456418,19,2,1,1
456418,20,227,106,121
456418,21,202,113,89
456418,22,202,113,89
456418,23,202,113,89
456418,24,32,27,5
456418,25,170,86,84
456418,39,2,1,1
456418,40,168,85,83
456418,41,61,23,38
456418,42,61,23,38
456418,43,61,23,38
456418,44,2,2,0
456418,45,59,21,38
456418,60,59,21,38
456427,1,258,237,21
456427,2,258,237,21
456427,3,258,237,21
456427,4,24,23,1
456427,5,234,214,20
456427,19,2,2,0
456427,20,232,212,20
456427,21,208,190,18
456427,22,208,190,18
456427,23,208,190,18
456427,24,21,20,1
456427,25,187,170,17
456427,39,2,2,0
456427,40,185,168,17
456427,41,50,47,3
456427,42,50,47,3
456427,43,50,47,3
456427,44,3,3,0
456427,45,47,44,3
456427,60,47,44,3
456436,1,339,187,152
456436,2,339,187,152
456436,3,339,187,152
456436,4,49,34,15
456436,5,290,153,137
456436,19,8,2,6
456436,20,282,151,131
456436,21,224,132,92
456436,22,224,132,92
456436,23,224,132,92
456436,24,44,30,14
456436,25,180,102,78
456436,39,2,0,2
456436,40,178,102,76
456436,41,115,55,60
456436,42,115,55,60
456436,43,115,55,60
456436,44,5,4,1
456436,45,110,51,59
456436,59,6,2,4
456436,60,104,49,55
456445,1,416,304,112
456445,2,416,304,112
456445,3,416,304,112
456445,4,78,55,23
456445,5,338,249,89
456445,19,5,3,2
456445,20,333,246,87
456445,21,321,244,77
456445,22,321,244,77
456445,23,321,244,77
456445,24,65,48,17
456445,25,256,196,60
456445,39,3,2,1
456445,40,253,194,59
456445,41,95,60,35
456445,42,95,60,35
456445,43,95,60,35
456445,44,13,7,6
456445,45,82,53,29
456445,59,2,1,1
456445,60,80,52,28
456454,1,333,91,242
456454,2,333,91,242
456454,3,333,91,242
456454,4,28,16,12
456454,5,305,75,230
456454,19,39,9,30
456454,20,266,66,200
456454,21,333,91,242
456454,22,333,91,242
456454,23,333,91,242
456454,24,28,16,12
456454,25,305,75,230
456454,39,39,9,30
456454,40,266,66,200
456481,1,120,58,62
456481,2,63,26,37
456481,3,63,26,37
456481,4,3,0,3
456481,5,60,26,34
456481,12,57,32,25
456481,19,5,1,4
456481,20,55,25,30
456481,21,59,26,33
456481,22,19,4,15
456481,23,19,4,15
456481,24,2,0,2
456481,25,17,4,13
456481,32,40,22,18
456481,39,1,0,1
456481,40,16,4,12
456481,41,61,32,29
456481,42,44,22,22
456481,43,44,22,22
456481,44,1,0,1
456481,45,43,22,21
456481,52,17,10,7
456481,59,4,1,3
456481,60,39,21,18
456490,1,125,82,43
456490,2,82,53,29
456490,3,82,53,29
456490,4,1,1,0
456490,5,81,52,29
456490,12,43,29,14
456490,19,4,2,2
456490,20,77,50,27
456490,21,32,20,12
456490,22,17,10,7
456490,23,17,10,7
456490,24,1,1,0
456490,25,16,9,7
456490,32,15,10,5
456490,39,1,1,0
456490,40,15,8,7
456490,41,93,62,31
456490,42,65,43,22
456490,43,65,43,22
456490,45,65,43,22
456490,52,28,19,9
456490,59,3,1,2
456490,60,62,42,20
456506,1,138,8,130
456506,2,138,8,130
456506,3,138,8,130
456506,4,40,1,39
456506,5,98,7,91
456506,20,98,7,91
456506,21,138,8,130
456506,22,138,8,130
456506,23,138,8,130
456506,24,40,1,39
456506,25,98,7,91
456506,40,98,7,91
456515,1,136,7,129
456515,2,136,7,129
456515,3,136,7,129
456515,4,57,5,52
456515,5,79,2,77
456515,20,79,2,77
456515,21,136,7,129
456515,22,136,7,129
456515,23,136,7,129
456515,24,57,5,52
456515,25,79,2,77
456515,40,79,2,77
456542,1,364,195,169
456542,12,364,195,169
456542,21,364,195,169
456542,32,364,195,169
456551,1,42,0,42
456551,2,42,0,42
456551,3,42,0,42
456551,4,18,0,18
456551,5,24,0,24
456551,20,24,0,24
456551,21,42,0,42
456551,22,42,0,42
456551,23,42,0,42
456551,24,18,0,18
456551,25,24,0,24
456551,40,24,0,24
456560,1,183,119,64
456560,2,183,119,64
456560,3,57,33,24
456560,4,30,22,8
456560,5,27,11,16
456560,11,126,86,40
456560,20,27,11,16
456560,21,41,18,23
456560,22,41,18,23
456560,23,41,18,23
456560,24,19,12,7
456560,25,22,6,16
456560,40,22,6,16
456560,41,142,101,41
456560,42,142,101,41
456560,43,16,15,1
456560,44,11,10,1
456560,45,5,5,0
456560,51,126,86,40
456560,60,5,5,0
456588,1,54,2,52
456588,2,54,2,52
456588,3,54,2,52
456588,4,6,0,6
456588,5,48,2,46
456588,20,48,2,46
456588,21,54,2,52
456588,22,54,2,52
456588,23,54,2,52
456588,24,6,0,6
456588,25,48,2,46
456588,40,48,2,46
456597,1,93,1,92
456597,2,93,1,92
456597,3,93,1,92
456597,4,32,0,32
456597,5,61,1,60
456597,20,61,1,60
456597,21,93,1,92
456597,22,93,1,92
456597,23,93,1,92
456597,24,32,0,32
456597,25,61,1,60
456597,40,61,1,60
456612,1,637,193,444
456612,2,637,193,444
456612,3,637,193,444
456612,4,102,25,77
456612,5,535,168,367
456612,19,125,34,91
456612,20,410,134,276
456612,21,637,193,444
456612,22,637,193,444
456612,23,637,193,444
456612,24,102,25,77
456612,25,535,168,367
456612,39,125,34,91
456612,40,410,134,276
456621,1,210,75,135
456621,2,177,64,113
456621,3,177,64,113
456621,4,22,7,15
456621,5,155,57,98
456621,12,33,11,22
456621,19,17,6,11
456621,20,138,51,87
456621,21,15,9,6
456621,22,13,9,4
456621,23,13,9,4
456621,25,13,9,4
456621,32,2,0,2
456621,39,1,1,0
456621,40,12,8,4
456621,41,195,66,129
456621,42,164,55,109
456621,43,164,55,109
456621,44,22,7,15
456621,45,142,48,94
456621,52,31,11,20
456621,59,16,5,11
456621,60,126,43,83
456630,1,103,47,56
456630,2,71,32,39
456630,3,70,31,39
456630,4,11,5,6
456630,5,59,26,33
456630,11,1,1,0
456630,12,32,15,17
456630,19,2,1,1
456630,20,57,25,32
456630,21,22,14,8
456630,22,14,9,5
456630,23,14,9,5
456630,24,1,0,1
456630,25,13,9,4
456630,32,8,5,3
456630,39,1,1,0
456630,40,12,8,4
456630,41,81,33,48
456630,42,57,23,34
456630,43,56,22,34
456630,44,10,5,5
456630,45,46,17,29
456630,51,1,1,0
456630,52,24,10,14
456630,59,1,0,1
456630,60,45,17,28
456667,1,950,309,641
456667,2,727,246,481
456667,3,724,244,480
456667,4,123,41,82
456667,5,601,203,398
456667,11,3,2,1
456667,12,223,63,160
456667,19,104,24,80
456667,20,497,179,318
456667,21,76,29,47
456667,22,39,21,18
456667,23,39,21,18
456667,24,1,1,0
456667,25,38,20,18
456667,32,37,8,29
456667,39,3,1,2
456667,40,35,19,16
456667,41,874,280,594
456667,42,688,225,463
456667,43,685,223,462
456667,44,122,40,82
456667,45,563,183,380
456667,51,3,2,1
456667,52,186,55,131
456667,59,101,23,78
456667,60,462,160,302
456719,1,85,1,84
456719,2,85,1,84
456719,3,85,1,84
456719,4,24,0,24
456719,5,61,1,60
456719,20,61,1,60
456719,21,85,1,84
456719,22,85,1,84
456719,23,85,1,84
456719,24,24,0,24
456719,25,61,1,60
456719,40,61,1,60
456728,1,39,3,36
456728,2,39,3,36
456728,3,39,3,36
456728,4,11,0,11
456728,5,28,3,25
456728,20,28,3,25
456728,21,27,2,25
456728,22,27,2,25
456728,23,27,2,25
456728,24,8,0,8
456728,25,19,2,17
456728,40,19,2,17
456728,41,12,1,11
456728,42,12,1,11
456728,43,12,1,11
456728,44,3,0,3
456728,45,9,1,8
456728,60,9,1,8
456737,1,102,7,95
456737,2,102,7,95
456737,3,102,7,95
456737,4,43,2,41
456737,5,59,5,54
456737,20,59,5,54
456737,21,102,7,95
456737,22,102,7,95
456737,23,102,7,95
456737,24,43,2,41
456737,25,59,5,54
456737,40,59,5,54
456746,1,102,6,96
456746,2,102,6,96
456746,3,102,6,96
456746,4,32,2,30
456746,5,70,4,66
456746,20,70,4,66
456746,21,72,4,68
456746,22,72,4,68
456746,23,72,4,68
456746,24,25,1,24
456746,25,47,3,44
456746,40,47,3,44
456746,41,30,2,28
456746,42,30,2,28
456746,43,30,2,28
456746,44,7,1,6
456746,45,23,1,22
456746,60,23,1,22
456755,1,40,2,38
456755,2,40,2,38
456755,3,40,2,38
456755,4,14,1,13
456755,5,26,1,25
456755,20,26,1,25
456755,21,28,2,26
456755,22,28,2,26
456755,23,28,2,26
456755,24,11,1,10
456755,25,17,1,16
456755,40,17,1,16
456755,41,12,0,12
456755,42,12,0,12
456755,43,12,0,12
456755,44,3,0,3
456755,45,9,0,9
456755,60,9,0,9
456764,1,96,4,92
456764,2,96,4,92
456764,3,96,4,92
456764,4,38,1,37
456764,5,58,3,55
456764,20,58,3,55
456764,21,68,3,65
456764,22,68,3,65
456764,23,68,3,65
456764,24,31,1,30
456764,25,37,2,35
456764,40,37,2,35
456764,41,28,1,27
456764,42,28,1,27
456764,43,28,1,27
456764,44,7,0,7
456764,45,21,1,20
456764,60,21,1,20
456773,1,54,3,51
456773,2,54,3,51
456773,3,54,3,51
456773,4,16,1,15
456773,5,38,2,36
456773,20,38,2,36
456773,21,54,3,51
456773,22,54,3,51
456773,23,54,3,51
456773,24,16,1,15
456773,25,38,2,36
456773,40,38,2,36
456782,1,291,77,214
456782,2,291,77,214
456782,3,285,76,209
456782,4,21,4,17
456782,5,264,72,192
456782,11,6,1,5
456782,19,49,12,37
456782,20,215,60,155
456782,21,196,59,137
456782,22,196,59,137
456782,23,196,59,137
456782,24,18,4,14
456782,25,178,55,123
456782,39,41,12,29
456782,40,137,43,94
456782,41,95,18,77
456782,42,95,18,77
456782,43,89,17,72
456782,44,3,0,3
456782,45,86,17,69
456782,51,6,1,5
456782,59,8,0,8
456782,60,78,17,61
456791,1,845,147,698
456791,2,845,147,698
456791,3,845,147,698
456791,4,112,24,88
456791,5,733,123,610
456791,19,145,21,124
456791,20,588,102,486
456791,21,845,147,698
456791,22,845,147,698
456791,23,845,147,698
456791,24,112,24,88
456791,25,733,123,610
456791,39,145,21,124
456791,40,588,102,486
456807,1,171,35,136
456807,2,171,35,136
456807,3,165,35,130
456807,4,23,2,21
456807,5,142,33,109
456807,11,6,0,6
456807,19,34,7,27
456807,20,108,26,82
456807,21,139,30,109
456807,22,139,30,109
456807,23,137,30,107
456807,24,23,2,21
456807,25,114,28,86
456807,31,2,0,2
456807,39,32,6,26
456807,40,82,22,60
456807,41,32,5,27
456807,42,32,5,27
456807,43,28,5,23
456807,45,28,5,23
456807,51,4,0,4
456807,59,2,1,1
456807,60,26,4,22
456816,1,221,43,178
456816,2,221,43,178
456816,3,215,42,173
456816,4,31,7,24
456816,5,184,35,149
456816,11,6,1,5
456816,19,32,10,22
456816,20,152,25,127
456816,21,161,35,126
456816,22,161,35,126
456816,23,159,35,124
456816,24,30,6,24
456816,25,129,29,100
456816,31,2,0,2
456816,39,31,9,22
456816,40,98,20,78
456816,41,60,8,52
456816,42,60,8,52
456816,43,56,7,49
456816,44,1,1,0
456816,45,55,6,49
456816,51,4,1,3
456816,59,1,1,0
456816,60,54,5,49
456825,1,106,8,98
456825,2,106,8,98
456825,3,106,8,98
456825,4,24,1,23
456825,5,82,7,75
456825,20,82,7,75
456825,21,106,8,98
456825,22,106,8,98
456825,23,106,8,98
456825,24,24,1,23
456825,25,82,7,75
456825,40,82,7,75
456834,1,237,127,110
456834,2,126,64,62
456834,3,126,64,62
456834,4,8,6,2
456834,5,118,58,60
456834,12,111,63,48
456834,19,35,17,18
456834,20,83,41,42
456834,21,158,82,76
456834,22,102,53,49
456834,23,102,53,49
456834,24,7,5,2
456834,25,95,48,47
456834,32,56,29,27
456834,39,33,15,18
456834,40,62,33,29
456834,41,79,45,34
456834,42,24,11,13
456834,43,24,11,13
456834,44,1,1,0
456834,45,23,10,13
456834,52,55,34,21
456834,59,2,2,0
456834,60,21,8,13
456852,1,578,193,385
456852,2,578,193,385
456852,3,578,193,385
456852,4,74,21,53
456852,5,504,172,332
456852,19,57,17,40
456852,20,447,155,292
456852,21,578,193,385
456852,22,578,193,385
456852,23,578,193,385
456852,24,74,21,53
456852,25,504,172,332
456852,39,57,17,40
456852,40,447,155,292
456861,1,655,110,545
456861,2,655,110,545
456861,3,655,110,545
456861,4,196,32,164
456861,5,459,78,381
456861,20,459,78,381
456861,21,655,110,545
456861,22,655,110,545
456861,23,655,110,545
456861,24,196,32,164
456861,25,459,78,381
456861,40,459,78,381
456922,1,278,75,203
456922,2,278,75,203
456922,3,278,75,203
456922,4,103,26,77
456922,5,175,49,126
456922,20,175,49,126
456922,21,278,75,203
456922,22,278,75,203
456922,23,278,75,203
456922,24,103,26,77
456922,25,175,49,126
456922,40,175,49,126
456931,1,268,125,143
456931,2,268,125,143
456931,3,268,125,143
456931,4,104,48,56
456931,5,164,77,87
456931,20,164,77,87
456931,21,268,125,143
456931,22,268,125,143
456931,23,268,125,143
456931,24,104,48,56
456931,25,164,77,87
456931,40,164,77,87
456940,1,441,226,215
456940,2,441,226,215
456940,3,441,226,215
456940,4,43,28,15
456940,5,398,198,200
456940,19,46,19,27
456940,20,352,179,173
456940,21,441,226,215
456940,22,441,226,215
456940,23,441,226,215
456940,24,43,28,15
456940,25,398,198,200
456940,39,46,19,27
456940,40,352,179,173
456959,1,495,143,352
456959,2,495,143,352
456959,3,477,132,345
456959,4,155,42,113
456959,5,322,90,232
456959,11,18,11,7
456959,19,39,5,34
456959,20,283,85,198
456959,21,467,130,337
456959,22,467,130,337
456959,23,466,129,337
456959,24,155,42,113
456959,25,311,87,224
456959,31,1,1,0
456959,39,39,5,34
456959,40,272,82,190
456959,41,28,13,15
456959,42,28,13,15
456959,43,11,3,8
456959,45,11,3,8
456959,51,17,10,7
456959,60,11,3,8
456968,1,179,5,174
456968,2,179,5,174
456968,3,179,5,174
456968,4,15,2,13
456968,5,164,3,161
456968,20,164,3,161
456968,21,151,3,148
456968,22,151,3,148
456968,23,151,3,148
456968,24,11,1,10
456968,25,140,2,138
456968,40,140,2,138
456968,41,28,2,26
456968,42,28,2,26
456968,43,28,2,26
456968,44,4,1,3
456968,45,24,1,23
456968,60,24,1,23
456977,1,174,34,140
456977,2,174,34,140
456977,3,174,34,140
456977,4,44,9,35
456977,5,130,25,105
456977,20,130,25,105
456977,21,174,34,140
456977,22,174,34,140
456977,23,174,34,140
456977,24,44,9,35
456977,25,130,25,105
456977,40,130,25,105
457004,1,99,33,66
457004,2,99,33,66
457004,3,99,33,66
457004,4,6,4,2
457004,5,93,29,64
457004,19,14,2,12
457004,20,79,27,52
457004,21,67,21,46
457004,22,67,21,46
457004,23,67,21,46
457004,24,4,3,1
457004,25,63,18,45
457004,39,12,2,10
457004,40,51,16,35
457004,41,32,12,20
457004,42,32,12,20
457004,43,32,12,20
457004,44,2,1,1
457004,45,30,11,19
457004,59,2,0,2
457004,60,28,11,17
457022,1,205,44,161
457022,2,205,44,161
457022,3,205,44,161
457022,4,40,10,30
457022,5,165,34,131
457022,20,165,34,131
457022,21,137,32,105
457022,22,137,32,105
457022,23,137,32,105
457022,24,31,8,23
457022,25,106,24,82
457022,40,106,24,82
457022,41,68,12,56
457022,42,68,12,56
457022,43,68,12,56
457022,44,9,2,7
457022,45,59,10,49
457022,60,59,10,49
457031,1,49,0,49
457031,2,49,0,49
457031,3,49,0,49
457031,4,7,0,7
457031,5,42,0,42
457031,20,42,0,42
457031,21,49,0,49
457031,22,49,0,49
457031,23,49,0,49
457031,24,7,0,7
457031,25,42,0,42
457031,40,42,0,42
457077,1,411,21,390
457077,2,411,21,390
457077,3,411,21,390
457077,4,118,7,111
457077,5,293,14,279
457077,20,293,14,279
457077,21,411,21,390
457077,22,411,21,390
457077,23,411,21,390
457077,24,118,7,111
457077,25,293,14,279
457077,40,293,14,279
457086,1,166,35,131
457086,2,166,35,131
457086,3,166,35,131
457086,4,14,6,8
457086,5,152,29,123
457086,20,152,29,123
457086,21,117,31,86
457086,22,117,31,86
457086,23,117,31,86
457086,24,12,6,6
457086,25,105,25,80
457086,40,105,25,80
457086,41,49,4,45
457086,42,49,4,45
457086,43,49,4,45
457086,44,2,0,2
457086,45,47,4,43
457086,60,47,4,43
457101,1,255,94,161
457101,2,255,94,161
457101,3,255,94,161
457101,4,28,10,18
457101,5,227,84,143
457101,19,56,23,33
457101,20,171,61,110
457101,21,224,77,147
457101,22,224,77,147
457101,23,224,77,147
457101,24,28,10,18
457101,25,196,67,129
457101,39,36,13,23
457101,40,160,54,106
457101,41,31,17,14
457101,42,31,17,14
457101,43,31,17,14
457101,45,31,17,14
457101,59,20,10,10
457101,60,11,7,4
457110,1,333,55,278
457110,2,333,55,278
457110,3,333,55,278
457110,4,9,0,9
457110,5,324,55,269
457110,19,46,12,34
457110,20,278,43,235
457110,21,254,40,214
457110,22,254,40,214
457110,23,254,40,214
457110,24,8,0,8
457110,25,246,40,206
457110,39,19,4,15
457110,40,227,36,191
457110,41,79,15,64
457110,42,79,15,64
457110,43,79,15,64
457110,44,1,0,1
457110,45,78,15,63
457110,59,27,8,19
457110,60,51,7,44
457129,1,649,88,561
457129,2,649,88,561
457129,3,649,88,561
457129,4,2,1,1
457129,5,647,87,560
457129,19,246,33,213
457129,20,401,54,347
457129,21,339,46,293
457129,22,339,46,293
457129,23,339,46,293
457129,24,2,1,1
457129,25,337,45,292
457129,39,110,14,96
457129,40,227,31,196
457129,41,310,42,268
457129,42,310,42,268
457129,43,310,42,268
457129,45,310,42,268
457129,59,136,19,117
457129,60,174,23,151
457174,1,336,26,310
457174,2,336,26,310
457174,3,336,26,310
457174,4,126,9,117
457174,5,210,17,193
457174,20,210,17,193
457174,21,336,26,310
457174,22,336,26,310
457174,23,336,26,310
457174,24,126,9,117
457174,25,210,17,193
457174,40,210,17,193
457183,1,100,17,83
457183,2,100,17,83
457183,3,100,17,83
457183,5,100,17,83
457183,20,100,17,83
457183,21,100,17,83
457183,22,100,17,83
457183,23,100,17,83
457183,25,100,17,83
457183,40,100,17,83
457192,1,126,86,40
457192,2,126,86,40
457192,3,126,86,40
457192,4,31,25,6
457192,5,95,61,34
457192,20,95,61,34
457192,21,126,86,40
457192,22,126,86,40
457192,23,126,86,40
457192,24,31,25,6
457192,25,95,61,34
457192,40,95,61,34
457208,1,28,15,13
457208,2,28,15,13
457208,3,28,15,13
457208,4,6,3,3
457208,5,22,12,10
457208,20,22,12,10
457208,21,28,15,13
457208,22,28,15,13
457208,23,28,15,13
457208,24,6,3,3
457208,25,22,12,10
457208,40,22,12,10
457226,1,58,48,10
457226,2,58,48,10
457226,3,58,48,10
457226,4,3,3,0
457226,5,55,45,10
457226,20,55,45,10
457226,21,16,13,3
457226,22,16,13,3
457226,23,16,13,3
457226,24,2,2,0
457226,25,14,11,3
457226,40,14,11,3
457226,41,42,35,7
457226,42,42,35,7
457226,43,42,35,7
457226,44,1,1,0
457226,45,41,34,7
457226,60,41,34,7
457244,1,54,30,24
457244,2,54,30,24
457244,3,54,30,24
457244,4,23,20,3
457244,5,31,10,21
457244,20,31,10,21
457244,21,41,26,15
457244,22,41,26,15
457244,23,41,26,15
457244,24,19,17,2
457244,25,22,9,13
457244,40,22,9,13
457244,41,13,4,9
457244,42,13,4,9
457244,43,13,4,9
457244,44,4,3,1
457244,45,9,1,8
457244,60,9,1,8
457253,1,46,1,45
457253,2,46,1,45
457253,3,46,1,45
457253,4,6,0,6
457253,5,40,1,39
457253,20,40,1,39
457253,21,15,0,15
457253,22,15,0,15
457253,23,15,0,15
457253,24,1,0,1
457253,25,14,0,14
457253,40,14,0,14
457253,41,31,1,30
457253,42,31,1,30
457253,43,31,1,30
457253,44,5,0,5
457253,45,26,1,25
457253,60,26,1,25
457271,1,63,21,42
457271,12,63,21,42
457271,21,29,9,20
457271,32,29,9,20
457271,41,34,12,22
457271,52,34,12,22
457280,1,115,4,111
457280,2,115,4,111
457280,3,115,4,111
457280,4,10,3,7
457280,5,105,1,104
457280,20,105,1,104
457280,21,82,2,80
457280,22,82,2,80
457280,23,82,2,80
457280,24,7,1,6
457280,25,75,1,74
457280,40,75,1,74
457280,41,33,2,31
457280,42,33,2,31
457280,43,33,2,31
457280,44,3,2,1
457280,45,30,0,30
457280,60,30,0,30
457299,1,145,30,115
457299,2,145,30,115
457299,3,145,30,115
457299,4,44,10,34
457299,5,101,20,81
457299,19,9,3,6
457299,20,92,17,75
457299,21,112,25,87
457299,22,112,25,87
457299,23,112,25,87
457299,24,29,8,21
457299,25,83,17,66
457299,39,9,3,6
457299,40,74,14,60
457299,41,33,5,28
457299,42,33,5,28
457299,43,33,5,28
457299,44,15,2,13
457299,45,18,3,15
457299,60,18,3,15
457314,1,105,25,80
457314,2,105,25,80
457314,3,105,25,80
457314,4,32,8,24
457314,5,73,17,56
457314,20,73,17,56
457314,21,105,25,80
457314,22,105,25,80
457314,23,105,25,80
457314,24,32,8,24
457314,25,73,17,56
457314,40,73,17,56
457323,1,275,9,266
457323,2,275,9,266
457323,3,275,9,266
457323,4,54,0,54
457323,5,221,9,212
457323,20,221,9,212
457323,21,184,7,177
457323,22,184,7,177
457323,23,184,7,177
457323,24,33,0,33
457323,25,151,7,144
457323,40,151,7,144
457323,41,91,2,89
457323,42,91,2,89
457323,43,91,2,89
457323,44,21,0,21
457323,45,70,2,68
457323,60,70,2,68
457332,1,38,5,33
457332,2,38,5,33
457332,3,38,5,33
457332,4,19,3,16
457332,5,19,2,17
457332,20,19,2,17
457332,21,13,2,11
457332,22,13,2,11
457332,23,13,2,11
457332,24,9,1,8
457332,25,4,1,3
457332,40,4,1,3
457332,41,25,3,22
457332,42,25,3,22
457332,43,25,3,22
457332,44,10,2,8
457332,45,15,1,14
457332,60,15,1,14
457341,1,132,10,122
457341,2,132,10,122
457341,3,132,10,122
457341,4,16,0,16
457341,5,116,10,106
457341,20,116,10,106
457341,21,113,9,104
457341,22,113,9,104
457341,23,113,9,104
457341,24,15,0,15
457341,25,98,9,89
457341,40,98,9,89
457341,41,19,1,18
457341,42,19,1,18
457341,43,19,1,18
457341,44,1,0,1
457341,45,18,1,17
457341,60,18,1,17
457350,1,34,0,34
457350,2,34,0,34
457350,3,34,0,34
457350,4,9,0,9
457350,5,25,0,25
457350,20,25,0,25
457350,41,34,0,34
457350,42,34,0,34
457350,43,34,0,34
457350,44,9,0,9
457350,45,25,0,25
457350,60,25,0,25
457378,1,130,40,90
457378,2,130,40,90
457378,3,130,40,90
457378,4,29,10,19
457378,5,101,30,71
457378,20,101,30,71
457378,21,120,30,90
457378,22,120,30,90
457378,23,120,30,90
457378,24,27,8,19
457378,25,93,22,71
457378,40,93,22,71
457378,41,10,10,0
457378,42,10,10,0
457378,43,10,10,0
457378,44,2,2,0
457378,45,8,8,0
457378,60,8,8,0
457387,1,386,166,220
457387,2,386,166,220
457387,3,212,87,125
457387,4,49,24,25
457387,5,163,63,100
457387,11,174,79,95
457387,20,163,63,100
457387,21,187,87,100
457387,22,187,87,100
457387,23,187,87,100
457387,24,39,24,15
457387,25,148,63,85
457387,40,148,63,85
457387,41,199,79,120
457387,42,199,79,120
457387,43,25,0,25
457387,44,10,0,10
457387,45,15,0,15
457387,51,174,79,95
457387,60,15,0,15
457396,1,120,21,99
457396,2,120,21,99
457396,3,120,21,99
457396,4,15,2,13
457396,5,105,19,86
457396,20,105,19,86
457396,21,75,9,66
457396,22,75,9,66
457396,23,75,9,66
457396,24,13,1,12
457396,25,62,8,54
457396,40,62,8,54
457396,41,45,12,33
457396,42,45,12,33
457396,43,45,12,33
457396,44,2,1,1
457396,45,43,11,32
457396,60,43,11,32
457402,1,46,14,32
457402,2,33,8,25
457402,3,33,8,25
457402,5,33,8,25
457402,12,13,6,7
457402,20,33,8,25
457402,21,7,4,3
457402,22,7,4,3
457402,23,7,4,3
457402,25,7,4,3
457402,40,7,4,3
457402,41,39,10,29
457402,42,26,4,22
457402,43,26,4,22
457402,45,26,4,22
457402,52,13,6,7
457402,60,26,4,22
457411,1,268,255,13
457411,2,268,255,13
457411,3,268,255,13
457411,4,30,28,2
457411,5,238,227,11
457411,20,238,227,11
457411,21,266,253,13
457411,22,266,253,13
457411,23,266,253,13
457411,24,30,28,2
457411,25,236,225,11
457411,40,236,225,11
457411,41,2,2,0
457411,42,2,2,0
457411,43,2,2,0
457411,45,2,2,0
457411,60,2,2,0
457420,1,99,4,95
457420,2,99,4,95
457420,3,99,4,95
457420,4,12,1,11
457420,5,87,3,84
457420,20,87,3,84
457420,21,51,4,47
457420,22,51,4,47
457420,23,51,4,47
457420,24,10,1,9
457420,25,41,3,38
457420,40,41,3,38
457420,41,48,0,48
457420,42,48,0,48
457420,43,48,0,48
457420,44,2,0,2
457420,45,46,0,46
457420,60,46,0,46
457439,1,37,1,36
457439,2,37,1,36
457439,3,37,1,36
457439,4,16,1,15
457439,5,21,0,21
457439,20,21,0,21
457439,21,24,1,23
457439,22,24,1,23
457439,23,24,1,23
457439,24,10,1,9
457439,25,14,0,14
457439,40,14,0,14
457439,41,13,0,13
457439,42,13,0,13
457439,43,13,0,13
457439,44,6,0,6
457439,45,7,0,7
457439,60,7,0,7
457448,1,148,15,133
457448,2,148,15,133
457448,3,148,15,133
457448,4,23,2,21
457448,5,125,13,112
457448,20,125,13,112
457448,21,148,15,133
457448,22,148,15,133
457448,23,148,15,133
457448,24,23,2,21
457448,25,125,13,112
457448,40,125,13,112
457457,1,44,5,39
457457,2,44,5,39
457457,3,44,5,39
457457,4,35,5,30
457457,5,9,0,9
457457,20,9,0,9
457457,21,18,3,15
457457,22,18,3,15
457457,23,18,3,15
457457,24,16,3,13
457457,25,2,0,2
457457,40,2,0,2
457457,41,26,2,24
457457,42,26,2,24
457457,43,26,2,24
457457,44,19,2,17
457457,45,7,0,7
457457,60,7,0,7
457466,1,60,50,10
457466,2,60,50,10
457466,3,60,50,10
457466,4,14,13,1
457466,5,46,37,9
457466,20,46,37,9
457466,21,60,50,10
457466,22,60,50,10
457466,23,60,50,10
457466,24,14,13,1
457466,25,46,37,9
457466,40,46,37,9
457475,1,93,4,89
457475,2,93,4,89
457475,3,93,4,89
457475,4,33,4,29
457475,5,60,0,60
457475,20,60,0,60
457475,21,93,4,89
457475,22,93,4,89
457475,23,93,4,89
457475,24,33,4,29
457475,25,60,0,60
457475,40,60,0,60
457484,1,147,79,68
457484,2,129,66,63
457484,3,126,64,62
457484,4,13,5,8
457484,5,113,59,54
457484,11,3,2,1
457484,12,18,13,5
457484,19,4,0,4
457484,20,109,59,50
457484,21,87,46,41
457484,22,81,41,40
457484,23,81,41,40
457484,24,8,3,5
457484,25,73,38,35
457484,32,6,5,1
457484,39,3,0,3
457484,40,70,38,32
457484,41,60,33,27
457484,42,48,25,23
457484,43,45,23,22
457484,44,5,2,3
457484,45,40,21,19
457484,51,3,2,1
457484,52,12,8,4
457484,59,1,0,1
457484,60,39,21,18
457493,1,25,0,25
457493,2,25,0,25
457493,3,25,0,25
457493,4,10,0,10
457493,5,15,0,15
457493,20,15,0,15
457493,21,25,0,25
457493,22,25,0,25
457493,23,25,0,25
457493,24,10,0,10
457493,25,15,0,15
457493,40,15,0,15
457509,1,33,0,33
457509,2,33,0,33
457509,3,33,0,33
457509,4,8,0,8
457509,5,25,0,25
457509,20,25,0,25
457509,21,33,0,33
457509,22,33,0,33
457509,23,33,0,33
457509,24,8,0,8
457509,25,25,0,25
457509,40,25,0,25
457527,1,344,48,296
457527,2,344,48,296
457527,3,293,44,249
457527,4,7,2,5
457527,5,286,42,244
457527,11,51,4,47
457527,19,69,16,53
457527,20,217,26,191
457527,21,254,34,220
457527,22,254,34,220
457527,23,212,30,182
457527,24,5,1,4
457527,25,207,29,178
457527,31,42,4,38
457527,39,45,10,35
457527,40,162,19,143
457527,41,90,14,76
457527,42,90,14,76
457527,43,81,14,67
457527,44,2,1,1
457527,45,79,13,66
457527,51,9,0,9
457527,59,24,6,18
457527,60,55,7,48
457536,1,45,16,29
457536,2,45,16,29
457536,3,45,16,29
457536,4,21,5,16
457536,5,24,11,13
457536,20,24,11,13
457536,21,45,16,29
457536,22,45,16,29
457536,23,45,16,29
457536,24,21,5,16
457536,25,24,11,13
457536,40,24,11,13
457545,1,131,5,126
457545,2,131,5,126
457545,3,131,5,126
457545,4,31,1,30
457545,5,100,4,96
457545,20,100,4,96
457545,21,102,4,98
457545,22,102,4,98
457545,23,102,4,98
457545,24,29,1,28
457545,25,73,3,70
457545,40,73,3,70
457545,41,29,1,28
457545,42,29,1,28
457545,43,29,1,28
457545,44,2,0,2
457545,45,27,1,26
457545,60,27,1,26
457554,1,45,0,45
457554,2,45,0,45
457554,3,45,0,45
457554,4,42,0,42
457554,5,3,0,3
457554,20,3,0,3
457554,21,42,0,42
457554,22,42,0,42
457554,23,42,0,42
457554,24,40,0,40
457554,25,2,0,2
457554,40,2,0,2
457554,41,3,0,3
457554,42,3,0,3
457554,43,3,0,3
457554,44,2,0,2
457554,45,1,0,1
457554,60,1,0,1
457563,1,208,7,201
457563,2,208,7,201
457563,3,208,7,201
457563,4,51,3,48
457563,5,157,4,153
457563,20,157,4,153
457563,21,208,7,201
457563,22,208,7,201
457563,23,208,7,201
457563,24,51,3,48
457563,25,157,4,153
457563,40,157,4,153
457572,1,106,2,104
457572,2,106,2,104
457572,3,106,2,104
457572,4,15,0,15
457572,5,91,2,89
457572,20,91,2,89
457572,21,106,2,104
457572,22,106,2,104
457572,23,106,2,104
457572,24,15,0,15
457572,25,91,2,89
457572,40,91,2,89
457581,1,152,5,147
457581,2,152,5,147
457581,3,152,5,147
457581,4,19,1,18
457581,5,133,4,129
457581,20,133,4,129
457581,21,152,5,147
457581,22,152,5,147
457581,23,152,5,147
457581,24,19,1,18
457581,25,133,4,129
457581,40,133,4,129
457590,1,48,2,46
457590,2,48,2,46
457590,3,48,2,46
457590,5,48,2,46
457590,20,48,2,46
457590,21,38,1,37
457590,22,38,1,37
457590,23,38,1,37
457590,25,38,1,37
457590,40,38,1,37
457590,41,10,1,9
457590,42,10,1,9
457590,43,10,1,9
457590,45,10,1,9
457590,60,10,1,9
457606,1,35,2,33
457606,2,35,2,33
457606,3,35,2,33
457606,4,33,2,31
457606,5,2,0,2
457606,20,2,0,2
457606,21,35,2,33
457606,22,35,2,33
457606,23,35,2,33
457606,24,33,2,31
457606,25,2,0,2
457606,40,2,0,2
457615,1,50,6,44
457615,2,50,6,44
457615,3,50,6,44
457615,4,21,3,18
457615,5,29,3,26
457615,20,29,3,26
457615,41,50,6,44
457615,42,50,6,44
457615,43,50,6,44
457615,44,21,3,18
457615,45,29,3,26
457615,60,29,3,26
457624,1,28,2,26
457624,2,28,2,26
457624,3,28,2,26
457624,4,27,2,25
457624,5,1,0,1
457624,20,1,0,1
457624,21,28,2,26
457624,22,28,2,26
457624,23,28,2,26
457624,24,27,2,25
457624,25,1,0,1
457624,40,1,0,1
457633,1,129,4,125
457633,2,129,4,125
457633,3,129,4,125
457633,4,44,0,44
457633,5,85,4,81
457633,20,85,4,81
457633,21,97,2,95
457633,22,97,2,95
457633,23,97,2,95
457633,24,34,0,34
457633,25,63,2,61
457633,40,63,2,61
457633,41,32,2,30
457633,42,32,2,30
457633,43,32,2,30
457633,44,10,0,10
457633,45,22,2,20
457633,60,22,2,20
457642,1,59,3,56
457642,2,59,3,56
457642,3,59,3,56
457642,4,20,1,19
457642,5,39,2,37
457642,20,39,2,37
457642,21,42,3,39
457642,22,42,3,39
457642,23,42,3,39
457642,24,17,1,16
457642,25,25,2,23
457642,40,25,2,23
457642,41,17,0,17
457642,42,17,0,17
457642,43,17,0,17
457642,44,3,0,3
457642,45,14,0,14
457642,60,14,0,14
457651,1,95,22,73
457651,2,95,22,73
457651,3,95,22,73
457651,4,15,3,12
457651,5,80,19,61
457651,20,80,19,61
457651,21,48,8,40
457651,22,48,8,40
457651,23,48,8,40
457651,24,10,1,9
457651,25,38,7,31
457651,40,38,7,31
457651,41,47,14,33
457651,42,47,14,33
457651,43,47,14,33
457651,44,5,2,3
457651,45,42,12,30
457651,60,42,12,30
457679,1,33,1,32
457679,2,33,1,32
457679,3,33,1,32
457679,4,19,0,19
457679,5,14,1,13
457679,20,14,1,13
457679,21,33,1,32
457679,22,33,1,32
457679,23,33,1,32
457679,24,19,0,19
457679,25,14,1,13
457679,40,14,1,13
457688,1,1822,1364,458
457688,2,1822,1364,458
457688,3,1819,1361,458
457688,4,472,338,134
457688,5,1347,1023,324
457688,11,3,3,0
457688,19,1059,934,125
457688,20,288,89,199
457688,21,1822,1364,458
457688,22,1822,1364,458
457688,23,1819,1361,458
457688,24,472,338,134
457688,25,1347,1023,324
457688,31,3,3,0
457688,39,1059,934,125
457688,40,288,89,199
457697,1,78,36,42
457697,2,78,36,42
457697,3,74,33,41
457697,4,7,3,4
457697,5,67,30,37
457697,11,4,3,1
457697,19,24,13,11
457697,20,43,17,26
457697,21,47,22,25
457697,22,47,22,25
457697,23,46,21,25
457697,24,3,1,2
457697,25,43,20,23
457697,31,1,1,0
457697,39,16,8,8
457697,40,27,12,15
457697,41,31,14,17
457697,42,31,14,17
457697,43,28,12,16
457697,44,4,2,2
457697,45,24,10,14
457697,51,3,2,1
457697,59,8,5,3
457697,60,16,5,11
457703,1,105,58,47
457703,2,105,58,47
457703,3,105,58,47
457703,4,14,7,7
457703,5,91,51,40
457703,20,91,51,40
457703,21,46,29,17
457703,22,46,29,17
457703,23,46,29,17
457703,24,3,2,1
457703,25,43,27,16
457703,40,43,27,16
457703,41,59,29,30
457703,42,59,29,30
457703,43,59,29,30
457703,44,11,5,6
457703,45,48,24,24
457703,60,48,24,24
457721,1,30,2,28
457721,2,30,2,28
457721,3,30,2,28
457721,4,12,0,12
457721,5,18,2,16
457721,20,18,2,16
457721,21,30,2,28
457721,22,30,2,28
457721,23,30,2,28
457721,24,12,0,12
457721,25,18,2,16
457721,40,18,2,16
457730,1,515,122,393
457730,2,515,122,393
457730,3,515,122,393
457730,4,154,34,120
457730,5,361,88,273
457730,20,361,88,273
457730,21,506,120,386
457730,22,506,120,386
457730,23,506,120,386
457730,24,148,33,115
457730,25,358,87,271
457730,40,358,87,271
457730,41,9,2,7
457730,42,9,2,7
457730,43,9,2,7
457730,44,6,1,5
457730,45,3,1,2
457730,60,3,1,2
457749,1,102,5,97
457749,2,102,5,97
457749,3,102,5,97
457749,4,23,2,21
457749,5,79,3,76
457749,20,79,3,76
457749,21,86,5,81
457749,22,86,5,81
457749,23,86,5,81
457749,24,17,2,15
457749,25,69,3,66
457749,40,69,3,66
457749,41,16,0,16
457749,42,16,0,16
457749,43,16,0,16
457749,44,6,0,6
457749,45,10,0,10
457749,60,10,0,10
457758,1,175,158,17
457758,2,175,158,17
457758,3,175,158,17
457758,4,61,52,9
457758,5,114,106,8
457758,20,114,106,8
457758,21,77,67,10
457758,22,77,67,10
457758,23,77,67,10
457758,24,36,30,6
457758,25,41,37,4
457758,40,41,37,4
457758,41,98,91,7
457758,42,98,91,7
457758,43,98,91,7
457758,44,25,22,3
457758,45,73,69,4
457758,60,73,69,4
457767,1,176,33,143
457767,2,176,33,143
457767,3,176,33,143
457767,4,74,13,61
457767,5,102,20,82
457767,20,102,20,82
457767,21,176,33,143
457767,22,176,33,143
457767,23,176,33,143
457767,24,74,13,61
457767,25,102,20,82
457767,40,102,20,82
457776,1,84,5,79
457776,2,84,5,79
457776,3,84,5,79
457776,4,5,1,4
457776,5,79,4,75
457776,20,79,4,75
457776,21,84,5,79
457776,22,84,5,79
457776,23,84,5,79
457776,24,5,1,4
457776,25,79,4,75
457776,40,79,4,75
457785,1,118,7,111
457785,2,118,7,111
457785,3,118,7,111
457785,4,113,7,106
457785,5,5,0,5
457785,20,5,0,5
457785,21,118,7,111
457785,22,118,7,111
457785,23,118,7,111
457785,24,113,7,106
457785,25,5,0,5
457785,40,5,0,5
457794,1,82,11,71
457794,2,82,11,71
457794,3,82,11,71
457794,5,82,11,71
457794,20,82,11,71
457794,21,75,7,68
457794,22,75,7,68
457794,23,75,7,68
457794,25,75,7,68
457794,40,75,7,68
457794,41,7,4,3
457794,42,7,4,3
457794,43,7,4,3
457794,45,7,4,3
457794,60,7,4,3
457800,1,363,84,279
457800,2,363,84,279
457800,3,363,84,279
457800,4,352,77,275
457800,5,11,7,4
457800,20,11,7,4
457800,21,90,23,67
457800,22,90,23,67
457800,23,90,23,67
457800,24,83,20,63
457800,25,7,3,4
457800,40,7,3,4
457800,41,273,61,212
457800,42,273,61,212
457800,43,273,61,212
457800,44,269,57,212
457800,45,4,4,0
457800,60,4,4,0
457819,1,614,253,361
457819,2,614,253,361
457819,3,614,253,361
457819,4,363,180,183
457819,5,251,73,178
457819,20,251,73,178
457819,21,13,8,5
457819,22,13,8,5
457819,23,13,8,5
457819,24,6,3,3
457819,25,7,5,2
457819,40,7,5,2
457819,41,601,245,356
457819,42,601,245,356
457819,43,601,245,356
457819,44,357,177,180
457819,45,244,68,176
457819,60,244,68,176
457828,1,42,13,29
457828,2,42,13,29
457828,3,42,13,29
457828,4,32,13,19
457828,5,10,0,10
457828,20,10,0,10
457828,21,42,13,29
457828,22,42,13,29
457828,23,42,13,29
457828,24,32,13,19
457828,25,10,0,10
457828,40,10,0,10
457837,1,109,3,106
457837,2,109,3,106
457837,3,109,3,106
457837,4,48,0,48
457837,5,61,3,58
457837,20,61,3,58
457837,21,55,1,54
457837,22,55,1,54
457837,23,55,1,54
457837,24,23,0,23
457837,25,32,1,31
457837,40,32,1,31
457837,41,54,2,52
457837,42,54,2,52
457837,43,54,2,52
457837,44,25,0,25
457837,45,29,2,27
457837,60,29,2,27
457846,1,74,13,61
457846,2,74,13,61
457846,3,74,13,61
457846,4,14,3,11
457846,5,60,10,50
457846,20,60,10,50
457846,21,14,1,13
457846,22,14,1,13
457846,23,14,1,13
457846,25,14,1,13
457846,40,14,1,13
457846,41,60,12,48
457846,42,60,12,48
457846,43,60,12,48
457846,44,14,3,11
457846,45,46,9,37
457846,60,46,9,37
457855,1,130,6,124
457855,2,130,6,124
457855,3,130,6,124
457855,4,23,0,23
457855,5,107,6,101
457855,20,107,6,101
457855,21,107,5,102
457855,22,107,5,102
457855,23,107,5,102
457855,24,21,0,21
457855,25,86,5,81
457855,40,86,5,81
457855,41,23,1,22
457855,42,23,1,22
457855,43,23,1,22
457855,44,2,0,2
457855,45,21,1,20
457855,60,21,1,20
457864,1,113,22,91
457864,2,113,22,91
457864,3,113,22,91
457864,4,42,20,22
457864,5,71,2,69
457864,20,71,2,69
457864,21,56,16,40
457864,22,56,16,40
457864,23,56,16,40
457864,24,30,16,14
457864,25,26,0,26
457864,40,26,0,26
457864,41,57,6,51
457864,42,57,6,51
457864,43,57,6,51
457864,44,12,4,8
457864,45,45,2,43
457864,60,45,2,43
457873,1,142,108,34
457873,2,142,108,34
457873,3,142,108,34
457873,4,16,8,8
457873,5,126,100,26
457873,20,126,100,26
457873,21,44,37,7
457873,22,44,37,7
457873,23,44,37,7
457873,25,44,37,7
457873,40,44,37,7
457873,41,98,71,27
457873,42,98,71,27
457873,43,98,71,27
457873,44,16,8,8
457873,45,82,63,19
457873,60,82,63,19
457891,1,53,1,52
457891,2,53,1,52
457891,3,53,1,52
457891,4,25,0,25
457891,5,28,1,27
457891,20,28,1,27
457891,21,53,1,52
457891,22,53,1,52
457891,23,53,1,52
457891,24,25,0,25
457891,25,28,1,27
457891,40,28,1,27
457916,1,76,4,72
457916,2,76,4,72
457916,3,76,4,72
457916,4,26,0,26
457916,5,50,4,46
457916,20,50,4,46
457916,21,48,3,45
457916,22,48,3,45
457916,23,48,3,45
457916,24,24,0,24
457916,25,24,3,21
457916,40,24,3,21
457916,41,28,1,27
457916,42,28,1,27
457916,43,28,1,27
457916,44,2,0,2
457916,45,26,1,25
457916,60,26,1,25
457925,1,22,12,10
457925,2,22,12,10
457925,3,22,12,10
457925,4,15,9,6
457925,5,7,3,4
457925,20,7,3,4
457925,21,22,12,10
457925,22,22,12,10
457925,23,22,12,10
457925,24,15,9,6
457925,25,7,3,4
457925,40,7,3,4
457943,1,100,57,43
457943,2,100,57,43
457943,3,100,57,43
457943,4,94,54,40
457943,5,6,3,3
457943,20,6,3,3
457943,21,100,57,43
457943,22,100,57,43
457943,23,100,57,43
457943,24,94,54,40
457943,25,6,3,3
457943,40,6,3,3
457952,1,206,9,197
457952,2,206,9,197
457952,3,206,9,197
457952,4,61,3,58
457952,5,145,6,139
457952,20,145,6,139
457952,21,157,5,152
457952,22,157,5,152
457952,23,157,5,152
457952,24,52,2,50
457952,25,105,3,102
457952,40,105,3,102
457952,41,49,4,45
457952,42,49,4,45
457952,43,49,4,45
457952,44,9,1,8
457952,45,40,3,37
457952,60,40,3,37
457961,1,56,5,51
457961,2,56,5,51
457961,3,56,5,51
457961,4,40,3,37
457961,5,16,2,14
457961,20,16,2,14
457961,21,56,5,51
457961,22,56,5,51
457961,23,56,5,51
457961,24,40,3,37
457961,25,16,2,14
457961,40,16,2,14
457989,1,50,2,48
457989,2,50,2,48
457989,3,50,2,48
457989,4,27,2,25
457989,5,23,0,23
457989,20,23,0,23
457989,21,50,2,48
457989,22,50,2,48
457989,23,50,2,48
457989,24,27,2,25
457989,25,23,0,23
457989,40,23,0,23
457998,1,33,0,33
457998,2,33,0,33
457998,3,33,0,33
457998,4,16,0,16
457998,5,17,0,17
457998,20,17,0,17
457998,21,28,0,28
457998,22,28,0,28
457998,23,28,0,28
457998,24,14,0,14
457998,25,14,0,14
457998,40,14,0,14
457998,41,5,0,5
457998,42,5,0,5
457998,43,5,0,5
457998,44,2,0,2
457998,45,3,0,3
457998,60,3,0,3
458007,1,53,1,52
458007,2,53,1,52
458007,3,53,1,52
458007,4,37,1,36
458007,5,16,0,16
458007,20,16,0,16
458007,21,46,1,45
458007,22,46,1,45
458007,23,46,1,45
458007,24,32,1,31
458007,25,14,0,14
458007,40,14,0,14
458007,41,7,0,7
458007,42,7,0,7
458007,43,7,0,7
458007,44,5,0,5
458007,45,2,0,2
458007,60,2,0,2
458016,1,114,99,15
458016,2,114,99,15
458016,3,114,99,15
458016,4,96,82,14
458016,5,18,17,1
458016,20,18,17,1
458016,21,114,99,15
458016,22,114,99,15
458016,23,114,99,15
458016,24,96,82,14
458016,25,18,17,1
458016,40,18,17,1
458025,1,11,5,6
458025,2,11,5,6
458025,3,11,5,6
458025,4,9,4,5
458025,5,2,1,1
458025,20,2,1,1
458025,21,11,5,6
458025,22,11,5,6
458025,23,11,5,6
458025,24,9,4,5
458025,25,2,1,1
458025,40,2,1,1
458034,1,61,16,45
458034,2,61,16,45
458034,3,61,16,45
458034,4,17,2,15
458034,5,44,14,30
458034,20,44,14,30
458034,21,52,15,37
458034,22,52,15,37
458034,23,52,15,37
458034,24,14,2,12
458034,25,38,13,25
458034,40,38,13,25
458034,41,9,1,8
458034,42,9,1,8
458034,43,9,1,8
458034,44,3,0,3
458034,45,6,1,5
458034,60,6,1,5
458043,1,91,1,90
458043,2,91,1,90
458043,3,91,1,90
458043,4,8,0,8
458043,5,83,1,82
458043,20,83,1,82
458043,21,76,1,75
458043,22,76,1,75
458043,23,76,1,75
458043,24,7,0,7
458043,25,69,1,68
458043,40,69,1,68
458043,41,15,0,15
458043,42,15,0,15
458043,43,15,0,15
458043,44,1,0,1
458043,45,14,0,14
458043,60,14,0,14
458052,1,60,1,59
458052,2,60,1,59
458052,3,60,1,59
458052,4,7,0,7
458052,5,53,1,52
458052,20,53,1,52
458052,41,60,1,59
458052,42,60,1,59
458052,43,60,1,59
458052,44,7,0,7
458052,45,53,1,52
458052,60,53,1,52
458061,1,89,16,73
458061,2,89,16,73
458061,3,89,16,73
458061,4,69,13,56
458061,5,20,3,17
458061,20,20,3,17
458061,21,15,3,12
458061,22,15,3,12
458061,23,15,3,12
458061,24,8,2,6
458061,25,7,1,6
458061,40,7,1,6
458061,41,74,13,61
458061,42,74,13,61
458061,43,74,13,61
458061,44,61,11,50
458061,45,13,2,11
458061,60,13,2,11
458070,1,241,21,220
458070,2,241,21,220
458070,3,241,21,220
458070,4,7,0,7
458070,5,234,21,213
458070,20,234,21,213
458070,21,175,17,158
458070,22,175,17,158
458070,23,175,17,158
458070,24,4,0,4
458070,25,171,17,154
458070,40,171,17,154
458070,41,66,4,62
458070,42,66,4,62
458070,43,66,4,62
458070,44,3,0,3
458070,45,63,4,59
458070,60,63,4,59
458098,1,80,7,73
458098,2,80,7,73
458098,3,80,7,73
458098,4,15,2,13
458098,5,65,5,60
458098,20,65,5,60
458098,21,80,7,73
458098,22,80,7,73
458098,23,80,7,73
458098,24,15,2,13
458098,25,65,5,60
458098,40,65,5,60
458104,1,70,2,68
458104,2,70,2,68
458104,3,70,2,68
458104,4,33,1,32
458104,5,37,1,36
458104,20,37,1,36
458104,21,36,0,36
458104,22,36,0,36
458104,23,36,0,36
458104,24,20,0,20
458104,25,16,0,16
458104,40,16,0,16
458104,41,34,2,32
458104,42,34,2,32
458104,43,34,2,32
458104,44,13,1,12
458104,45,21,1,20
458104,60,21,1,20
458113,1,54,27,27
458113,2,54,27,27
458113,3,54,27,27
458113,4,5,3,2
458113,5,49,24,25
458113,19,8,5,3
458113,20,41,19,22
458113,21,28,13,15
458113,22,28,13,15
458113,23,28,13,15
458113,24,3,2,1
458113,25,25,11,14
458113,39,4,2,2
458113,40,21,9,12
458113,41,26,14,12
458113,42,26,14,12
458113,43,26,14,12
458113,44,2,1,1
458113,45,24,13,11
458113,59,4,3,1
458113,60,20,10,10
458122,1,1,0,1
458122,2,1,0,1
458122,3,1,0,1
458122,5,1,0,1
458122,20,1,0,1
458122,21,1,0,1
458122,22,1,0,1
458122,23,1,0,1
458122,25,1,0,1
458122,40,1,0,1
458131,1,287,28,259
458131,2,287,28,259
458131,3,287,28,259
458131,4,83,6,77
458131,5,204,22,182
458131,20,204,22,182
458131,21,287,28,259
458131,22,287,28,259
458131,23,287,28,259
458131,24,83,6,77
458131,25,204,22,182
458131,40,204,22,182
458140,1,52,49,3
458140,2,52,49,3
458140,3,52,49,3
458140,4,13,13,0
458140,5,39,36,3
458140,19,39,36,3
458140,21,52,49,3
458140,22,52,49,3
458140,23,52,49,3
458140,24,13,13,0
458140,25,39,36,3
458140,39,39,36,3
458159,1,143,55,88
458159,12,143,55,88
458159,21,129,48,81
458159,32,129,48,81
458159,41,14,7,7
458159,52,14,7,7
458168,1,87,3,84
458168,2,87,3,84
458168,3,87,3,84
458168,4,51,3,48
458168,5,36,0,36
458168,20,36,0,36
458168,21,86,3,83
458168,22,86,3,83
458168,23,86,3,83
458168,24,50,3,47
458168,25,36,0,36
458168,40,36,0,36
458168,41,1,0,1
458168,42,1,0,1
458168,43,1,0,1
458168,44,1,0,1
458177,1,86,2,84
458177,2,86,2,84
458177,3,86,2,84
458177,4,25,1,24
458177,5,61,1,60
458177,20,61,1,60
458177,21,61,2,59
458177,22,61,2,59
458177,23,61,2,59
458177,24,19,1,18
458177,25,42,1,41
458177,40,42,1,41
458177,41,25,0,25
458177,42,25,0,25
458177,43,25,0,25
458177,44,6,0,6
458177,45,19,0,19
458177,60,19,0,19
458186,1,299,89,210
458186,2,299,89,210
458186,3,299,89,210
458186,4,56,13,43
458186,5,243,76,167
458186,19,23,7,16
458186,20,220,69,151
458186,21,299,89,210
458186,22,299,89,210
458186,23,299,89,210
458186,24,56,13,43
458186,25,243,76,167
458186,39,23,7,16
458186,40,220,69,151
458195,1,3,1,2
458195,2,3,1,2
458195,3,3,1,2
458195,4,1,0,1
458195,5,2,1,1
458195,20,2,1,1
458195,21,3,1,2
458195,22,3,1,2
458195,23,3,1,2
458195,24,1,0,1
458195,25,2,1,1
458195,40,2,1,1
458210,1,1528,351,1177
458210,2,1528,351,1177
458210,3,1528,351,1177
458210,4,23,9,14
458210,5,1505,342,1163
458210,19,145,27,118
458210,20,1360,315,1045
458210,21,1418,326,1092
458210,22,1418,326,1092
458210,23,1418,326,1092
458210,24,22,8,14
458210,25,1396,318,1078
458210,39,143,26,117
458210,40,1253,292,961
458210,41,110,25,85
458210,42,110,25,85
458210,43,110,25,85
458210,44,1,1,0
458210,45,109,24,85
458210,59,2,1,1
458210,60,107,23,84
458229,1,1103,282,821
458229,2,1103,282,821
458229,3,1103,282,821
458229,4,12,4,8
458229,5,1091,278,813
458229,19,118,29,89
458229,20,973,249,724
458229,21,1041,265,776
458229,22,1041,265,776
458229,23,1041,265,776
458229,24,12,4,8
458229,25,1029,261,768
458229,39,114,29,85
458229,40,915,232,683
458229,41,62,17,45
458229,42,62,17,45
458229,43,62,17,45
458229,45,62,17,45
458229,59,4,0,4
458229,60,58,17,41
458247,1,309,37,272
458247,2,309,37,272
458247,3,309,37,272
458247,4,79,7,72
458247,5,230,30,200
458247,19,12,5,7
458247,20,218,25,193
458247,21,309,37,272
458247,22,309,37,272
458247,23,309,37,272
458247,24,79,7,72
458247,25,230,30,200
458247,39,12,5,7
458247,40,218,25,193
458256,1,902,95,807
458256,2,902,95,807
458256,3,902,95,807
458256,4,445,51,394
458256,5,457,44,413
458256,20,457,44,413
458256,21,576,66,510
458256,22,576,66,510
458256,23,576,66,510
458256,24,298,35,263
458256,25,278,31,247
458256,40,278,31,247
458256,41,326,29,297
458256,42,326,29,297
458256,43,326,29,297
458256,44,147,16,131
458256,45,179,13,166
458256,60,179,13,166
458265,1,849,419,430
458265,2,849,419,430
458265,3,849,419,430
458265,4,323,154,169
458265,5,526,265,261
458265,20,526,265,261
458265,21,596,293,303
458265,22,596,293,303
458265,23,596,293,303
458265,24,204,94,110
458265,25,392,199,193
458265,40,392,199,193
458265,41,253,126,127
458265,42,253,126,127
458265,43,253,126,127
458265,44,119,60,59
458265,45,134,66,68
458265,60,134,66,68
458274,1,305,21,284
458274,2,305,21,284
458274,3,305,21,284
458274,4,44,2,42
458274,5,261,19,242
458274,20,261,19,242
458274,21,222,16,206
458274,22,222,16,206
458274,23,222,16,206
458274,24,35,1,34
458274,25,187,15,172
458274,40,187,15,172
458274,41,83,5,78
458274,42,83,5,78
458274,43,83,5,78
458274,44,9,1,8
458274,45,74,4,70
458274,60,74,4,70
458283,1,478,65,413
458283,2,478,65,413
458283,3,478,65,413
458283,4,94,3,91
458283,5,384,62,322
458283,19,56,7,49
458283,20,328,55,273
458283,21,478,65,413
458283,22,478,65,413
458283,23,478,65,413
458283,24,94,3,91
458283,25,384,62,322
458283,39,56,7,49
458283,40,328,55,273
458292,1,65,0,65
458292,2,65,0,65
458292,3,65,0,65
458292,4,22,0,22
458292,5,43,0,43
458292,20,43,0,43
458292,21,44,0,44
458292,22,44,0,44
458292,23,44,0,44
458292,24,18,0,18
458292,25,26,0,26
458292,40,26,0,26
458292,41,21,0,21
458292,42,21,0,21
458292,43,21,0,21
458292,44,4,0,4
458292,45,17,0,17
458292,60,17,0,17
458308,1,15,0,15
458308,2,15,0,15
458308,3,15,0,15
458308,4,4,0,4
458308,5,11,0,11
458308,20,11,0,11
458308,21,15,0,15
458308,22,15,0,15
458308,23,15,0,15
458308,24,4,0,4
458308,25,11,0,11
458308,40,11,0,11
458317,1,107,1,106
458317,2,107,1,106
458317,3,107,1,106
458317,4,37,0,37
458317,5,70,1,69
458317,20,70,1,69
458317,21,107,1,106
458317,22,107,1,106
458317,23,107,1,106
458317,24,37,0,37
458317,25,70,1,69
458317,40,70,1,69
458326,1,72,3,69
458326,2,72,3,69
458326,3,72,3,69
458326,4,24,0,24
458326,5,48,3,45
458326,20,48,3,45
458326,21,58,2,56
458326,22,58,2,56
458326,23,58,2,56
458326,24,20,0,20
458326,25,38,2,36
458326,40,38,2,36
458326,41,14,1,13
458326,42,14,1,13
458326,43,14,1,13
458326,44,4,0,4
458326,45,10,1,9
458326,60,10,1,9
458335,1,138,2,136
458335,2,138,2,136
458335,3,138,2,136
458335,4,59,0,59
458335,5,79,2,77
458335,20,79,2,77
458335,21,91,1,90
458335,22,91,1,90
458335,23,91,1,90
458335,24,40,0,40
458335,25,51,1,50
458335,40,51,1,50
458335,41,47,1,46
458335,42,47,1,46
458335,43,47,1,46
458335,44,19,0,19
458335,45,28,1,27
458335,60,28,1,27
458344,1,50,1,49
458344,2,50,1,49
458344,3,50,1,49
458344,4,13,1,12
458344,5,37,0,37
458344,20,37,0,37
458344,21,37,1,36
458344,22,37,1,36
458344,23,37,1,36
458344,24,10,1,9
458344,25,27,0,27
458344,40,27,0,27
458344,41,13,0,13
458344,42,13,0,13
458344,43,13,0,13
458344,44,3,0,3
458344,45,10,0,10
458344,60,10,0,10
458353,1,58,4,54
458353,2,58,4,54
458353,3,58,4,54
458353,4,15,1,14
458353,5,43,3,40
458353,20,43,3,40
458353,21,48,3,45
458353,22,48,3,45
458353,23,48,3,45
458353,24,11,1,10
458353,25,37,2,35
458353,40,37,2,35
458353,41,10,1,9
458353,42,10,1,9
458353,43,10,1,9
458353,44,4,0,4
458353,45,6,1,5
458353,60,6,1,5
458362,1,77,1,76
458362,2,77,1,76
458362,3,77,1,76
458362,4,27,0,27
458362,5,50,1,49
458362,20,50,1,49
458362,21,77,1,76
458362,22,77,1,76
458362,23,77,1,76
458362,24,27,0,27
458362,25,50,1,49
458362,40,50,1,49
458371,1,36,16,20
458371,2,36,16,20
458371,3,36,16,20
458371,5,36,16,20
458371,20,36,16,20
458371,21,36,16,20
458371,22,36,16,20
458371,23,36,16,20
458371,25,36,16,20
458371,40,36,16,20
458380,1,229,32,197
458380,2,229,32,197
458380,3,229,32,197
458380,4,89,16,73
458380,5,140,16,124
458380,20,140,16,124
458380,21,229,32,197
458380,22,229,32,197
458380,23,229,32,197
458380,24,89,16,73
458380,25,140,16,124
458380,40,140,16,124
458399,1,59,4,55
458399,2,59,4,55
458399,3,59,4,55
458399,4,39,4,35
458399,5,20,0,20
458399,20,20,0,20
458399,21,49,4,45
458399,22,49,4,45
458399,23,49,4,45
458399,24,34,4,30
458399,25,15,0,15
458399,40,15,0,15
458399,41,10,0,10
458399,42,10,0,10
458399,43,10,0,10
458399,44,5,0,5
458399,45,5,0,5
458399,60,5,0,5
458405,1,734,139,595
458405,2,734,139,595
458405,3,734,139,595
458405,4,220,53,167
458405,5,514,86,428
458405,19,88,10,78
458405,20,426,76,350
458405,21,573,116,457
458405,22,573,116,457
458405,23,573,116,457
458405,24,186,47,139
458405,25,387,69,318
458405,39,73,7,66
458405,40,314,62,252
458405,41,161,23,138
458405,42,161,23,138
458405,43,161,23,138
458405,44,34,6,28
458405,45,127,17,110
458405,59,15,3,12
458405,60,112,14,98
458414,1,1335,398,937
458414,2,1335,398,937
458414,3,1335,398,937
458414,4,1170,339,831
458414,5,165,59,106
458414,20,165,59,106
458414,21,1335,398,937
458414,22,1335,398,937
458414,23,1335,398,937
458414,24,1170,339,831
458414,25,165,59,106
458414,40,165,59,106
458423,1,96,26,70
458423,2,96,26,70
458423,3,96,26,70
458423,4,4,1,3
458423,5,92,25,67
458423,20,92,25,67
458423,41,96,26,70
458423,42,96,26,70
458423,43,96,26,70
458423,44,4,1,3
458423,45,92,25,67
458423,60,92,25,67
458432,1,244,43,201
458432,2,244,43,201
458432,3,244,43,201
458432,4,36,10,26
458432,5,208,33,175
458432,19,30,8,22
458432,20,178,25,153
458432,21,168,26,142
458432,22,168,26,142
458432,23,168,26,142
458432,24,28,7,21
458432,25,140,19,121
458432,39,20,3,17
458432,40,120,16,104
458432,41,76,17,59
458432,42,76,17,59
458432,43,76,17,59
458432,44,8,3,5
458432,45,68,14,54
458432,59,10,5,5
458432,60,58,9,49
458441,1,504,89,415
458441,2,504,89,415
458441,3,504,89,415
458441,4,125,24,101
458441,5,379,65,314
458441,19,44,13,31
458441,20,335,52,283
458441,21,342,63,279
458441,22,342,63,279
458441,23,342,63,279
458441,24,88,18,70
458441,25,254,45,209
458441,39,30,10,20
458441,40,224,35,189
458441,41,162,26,136
458441,42,162,26,136
458441,43,162,26,136
458441,44,37,6,31
458441,45,125,20,105
458441,59,14,3,11
458441,60,111,17,94
458469,1,1118,323,795
458469,2,1118,323,795
458469,3,1117,323,794
458469,4,245,78,167
458469,5,872,245,627
458469,11,1,0,1
458469,19,127,43,84
458469,20,745,202,543
458469,21,904,269,635
458469,22,904,269,635
458469,23,904,269,635
458469,24,196,64,132
458469,25,708,205,503
458469,39,92,29,63
458469,40,616,176,440
458469,41,214,54,160
458469,42,214,54,160
458469,43,213,54,159
458469,44,49,14,35
458469,45,164,40,124
458469,51,1,0,1
458469,59,35,14,21
458469,60,129,26,103
458478,1,304,37,267
458478,2,304,37,267
458478,3,304,37,267
458478,4,68,10,58
458478,5,236,27,209
458478,20,236,27,209
458478,21,304,37,267
458478,22,304,37,267
458478,23,304,37,267
458478,24,68,10,58
458478,25,236,27,209
458478,40,236,27,209
458487,1,161,11,150
458487,2,161,11,150
458487,3,161,11,150
458487,4,10,2,8
458487,5,151,9,142
458487,20,151,9,142
458487,21,107,7,100
458487,22,107,7,100
458487,23,107,7,100
458487,24,5,1,4
458487,25,102,6,96
458487,40,102,6,96
458487,41,54,4,50
458487,42,54,4,50
458487,43,54,4,50
458487,44,5,1,4
458487,45,49,3,46
458487,60,49,3,46
458496,1,663,279,384
458496,2,663,279,384
458496,3,663,279,384
458496,4,135,55,80
458496,5,528,224,304
458496,19,119,36,83
458496,20,409,188,221
458496,21,528,219,309
458496,22,528,219,309
458496,23,528,219,309
458496,24,95,37,58
458496,25,433,182,251
458496,39,95,30,65
458496,40,338,152,186
458496,41,135,60,75
458496,42,135,60,75
458496,43,135,60,75
458496,44,40,18,22
458496,45,95,42,53
458496,59,24,6,18
458496,60,71,36,35
458502,1,589,98,491
458502,2,589,98,491
458502,3,589,98,491
458502,4,95,14,81
458502,5,494,84,410
458502,19,114,14,100
458502,20,380,70,310
458502,21,334,59,275
458502,22,334,59,275
458502,23,334,59,275
458502,24,88,14,74
458502,25,246,45,201
458502,39,93,11,82
458502,40,153,34,119
458502,41,255,39,216
458502,42,255,39,216
458502,43,255,39,216
458502,44,7,0,7
458502,45,248,39,209
458502,59,21,3,18
458502,60,227,36,191
458557,1,368,29,339
458557,2,368,29,339
458557,3,368,29,339
458557,4,22,2,20
458557,5,346,27,319
458557,19,62,5,57
458557,20,284,22,262
458557,21,271,21,250
458557,22,271,21,250
458557,23,271,21,250
458557,24,17,2,15
458557,25,254,19,235
458557,39,52,3,49
458557,40,202,16,186
458557,41,97,8,89
458557,42,97,8,89
458557,43,97,8,89
458557,44,5,0,5
458557,45,92,8,84
458557,59,10,2,8
458557,60,82,6,76
458593,1,550,69,481
458593,2,550,69,481
458593,3,550,69,481
458593,4,224,28,196
458593,5,326,41,285
458593,20,326,41,285
458593,21,381,45,336
458593,22,381,45,336
458593,23,381,45,336
458593,24,168,19,149
458593,25,213,26,187
458593,40,213,26,187
458593,41,169,24,145
458593,42,169,24,145
458593,43,169,24,145
458593,44,56,9,47
458593,45,113,15,98
458593,60,113,15,98
458609,1,107,9,98
458609,2,107,9,98
458609,3,107,9,98
458609,5,107,9,98
458609,20,107,9,98
458609,21,91,9,82
458609,22,91,9,82
458609,23,91,9,82
458609,25,91,9,82
458609,40,91,9,82
458609,41,16,0,16
458609,42,16,0,16
458609,43,16,0,16
458609,45,16,0,16
458609,60,16,0,16
458618,1,57,1,56
458618,2,57,1,56
458618,3,57,1,56
458618,5,57,1,56
458618,20,57,1,56
458618,21,52,1,51
458618,22,52,1,51
458618,23,52,1,51
458618,25,52,1,51
458618,40,52,1,51
458618,41,5,0,5
458618,42,5,0,5
458618,43,5,0,5
458618,45,5,0,5
458618,60,5,0,5
458627,1,36,6,30
458627,2,36,6,30
458627,3,36,6,30
458627,5,36,6,30
458627,20,36,6,30
458627,21,36,6,30
458627,22,36,6,30
458627,23,36,6,30
458627,25,36,6,30
458627,40,36,6,30
458636,1,41,2,39
458636,2,41,2,39
458636,3,41,2,39
458636,5,41,2,39
458636,20,41,2,39
458636,21,41,2,39
458636,22,41,2,39
458636,23,41,2,39
458636,25,41,2,39
458636,40,41,2,39
458645,1,45,1,44
458645,2,45,1,44
458645,3,45,1,44
458645,5,45,1,44
458645,20,45,1,44
458645,21,45,1,44
458645,22,45,1,44
458645,23,45,1,44
458645,25,45,1,44
458645,40,45,1,44
458654,1,291,37,254
458654,2,291,37,254
458654,3,291,37,254
458654,4,40,6,34
458654,5,251,31,220
458654,19,16,3,13
458654,20,235,28,207
458654,21,288,37,251
458654,22,288,37,251
458654,23,288,37,251
458654,24,40,6,34
458654,25,248,31,217
458654,39,16,3,13
458654,40,232,28,204
458654,41,3,0,3
458654,42,3,0,3
458654,43,3,0,3
458654,45,3,0,3
458654,60,3,0,3
458663,1,107,14,93
458663,2,107,14,93
458663,3,107,14,93
458663,5,107,14,93
458663,20,107,14,93
458663,21,90,13,77
458663,22,90,13,77
458663,23,90,13,77
458663,25,90,13,77
458663,40,90,13,77
458663,41,17,1,16
458663,42,17,1,16
458663,43,17,1,16
458663,45,17,1,16
458663,60,17,1,16
458681,1,172,44,128
458681,2,172,44,128
458681,3,172,44,128
458681,4,34,8,26
458681,5,138,36,102
458681,19,11,0,11
458681,20,127,36,91
458681,21,172,44,128
458681,22,172,44,128
458681,23,172,44,128
458681,24,34,8,26
458681,25,138,36,102
458681,39,11,0,11
458681,40,127,36,91
458690,1,422,72,350
458690,2,422,72,350
458690,3,416,72,344
458690,4,135,13,122
458690,5,281,59,222
458690,11,6,0,6
458690,19,15,3,12
458690,20,266,56,210
458690,21,422,72,350
458690,22,422,72,350
458690,23,416,72,344
458690,24,135,13,122
458690,25,281,59,222
458690,31,6,0,6
458690,39,15,3,12
458690,40,266,56,210
458706,1,382,23,359
458706,2,382,23,359
458706,3,382,23,359
458706,4,48,6,42
458706,5,334,17,317
458706,19,85,6,79
458706,20,249,11,238
458706,21,382,23,359
458706,22,382,23,359
458706,23,382,23,359
458706,24,48,6,42
458706,25,334,17,317
458706,39,85,6,79
458706,40,249,11,238
458715,1,278,54,224
458715,2,278,54,224
458715,3,278,54,224
458715,4,30,3,27
458715,5,248,51,197
458715,19,39,11,28
458715,20,209,40,169
458715,21,278,54,224
458715,22,278,54,224
458715,23,278,54,224
458715,24,30,3,27
458715,25,248,51,197
458715,39,39,11,28
458715,40,209,40,169
458733,1,266,51,215
458733,2,266,51,215
458733,3,261,51,210
458733,4,27,7,20
458733,5,234,44,190
458733,11,5,0,5
458733,19,50,8,42
458733,20,184,36,148
458733,21,197,40,157
458733,22,197,40,157
458733,23,195,40,155
458733,24,27,7,20
458733,25,168,33,135
458733,31,2,0,2
458733,39,46,7,39
458733,40,122,26,96
458733,41,69,11,58
458733,42,69,11,58
458733,43,66,11,55
458733,45,66,11,55
458733,51,3,0,3
458733,59,4,1,3
458733,60,62,10,52
458742,1,203,61,142
458742,2,203,61,142
458742,3,197,60,137
458742,4,17,8,9
458742,5,180,52,128
458742,11,6,1,5
458742,19,37,7,30
458742,20,143,45,98
458742,21,148,53,95
458742,22,148,53,95
458742,23,147,52,95
458742,24,16,8,8
458742,25,131,44,87
458742,31,1,1,0
458742,39,30,6,24
458742,40,101,38,63
458742,41,55,8,47
458742,42,55,8,47
458742,43,50,8,42
458742,44,1,0,1
458742,45,49,8,41
458742,51,5,0,5
458742,59,7,1,6
458742,60,42,7,35
458751,1,243,36,207
458751,2,243,36,207
458751,3,235,33,202
458751,4,37,6,31
458751,5,198,27,171
458751,11,8,3,5
458751,19,40,8,32
458751,20,158,19,139
458751,21,171,25,146
458751,22,171,25,146
458751,23,169,24,145
458751,24,36,6,30
458751,25,133,18,115
458751,31,2,1,1
458751,39,35,6,29
458751,40,98,12,86
458751,41,72,11,61
458751,42,72,11,61
458751,43,66,9,57
458751,44,1,0,1
458751,45,65,9,56
458751,51,6,2,4
458751,59,5,2,3
458751,60,60,7,53
458760,1,216,42,174
458760,2,216,42,174
458760,3,211,40,171
458760,4,28,3,25
458760,5,183,37,146
458760,11,5,2,3
458760,19,36,5,31
458760,20,147,32,115
458760,21,162,34,128
458760,22,162,34,128
458760,23,159,33,126
458760,24,25,3,22
458760,25,134,30,104
458760,31,3,1,2
458760,39,29,5,24
458760,40,105,25,80
458760,41,54,8,46
458760,42,54,8,46
458760,43,52,7,45
458760,44,3,0,3
458760,45,49,7,42
458760,51,2,1,1
458760,59,7,0,7
458760,60,42,7,35
458779,1,194,31,163
458779,2,194,31,163
458779,3,181,28,153
458779,4,18,3,15
458779,5,163,25,138
458779,11,13,3,10
458779,19,27,3,24
458779,20,136,22,114
458779,21,137,23,114
458779,22,137,23,114
458779,23,133,21,112
458779,24,16,3,13
458779,25,117,18,99
458779,31,4,2,2
458779,39,26,2,24
458779,40,91,16,75
458779,41,57,8,49
458779,42,57,8,49
458779,43,48,7,41
458779,44,2,0,2
458779,45,46,7,39
458779,51,9,1,8
458779,59,1,1,0
458779,60,45,6,39
458797,1,303,43,260
458797,2,303,43,260
458797,3,303,43,260
458797,4,52,8,44
458797,5,251,35,216
458797,19,34,8,26
458797,20,217,27,190
458797,21,303,43,260
458797,22,303,43,260
458797,23,303,43,260
458797,24,52,8,44
458797,25,251,35,216
458797,39,34,8,26
458797,40,217,27,190
458803,1,169,5,164
458803,2,169,5,164
458803,3,169,5,164
458803,4,55,3,52
458803,5,114,2,112
458803,20,114,2,112
458803,21,129,5,124
458803,22,129,5,124
458803,23,129,5,124
458803,24,46,3,43
458803,25,83,2,81
458803,40,83,2,81
458803,41,40,0,40
458803,42,40,0,40
458803,43,40,0,40
458803,44,9,0,9
458803,45,31,0,31
458803,60,31,0,31
458812,1,65,0,65
458812,2,65,0,65
458812,3,65,0,65
458812,4,13,0,13
458812,5,52,0,52
458812,20,52,0,52
458812,21,65,0,65
458812,22,65,0,65
458812,23,65,0,65
458812,24,13,0,13
458812,25,52,0,52
458812,40,52,0,52
458821,1,94,13,81
458821,2,94,13,81
458821,3,94,13,81
458821,4,63,7,56
458821,5,31,6,25
458821,20,31,6,25
458821,21,94,13,81
458821,22,94,13,81
458821,23,94,13,81
458821,24,63,7,56
458821,25,31,6,25
458821,40,31,6,25
458830,1,197,15,182
458830,2,197,15,182
458830,3,197,15,182
458830,4,82,6,76
458830,5,115,9,106
458830,20,115,9,106
458830,21,127,9,118
458830,22,127,9,118
458830,23,127,9,118
458830,24,61,3,58
458830,25,66,6,60
458830,40,66,6,60
458830,41,70,6,64
458830,42,70,6,64
458830,43,70,6,64
458830,44,21,3,18
458830,45,49,3,46
458830,60,49,3,46
458849,1,130,13,117
458849,2,130,13,117
458849,3,130,13,117
458849,4,41,3,38
458849,5,89,10,79
458849,20,89,10,79
458849,21,99,10,89
458849,22,99,10,89
458849,23,99,10,89
458849,24,32,3,29
458849,25,67,7,60
458849,40,67,7,60
458849,41,31,3,28
458849,42,31,3,28
458849,43,31,3,28
458849,44,9,0,9
458849,45,22,3,19
458849,60,22,3,19
458858,1,170,11,159
458858,2,170,11,159
458858,3,170,11,159
458858,4,53,5,48
458858,5,117,6,111
458858,20,117,6,111
458858,21,130,11,119
458858,22,130,11,119
458858,23,130,11,119
458858,24,46,5,41
458858,25,84,6,78
458858,40,84,6,78
458858,41,40,0,40
458858,42,40,0,40
458858,43,40,0,40
458858,44,7,0,7
458858,45,33,0,33
458858,60,33,0,33
458867,1,255,3,252
458867,2,255,3,252
458867,3,255,3,252
458867,4,99,3,96
458867,5,156,0,156
458867,20,156,0,156
458867,21,194,1,193
458867,22,194,1,193
458867,23,194,1,193
458867,24,80,1,79
458867,25,114,0,114
458867,40,114,0,114
458867,41,61,2,59
458867,42,61,2,59
458867,43,61,2,59
458867,44,19,2,17
458867,45,42,0,42
458867,60,42,0,42
458885,1,207,55,152
458885,2,105,27,78
458885,3,105,27,78
458885,4,26,12,14
458885,5,79,15,64
458885,12,102,28,74
458885,19,16,0,16
458885,20,63,15,48
458885,21,22,9,13
458885,22,5,2,3
458885,23,5,2,3
458885,25,5,2,3
458885,32,17,7,10
458885,40,5,2,3
458885,41,185,46,139
458885,42,100,25,75
458885,43,100,25,75
458885,44,26,12,14
458885,45,74,13,61
458885,52,85,21,64
458885,59,16,0,16
458885,60,58,13,45
458919,1,5071,1396,3675
458919,2,3262,984,2278
458919,3,3253,979,2274
458919,4,463,141,322
458919,5,2790,838,1952
458919,11,9,5,4
458919,12,1809,412,1397
458919,19,382,128,254
458919,20,2408,710,1698
458919,21,623,326,297
458919,22,390,246,144
458919,23,390,246,144
458919,24,27,22,5
458919,25,363,224,139
458919,32,233,80,153
458919,39,66,47,19
458919,40,297,177,120
458919,41,4448,1070,3378
458919,42,2872,738,2134
458919,43,2863,733,2130
458919,44,436,119,317
458919,45,2427,614,1813
458919,51,9,5,4
458919,52,1576,332,1244
458919,59,316,81,235
458919,60,2111,533,1578
458937,1,182,60,122
458937,2,132,45,87
458937,3,132,45,87
458937,4,22,9,13
458937,5,110,36,74
458937,12,50,15,35
458937,19,15,5,10
458937,20,95,31,64
458937,21,24,12,12
458937,22,15,10,5
458937,23,15,10,5
458937,24,2,1,1
458937,25,13,9,4
458937,32,9,2,7
458937,39,1,0,1
458937,40,12,9,3
458937,41,158,48,110
458937,42,117,35,82
458937,43,117,35,82
458937,44,20,8,12
458937,45,97,27,70
458937,52,41,13,28
458937,59,14,5,9
458937,60,83,22,61
458955,1,277,67,210
458955,2,156,45,111
458955,3,156,45,111
458955,4,25,8,17
458955,5,131,37,94
458955,12,121,22,99
458955,19,15,3,12
458955,20,116,34,82
458955,21,26,12,14
458955,22,17,10,7
458955,23,17,10,7
458955,24,1,0,1
458955,25,16,10,6
458955,32,9,2,7
458955,39,1,1,0
458955,40,15,9,6
458955,41,251,55,196
458955,42,139,35,104
458955,43,139,35,104
458955,44,24,8,16
458955,45,115,27,88
458955,52,112,20,92
458955,59,14,2,12
458955,60,101,25,76
458964,1,2051,592,1459
458964,2,1221,407,814
458964,3,1219,406,813
458964,4,201,57,144
458964,5,1018,349,669
458964,11,2,1,1
458964,12,830,185,645
458964,19,142,42,100
458964,20,876,307,569
458964,21,269,151,118
458964,22,159,107,52
458964,23,159,107,52
458964,24,14,9,5
458964,25,145,98,47
458964,32,110,44,66
458964,39,20,11,9
458964,40,125,87,38
458964,41,1782,441,1341
458964,42,1062,300,762
458964,43,1060,299,761
458964,44,187,48,139
458964,45,873,251,622
458964,51,2,1,1
458964,52,720,141,579
458964,59,122,31,91
458964,60,751,220,531
458973,1,1322,507,815
458973,2,959,389,570
458973,3,954,387,567
458973,4,145,59,86
458973,5,809,328,481
458973,11,5,2,3
458973,12,363,118,245
458973,19,182,59,123
458973,20,627,269,358
458973,21,191,113,78
458973,22,138,90,48
458973,23,138,90,48
458973,24,10,6,4
458973,25,128,84,44
458973,32,53,23,30
458973,39,28,17,11
458973,40,100,67,33
458973,41,1131,394,737
458973,42,821,299,522
458973,43,816,297,519
458973,44,135,53,82
458973,45,681,244,437
458973,51,5,2,3
458973,52,310,95,215
458973,59,154,42,112
458973,60,527,202,325
458982,1,1115,574,541
458982,2,1115,574,541
458982,3,1115,574,541
458982,4,233,137,96
458982,5,882,437,445
458982,19,207,114,93
458982,20,675,323,352
458982,21,683,362,321
458982,22,683,362,321
458982,23,683,362,321
458982,24,132,75,57
458982,25,551,287,264
458982,39,118,70,48
458982,40,433,217,216
458982,41,432,212,220
458982,42,432,212,220
458982,43,432,212,220
458982,44,101,62,39
458982,45,331,150,181
458982,59,89,44,45
458982,60,242,106,136
458991,1,245,61,184
458991,2,245,61,184
458991,3,237,59,178
458991,4,30,7,23
458991,5,207,52,155
458991,11,8,2,6
458991,19,35,9,26
458991,20,172,43,129
458991,21,194,50,144
458991,22,194,50,144
458991,23,194,50,144
458991,24,29,7,22
458991,25,165,43,122
458991,39,31,7,24
458991,40,134,36,98
458991,41,51,11,40
458991,42,51,11,40
458991,43,43,9,34
458991,44,1,0,1
458991,45,42,9,33
458991,51,8,2,6
458991,59,4,2,2
458991,60,38,7,31
459000,1,117,10,107
459000,2,117,10,107
459000,3,117,10,107
459000,4,44,4,40
459000,5,73,6,67
459000,20,73,6,67
459000,21,93,8,85
459000,22,93,8,85
459000,23,93,8,85
459000,24,39,3,36
459000,25,54,5,49
459000,40,54,5,49
459000,41,24,2,22
459000,42,24,2,22
459000,43,24,2,22
459000,44,5,1,4
459000,45,19,1,18
459000,60,19,1,18
459019,1,134,7,127
459019,2,134,7,127
459019,3,134,7,127
459019,4,54,5,49
459019,5,80,2,78
459019,20,80,2,78
459019,21,106,6,100
459019,22,106,6,100
459019,23,106,6,100
459019,24,47,4,43
459019,25,59,2,57
459019,40,59,2,57
459019,41,28,1,27
459019,42,28,1,27
459019,43,28,1,27
459019,44,7,1,6
459019,45,21,0,21
459019,60,21,0,21
459028,1,65,5,60
459028,2,65,5,60
459028,3,65,5,60
459028,4,27,1,26
459028,5,38,4,34
459028,20,38,4,34
459028,21,53,4,49
459028,22,53,4,49
459028,23,53,4,49
459028,24,24,0,24
459028,25,29,4,25
459028,40,29,4,25
459028,41,12,1,11
459028,42,12,1,11
459028,43,12,1,11
459028,44,3,1,2
459028,45,9,0,9
459028,60,9,0,9
459037,1,151,12,139
459037,2,151,12,139
459037,3,151,12,139
459037,4,39,2,37
459037,5,112,10,102
459037,20,112,10,102
459037,21,107,11,96
459037,22,107,11,96
459037,23,107,11,96
459037,24,28,2,26
459037,25,79,9,70
459037,40,79,9,70
459037,41,44,1,43
459037,42,44,1,43
459037,43,44,1,43
459037,44,11,0,11
459037,45,33,1,32
459037,60,33,1,32
459046,1,121,12,109
459046,2,121,12,109
459046,3,121,12,109
459046,4,45,4,41
459046,5,76,8,68
459046,20,76,8,68
459046,21,85,7,78
459046,22,85,7,78
459046,23,85,7,78
459046,24,31,2,29
459046,25,54,5,49
459046,40,54,5,49
459046,41,36,5,31
459046,42,36,5,31
459046,43,36,5,31
459046,44,14,2,12
459046,45,22,3,19
459046,60,22,3,19
459055,1,111,4,107
459055,2,111,4,107
459055,3,111,4,107
459055,4,55,2,53
459055,5,56,2,54
459055,20,56,2,54
459055,21,79,4,75
459055,22,79,4,75
459055,23,79,4,75
459055,24,44,2,42
459055,25,35,2,33
459055,40,35,2,33
459055,41,32,0,32
459055,42,32,0,32
459055,43,32,0,32
459055,44,11,0,11
459055,45,21,0,21
459055,60,21,0,21
459064,1,105,10,95
459064,2,105,10,95
459064,3,105,10,95
459064,4,29,1,28
459064,5,76,9,67
459064,20,76,9,67
459064,21,85,7,78
459064,22,85,7,78
459064,23,85,7,78
459064,24,25,1,24
459064,25,60,6,54
459064,40,60,6,54
459064,41,20,3,17
459064,42,20,3,17
459064,43,20,3,17
459064,44,4,0,4
459064,45,16,3,13
459064,60,16,3,13
459073,1,61,2,59
459073,2,61,2,59
459073,3,61,2,59
459073,4,31,2,29
459073,5,30,0,30
459073,20,30,0,30
459073,21,61,2,59
459073,22,61,2,59
459073,23,61,2,59
459073,24,31,2,29
459073,25,30,0,30
459073,40,30,0,30
459091,1,151,100,51
459091,2,151,100,51
459091,3,145,96,49
459091,4,25,16,9
459091,5,120,80,40
459091,11,6,4,2
459091,19,20,12,8
459091,20,100,68,32
459091,21,115,79,36
459091,22,115,79,36
459091,23,114,78,36
459091,24,23,14,9
459091,25,91,64,27
459091,31,1,1,0
459091,39,16,12,4
459091,40,75,52,23
459091,41,36,21,15
459091,42,36,21,15
459091,43,31,18,13
459091,44,2,2,0
459091,45,29,16,13
459091,51,5,3,2
459091,59,4,0,4
459091,60,25,16,9
459107,1,641,140,501
459107,2,641,140,501
459107,3,641,140,501
459107,4,94,34,60
459107,5,547,106,441
459107,19,157,35,122
459107,20,390,71,319
459107,21,311,96,215
459107,22,311,96,215
459107,23,311,96,215
459107,24,74,27,47
459107,25,237,69,168
459107,39,96,25,71
459107,40,141,44,97
459107,41,330,44,286
459107,42,330,44,286
459107,43,330,44,286
459107,44,20,7,13
459107,45,310,37,273
459107,59,61,10,51
459107,60,249,27,222
459116,1,187,16,171
459116,2,187,16,171
459116,3,187,16,171
459116,4,27,1,26
459116,5,160,15,145
459116,20,160,15,145
459116,21,138,11,127
459116,22,138,11,127
459116,23,138,11,127
459116,24,19,1,18
459116,25,119,10,109
459116,40,119,10,109
459116,41,49,5,44
459116,42,49,5,44
459116,43,49,5,44
459116,44,8,0,8
459116,45,41,5,36
459116,60,41,5,36
459125,1,75,4,71
459125,2,75,4,71
459125,3,75,4,71
459125,4,35,1,34
459125,5,40,3,37
459125,20,40,3,37
459125,21,75,4,71
459125,22,75,4,71
459125,23,75,4,71
459125,24,35,1,34
459125,25,40,3,37
459125,40,40,3,37
459134,1,44,3,41
459134,2,44,3,41
459134,3,44,3,41
459134,4,31,2,29
459134,5,13,1,12
459134,20,13,1,12
459134,21,13,1,12
459134,22,13,1,12
459134,23,13,1,12
459134,24,11,1,10
459134,25,2,0,2
459134,40,2,0,2
459134,41,31,2,29
459134,42,31,2,29
459134,43,31,2,29
459134,44,20,1,19
459134,45,11,1,10
459134,60,11,1,10
459143,1,68,6,62
459143,2,68,6,62
459143,3,68,6,62
459143,4,17,1,16
459143,5,51,5,46
459143,20,51,5,46
459143,21,51,5,46
459143,22,51,5,46
459143,23,51,5,46
459143,24,11,0,11
459143,25,40,5,35
459143,40,40,5,35
459143,41,17,1,16
459143,42,17,1,16
459143,43,17,1,16
459143,44,6,1,5
459143,45,11,0,11
459143,60,11,0,11
459152,1,159,38,121
459152,2,159,38,121
459152,3,159,38,121
459152,4,20,8,12
459152,5,139,30,109
459152,20,139,30,109
459152,21,89,27,62
459152,22,89,27,62
459152,23,89,27,62
459152,24,13,7,6
459152,25,76,20,56
459152,40,76,20,56
459152,41,70,11,59
459152,42,70,11,59
459152,43,70,11,59
459152,44,7,1,6
459152,45,63,10,53
459152,60,63,10,53
459161,1,90,24,66
459161,2,90,24,66
459161,3,90,24,66
459161,4,7,2,5
459161,5,83,22,61
459161,20,83,22,61
459161,21,17,5,12
459161,22,17,5,12
459161,23,17,5,12
459161,24,1,1,0
459161,25,16,4,12
459161,40,16,4,12
459161,41,73,19,54
459161,42,73,19,54
459161,43,73,19,54
459161,44,6,1,5
459161,45,67,18,49
459161,60,67,18,49
459170,1,73,4,69
459170,2,73,4,69
459170,3,73,4,69
459170,4,45,3,42
459170,5,28,1,27
459170,20,28,1,27
459170,21,46,2,44
459170,22,46,2,44
459170,23,46,2,44
459170,24,33,2,31
459170,25,13,0,13
459170,40,13,0,13
459170,41,27,2,25
459170,42,27,2,25
459170,43,27,2,25
459170,44,12,1,11
459170,45,15,1,14
459170,60,15,1,14
459189,1,64,3,61
459189,2,64,3,61
459189,3,64,3,61
459189,4,20,0,20
459189,5,44,3,41
459189,20,44,3,41
459189,21,26,1,25
459189,22,26,1,25
459189,23,26,1,25
459189,24,11,0,11
459189,25,15,1,14
459189,40,15,1,14
459189,41,38,2,36
459189,42,38,2,36
459189,43,38,2,36
459189,44,9,0,9
459189,45,29,2,27
459189,60,29,2,27
459198,1,248,12,236
459198,2,248,12,236
459198,3,248,12,236
459198,4,37,3,34
459198,5,211,9,202
459198,20,211,9,202
459198,21,194,8,186
459198,22,194,8,186
459198,23,194,8,186
459198,24,32,2,30
459198,25,162,6,156
459198,40,162,6,156
459198,41,54,4,50
459198,42,54,4,50
459198,43,54,4,50
459198,44,5,1,4
459198,45,49,3,46
459198,60,49,3,46
459204,1,904,174,730
459204,2,904,174,730
459204,3,904,174,730
459204,4,216,45,171
459204,5,688,129,559
459204,19,15,1,14
459204,20,673,128,545
459204,21,904,174,730
459204,22,904,174,730
459204,23,904,174,730
459204,24,216,45,171
459204,25,688,129,559
459204,39,15,1,14
459204,40,673,128,545
459213,1,843,163,680
459213,2,843,163,680
459213,3,843,163,680
459213,4,59,15,44
459213,5,784,148,636
459213,20,784,148,636
459213,21,794,152,642
459213,22,794,152,642
459213,23,794,152,642
459213,24,36,8,28
459213,25,758,144,614
459213,40,758,144,614
459213,41,49,11,38
459213,42,49,11,38
459213,43,49,11,38
459213,44,23,7,16
459213,45,26,4,22
459213,60,26,4,22
459222,1,116,59,57
459222,2,48,22,26
459222,3,48,22,26
459222,5,48,22,26
459222,12,68,37,31
459222,20,48,22,26
459222,21,108,54,54
459222,22,46,20,26
459222,23,46,20,26
459222,25,46,20,26
459222,32,62,34,28
459222,40,46,20,26
459222,41,8,5,3
459222,42,2,2,0
459222,43,2,2,0
459222,45,2,2,0
459222,52,6,3,3
459222,60,2,2,0
459231,1,259,10,249
459231,2,259,10,249
459231,3,259,10,249
459231,4,95,4,91
459231,5,164,6,158
459231,20,164,6,158
459231,21,205,9,196
459231,22,205,9,196
459231,23,205,9,196
459231,24,64,4,60
459231,25,141,5,136
459231,40,141,5,136
459231,41,54,1,53
459231,42,54,1,53
459231,43,54,1,53
459231,44,31,0,31
459231,45,23,1,22
459231,60,23,1,22
459259,1,699,94,605
459259,2,637,85,552
459259,3,634,84,550
459259,4,35,7,28
459259,5,599,77,522
459259,11,3,1,2
459259,12,62,9,53
459259,19,154,18,136
459259,20,445,59,386
459259,21,270,30,240
459259,22,249,27,222
459259,23,249,27,222
459259,24,19,5,14
459259,25,230,22,208
459259,32,21,3,18
459259,39,40,3,37
459259,40,190,19,171
459259,41,429,64,365
459259,42,388,58,330
459259,43,385,57,328
459259,44,16,2,14
459259,45,369,55,314
459259,51,3,1,2
459259,52,41,6,35
459259,59,114,15,99
459259,60,255,40,215
459268,1,790,172,618
459268,2,685,157,528
459268,3,685,157,528
459268,4,31,13,18
459268,5,654,144,510
459268,12,105,15,90
459268,19,211,40,171
459268,20,443,104,339
459268,21,376,93,283
459268,22,340,87,253
459268,23,340,87,253
459268,24,16,6,10
459268,25,324,81,243
459268,32,36,6,30
459268,39,102,24,78
459268,40,222,57,165
459268,41,414,79,335
459268,42,345,70,275
459268,43,345,70,275
459268,44,15,7,8
459268,45,330,63,267
459268,52,69,9,60
459268,59,109,16,93
459268,60,221,47,174
459277,1,485,14,471
459277,2,485,14,471
459277,3,485,14,471
459277,4,103,3,100
459277,5,382,11,371
459277,20,382,11,371
459277,21,485,14,471
459277,22,485,14,471
459277,23,485,14,471
459277,24,103,3,100
459277,25,382,11,371
459277,40,382,11,371
459286,1,231,12,219
459286,2,231,12,219
459286,3,231,12,219
459286,4,44,1,43
459286,5,187,11,176
459286,20,187,11,176
459286,21,152,7,145
459286,22,152,7,145
459286,23,152,7,145
459286,24,36,1,35
459286,25,116,6,110
459286,40,116,6,110
459286,41,79,5,74
459286,42,79,5,74
459286,43,79,5,74
459286,44,8,0,8
459286,45,71,5,66
459286,60,71,5,66
459295,1,86,2,84
459295,2,86,2,84
459295,3,86,2,84
459295,4,24,1,23
459295,5,62,1,61
459295,20,62,1,61
459295,21,57,2,55
459295,22,57,2,55
459295,23,57,2,55
459295,24,11,1,10
459295,25,46,1,45
459295,40,46,1,45
459295,41,29,0,29
459295,42,29,0,29
459295,43,29,0,29
459295,44,13,0,13
459295,45,16,0,16
459295,60,16,0,16
459301,1,129,3,126
459301,2,129,3,126
459301,3,129,3,126
459301,4,27,1,26
459301,5,102,2,100
459301,20,102,2,100
459301,21,88,3,85
459301,22,88,3,85
459301,23,88,3,85
459301,24,24,1,23
459301,25,64,2,62
459301,40,64,2,62
459301,41,41,0,41
459301,42,41,0,41
459301,43,41,0,41
459301,44,3,0,3
459301,45,38,0,38
459301,60,38,0,38
459310,1,35,2,33
459310,2,35,2,33
459310,3,35,2,33
459310,4,31,2,29
459310,5,4,0,4
459310,20,4,0,4
459310,21,35,2,33
459310,22,35,2,33
459310,23,35,2,33
459310,24,31,2,29
459310,25,4,0,4
459310,40,4,0,4
459329,1,161,105,56
459329,2,161,105,56
459329,3,161,105,56
459329,4,97,59,38
459329,5,64,46,18
459329,20,64,46,18
459329,21,157,104,53
459329,22,157,104,53
459329,23,157,104,53
459329,24,94,58,36
459329,25,63,46,17
459329,40,63,46,17
459329,41,4,1,3
459329,42,4,1,3
459329,43,4,1,3
459329,44,3,1,2
459329,45,1,0,1
459329,60,1,0,1
459338,1,75,16,59
459338,2,75,16,59
459338,3,75,16,59
459338,4,18,3,15
459338,5,57,13,44
459338,20,57,13,44
459338,21,75,16,59
459338,22,75,16,59
459338,23,75,16,59
459338,24,18,3,15
459338,25,57,13,44
459338,40,57,13,44
459347,1,36,2,34
459347,2,36,2,34
459347,3,36,2,34
459347,4,11,1,10
459347,5,25,1,24
459347,20,25,1,24
459347,21,25,1,24
459347,22,25,1,24
459347,23,25,1,24
459347,24,5,0,5
459347,25,20,1,19
459347,40,20,1,19
459347,41,11,1,10
459347,42,11,1,10
459347,43,11,1,10
459347,44,6,1,5
459347,45,5,0,5
459347,60,5,0,5
459356,1,84,35,49
459356,2,84,35,49
459356,3,84,35,49
459356,4,4,0,4
459356,5,80,35,45
459356,19,4,1,3
459356,20,76,34,42
459356,21,59,25,34
459356,22,59,25,34
459356,23,59,25,34
459356,24,1,0,1
459356,25,58,25,33
459356,39,4,1,3
459356,40,54,24,30
459356,41,25,10,15
459356,42,25,10,15
459356,43,25,10,15
459356,44,3,0,3
459356,45,22,10,12
459356,60,22,10,12
459365,1,77,1,76
459365,2,77,1,76
459365,3,77,1,76
459365,4,40,1,39
459365,5,37,0,37
459365,20,37,0,37
459365,21,46,1,45
459365,22,46,1,45
459365,23,46,1,45
459365,24,35,1,34
459365,25,11,0,11
459365,40,11,0,11
459365,41,31,0,31
459365,42,31,0,31
459365,43,31,0,31
459365,44,5,0,5
459365,45,26,0,26
459365,60,26,0,26
459374,1,58,5,53
459374,2,58,5,53
459374,3,58,5,53
459374,4,37,4,33
459374,5,21,1,20
459374,20,21,1,20
459374,21,42,3,39
459374,22,42,3,39
459374,23,42,3,39
459374,24,29,2,27
459374,25,13,1,12
459374,40,13,1,12
459374,41,16,2,14
459374,42,16,2,14
459374,43,16,2,14
459374,44,8,2,6
459374,45,8,0,8
459374,60,8,0,8
459392,1,105,5,100
459392,2,105,5,100
459392,3,105,5,100
459392,4,16,0,16
459392,5,89,5,84
459392,20,89,5,84
459392,21,105,5,100
459392,22,105,5,100
459392,23,105,5,100
459392,24,16,0,16
459392,25,89,5,84
459392,40,89,5,84
459408,1,51,6,45
459408,2,51,6,45
459408,3,51,6,45
459408,4,16,2,14
459408,5,35,4,31
459408,20,35,4,31
459408,21,38,4,34
459408,22,38,4,34
459408,23,38,4,34
459408,24,12,2,10
459408,25,26,2,24
459408,40,26,2,24
459408,41,13,2,11
459408,42,13,2,11
459408,43,13,2,11
459408,44,4,0,4
459408,45,9,2,7
459408,60,9,2,7
459417,1,81,63,18
459417,2,81,63,18
459417,3,80,62,18
459417,4,40,33,7
459417,5,40,29,11
459417,11,1,1,0
459417,19,29,21,8
459417,20,11,8,3
459417,21,81,63,18
459417,22,81,63,18
459417,23,80,62,18
459417,24,40,33,7
459417,25,40,29,11
459417,31,1,1,0
459417,39,29,21,8
459417,40,11,8,3
459426,1,84,1,83
459426,2,84,1,83
459426,3,84,1,83
459426,4,68,1,67
459426,5,16,0,16
459426,20,16,0,16
459426,21,74,1,73
459426,22,74,1,73
459426,23,74,1,73
459426,24,61,1,60
459426,25,13,0,13
459426,40,13,0,13
459426,41,10,0,10
459426,42,10,0,10
459426,43,10,0,10
459426,44,7,0,7
459426,45,3,0,3
459426,60,3,0,3
459435,1,27,27,0
459435,2,27,27,0
459435,3,27,27,0
459435,4,12,12,0
459435,5,15,15,0
459435,20,15,15,0
459435,21,27,27,0
459435,22,27,27,0
459435,23,27,27,0
459435,24,12,12,0
459435,25,15,15,0
459435,40,15,15,0
459444,1,45,1,44
459444,2,45,1,44
459444,3,45,1,44
459444,4,10,0,10
459444,5,35,1,34
459444,20,35,1,34
459444,21,23,1,22
459444,22,23,1,22
459444,23,23,1,22
459444,24,6,0,6
459444,25,17,1,16
459444,40,17,1,16
459444,41,22,0,22
459444,42,22,0,22
459444,43,22,0,22
459444,44,4,0,4
459444,45,18,0,18
459444,60,18,0,18
459453,1,138,10,128
459453,2,138,10,128
459453,3,138,10,128
459453,4,23,1,22
459453,5,115,9,106
459453,20,115,9,106
459453,21,106,9,97
459453,22,106,9,97
459453,23,106,9,97
459453,24,19,1,18
459453,25,87,8,79
459453,40,87,8,79
459453,41,32,1,31
459453,42,32,1,31
459453,43,32,1,31
459453,44,4,0,4
459453,45,28,1,27
459453,60,28,1,27
459462,1,218,203,15
459462,2,218,203,15
459462,3,218,203,15
459462,4,203,188,15
459462,5,15,15,0
459462,20,15,15,0
459462,21,149,141,8
459462,22,149,141,8
459462,23,149,141,8
459462,24,141,133,8
459462,25,8,8,0
459462,40,8,8,0
459462,41,69,62,7
459462,42,69,62,7
459462,43,69,62,7
459462,44,62,55,7
459462,45,7,7,0
459462,60,7,7,0
459471,1,27,0,27
459471,2,27,0,27
459471,3,27,0,27
459471,4,15,0,15
459471,5,12,0,12
459471,20,12,0,12
459471,21,7,0,7
459471,22,7,0,7
459471,23,7,0,7
459471,24,5,0,5
459471,25,2,0,2
459471,40,2,0,2
459471,41,20,0,20
459471,42,20,0,20
459471,43,20,0,20
459471,44,10,0,10
459471,45,10,0,10
459471,60,10,0,10
459480,1,30,3,27
459480,2,30,3,27
459480,3,30,3,27
459480,4,11,1,10
459480,5,19,2,17
459480,20,19,2,17
459480,21,30,3,27
459480,22,30,3,27
459480,23,30,3,27
459480,24,11,1,10
459480,25,19,2,17
459480,40,19,2,17
459499,1,28,3,25
459499,2,28,3,25
459499,3,28,3,25
459499,4,17,1,16
459499,5,11,2,9
459499,20,11,2,9
459499,21,28,3,25
459499,22,28,3,25
459499,23,28,3,25
459499,24,17,1,16
459499,25,11,2,9
459499,40,11,2,9
459514,1,48,23,25
459514,2,48,23,25
459514,3,48,23,25
459514,4,28,15,13
459514,5,20,8,12
459514,20,20,8,12
459514,21,48,23,25
459514,22,48,23,25
459514,23,48,23,25
459514,24,28,15,13
459514,25,20,8,12
459514,40,20,8,12
459523,1,35,2,33
459523,2,35,2,33
459523,3,35,2,33
459523,4,12,0,12
459523,5,23,2,21
459523,20,23,2,21
459523,21,26,1,25
459523,22,26,1,25
459523,23,26,1,25
459523,24,8,0,8
459523,25,18,1,17
459523,40,18,1,17
459523,41,9,1,8
459523,42,9,1,8
459523,43,9,1,8
459523,44,4,0,4
459523,45,5,1,4
459523,60,5,1,4
459532,1,105,5,100
459532,2,105,5,100
459532,3,105,5,100
459532,4,45,2,43
459532,5,60,3,57
459532,20,60,3,57
459532,21,105,5,100
459532,22,105,5,100
459532,23,105,5,100
459532,24,45,2,43
459532,25,60,3,57
459532,40,60,3,57
459541,1,32,3,29
459541,2,32,3,29
459541,3,32,3,29
459541,4,3,0,3
459541,5,29,3,26
459541,20,29,3,26
459541,21,22,2,20
459541,22,22,2,20
459541,23,22,2,20
459541,24,2,0,2
459541,25,20,2,18
459541,40,20,2,18
459541,41,10,1,9
459541,42,10,1,9
459541,43,10,1,9
459541,44,1,0,1
459541,45,9,1,8
459541,60,9,1,8
459550,1,152,2,150
459550,2,152,2,150
459550,3,152,2,150
459550,4,71,0,71
459550,5,81,2,79
459550,20,81,2,79
459550,21,143,2,141
459550,22,143,2,141
459550,23,143,2,141
459550,24,67,0,67
459550,25,76,2,74
459550,40,76,2,74
459550,41,9,0,9
459550,42,9,0,9
459550,43,9,0,9
459550,44,4,0,4
459550,45,5,0,5
459550,60,5,0,5
459569,1,19,0,19
459569,2,19,0,19
459569,3,19,0,19
459569,4,5,0,5
459569,5,14,0,14
459569,20,14,0,14
459569,21,19,0,19
459569,22,19,0,19
459569,23,19,0,19
459569,24,5,0,5
459569,25,14,0,14
459569,40,14,0,14
459578,1,161,6,155
459578,2,161,6,155
459578,3,161,6,155
459578,4,22,1,21
459578,5,139,5,134
459578,20,139,5,134
459578,21,121,5,116
459578,22,121,5,116
459578,23,121,5,116
459578,24,16,1,15
459578,25,105,4,101
459578,40,105,4,101
459578,41,40,1,39
459578,42,40,1,39
459578,43,40,1,39
459578,44,6,0,6
459578,45,34,1,33
459578,60,34,1,33
459587,1,357,148,209
459587,2,357,148,209
459587,3,357,148,209
459587,4,41,24,17
459587,5,316,124,192
459587,20,316,124,192
459587,21,243,102,141
459587,22,243,102,141
459587,23,243,102,141
459587,24,40,23,17
459587,25,203,79,124
459587,40,203,79,124
459587,41,114,46,68
459587,42,114,46,68
459587,43,114,46,68
459587,44,1,1,0
459587,45,113,45,68
459587,60,113,45,68
459596,1,368,162,206
459596,2,368,162,206
459596,3,368,162,206
459596,4,35,21,14
459596,5,333,141,192
459596,19,6,3,3
459596,20,327,138,189
459596,21,252,126,126
459596,22,252,126,126
459596,23,252,126,126
459596,24,30,17,13
459596,25,222,109,113
459596,39,1,1,0
459596,40,221,108,113
459596,41,116,36,80
459596,42,116,36,80
459596,43,116,36,80
459596,44,5,4,1
459596,45,111,32,79
459596,59,5,2,3
459596,60,106,30,76
459602,1,250,135,115
459602,2,250,135,115
459602,3,250,135,115
459602,4,53,32,21
459602,5,197,103,94
459602,19,3,3,0
459602,20,194,100,94
459602,21,177,109,68
459602,22,177,109,68
459602,23,177,109,68
459602,24,48,30,18
459602,25,129,79,50
459602,39,1,1,0
459602,40,128,78,50
459602,41,73,26,47
459602,42,73,26,47
459602,43,73,26,47
459602,44,5,2,3
459602,45,68,24,44
459602,59,2,2,0
459602,60,66,22,44
459611,1,249,174,75
459611,2,249,174,75
459611,3,249,174,75
459611,4,51,38,13
459611,5,198,136,62
459611,19,3,0,3
459611,20,195,136,59
459611,21,201,138,63
459611,22,201,138,63
459611,23,201,138,63
459611,24,48,36,12
459611,25,153,102,51
459611,39,3,0,3
459611,40,150,102,48
459611,41,48,36,12
459611,42,48,36,12
459611,43,48,36,12
459611,44,3,2,1
459611,45,45,34,11
459611,60,45,34,11
459620,1,37,34,3
459620,2,37,34,3
459620,3,37,34,3
459620,5,37,34,3
459620,20,37,34,3
459620,21,23,20,3
459620,22,23,20,3
459620,23,23,20,3
459620,25,23,20,3
459620,40,23,20,3
459620,41,14,14,0
459620,42,14,14,0
459620,43,14,14,0
459620,45,14,14,0
459620,60,14,14,0
459639,1,479,429,50
459639,2,479,429,50
459639,3,479,429,50
459639,4,68,58,10
459639,5,411,371,40
459639,19,8,7,1
459639,20,403,364,39
459639,21,407,365,42
459639,22,407,365,42
459639,23,407,365,42
459639,24,64,54,10
459639,25,343,311,32
459639,39,6,5,1
459639,40,337,306,31
459639,41,72,64,8
459639,42,72,64,8
459639,43,72,64,8
459639,44,4,4,0
459639,45,68,60,8
459639,59,2,2,0
459639,60,66,58,8
459648,1,139,111,28
459648,2,139,111,28
459648,3,139,111,28
459648,4,50,39,11
459648,5,89,72,17
459648,19,1,0,1
459648,20,88,72,16
459648,21,112,92,20
459648,22,112,92,20
459648,23,112,92,20
459648,24,47,37,10
459648,25,65,55,10
459648,40,65,55,10
459648,41,27,19,8
459648,42,27,19,8
459648,43,27,19,8
459648,44,3,2,1
459648,45,24,17,7
459648,59,1,0,1
459648,60,23,17,6
459657,1,187,132,55
459657,2,187,132,55
459657,3,187,132,55
459657,4,42,31,11
459657,5,145,101,44
459657,19,3,1,2
459657,20,142,100,42
459657,21,154,111,43
459657,22,154,111,43
459657,23,154,111,43
459657,24,37,27,10
459657,25,117,84,33
459657,39,1,0,1
459657,40,116,84,32
459657,41,33,21,12
459657,42,33,21,12
459657,43,33,21,12
459657,44,5,4,1
459657,45,28,17,11
459657,59,2,1,1
459657,60,26,16,10
459666,1,265,222,43
459666,2,265,222,43
459666,3,265,222,43
459666,4,64,50,14
459666,5,201,172,29
459666,19,6,4,2
459666,20,195,168,27
459666,21,221,187,34
459666,22,221,187,34
459666,23,221,187,34
459666,24,58,46,12
459666,25,163,141,22
459666,39,6,4,2
459666,40,157,137,20
459666,41,44,35,9
459666,42,44,35,9
459666,43,44,35,9
459666,44,6,4,2
459666,45,38,31,7
459666,60,38,31,7
459675,1,247,201,46
459675,2,247,201,46
459675,3,247,201,46
459675,4,24,18,6
459675,5,223,183,40
459675,19,6,5,1
459675,20,217,178,39
459675,21,198,159,39
459675,22,198,159,39
459675,23,198,159,39
459675,24,24,18,6
459675,25,174,141,33
459675,39,5,4,1
459675,40,169,137,32
459675,41,49,42,7
459675,42,49,42,7
459675,43,49,42,7
459675,45,49,42,7
459675,59,1,1,0
459675,60,48,41,7
459684,1,148,123,25
459684,2,148,123,25
459684,3,148,123,25
459684,5,148,123,25
459684,19,1,1,0
459684,20,147,122,25
459684,21,117,97,20
459684,22,117,97,20
459684,23,117,97,20
459684,25,117,97,20
459684,39,1,1,0
459684,40,116,96,20
459684,41,31,26,5
459684,42,31,26,5
459684,43,31,26,5
459684,45,31,26,5
459684,60,31,26,5
459693,1,319,248,71
459693,2,319,248,71
459693,3,319,248,71
459693,4,52,38,14
459693,5,267,210,57
459693,19,5,3,2
459693,20,262,207,55
459693,21,245,191,54
459693,22,245,191,54
459693,23,245,191,54
459693,24,42,31,11
459693,25,203,160,43
459693,39,4,2,2
459693,40,199,158,41
459693,41,74,57,17
459693,42,74,57,17
459693,43,74,57,17
459693,44,10,7,3
459693,45,64,50,14
459693,59,1,1,0
459693,60,63,49,14
459709,1,438,329,109
459709,2,438,329,109
459709,3,438,329,109
459709,4,77,57,20
459709,5,361,272,89
459709,19,6,5,1
459709,20,355,267,88
459709,21,309,240,69
459709,22,309,240,69
459709,23,309,240,69
459709,24,60,46,14
459709,25,249,194,55
459709,39,4,4,0
459709,40,245,190,55
459709,41,129,89,40
459709,42,129,89,40
459709,43,129,89,40
459709,44,17,11,6
459709,45,112,78,34
459709,59,2,1,1
459709,60,110,77,33
459718,1,569,464,105
459718,2,569,464,105
459718,3,569,464,105
459718,4,84,71,13
459718,5,485,393,92
459718,19,3,1,2
459718,20,482,392,90
459718,21,438,356,82
459718,22,438,356,82
459718,23,438,356,82
459718,24,78,65,13
459718,25,360,291,69
459718,39,2,1,1
459718,40,358,290,68
459718,41,131,108,23
459718,42,131,108,23
459718,43,131,108,23
459718,44,6,6,0
459718,45,125,102,23
459718,59,1,0,1
459718,60,124,102,22
459727,1,363,150,213
459727,2,161,81,80
459727,3,150,71,79
459727,4,18,8,10
459727,5,132,63,69
459727,11,11,10,1
459727,12,202,69,133
459727,19,79,38,41
459727,20,53,25,28
459727,21,267,100,167
459727,22,103,45,58
459727,23,97,40,57
459727,24,6,2,4
459727,25,91,38,53
459727,31,6,5,1
459727,32,164,55,109
459727,39,47,22,25
459727,40,44,16,28
459727,41,96,50,46
459727,42,58,36,22
459727,43,53,31,22
459727,44,12,6,6
459727,45,41,25,16
459727,51,5,5,0
459727,52,38,14,24
459727,59,32,16,16
459727,60,9,9,0
459736,1,1357,544,813
459736,12,1357,544,813
459736,21,1178,501,677
459736,32,1178,501,677
459736,41,179,43,136
459736,52,179,43,136
459745,1,373,67,306
459745,12,373,67,306
459745,21,216,37,179
459745,32,216,37,179
459745,41,157,30,127
459745,52,157,30,127
459815,1,96,13,83
459815,2,96,13,83
459815,3,96,13,83
459815,4,15,0,15
459815,5,81,13,68
459815,20,81,13,68
459815,21,96,13,83
459815,22,96,13,83
459815,23,96,13,83
459815,24,15,0,15
459815,25,81,13,68
459815,40,81,13,68
459824,1,1248,582,666
459824,2,5,2,3
459824,3,4,1,3
459824,5,4,1,3
459824,11,1,1,0
459824,12,1243,580,663
459824,20,4,1,3
459824,21,1015,523,492
459824,22,1,0,1
459824,23,1,0,1
459824,25,1,0,1
459824,32,1014,523,491
459824,40,1,0,1
459824,41,233,59,174
459824,42,4,2,2
459824,43,3,1,2
459824,45,3,1,2
459824,51,1,1,0
459824,52,229,57,172
459824,60,3,1,2
459833,1,66,18,48
459833,2,66,18,48
459833,3,66,18,48
459833,4,9,1,8
459833,5,57,17,40
459833,19,17,3,14
459833,20,40,14,26
459833,21,43,11,32
459833,22,43,11,32
459833,23,43,11,32
459833,24,7,1,6
459833,25,36,10,26
459833,39,14,2,12
459833,40,22,8,14
459833,41,23,7,16
459833,42,23,7,16
459833,43,23,7,16
459833,44,2,0,2
459833,45,21,7,14
459833,59,3,1,2
459833,60,18,6,12
459842,1,435,84,351
459842,2,428,83,345
459842,3,427,83,344
459842,4,54,13,41
459842,5,373,70,303
459842,11,1,0,1
459842,12,7,1,6
459842,19,17,4,13
459842,20,356,66,290
459842,21,234,56,178
459842,22,231,55,176
459842,23,231,55,176
459842,24,34,8,26
459842,25,197,47,150
459842,32,3,1,2
459842,39,11,4,7
459842,40,186,43,143
459842,41,201,28,173
459842,42,197,28,169
459842,43,196,28,168
459842,44,20,5,15
459842,45,176,23,153
459842,51,1,0,1
459842,52,4,0,4
459842,59,6,0,6
459842,60,170,23,147
459851,1,343,83,260
459851,2,337,81,256
459851,3,336,81,255
459851,4,53,6,47
459851,5,283,75,208
459851,11,1,0,1
459851,12,6,2,4
459851,19,40,10,30
459851,20,243,65,178
459851,21,261,57,204
459851,22,259,57,202
459851,23,259,57,202
459851,24,48,5,43
459851,25,211,52,159
459851,32,2,0,2
459851,39,35,8,27
459851,40,176,44,132
459851,41,82,26,56
459851,42,78,24,54
459851,43,77,24,53
459851,44,5,1,4
459851,45,72,23,49
459851,51,1,0,1
459851,52,4,2,2
459851,59,5,2,3
459851,60,67,21,46
459930,1,1091,215,876
459930,2,1091,215,876
459930,3,1091,215,876
459930,4,173,24,149
459930,5,918,191,727
459930,19,78,17,61
459930,20,840,174,666
459930,21,920,182,738
459930,22,920,182,738
459930,23,920,182,738
459930,24,115,13,102
459930,25,805,169,636
459930,39,45,10,35
459930,40,760,159,601
459930,41,171,33,138
459930,42,171,33,138
459930,43,171,33,138
459930,44,58,11,47
459930,45,113,22,91
459930,59,33,7,26
459930,60,80,15,65
459958,1,333,99,234
459958,2,333,99,234
459958,3,333,99,234
459958,4,55,17,38
459958,5,278,82,196
459958,20,278,82,196
459958,21,333,99,234
459958,22,333,99,234
459958,23,333,99,234
459958,24,55,17,38
459958,25,278,82,196
459958,40,278,82,196
459967,1,313,88,225
459967,2,313,88,225
459967,3,313,88,225
459967,4,283,81,202
459967,5,30,7,23
459967,20,30,7,23
459967,21,313,88,225
459967,22,313,88,225
459967,23,313,88,225
459967,24,283,81,202
459967,25,30,7,23
459967,40,30,7,23
459985,1,331,64,267
459985,2,331,64,267
459985,3,331,64,267
459985,4,293,56,237
459985,5,38,8,30
459985,20,38,8,30
459985,21,331,64,267
459985,22,331,64,267
459985,23,331,64,267
459985,24,293,56,237
459985,25,38,8,30
459985,40,38,8,30
459994,1,2796,989,1807
459994,2,1506,508,998
459994,3,1429,479,950
459994,4,304,103,201
459994,5,1125,376,749
459994,11,77,29,48
459994,12,1290,481,809
459994,19,165,58,107
459994,20,960,318,642
459994,21,253,123,130
459994,22,84,44,40
459994,23,82,42,40
459994,24,5,3,2
459994,25,77,39,38
459994,31,2,2,0
459994,32,169,79,90
459994,39,15,9,6
459994,40,62,30,32
459994,41,2543,866,1677
459994,42,1422,464,958
459994,43,1347,437,910
459994,44,299,100,199
459994,45,1048,337,711
459994,51,75,27,48
459994,52,1121,402,719
459994,59,150,49,101
459994,60,898,288,610
460002,1,102,13,89
460002,2,102,13,89
460002,3,102,13,89
460002,4,77,6,71
460002,5,25,7,18
460002,20,25,7,18
460002,21,51,6,45
460002,22,51,6,45
460002,23,51,6,45
460002,24,40,3,37
460002,25,11,3,8
460002,40,11,3,8
460002,41,51,7,44
460002,42,51,7,44
460002,43,51,7,44
460002,44,37,3,34
460002,45,14,4,10
460002,60,14,4,10
460011,1,146,7,139
460011,2,146,7,139
460011,3,146,7,139
460011,4,11,1,10
460011,5,135,6,129
460011,20,135,6,129
460011,21,114,7,107
460011,22,114,7,107
460011,23,114,7,107
460011,24,11,1,10
460011,25,103,6,97
460011,40,103,6,97
460011,41,32,0,32
460011,42,32,0,32
460011,43,32,0,32
460011,45,32,0,32
460011,60,32,0,32
460020,1,543,148,395
460020,2,543,148,395
460020,3,543,148,395
460020,4,47,23,24
460020,5,496,125,371
460020,19,76,18,58
460020,20,420,107,313
460020,21,543,148,395
460020,22,543,148,395
460020,23,543,148,395
460020,24,47,23,24
460020,25,496,125,371
460020,39,76,18,58
460020,40,420,107,313
460039,1,780,256,524
460039,2,780,256,524
460039,3,780,256,524
460039,4,178,61,117
460039,5,602,195,407
460039,19,17,6,11
460039,20,585,189,396
460039,21,780,256,524
460039,22,780,256,524
460039,23,780,256,524
460039,24,178,61,117
460039,25,602,195,407
460039,39,17,6,11
460039,40,585,189,396
460048,1,634,127,507
460048,2,634,127,507
460048,3,634,127,507
460048,4,72,13,59
460048,5,562,114,448
460048,19,138,25,113
460048,20,424,89,335
460048,21,634,127,507
460048,22,634,127,507
460048,23,634,127,507
460048,24,72,13,59
460048,25,562,114,448
460048,39,138,25,113
460048,40,424,89,335
460057,1,47,1,46
460057,2,47,1,46
460057,3,47,1,46
460057,4,14,1,13
460057,5,33,0,33
460057,20,33,0,33
460057,21,47,1,46
460057,22,47,1,46
460057,23,47,1,46
460057,24,14,1,13
460057,25,33,0,33
460057,40,33,0,33
460066,1,75,5,70
460066,2,75,5,70
460066,3,75,5,70
460066,4,22,2,20
460066,5,53,3,50
460066,20,53,3,50
460066,21,75,5,70
460066,22,75,5,70
460066,23,75,5,70
460066,24,22,2,20
460066,25,53,3,50
460066,40,53,3,50
460075,1,405,274,131
460075,2,54,41,13
460075,3,54,41,13
460075,4,16,8,8
460075,5,38,33,5
460075,12,351,233,118
460075,20,38,33,5
460075,21,405,274,131
460075,22,54,41,13
460075,23,54,41,13
460075,24,16,8,8
460075,25,38,33,5
460075,32,351,233,118
460075,40,38,33,5
460093,1,181,13,168
460093,2,181,13,168
460093,3,181,13,168
460093,4,73,4,69
460093,5,108,9,99
460093,20,108,9,99
460093,21,181,13,168
460093,22,181,13,168
460093,23,181,13,168
460093,24,73,4,69
460093,25,108,9,99
460093,40,108,9,99
460109,1,174,13,161
460109,2,174,13,161
460109,3,174,13,161
460109,4,61,6,55
460109,5,113,7,106
460109,20,113,7,106
460109,21,174,13,161
460109,22,174,13,161
460109,23,174,13,161
460109,24,61,6,55
460109,25,113,7,106
460109,40,113,7,106
460118,1,151,5,146
460118,2,151,5,146
460118,3,151,5,146
460118,4,52,2,50
460118,5,99,3,96
460118,20,99,3,96
460118,21,151,5,146
460118,22,151,5,146
460118,23,151,5,146
460118,24,52,2,50
460118,25,99,3,96
460118,40,99,3,96
460127,1,131,4,127
460127,2,131,4,127
460127,3,131,4,127
460127,4,36,2,34
460127,5,95,2,93
460127,20,95,2,93
460127,21,131,4,127
460127,22,131,4,127
460127,23,131,4,127
460127,24,36,2,34
460127,25,95,2,93
460127,40,95,2,93
460136,1,898,178,720
460136,2,898,178,720
460136,3,898,178,720
460136,4,318,52,266
460136,5,580,126,454
460136,20,580,126,454
460136,21,898,178,720
460136,22,898,178,720
460136,23,898,178,720
460136,24,318,52,266
460136,25,580,126,454
460136,40,580,126,454
460145,1,220,143,77
460145,2,220,143,77
460145,3,220,143,77
460145,4,92,65,27
460145,5,128,78,50
460145,20,128,78,50
460145,21,220,143,77
460145,22,220,143,77
460145,23,220,143,77
460145,24,92,65,27
460145,25,128,78,50
460145,40,128,78,50
460172,1,170,161,9
460172,2,170,161,9
460172,3,170,161,9
460172,4,80,75,5
460172,5,90,86,4
460172,20,90,86,4
460172,21,170,161,9
460172,22,170,161,9
460172,23,170,161,9
460172,24,80,75,5
460172,25,90,86,4
460172,40,90,86,4
460181,1,703,133,570
460181,2,703,133,570
460181,3,703,133,570
460181,4,204,36,168
460181,5,499,97,402
460181,20,499,97,402
460181,21,703,133,570
460181,22,703,133,570
460181,23,703,133,570
460181,24,204,36,168
460181,25,499,97,402
460181,40,499,97,402
460190,1,521,71,450
460190,2,521,71,450
460190,3,521,71,450
460190,4,124,11,113
460190,5,397,60,337
460190,20,397,60,337
460190,21,521,71,450
460190,22,521,71,450
460190,23,521,71,450
460190,24,124,11,113
460190,25,397,60,337
460190,40,397,60,337
460206,1,681,120,561
460206,2,681,120,561
460206,3,681,120,561
460206,4,164,30,134
460206,5,517,90,427
460206,20,517,90,427
460206,21,681,120,561
460206,22,681,120,561
460206,23,681,120,561
460206,24,164,30,134
460206,25,517,90,427
460206,40,517,90,427
460215,1,476,444,32
460215,2,476,444,32
460215,3,476,444,32
460215,4,196,184,12
460215,5,280,260,20
460215,20,280,260,20
460215,21,414,385,29
460215,22,414,385,29
460215,23,414,385,29
460215,24,178,166,12
460215,25,236,219,17
460215,40,236,219,17
460215,41,62,59,3
460215,42,62,59,3
460215,43,62,59,3
460215,44,18,18,0
460215,45,44,41,3
460215,60,44,41,3
460349,1,135,48,87
460349,2,118,45,73
460349,3,118,45,73
460349,5,118,45,73
460349,12,17,3,14
460349,19,24,13,11
460349,20,94,32,62
460349,21,57,13,44
460349,22,43,10,33
460349,23,43,10,33
460349,25,43,10,33
460349,32,14,3,11
460349,39,12,6,6
460349,40,31,4,27
460349,41,78,35,43
460349,42,75,35,40
460349,43,75,35,40
460349,45,75,35,40
460349,52,3,0,3
460349,59,12,7,5
460349,60,63,28,35
460358,1,535,119,416
460358,2,535,119,416
460358,3,535,119,416
460358,4,68,12,56
460358,5,467,107,360
460358,19,80,13,67
460358,20,387,94,293
460358,21,471,84,387
460358,22,471,84,387
460358,23,471,84,387
460358,24,67,11,56
460358,25,404,73,331
460358,39,60,3,57
460358,40,344,70,274
460358,41,64,35,29
460358,42,64,35,29
460358,43,64,35,29
460358,44,1,1,0
460358,45,63,34,29
460358,59,20,10,10
460358,60,43,24,19
460367,1,433,108,325
460367,2,433,108,325
460367,3,433,108,325
460367,4,84,16,68
460367,5,349,92,257
460367,20,349,92,257
460367,21,433,108,325
460367,22,433,108,325
460367,23,433,108,325
460367,24,84,16,68
460367,25,349,92,257
460367,40,349,92,257
460385,1,55,5,50
460385,2,55,5,50
460385,3,55,5,50
460385,4,17,1,16
460385,5,38,4,34
460385,20,38,4,34
460385,21,44,2,42
460385,22,44,2,42
460385,23,44,2,42
460385,24,15,1,14
460385,25,29,1,28
460385,40,29,1,28
460385,41,11,3,8
460385,42,11,3,8
460385,43,11,3,8
460385,44,2,0,2
460385,45,9,3,6
460385,60,9,3,6
460394,1,8420,3719,4701
460394,2,8420,3719,4701
460394,3,7101,3176,3925
460394,4,1204,580,624
460394,5,5897,2596,3301
460394,11,1319,543,776
460394,19,1492,687,805
460394,20,4405,1909,2496
460394,21,1976,915,1061
460394,22,1976,915,1061
460394,23,1906,888,1018
460394,24,396,191,205
460394,25,1510,697,813
460394,31,70,27,43
460394,39,340,202,138
460394,40,1170,495,675
460394,41,6444,2804,3640
460394,42,6444,2804,3640
460394,43,5195,2288,2907
460394,44,808,389,419
460394,45,4387,1899,2488
460394,51,1249,516,733
460394,59,1152,485,667
460394,60,3235,1414,1821
460446,1,224,25,199
460446,2,224,25,199
460446,3,224,25,199
460446,4,34,1,33
460446,5,190,24,166
460446,20,190,24,166
460446,21,157,18,139
460446,22,157,18,139
460446,23,157,18,139
460446,24,31,1,30
460446,25,126,17,109
460446,40,126,17,109
460446,41,67,7,60
460446,42,67,7,60
460446,43,67,7,60
460446,44,3,0,3
460446,45,64,7,57
460446,60,64,7,57
460455,1,61,13,48
460455,2,61,13,48
460455,3,61,13,48
460455,4,11,1,10
460455,5,50,12,38
460455,20,50,12,38
460455,21,9,2,7
460455,22,9,2,7
460455,23,9,2,7
460455,24,1,0,1
460455,25,8,2,6
460455,40,8,2,6
460455,41,52,11,41
460455,42,52,11,41
460455,43,52,11,41
460455,44,10,1,9
460455,45,42,10,32
460455,60,42,10,32
460464,1,9648,4413,5235
460464,2,9648,4413,5235
460464,3,8321,3833,4488
460464,4,1526,761,765
460464,5,6795,3072,3723
460464,11,1327,580,747
460464,19,1401,617,784
460464,20,5394,2455,2939
460464,21,2270,1068,1202
460464,22,2270,1068,1202
460464,23,2224,1046,1178
460464,24,631,311,320
460464,25,1593,735,858
460464,31,46,22,24
460464,39,205,94,111
460464,40,1388,641,747
460464,41,7378,3345,4033
460464,42,7378,3345,4033
460464,43,6097,2787,3310
460464,44,895,450,445
460464,45,5202,2337,2865
460464,51,1281,558,723
460464,59,1196,523,673
460464,60,4006,1814,2192
460473,1,15,1,14
460473,2,15,1,14
460473,3,15,1,14
460473,5,15,1,14
460473,20,15,1,14
460473,21,10,1,9
460473,22,10,1,9
460473,23,10,1,9
460473,25,10,1,9
460473,40,10,1,9
460473,41,5,0,5
460473,42,5,0,5
460473,43,5,0,5
460473,45,5,0,5
460473,60,5,0,5
460482,1,223,23,200
460482,2,223,23,200
460482,3,223,23,200
460482,4,88,12,76
460482,5,135,11,124
460482,20,135,11,124
460482,21,223,23,200
460482,22,223,23,200
460482,23,223,23,200
460482,24,88,12,76
460482,25,135,11,124
460482,40,135,11,124
460516,1,162,7,155
460516,2,162,7,155
460516,3,162,7,155
460516,4,45,0,45
460516,5,117,7,110
460516,20,117,7,110
460516,21,162,7,155
460516,22,162,7,155
460516,23,162,7,155
460516,24,45,0,45
460516,25,117,7,110
460516,40,117,7,110
460525,1,255,22,233
460525,2,255,22,233
460525,3,255,22,233
460525,4,55,6,49
460525,5,200,16,184
460525,20,200,16,184
460525,21,255,22,233
460525,22,255,22,233
460525,23,255,22,233
460525,24,55,6,49
460525,25,200,16,184
460525,40,200,16,184
460534,1,458,23,435
460534,2,458,23,435
460534,3,458,23,435
460534,4,141,10,131
460534,5,317,13,304
460534,20,317,13,304
460534,21,458,23,435
460534,22,458,23,435
460534,23,458,23,435
460534,24,141,10,131
460534,25,317,13,304
460534,40,317,13,304
460543,1,1006,979,27
460543,2,1006,979,27
460543,3,1006,979,27
460543,4,205,202,3
460543,5,801,777,24
460543,20,801,777,24
460543,21,1006,979,27
460543,22,1006,979,27
460543,23,1006,979,27
460543,24,205,202,3
460543,25,801,777,24
460543,40,801,777,24
460552,1,56,14,42
460552,2,56,14,42
460552,3,56,14,42
460552,4,20,7,13
460552,5,36,7,29
460552,20,36,7,29
460552,21,44,9,35
460552,22,44,9,35
460552,23,44,9,35
460552,24,16,5,11
460552,25,28,4,24
460552,40,28,4,24
460552,41,12,5,7
460552,42,12,5,7
460552,43,12,5,7
460552,44,4,2,2
460552,45,8,3,5
460552,60,8,3,5
460561,1,53,0,53
460561,2,53,0,53
460561,3,53,0,53
460561,4,46,0,46
460561,5,7,0,7
460561,20,7,0,7
460561,21,53,0,53
460561,22,53,0,53
460561,23,53,0,53
460561,24,46,0,46
460561,25,7,0,7
460561,40,7,0,7
460570,1,257,36,221
460570,2,257,36,221
460570,3,257,36,221
460570,4,135,18,117
460570,5,122,18,104
460570,20,122,18,104
460570,21,220,30,190
460570,22,220,30,190
460570,23,220,30,190
460570,24,114,14,100
460570,25,106,16,90
460570,40,106,16,90
460570,41,37,6,31
460570,42,37,6,31
460570,43,37,6,31
460570,44,21,4,17
460570,45,16,2,14
460570,60,16,2,14
460589,1,317,29,288
460589,2,317,29,288
460589,3,317,29,288
460589,4,243,22,221
460589,5,74,7,67
460589,20,74,7,67
460589,21,226,18,208
460589,22,226,18,208
460589,23,226,18,208
460589,24,170,16,154
460589,25,56,2,54
460589,40,56,2,54
460589,41,91,11,80
460589,42,91,11,80
460589,43,91,11,80
460589,44,73,6,67
460589,45,18,5,13
460589,60,18,5,13
460598,1,594,121,473
460598,2,594,121,473
460598,3,594,121,473
460598,4,591,119,472
460598,5,3,2,1
460598,20,3,2,1
460598,21,475,107,368
460598,22,475,107,368
460598,23,475,107,368
460598,24,474,107,367
460598,25,1,0,1
460598,40,1,0,1
460598,41,119,14,105
460598,42,119,14,105
460598,43,119,14,105
460598,44,117,12,105
460598,45,2,2,0
460598,60,2,2,0
460604,1,41,40,1
460604,2,41,40,1
460604,3,41,40,1
460604,4,19,19,0
460604,5,22,21,1
460604,20,22,21,1
460604,21,41,40,1
460604,22,41,40,1
460604,23,41,40,1
460604,24,19,19,0
460604,25,22,21,1
460604,40,22,21,1
460613,1,785,312,473
460613,2,785,312,473
460613,3,785,312,473
460613,4,169,68,101
460613,5,616,244,372
460613,19,85,37,48
460613,20,531,207,324
460613,21,785,312,473
460613,22,785,312,473
460613,23,785,312,473
460613,24,169,68,101
460613,25,616,244,372
460613,39,85,37,48
460613,40,531,207,324
460631,1,53,4,49
460631,2,53,4,49
460631,3,53,4,49
460631,4,16,1,15
460631,5,37,3,34
460631,20,37,3,34
460631,21,53,4,49
460631,22,53,4,49
460631,23,53,4,49
460631,24,16,1,15
460631,25,37,3,34
460631,40,37,3,34
460640,1,66,19,47
460640,2,66,19,47
460640,3,66,19,47
460640,4,21,8,13
460640,5,45,11,34
460640,20,45,11,34
460640,21,36,12,24
460640,22,36,12,24
460640,23,36,12,24
460640,24,14,5,9
460640,25,22,7,15
460640,40,22,7,15
460640,41,30,7,23
460640,42,30,7,23
460640,43,30,7,23
460640,44,7,3,4
460640,45,23,4,19
460640,60,23,4,19
460659,1,96,8,88
460659,2,96,8,88
460659,3,96,8,88
460659,4,53,5,48
460659,5,43,3,40
460659,20,43,3,40
460659,21,96,8,88
460659,22,96,8,88
460659,23,96,8,88
460659,24,53,5,48
460659,25,43,3,40
460659,40,43,3,40
460668,1,356,81,275
460668,2,356,81,275
460668,3,356,81,275
460668,4,151,44,107
460668,5,205,37,168
460668,20,205,37,168
460668,21,356,81,275
460668,22,356,81,275
460668,23,356,81,275
460668,24,151,44,107
460668,25,205,37,168
460668,40,205,37,168
460677,1,613,131,482
460677,2,613,131,482
460677,3,613,131,482
460677,4,271,65,206
460677,5,342,66,276
460677,19,12,1,11
460677,20,330,65,265
460677,21,493,109,384
460677,22,493,109,384
460677,23,493,109,384
460677,24,257,60,197
460677,25,236,49,187
460677,39,9,1,8
460677,40,227,48,179
460677,41,120,22,98
460677,42,120,22,98
460677,43,120,22,98
460677,44,14,5,9
460677,45,106,17,89
460677,59,3,0,3
460677,60,103,17,86
460686,1,143,46,97
460686,2,143,46,97
460686,3,143,46,97
460686,4,52,17,35
460686,5,91,29,62
460686,20,91,29,62
460686,21,129,42,87
460686,22,129,42,87
460686,23,129,42,87
460686,24,50,16,34
460686,25,79,26,53
460686,40,79,26,53
460686,41,14,4,10
460686,42,14,4,10
460686,43,14,4,10
460686,44,2,1,1
460686,45,12,3,9
460686,60,12,3,9
460695,1,49,7,42
460695,2,49,7,42
460695,3,49,7,42
460695,4,22,4,18
460695,5,27,3,24
460695,20,27,3,24
460695,21,48,6,42
460695,22,48,6,42
460695,23,48,6,42
460695,24,22,4,18
460695,25,26,2,24
460695,40,26,2,24
460695,41,1,1,0
460695,42,1,1,0
460695,43,1,1,0
460695,45,1,1,0
460695,60,1,1,0
460701,1,220,70,150
460701,2,220,70,150
460701,3,220,70,150
460701,4,40,15,25
460701,5,180,55,125
460701,20,180,55,125
460701,21,75,28,47
460701,22,75,28,47
460701,23,75,28,47
460701,24,18,10,8
460701,25,57,18,39
460701,40,57,18,39
460701,41,145,42,103
460701,42,145,42,103
460701,43,145,42,103
460701,44,22,5,17
460701,45,123,37,86
460701,60,123,37,86
460710,1,180,12,168
460710,2,180,12,168
460710,3,180,12,168
460710,4,6,2,4
460710,5,174,10,164
460710,20,174,10,164
460710,21,110,8,102
460710,22,110,8,102
460710,23,110,8,102
460710,24,4,1,3
460710,25,106,7,99
460710,40,106,7,99
460710,41,70,4,66
460710,42,70,4,66
460710,43,70,4,66
460710,44,2,1,1
460710,45,68,3,65
460710,60,68,3,65
460729,1,2628,1677,951
460729,2,2628,1677,951
460729,3,2527,1606,921
460729,4,907,559,348
460729,5,1620,1047,573
460729,11,101,71,30
460729,19,461,317,144
460729,20,1159,730,429
460729,21,668,427,241
460729,22,668,427,241
460729,23,653,415,238
460729,24,195,122,73
460729,25,458,293,165
460729,31,15,12,3
460729,39,120,80,40
460729,40,338,213,125
460729,41,1960,1250,710
460729,42,1960,1250,710
460729,43,1874,1191,683
460729,44,712,437,275
460729,45,1162,754,408
460729,51,86,59,27
460729,59,341,237,104
460729,60,821,517,304
460738,1,3676,555,3121
460738,2,2346,366,1980
460738,3,2328,360,1968
460738,5,2328,360,1968
460738,11,18,6,12
460738,12,1330,189,1141
460738,19,1206,144,1062
460738,20,1122,216,906
460738,21,484,111,373
460738,22,138,60,78
460738,23,124,55,69
460738,25,124,55,69
460738,31,14,5,9
460738,32,346,51,295
460738,39,50,15,35
460738,40,74,40,34
460738,41,3192,444,2748
460738,42,2208,306,1902
460738,43,2204,305,1899
460738,45,2204,305,1899
460738,51,4,1,3
460738,52,984,138,846
460738,59,1156,129,1027
460738,60,1048,176,872
460747,1,386,334,52
460747,2,386,334,52
460747,3,386,334,52
460747,4,107,88,19
460747,5,279,246,33
460747,19,60,55,5
460747,20,219,191,28
460747,21,386,334,52
460747,22,386,334,52
460747,23,386,334,52
460747,24,107,88,19
460747,25,279,246,33
460747,39,60,55,5
460747,40,219,191,28
460756,1,426,27,399
460756,2,426,27,399
460756,3,22,1,21
460756,4,3,0,3
460756,5,19,1,18
460756,11,404,26,378
460756,20,19,1,18
460756,21,426,27,399
460756,22,426,27,399
460756,23,22,1,21
460756,24,3,0,3
460756,25,19,1,18
460756,31,404,26,378
460756,40,19,1,18
460765,1,59,2,57
460765,2,59,2,57
460765,3,59,2,57
460765,4,54,2,52
460765,5,5,0,5
460765,20,5,0,5
460765,21,59,2,57
460765,22,59,2,57
460765,23,59,2,57
460765,24,54,2,52
460765,25,5,0,5
460765,40,5,0,5
460774,1,600,58,542
460774,2,600,58,542
460774,3,600,58,542
460774,4,226,28,198
460774,5,374,30,344
460774,20,374,30,344
460774,21,416,47,369
460774,22,416,47,369
460774,23,416,47,369
460774,24,154,26,128
460774,25,262,21,241
460774,40,262,21,241
460774,41,184,11,173
460774,42,184,11,173
460774,43,184,11,173
460774,44,72,2,70
460774,45,112,9,103
460774,60,112,9,103
460783,1,235,42,193
460783,2,235,42,193
460783,3,235,42,193
460783,4,48,11,37
460783,5,187,31,156
460783,20,187,31,156
460783,21,235,42,193
460783,22,235,42,193
460783,23,235,42,193
460783,24,48,11,37
460783,25,187,31,156
460783,40,187,31,156
460808,1,12,2,10
460808,2,12,2,10
460808,3,12,2,10
460808,4,12,2,10
460808,21,12,2,10
460808,22,12,2,10
460808,23,12,2,10
460808,24,12,2,10
460817,1,475,57,418
460817,2,475,57,418
460817,3,475,57,418
460817,4,116,12,104
460817,5,359,45,314
460817,19,37,1,36
460817,20,322,44,278
460817,21,316,40,276
460817,22,316,40,276
460817,23,316,40,276
460817,24,95,11,84
460817,25,221,29,192
460817,39,31,1,30
460817,40,190,28,162
460817,41,159,17,142
460817,42,159,17,142
460817,43,159,17,142
460817,44,21,1,20
460817,45,138,16,122
460817,59,6,0,6
460817,60,132,16,116
460826,1,485,56,429
460826,2,485,56,429
460826,3,485,56,429
460826,4,49,7,42
460826,5,436,49,387
460826,19,116,15,101
460826,20,320,34,286
460826,21,283,34,249
460826,22,283,34,249
460826,23,283,34,249
460826,24,35,5,30
460826,25,248,29,219
460826,39,79,10,69
460826,40,169,19,150
460826,41,202,22,180
460826,42,202,22,180
460826,43,202,22,180
460826,44,14,2,12
460826,45,188,20,168
460826,59,37,5,32
460826,60,151,15,136
460835,1,752,53,699
460835,2,752,53,699
460835,3,752,53,699
460835,4,142,13,129
460835,5,610,40,570
460835,19,141,10,131
460835,20,469,30,439
460835,21,495,36,459
460835,22,495,36,459
460835,23,495,36,459
460835,24,102,11,91
460835,25,393,25,368
460835,39,94,9,85
460835,40,299,16,283
460835,41,257,17,240
460835,42,257,17,240
460835,43,257,17,240
460835,44,40,2,38
460835,45,217,15,202
460835,59,47,1,46
460835,60,170,14,156
460844,1,451,79,372
460844,2,451,79,372
460844,3,451,79,372
460844,4,108,31,77
460844,5,343,48,295
460844,20,343,48,295
460844,21,330,62,268
460844,22,330,62,268
460844,23,330,62,268
460844,24,83,25,58
460844,25,247,37,210
460844,40,247,37,210
460844,41,121,17,104
460844,42,121,17,104
460844,43,121,17,104
460844,44,25,6,19
460844,45,96,11,85
460844,60,96,11,85
460853,1,495,41,454
460853,2,495,41,454
460853,3,495,41,454
460853,4,204,23,181
460853,5,291,18,273
460853,20,291,18,273
460853,21,315,33,282
460853,22,315,33,282
460853,23,315,33,282
460853,24,143,21,122
460853,25,172,12,160
460853,40,172,12,160
460853,41,180,8,172
460853,42,180,8,172
460853,43,180,8,172
460853,44,61,2,59
460853,45,119,6,113
460853,60,119,6,113
460862,1,348,25,323
460862,2,348,25,323
460862,3,348,25,323
460862,4,57,5,52
460862,5,291,20,271
460862,20,291,20,271
460862,21,202,15,187
460862,22,202,15,187
460862,23,202,15,187
460862,24,31,3,28
460862,25,171,12,159
460862,40,171,12,159
460862,41,146,10,136
460862,42,146,10,136
460862,43,146,10,136
460862,44,26,2,24
460862,45,120,8,112
460862,60,120,8,112
460871,1,364,44,320
460871,2,364,44,320
460871,3,363,44,319
460871,4,2,0,2
460871,5,361,44,317
460871,11,1,0,1
460871,19,119,15,104
460871,20,242,29,213
460871,21,229,28,201
460871,22,229,28,201
460871,23,229,28,201
460871,24,2,0,2
460871,25,227,28,199
460871,39,99,13,86
460871,40,128,15,113
460871,41,135,16,119
460871,42,135,16,119
460871,43,134,16,118
460871,45,134,16,118
460871,51,1,0,1
460871,59,20,2,18
460871,60,114,14,100
460899,1,422,163,259
460899,2,422,163,259
460899,3,422,163,259
460899,4,269,100,169
460899,5,153,63,90
460899,20,153,63,90
460899,21,422,163,259
460899,22,422,163,259
460899,23,422,163,259
460899,24,269,100,169
460899,25,153,63,90
460899,40,153,63,90
460905,1,58,1,57
460905,2,58,1,57
460905,3,58,1,57
460905,4,7,0,7
460905,5,51,1,50
460905,20,51,1,50
460905,21,58,1,57
460905,22,58,1,57
460905,23,58,1,57
460905,24,7,0,7
460905,25,51,1,50
460905,40,51,1,50
460914,1,177,2,175
460914,2,177,2,175
460914,3,177,2,175
460914,4,17,0,17
460914,5,160,2,158
460914,20,160,2,158
460914,21,177,2,175
460914,22,177,2,175
460914,23,177,2,175
460914,24,17,0,17
460914,25,160,2,158
460914,40,160,2,158
460923,1,506,102,404
460923,2,506,102,404
460923,3,506,102,404
460923,4,284,68,216
460923,5,222,34,188
460923,20,222,34,188
460923,21,408,95,313
460923,22,408,95,313
460923,23,408,95,313
460923,24,236,64,172
460923,25,172,31,141
460923,40,172,31,141
460923,41,98,7,91
460923,42,98,7,91
460923,43,98,7,91
460923,44,48,4,44
460923,45,50,3,47
460923,60,50,3,47
460932,1,55,0,55
460932,2,55,0,55
460932,3,55,0,55
460932,4,39,0,39
460932,5,16,0,16
460932,20,16,0,16
460932,21,55,0,55
460932,22,55,0,55
460932,23,55,0,55
460932,24,39,0,39
460932,25,16,0,16
460932,40,16,0,16
460941,1,42,6,36
460941,12,42,6,36
460941,21,37,4,33
460941,32,37,4,33
460941,41,5,2,3
460941,52,5,2,3
460950,1,64,19,45
460950,2,64,19,45
460950,3,64,19,45
460950,4,33,6,27
460950,5,31,13,18
460950,20,31,13,18
460950,21,64,19,45
460950,22,64,19,45
460950,23,64,19,45
460950,24,33,6,27
460950,25,31,13,18
460950,40,31,13,18
460969,1,114,32,82
460969,2,114,32,82
460969,3,114,32,82
460969,4,94,26,68
460969,5,20,6,14
460969,20,20,6,14
460969,21,114,32,82
460969,22,114,32,82
460969,23,114,32,82
460969,24,94,26,68
460969,25,20,6,14
460969,40,20,6,14
460978,1,154,8,146
460978,2,154,8,146
460978,3,154,8,146
460978,4,60,2,58
460978,5,94,6,88
460978,20,94,6,88
460978,21,109,3,106
460978,22,109,3,106
460978,23,109,3,106
460978,24,44,0,44
460978,25,65,3,62
460978,40,65,3,62
460978,41,45,5,40
460978,42,45,5,40
460978,43,45,5,40
460978,44,16,2,14
460978,45,29,3,26
460978,60,29,3,26
460987,1,64,2,62
460987,2,64,2,62
460987,3,64,2,62
460987,4,23,0,23
460987,5,41,2,39
460987,20,41,2,39
460987,21,55,2,53
460987,22,55,2,53
460987,23,55,2,53
460987,24,22,0,22
460987,25,33,2,31
460987,40,33,2,31
460987,41,9,0,9
460987,42,9,0,9
460987,43,9,0,9
460987,44,1,0,1
460987,45,8,0,8
460987,60,8,0,8
460996,1,100,2,98
460996,2,100,2,98
460996,3,100,2,98
460996,4,42,0,42
460996,5,58,2,56
460996,20,58,2,56
460996,21,84,2,82
460996,22,84,2,82
460996,23,84,2,82
460996,24,35,0,35
460996,25,49,2,47
460996,40,49,2,47
460996,41,16,0,16
460996,42,16,0,16
460996,43,16,0,16
460996,44,7,0,7
460996,45,9,0,9
460996,60,9,0,9
461005,1,269,36,233
461005,2,269,36,233
461005,3,252,34,218
461005,4,181,27,154
461005,5,71,7,64
461005,11,17,2,15
461005,20,71,7,64
461005,21,233,33,200
461005,22,233,33,200
461005,23,216,31,185
461005,24,156,24,132
461005,25,60,7,53
461005,31,17,2,15
461005,40,60,7,53
461005,41,36,3,33
461005,42,36,3,33
461005,43,36,3,33
461005,44,25,3,22
461005,45,11,0,11
461005,60,11,0,11
461014,1,617,38,579
461014,2,617,38,579
461014,3,609,38,571
461014,4,160,17,143
461014,5,449,21,428
461014,11,8,0,8
461014,19,3,0,3
461014,20,446,21,425
461014,21,612,38,574
461014,22,612,38,574
461014,23,604,38,566
461014,24,160,17,143
461014,25,444,21,423
461014,31,8,0,8
461014,39,3,0,3
461014,40,441,21,420
461014,41,5,0,5
461014,42,5,0,5
461014,43,5,0,5
461014,45,5,0,5
461014,60,5,0,5
461023,1,1089,172,917
461023,2,1089,172,917
461023,3,1089,172,917
461023,4,107,14,93
461023,5,982,158,824
461023,19,258,38,220
461023,20,724,120,604
461023,21,1063,170,893
461023,22,1063,170,893
461023,23,1063,170,893
461023,24,105,14,91
461023,25,958,156,802
461023,39,245,38,207
461023,40,713,118,595
461023,41,26,2,24
461023,42,26,2,24
461023,43,26,2,24
461023,44,2,0,2
461023,45,24,2,22
461023,59,13,0,13
461023,60,11,2,9
461032,1,113,60,53
461032,2,113,60,53
461032,3,113,60,53
461032,4,13,6,7
461032,5,100,54,46
461032,19,16,11,5
461032,20,84,43,41
461032,21,45,26,19
461032,22,45,26,19
461032,23,45,26,19
461032,24,6,2,4
461032,25,39,24,15
461032,39,10,6,4
461032,40,29,18,11
461032,41,68,34,34
461032,42,68,34,34
461032,43,68,34,34
461032,44,7,4,3
461032,45,61,30,31
461032,59,6,5,1
461032,60,55,25,30
461041,1,469,48,421
461041,2,469,48,421
461041,3,469,48,421
461041,4,381,36,345
461041,5,88,12,76
461041,20,88,12,76
461041,21,373,41,332
461041,22,373,41,332
461041,23,373,41,332
461041,24,307,33,274
461041,25,66,8,58
461041,40,66,8,58
461041,41,96,7,89
461041,42,96,7,89
461041,43,96,7,89
461041,44,74,3,71
461041,45,22,4,18
461041,60,22,4,18
461111,1,35,29,6
461111,2,35,29,6
461111,3,35,29,6
461111,4,22,19,3
461111,5,13,10,3
461111,20,13,10,3
461111,21,28,23,5
461111,22,28,23,5
461111,23,28,23,5
461111,24,18,15,3
461111,25,10,8,2
461111,40,10,8,2
461111,41,7,6,1
461111,42,7,6,1
461111,43,7,6,1
461111,44,4,4,0
461111,45,3,2,1
461111,60,3,2,1
461120,1,113,70,43
461120,12,113,70,43
461120,21,113,70,43
461120,32,113,70,43
461139,1,72,19,53
461139,12,72,19,53
461139,21,72,19,53
461139,32,72,19,53
461148,1,1717,981,736
461148,2,1344,752,592
461148,3,1344,752,592
461148,4,1291,725,566
461148,5,53,27,26
461148,12,373,229,144
461148,20,53,27,26
461148,21,1717,981,736
461148,22,1344,752,592
461148,23,1344,752,592
461148,24,1291,725,566
461148,25,53,27,26
461148,32,373,229,144
461148,40,53,27,26
461157,1,50,46,4
461157,2,50,46,4
461157,3,50,46,4
461157,4,19,17,2
461157,5,31,29,2
461157,20,31,29,2
461157,21,50,46,4
461157,22,50,46,4
461157,23,50,46,4
461157,24,19,17,2
461157,25,31,29,2
461157,40,31,29,2
461175,1,179,33,146
461175,2,179,33,146
461175,3,179,33,146
461175,4,65,11,54
461175,5,114,22,92
461175,20,114,22,92
461175,21,104,23,81
461175,22,104,23,81
461175,23,104,23,81
461175,24,38,10,28
461175,25,66,13,53
461175,40,66,13,53
461175,41,75,10,65
461175,42,75,10,65
461175,43,75,10,65
461175,44,27,1,26
461175,45,48,9,39
461175,60,48,9,39
461193,1,89,2,87
461193,2,89,2,87
461193,3,89,2,87
461193,4,59,2,57
461193,5,30,0,30
461193,20,30,0,30
461193,21,71,2,69
461193,22,71,2,69
461193,23,71,2,69
461193,24,57,2,55
461193,25,14,0,14
461193,40,14,0,14
461193,41,18,0,18
461193,42,18,0,18
461193,43,18,0,18
461193,44,2,0,2
461193,45,16,0,16
461193,60,16,0,16
461218,1,54,4,50
461218,2,54,4,50
461218,3,54,4,50
461218,4,37,4,33
461218,5,17,0,17
461218,20,17,0,17
461218,21,52,3,49
461218,22,52,3,49
461218,23,52,3,49
461218,24,36,3,33
461218,25,16,0,16
461218,40,16,0,16
461218,41,2,1,1
461218,42,2,1,1
461218,43,2,1,1
461218,44,1,1,0
461218,45,1,0,1
461218,60,1,0,1
461227,1,47,2,45
461227,2,47,2,45
461227,3,47,2,45
461227,4,30,2,28
461227,5,17,0,17
461227,20,17,0,17
461227,21,43,1,42
461227,22,43,1,42
461227,23,43,1,42
461227,24,27,1,26
461227,25,16,0,16
461227,40,16,0,16
461227,41,4,1,3
461227,42,4,1,3
461227,43,4,1,3
461227,44,3,1,2
461227,45,1,0,1
461227,60,1,0,1
461236,1,251,120,131
461236,2,156,74,82
461236,3,156,74,82
461236,4,13,3,10
461236,5,143,71,72
461236,12,95,46,49
461236,19,29,12,17
461236,20,114,59,55
461236,21,248,119,129
461236,22,155,74,81
461236,23,155,74,81
461236,24,13,3,10
461236,25,142,71,71
461236,32,93,45,48
461236,39,29,12,17
461236,40,113,59,54
461236,41,3,1,2
461236,42,1,0,1
461236,43,1,0,1
461236,45,1,0,1
461236,52,2,1,1
461236,60,1,0,1
461245,1,338,91,247
461245,2,338,91,247
461245,3,338,91,247
461245,4,159,67,92
461245,5,179,24,155
461245,20,179,24,155
461245,21,76,21,55
461245,22,76,21,55
461245,23,76,21,55
461245,24,53,18,35
461245,25,23,3,20
461245,40,23,3,20
461245,41,262,70,192
461245,42,262,70,192
461245,43,262,70,192
461245,44,106,49,57
461245,45,156,21,135
461245,60,156,21,135
461254,1,31,9,22
461254,2,31,9,22
461254,3,31,9,22
461254,4,29,8,21
461254,5,2,1,1
461254,20,2,1,1
461254,21,31,9,22
461254,22,31,9,22
461254,23,31,9,22
461254,24,29,8,21
461254,25,2,1,1
461254,40,2,1,1
461263,1,77,20,57
461263,2,77,20,57
461263,3,77,20,57
461263,4,8,1,7
461263,5,69,19,50
461263,20,69,19,50
461263,21,77,20,57
461263,22,77,20,57
461263,23,77,20,57
461263,24,8,1,7
461263,25,69,19,50
461263,40,69,19,50
461272,1,65,0,65
461272,2,65,0,65
461272,3,65,0,65
461272,4,6,0,6
461272,5,59,0,59
461272,20,59,0,59
461272,21,36,0,36
461272,22,36,0,36
461272,23,36,0,36
461272,24,2,0,2
461272,25,34,0,34
461272,40,34,0,34
461272,41,29,0,29
461272,42,29,0,29
461272,43,29,0,29
461272,44,4,0,4
461272,45,25,0,25
461272,60,25,0,25
461281,1,159,8,151
461281,2,154,8,146
461281,3,34,7,27
461281,4,2,1,1
461281,5,32,6,26
461281,11,120,1,119
461281,12,5,0,5
461281,20,32,6,26
461281,21,9,3,6
461281,22,9,3,6
461281,23,9,3,6
461281,25,9,3,6
461281,40,9,3,6
461281,41,150,5,145
461281,42,145,5,140
461281,43,25,4,21
461281,44,2,1,1
461281,45,23,3,20
461281,51,120,1,119
461281,52,5,0,5
461281,60,23,3,20
461290,1,50,1,49
461290,2,50,1,49
461290,3,50,1,49
461290,4,10,0,10
461290,5,40,1,39
461290,20,40,1,39
461290,21,15,0,15
461290,22,15,0,15
461290,23,15,0,15
461290,24,6,0,6
461290,25,9,0,9
461290,40,9,0,9
461290,41,35,1,34
461290,42,35,1,34
461290,43,35,1,34
461290,44,4,0,4
461290,45,31,1,30
461290,60,31,1,30
461306,1,138,54,84
461306,2,138,54,84
461306,3,85,34,51
461306,4,85,34,51
461306,11,53,20,33
461306,21,67,30,37
461306,22,67,30,37
461306,23,41,17,24
461306,24,41,17,24
461306,31,26,13,13
461306,41,71,24,47
461306,42,71,24,47
461306,43,44,17,27
461306,44,44,17,27
461306,51,27,7,20
461315,1,106,28,78
461315,2,106,28,78
461315,3,105,27,78
461315,4,36,13,23
461315,5,69,14,55
461315,11,1,1,0
461315,20,69,14,55
461315,21,64,20,44
461315,22,64,20,44
461315,23,64,20,44
461315,24,21,7,14
461315,25,43,13,30
461315,40,43,13,30
461315,41,42,8,34
461315,42,42,8,34
461315,43,41,7,34
461315,44,15,6,9
461315,45,26,1,25
461315,51,1,1,0
461315,60,26,1,25
461324,1,249,72,177
461324,2,249,72,177
461324,3,249,72,177
461324,5,249,72,177
461324,20,249,72,177
461324,21,249,72,177
461324,22,249,72,177
461324,23,249,72,177
461324,25,249,72,177
461324,40,249,72,177
461333,1,19,19,0
461333,2,19,19,0
461333,3,19,19,0
461333,4,12,12,0
461333,5,7,7,0
461333,20,7,7,0
461333,41,19,19,0
461333,42,19,19,0
461333,43,19,19,0
461333,44,12,12,0
461333,45,7,7,0
461333,60,7,7,0
461342,1,13,0,13
461342,2,13,0,13
461342,3,13,0,13
461342,4,2,0,2
461342,5,11,0,11
461342,20,11,0,11
461342,21,12,0,12
461342,22,12,0,12
461342,23,12,0,12
461342,24,2,0,2
461342,25,10,0,10
461342,40,10,0,10
461342,41,1,0,1
461342,42,1,0,1
461342,43,1,0,1
461342,45,1,0,1
461342,60,1,0,1
461351,1,1135,213,922
461351,2,1135,213,922
461351,3,1135,213,922
461351,4,766,159,607
461351,5,369,54,315
461351,20,369,54,315
461351,21,53,8,45
461351,22,53,8,45
461351,23,53,8,45
461351,24,41,7,34
461351,25,12,1,11
461351,40,12,1,11
461351,41,1082,205,877
461351,42,1082,205,877
461351,43,1082,205,877
461351,44,725,152,573
461351,45,357,53,304
461351,60,357,53,304
461360,1,34,2,32
461360,2,34,2,32
461360,3,34,2,32
461360,4,17,2,15
461360,5,17,0,17
461360,20,17,0,17
461360,21,33,2,31
461360,22,33,2,31
461360,23,33,2,31
461360,24,17,2,15
461360,25,16,0,16
461360,40,16,0,16
461360,41,1,0,1
461360,42,1,0,1
461360,43,1,0,1
461360,45,1,0,1
461360,60,1,0,1
461379,1,18,1,17
461379,2,18,1,17
461379,3,18,1,17
461379,4,7,1,6
461379,5,11,0,11
461379,20,11,0,11
461379,41,18,1,17
461379,42,18,1,17
461379,43,18,1,17
461379,44,7,1,6
461379,45,11,0,11
461379,60,11,0,11
461388,1,41,5,36
461388,2,41,5,36
461388,3,41,5,36
461388,4,1,0,1
461388,5,40,5,35
461388,20,40,5,35
461388,21,41,5,36
461388,22,41,5,36
461388,23,41,5,36
461388,24,1,0,1
461388,25,40,5,35
461388,40,40,5,35
461397,1,270,38,232
461397,2,270,38,232
461397,3,270,38,232
461397,4,63,10,53
461397,5,207,28,179
461397,20,207,28,179
461397,21,139,28,111
461397,22,139,28,111
461397,23,139,28,111
461397,24,45,9,36
461397,25,94,19,75
461397,40,94,19,75
461397,41,131,10,121
461397,42,131,10,121
461397,43,131,10,121
461397,44,18,1,17
461397,45,113,9,104
461397,60,113,9,104
461403,1,30,2,28
461403,2,30,2,28
461403,3,30,2,28
461403,4,3,0,3
461403,5,27,2,25
461403,20,27,2,25
461403,21,30,2,28
461403,22,30,2,28
461403,23,30,2,28
461403,24,3,0,3
461403,25,27,2,25
461403,40,27,2,25
461412,1,96,31,65
461412,2,96,31,65
461412,3,96,31,65
461412,4,30,9,21
461412,5,66,22,44
461412,20,66,22,44
461412,41,96,31,65
461412,42,96,31,65
461412,43,96,31,65
461412,44,30,9,21
461412,45,66,22,44
461412,60,66,22,44
461421,1,225,13,212
461421,2,225,13,212
461421,3,225,13,212
461421,4,64,1,63
461421,5,161,12,149
461421,20,161,12,149
461421,21,190,9,181
461421,22,190,9,181
461421,23,190,9,181
461421,24,64,1,63
461421,25,126,8,118
461421,40,126,8,118
461421,41,35,4,31
461421,42,35,4,31
461421,43,35,4,31
461421,45,35,4,31
461421,60,35,4,31
461430,1,308,303,5
461430,2,308,303,5
461430,3,308,303,5
461430,4,143,142,1
461430,5,165,161,4
461430,20,165,161,4
461430,41,308,303,5
461430,42,308,303,5
461430,43,308,303,5
461430,44,143,142,1
461430,45,165,161,4
461430,60,165,161,4
461449,1,110,16,94
461449,2,110,16,94
461449,3,110,16,94
461449,4,107,15,92
461449,5,3,1,2
461449,20,3,1,2
461449,21,75,12,63
461449,22,75,12,63
461449,23,75,12,63
461449,24,73,12,61
461449,25,2,0,2
461449,40,2,0,2
461449,41,35,4,31
461449,42,35,4,31
461449,43,35,4,31
461449,44,34,3,31
461449,45,1,1,0
461449,60,1,1,0
461458,1,33,1,32
461458,2,33,1,32
461458,3,33,1,32
461458,4,30,1,29
461458,5,3,0,3
461458,20,3,0,3
461458,21,13,0,13
461458,22,13,0,13
461458,23,13,0,13
461458,24,11,0,11
461458,25,2,0,2
461458,40,2,0,2
461458,41,20,1,19
461458,42,20,1,19
461458,43,20,1,19
461458,44,19,1,18
461458,45,1,0,1
461458,60,1,0,1
461476,1,30,17,13
461476,2,30,17,13
461476,3,30,17,13
461476,4,12,10,2
461476,5,18,7,11
461476,20,18,7,11
461476,21,25,14,11
461476,22,25,14,11
461476,23,25,14,11
461476,24,9,7,2
461476,25,16,7,9
461476,40,16,7,9
461476,41,5,3,2
461476,42,5,3,2
461476,43,5,3,2
461476,44,3,3,0
461476,45,2,0,2
461476,60,2,0,2
461485,1,76,69,7
461485,2,4,4,0
461485,3,4,4,0
461485,4,2,2,0
461485,5,2,2,0
461485,12,72,65,7
461485,20,2,2,0
461485,21,33,31,2
461485,32,33,31,2
461485,41,43,38,5
461485,42,4,4,0
461485,43,4,4,0
461485,44,2,2,0
461485,45,2,2,0
461485,52,39,34,5
461485,60,2,2,0
461494,1,175,8,167
461494,2,175,8,167
461494,3,175,8,167
461494,4,24,1,23
461494,5,151,7,144
461494,20,151,7,144
461494,21,110,5,105
461494,22,110,5,105
461494,23,110,5,105
461494,24,17,1,16
461494,25,93,4,89
461494,40,93,4,89
461494,41,65,3,62
461494,42,65,3,62
461494,43,65,3,62
461494,44,7,0,7
461494,45,58,3,55
461494,60,58,3,55
461500,1,43,6,37
461500,2,43,6,37
461500,3,43,6,37
461500,4,13,2,11
461500,5,30,4,26
461500,20,30,4,26
461500,21,4,0,4
461500,22,4,0,4
461500,23,4,0,4
461500,24,1,0,1
461500,25,3,0,3
461500,40,3,0,3
461500,41,39,6,33
461500,42,39,6,33
461500,43,39,6,33
461500,44,12,2,10
461500,45,27,4,23
461500,60,27,4,23
461528,1,110,50,60
461528,2,110,50,60
461528,3,95,46,49
461528,4,55,24,31
461528,5,40,22,18
461528,11,15,4,11
461528,19,4,3,1
461528,20,36,19,17
461528,21,38,17,21
461528,22,38,17,21
461528,23,38,17,21
461528,24,19,8,11
461528,25,19,9,10
461528,39,1,1,0
461528,40,18,8,10
461528,41,72,33,39
461528,42,72,33,39
461528,43,57,29,28
461528,44,36,16,20
461528,45,21,13,8
461528,51,15,4,11
461528,59,3,2,1
461528,60,18,11,7
461537,1,25,0,25
461537,2,25,0,25
461537,3,25,0,25
461537,4,15,0,15
461537,5,10,0,10
461537,20,10,0,10
461537,21,25,0,25
461537,22,25,0,25
461537,23,25,0,25
461537,24,15,0,15
461537,25,10,0,10
461537,40,10,0,10
461546,1,35,2,33
461546,2,35,2,33
461546,3,35,2,33
461546,4,12,1,11
461546,5,23,1,22
461546,20,23,1,22
461546,21,27,2,25
461546,22,27,2,25
461546,23,27,2,25
461546,24,9,1,8
461546,25,18,1,17
461546,40,18,1,17
461546,41,8,0,8
461546,42,8,0,8
461546,43,8,0,8
461546,44,3,0,3
461546,45,5,0,5
461546,60,5,0,5
461555,1,132,7,125
461555,2,132,7,125
461555,3,132,7,125
461555,5,132,7,125
461555,20,132,7,125
461555,21,132,7,125
461555,22,132,7,125
461555,23,132,7,125
461555,25,132,7,125
461555,40,132,7,125
461564,1,59,38,21
461564,2,59,38,21
461564,3,59,38,21
461564,4,14,9,5
461564,5,45,29,16
461564,20,45,29,16
461564,21,13,8,5
461564,22,13,8,5
461564,23,13,8,5
461564,24,5,3,2
461564,25,8,5,3
461564,40,8,5,3
461564,41,46,30,16
461564,42,46,30,16
461564,43,46,30,16
461564,44,9,6,3
461564,45,37,24,13
461564,60,37,24,13
461573,1,97,94,3
461573,2,97,94,3
461573,3,97,94,3
461573,4,57,55,2
461573,5,40,39,1
461573,20,40,39,1
461573,21,97,94,3
461573,22,97,94,3
461573,23,97,94,3
461573,24,57,55,2
461573,25,40,39,1
461573,40,40,39,1
461582,1,95,0,95
461582,2,95,0,95
461582,3,95,0,95
461582,4,19,0,19
461582,5,76,0,76
461582,20,76,0,76
461582,21,34,0,34
461582,22,34,0,34
461582,23,34,0,34
461582,24,8,0,8
461582,25,26,0,26
461582,40,26,0,26
461582,41,61,0,61
461582,42,61,0,61
461582,43,61,0,61
461582,44,11,0,11
461582,45,50,0,50
461582,60,50,0,50
461591,1,134,15,119
461591,2,134,15,119
461591,3,134,15,119
461591,4,7,1,6
461591,5,127,14,113
461591,20,127,14,113
461591,21,127,15,112
461591,22,127,15,112
461591,23,127,15,112
461591,24,6,1,5
461591,25,121,14,107
461591,40,121,14,107
461591,41,7,0,7
461591,42,7,0,7
461591,43,7,0,7
461591,44,1,0,1
461591,45,6,0,6
461591,60,6,0,6
461607,1,90,5,85
461607,2,90,5,85
461607,3,90,5,85
461607,4,14,1,13
461607,5,76,4,72
461607,20,76,4,72
461607,21,82,5,77
461607,22,82,5,77
461607,23,82,5,77
461607,24,8,1,7
461607,25,74,4,70
461607,40,74,4,70
461607,41,8,0,8
461607,42,8,0,8
461607,43,8,0,8
461607,44,6,0,6
461607,45,2,0,2
461607,60,2,0,2
461616,1,29,1,28
461616,2,29,1,28
461616,3,29,1,28
461616,4,7,0,7
461616,5,22,1,21
461616,20,22,1,21
461616,21,14,0,14
461616,22,14,0,14
461616,23,14,0,14
461616,24,2,0,2
461616,25,12,0,12
461616,40,12,0,12
461616,41,15,1,14
461616,42,15,1,14
461616,43,15,1,14
461616,44,5,0,5
461616,45,10,1,9
461616,60,10,1,9
461625,1,6,6,0
461625,2,6,6,0
461625,3,6,6,0
461625,4,4,4,0
461625,5,2,2,0
461625,20,2,2,0
461625,21,6,6,0
461625,22,6,6,0
461625,23,6,6,0
461625,24,4,4,0
461625,25,2,2,0
461625,40,2,2,0
461634,1,51,19,32
461634,2,51,19,32
461634,3,51,19,32
461634,4,46,18,28
461634,5,5,1,4
461634,20,5,1,4
461634,21,31,17,14
461634,22,31,17,14
461634,23,31,17,14
461634,24,29,16,13
461634,25,2,1,1
461634,40,2,1,1
461634,41,20,2,18
461634,42,20,2,18
461634,43,20,2,18
461634,44,17,2,15
461634,45,3,0,3
461634,60,3,0,3
461643,1,50,8,42
461643,2,32,6,26
461643,3,32,6,26
461643,5,32,6,26
461643,12,18,2,16
461643,19,22,3,19
461643,20,10,3,7
461643,21,50,8,42
461643,22,32,6,26
461643,23,32,6,26
461643,25,32,6,26
461643,32,18,2,16
461643,39,22,3,19
461643,40,10,3,7
461652,1,67,6,61
461652,2,67,6,61
461652,3,67,6,61
461652,4,24,2,22
461652,5,43,4,39
461652,20,43,4,39
461652,21,56,4,52
461652,22,56,4,52
461652,23,56,4,52
461652,24,24,2,22
461652,25,32,2,30
461652,40,32,2,30
461652,41,11,2,9
461652,42,11,2,9
461652,43,11,2,9
461652,45,11,2,9
461652,60,11,2,9
461661,1,6,0,6
461661,2,6,0,6
461661,3,6,0,6
461661,5,6,0,6
461661,20,6,0,6
461661,21,6,0,6
461661,22,6,0,6
461661,23,6,0,6
461661,25,6,0,6
461661,40,6,0,6
461670,1,68,7,61
461670,2,68,7,61
461670,3,68,7,61
461670,4,50,5,45
461670,5,18,2,16
461670,20,18,2,16
461670,21,67,7,60
461670,22,67,7,60
461670,23,67,7,60
461670,24,49,5,44
461670,25,18,2,16
461670,40,18,2,16
461670,41,1,0,1
461670,42,1,0,1
461670,43,1,0,1
461670,44,1,0,1
461689,1,211,8,203
461689,2,211,8,203
461689,3,211,8,203
461689,4,95,4,91
461689,5,116,4,112
461689,20,116,4,112
461689,21,211,8,203
461689,22,211,8,203
461689,23,211,8,203
461689,24,95,4,91
461689,25,116,4,112
461689,40,116,4,112
461698,1,116,94,22
461698,2,116,94,22
461698,3,116,94,22
461698,4,37,33,4
461698,5,79,61,18
461698,20,79,61,18
461698,21,102,85,17
461698,22,102,85,17
461698,23,102,85,17
461698,24,36,32,4
461698,25,66,53,13
461698,40,66,53,13
461698,41,14,9,5
461698,42,14,9,5
461698,43,14,9,5
461698,44,1,1,0
461698,45,13,8,5
461698,60,13,8,5
461704,1,176,15,161
461704,2,176,15,161
461704,3,176,15,161
461704,4,78,9,69
461704,5,98,6,92
461704,20,98,6,92
461704,21,176,15,161
461704,22,176,15,161
461704,23,176,15,161
461704,24,78,9,69
461704,25,98,6,92
461704,40,98,6,92
461713,1,37,2,35
461713,2,37,2,35
461713,3,37,2,35
461713,4,3,1,2
461713,5,34,1,33
461713,20,34,1,33
461713,21,19,2,17
461713,22,19,2,17
461713,23,19,2,17
461713,24,3,1,2
461713,25,16,1,15
461713,40,16,1,15
461713,41,18,0,18
461713,42,18,0,18
461713,43,18,0,18
461713,45,18,0,18
461713,60,18,0,18
461722,1,71,2,69
461722,2,71,2,69
461722,3,71,2,69
461722,4,60,2,58
461722,5,11,0,11
461722,20,11,0,11
461722,21,66,2,64
461722,22,66,2,64
461722,23,66,2,64
461722,24,57,2,55
461722,25,9,0,9
461722,40,9,0,9
461722,41,5,0,5
461722,42,5,0,5
461722,43,5,0,5
461722,44,3,0,3
461722,45,2,0,2
461722,60,2,0,2
461731,1,39,0,39
461731,2,39,0,39
461731,3,39,0,39
461731,4,8,0,8
461731,5,31,0,31
461731,20,31,0,31
461731,21,36,0,36
461731,22,36,0,36
461731,23,36,0,36
461731,24,7,0,7
461731,25,29,0,29
461731,40,29,0,29
461731,41,3,0,3
461731,42,3,0,3
461731,43,3,0,3
461731,44,1,0,1
461731,45,2,0,2
461731,60,2,0,2
461740,1,28,23,5
461740,2,28,23,5
461740,3,28,23,5
461740,4,22,18,4
461740,5,6,5,1
461740,20,6,5,1
461740,21,28,23,5
461740,22,28,23,5
461740,23,28,23,5
461740,24,22,18,4
461740,25,6,5,1
461740,40,6,5,1
461759,1,124,61,63
461759,2,124,61,63
461759,3,120,60,60
461759,4,19,9,10
461759,5,101,51,50
461759,11,4,1,3
461759,19,11,4,7
461759,20,90,47,43
461759,21,28,10,18
461759,22,28,10,18
461759,23,24,9,15
461759,24,3,1,2
461759,25,21,8,13
461759,31,4,1,3
461759,39,3,1,2
461759,40,18,7,11
461759,41,96,51,45
461759,42,96,51,45
461759,43,96,51,45
461759,44,16,8,8
461759,45,80,43,37
461759,59,8,3,5
461759,60,72,40,32
461768,1,128,2,126
461768,2,128,2,126
461768,3,128,2,126
461768,4,73,1,72
461768,5,55,1,54
461768,20,55,1,54
461768,21,74,2,72
461768,22,74,2,72
461768,23,74,2,72
461768,24,40,1,39
461768,25,34,1,33
461768,40,34,1,33
461768,41,54,0,54
461768,42,54,0,54
461768,43,54,0,54
461768,44,33,0,33
461768,45,21,0,21
461768,60,21,0,21
461777,1,41,13,28
461777,2,41,13,28
461777,3,41,13,28
461777,4,9,4,5
461777,5,32,9,23
461777,20,32,9,23
461777,21,41,13,28
461777,22,41,13,28
461777,23,41,13,28
461777,24,9,4,5
461777,25,32,9,23
461777,40,32,9,23
461786,1,51,2,49
461786,2,51,2,49
461786,3,51,2,49
461786,4,34,2,32
461786,5,17,0,17
461786,20,17,0,17
461786,21,51,2,49
461786,22,51,2,49
461786,23,51,2,49
461786,24,34,2,32
461786,25,17,0,17
461786,40,17,0,17
461795,1,378,235,143
461795,2,350,215,135
461795,3,350,215,135
461795,4,80,54,26
461795,5,270,161,109
461795,12,28,20,8
461795,19,41,22,19
461795,20,229,139,90
461795,21,338,212,126
461795,22,338,212,126
461795,23,338,212,126
461795,24,80,54,26
461795,25,258,158,100
461795,39,41,22,19
461795,40,217,136,81
461795,41,40,23,17
461795,42,12,3,9
461795,43,12,3,9
461795,45,12,3,9
461795,52,28,20,8
461795,60,12,3,9
461801,1,51,5,46
461801,2,51,5,46
461801,3,51,5,46
461801,4,3,0,3
461801,5,48,5,43
461801,20,48,5,43
461801,21,51,5,46
461801,22,51,5,46
461801,23,51,5,46
461801,24,3,0,3
461801,25,48,5,43
461801,40,48,5,43
461810,1,59,10,49
461810,2,59,10,49
461810,3,59,10,49
461810,4,26,4,22
461810,5,33,6,27
461810,20,33,6,27
461810,21,36,6,30
461810,22,36,6,30
461810,23,36,6,30
461810,24,19,3,16
461810,25,17,3,14
461810,40,17,3,14
461810,41,23,4,19
461810,42,23,4,19
461810,43,23,4,19
461810,44,7,1,6
461810,45,16,3,13
461810,60,16,3,13
461829,1,221,24,197
461829,2,221,24,197
461829,3,221,24,197
461829,4,123,11,112
461829,5,98,13,85
461829,20,98,13,85
461829,21,221,24,197
461829,22,221,24,197
461829,23,221,24,197
461829,24,123,11,112
461829,25,98,13,85
461829,40,98,13,85
461838,1,139,2,137
461838,2,139,2,137
461838,3,139,2,137
461838,4,34,0,34
461838,5,105,2,103
461838,20,105,2,103
461838,21,51,1,50
461838,22,51,1,50
461838,23,51,1,50
461838,24,13,0,13
461838,25,38,1,37
461838,40,38,1,37
461838,41,88,1,87
461838,42,88,1,87
461838,43,88,1,87
461838,44,21,0,21
461838,45,67,1,66
461838,60,67,1,66
461847,1,33,33,0
461847,2,33,33,0
461847,3,33,33,0
461847,4,7,7,0
461847,5,26,26,0
461847,19,1,1,0
461847,20,25,25,0
461847,21,33,33,0
461847,22,33,33,0
461847,23,33,33,0
461847,24,7,7,0
461847,25,26,26,0
461847,39,1,1,0
461847,40,25,25,0
461856,1,272,117,155
461856,2,272,117,155
461856,3,272,117,155
461856,4,171,83,88
461856,5,101,34,67
461856,20,101,34,67
461856,21,272,117,155
461856,22,272,117,155
461856,23,272,117,155
461856,24,171,83,88
461856,25,101,34,67
461856,40,101,34,67
461865,1,78,9,69
461865,2,78,9,69
461865,3,78,9,69
461865,4,50,5,45
461865,5,28,4,24
461865,20,28,4,24
461865,21,78,9,69
461865,22,78,9,69
461865,23,78,9,69
461865,24,50,5,45
461865,25,28,4,24
461865,40,28,4,24
461874,1,66,10,56
461874,2,66,10,56
461874,3,66,10,56
461874,4,19,1,18
461874,5,47,9,38
461874,20,47,9,38
461874,21,66,10,56
461874,22,66,10,56
461874,23,66,10,56
461874,24,19,1,18
461874,25,47,9,38
461874,40,47,9,38
461883,1,112,47,65
461883,2,60,26,34
461883,3,60,26,34
461883,4,8,4,4
461883,5,52,22,30
461883,12,52,21,31
461883,20,52,22,30
461883,21,60,25,35
461883,22,30,13,17
461883,23,30,13,17
461883,24,3,3,0
461883,25,27,10,17
461883,32,30,12,18
461883,40,27,10,17
461883,41,52,22,30
461883,42,30,13,17
461883,43,30,13,17
461883,44,5,1,4
461883,45,25,12,13
461883,52,22,9,13
461883,60,25,12,13
461892,1,151,12,139
461892,2,151,12,139
461892,3,151,12,139
461892,4,66,8,58
461892,5,85,4,81
461892,20,85,4,81
461892,21,136,11,125
461892,22,136,11,125
461892,23,136,11,125
461892,24,60,8,52
461892,25,76,3,73
461892,40,76,3,73
461892,41,15,1,14
461892,42,15,1,14
461892,43,15,1,14
461892,44,6,0,6
461892,45,9,1,8
461892,60,9,1,8
461908,1,113,4,109
461908,2,113,4,109
461908,3,113,4,109
461908,4,11,1,10
461908,5,102,3,99
461908,20,102,3,99
461908,21,73,3,70
461908,22,73,3,70
461908,23,73,3,70
461908,24,10,1,9
461908,25,63,2,61
461908,40,63,2,61
461908,41,40,1,39
461908,42,40,1,39
461908,43,40,1,39
461908,44,1,0,1
461908,45,39,1,38
461908,60,39,1,38
461917,1,174,9,165
461917,2,174,9,165
461917,3,174,9,165
461917,4,41,2,39
461917,5,133,7,126
461917,20,133,7,126
461917,21,125,7,118
461917,22,125,7,118
461917,23,125,7,118
461917,24,32,1,31
461917,25,93,6,87
461917,40,93,6,87
461917,41,49,2,47
461917,42,49,2,47
461917,43,49,2,47
461917,44,9,1,8
461917,45,40,1,39
461917,60,40,1,39
461926,1,120,4,116
461926,2,120,4,116
461926,3,120,4,116
461926,4,54,3,51
461926,5,66,1,65
461926,20,66,1,65
461926,21,73,1,72
461926,22,73,1,72
461926,23,73,1,72
461926,24,38,1,37
461926,25,35,0,35
461926,40,35,0,35
461926,41,47,3,44
461926,42,47,3,44
461926,43,47,3,44
461926,44,16,2,14
461926,45,31,1,30
461926,60,31,1,30
461935,1,28,1,27
461935,2,28,1,27
461935,3,28,1,27
461935,4,20,1,19
461935,5,8,0,8
461935,20,8,0,8
461935,21,26,1,25
461935,22,26,1,25
461935,23,26,1,25
461935,24,19,1,18
461935,25,7,0,7
461935,40,7,0,7
461935,41,2,0,2
461935,42,2,0,2
461935,43,2,0,2
461935,44,1,0,1
461935,45,1,0,1
461935,60,1,0,1
461944,1,74,3,71
461944,2,74,3,71
461944,3,74,3,71
461944,4,29,1,28
461944,5,45,2,43
461944,20,45,2,43
461944,21,74,3,71
461944,22,74,3,71
461944,23,74,3,71
461944,24,29,1,28
461944,25,45,2,43
461944,40,45,2,43
461953,1,92,12,80
461953,2,92,12,80
461953,3,86,10,76
461953,4,13,1,12
461953,5,73,9,64
461953,11,6,2,4
461953,19,1,0,1
461953,20,72,9,63
461953,21,91,12,79
461953,22,91,12,79
461953,23,85,10,75
461953,24,13,1,12
461953,25,72,9,63
461953,31,6,2,4
461953,40,72,9,63
461953,41,1,0,1
461953,42,1,0,1
461953,43,1,0,1
461953,45,1,0,1
461953,59,1,0,1
461962,1,462,217,245
461962,2,462,217,245
461962,3,462,217,245
461962,4,384,183,201
461962,5,78,34,44
461962,20,78,34,44
461962,21,274,142,132
461962,22,274,142,132
461962,23,274,142,132
461962,24,223,122,101
461962,25,51,20,31
461962,40,51,20,31
461962,41,188,75,113
461962,42,188,75,113
461962,43,188,75,113
461962,44,161,61,100
461962,45,27,14,13
461962,60,27,14,13
461971,1,66,3,63
461971,2,66,3,63
461971,3,66,3,63
461971,4,9,0,9
461971,5,57,3,54
461971,20,57,3,54
461971,21,35,1,34
461971,22,35,1,34
461971,23,35,1,34
461971,24,1,0,1
461971,25,34,1,33
461971,40,34,1,33
461971,41,31,2,29
461971,42,31,2,29
461971,43,31,2,29
461971,44,8,0,8
461971,45,23,2,21
461971,60,23,2,21
461980,1,228,9,219
461980,2,228,9,219
461980,3,228,9,219
461980,4,163,4,159
461980,5,65,5,60
461980,20,65,5,60
461980,21,169,5,164
461980,22,169,5,164
461980,23,169,5,164
461980,24,117,1,116
461980,25,52,4,48
461980,40,52,4,48
461980,41,59,4,55
461980,42,59,4,55
461980,43,59,4,55
461980,44,46,3,43
461980,45,13,1,12
461980,60,13,1,12
461999,1,34,0,34
461999,2,34,0,34
461999,3,34,0,34
461999,4,29,0,29
461999,5,5,0,5
461999,20,5,0,5
461999,21,34,0,34
461999,22,34,0,34
461999,23,34,0,34
461999,24,29,0,29
461999,25,5,0,5
461999,40,5,0,5
462008,1,255,19,236
462008,2,255,19,236
462008,3,255,19,236
462008,4,63,5,58
462008,5,192,14,178
462008,20,192,14,178
462008,21,182,11,171
462008,22,182,11,171
462008,23,182,11,171
462008,24,41,4,37
462008,25,141,7,134
462008,40,141,7,134
462008,41,73,8,65
462008,42,73,8,65
462008,43,73,8,65
462008,44,22,1,21
462008,45,51,7,44
462008,60,51,7,44
462017,1,68,0,68
462017,2,68,0,68
462017,3,68,0,68
462017,4,7,0,7
462017,5,61,0,61
462017,20,61,0,61
462017,21,68,0,68
462017,22,68,0,68
462017,23,68,0,68
462017,24,7,0,7
462017,25,61,0,61
462017,40,61,0,61
462026,1,13,0,13
462026,2,13,0,13
462026,3,13,0,13
462026,4,4,0,4
462026,5,9,0,9
462026,20,9,0,9
462026,21,13,0,13
462026,22,13,0,13
462026,23,13,0,13
462026,24,4,0,4
462026,25,9,0,9
462026,40,9,0,9
462035,1,65,12,53
462035,2,65,12,53
462035,3,65,12,53
462035,4,60,12,48
462035,5,5,0,5
462035,20,5,0,5
462035,21,52,11,41
462035,22,52,11,41
462035,23,52,11,41
462035,24,48,11,37
462035,25,4,0,4
462035,40,4,0,4
462035,41,13,1,12
462035,42,13,1,12
462035,43,13,1,12
462035,44,12,1,11
462035,45,1,0,1
462035,60,1,0,1
462044,1,46,9,37
462044,12,46,9,37
462044,21,32,5,27
462044,32,32,5,27
462044,41,14,4,10
462044,52,14,4,10
462053,1,86,4,82
462053,2,86,4,82
462053,3,86,4,82
462053,4,25,1,24
462053,5,61,3,58
462053,20,61,3,58
462053,21,86,4,82
462053,22,86,4,82
462053,23,86,4,82
462053,24,25,1,24
462053,25,61,3,58
462053,40,61,3,58
462062,1,83,2,81
462062,2,83,2,81
462062,3,83,2,81
462062,4,18,0,18
462062,5,65,2,63
462062,20,65,2,63
462062,21,51,0,51
462062,22,51,0,51
462062,23,51,0,51
462062,24,11,0,11
462062,25,40,0,40
462062,40,40,0,40
462062,41,32,2,30
462062,42,32,2,30
462062,43,32,2,30
462062,44,7,0,7
462062,45,25,2,23
462062,60,25,2,23
462071,1,239,13,226
462071,2,239,13,226
462071,3,239,13,226
462071,4,22,1,21
462071,5,217,12,205
462071,20,217,12,205
462071,21,170,10,160
462071,22,170,10,160
462071,23,170,10,160
462071,24,19,1,18
462071,25,151,9,142
462071,40,151,9,142
462071,41,69,3,66
462071,42,69,3,66
462071,43,69,3,66
462071,44,3,0,3
462071,45,66,3,63
462071,60,66,3,63
462266,1,79,27,52
462266,2,79,27,52
462266,3,67,15,52
462266,5,67,15,52
462266,11,12,12,0
462266,20,67,15,52
462266,21,79,27,52
462266,22,79,27,52
462266,23,67,15,52
462266,25,67,15,52
462266,31,12,12,0
462266,40,67,15,52
462309,1,110,7,103
462309,2,110,7,103
462309,3,110,7,103
462309,4,19,0,19
462309,5,91,7,84
462309,20,91,7,84
462309,21,90,6,84
462309,22,90,6,84
462309,23,90,6,84
462309,24,14,0,14
462309,25,76,6,70
462309,40,76,6,70
462309,41,20,1,19
462309,42,20,1,19
462309,43,20,1,19
462309,44,5,0,5
462309,45,15,1,14
462309,60,15,1,14
462318,1,115,70,45
462318,2,115,70,45
462318,3,115,70,45
462318,4,63,37,26
462318,5,52,33,19
462318,20,52,33,19
462318,21,115,70,45
462318,22,115,70,45
462318,23,115,70,45
462318,24,63,37,26
462318,25,52,33,19
462318,40,52,33,19
462327,1,78,37,41
462327,2,78,37,41
462327,3,78,37,41
462327,4,31,16,15
462327,5,47,21,26
462327,20,47,21,26
462327,21,78,37,41
462327,22,78,37,41
462327,23,78,37,41
462327,24,31,16,15
462327,25,47,21,26
462327,40,47,21,26
462336,1,35,2,33
462336,2,35,2,33
462336,3,35,2,33
462336,4,6,0,6
462336,5,29,2,27
462336,20,29,2,27
462336,21,9,0,9
462336,22,9,0,9
462336,23,9,0,9
462336,24,1,0,1
462336,25,8,0,8
462336,40,8,0,8
462336,41,26,2,24
462336,42,26,2,24
462336,43,26,2,24
462336,44,5,0,5
462336,45,21,2,19
462336,60,21,2,19
462345,1,162,0,162
462345,2,162,0,162
462345,3,162,0,162
462345,4,108,0,108
462345,5,54,0,54
462345,20,54,0,54
462345,21,137,0,137
462345,22,137,0,137
462345,23,137,0,137
462345,24,87,0,87
462345,25,50,0,50
462345,40,50,0,50
462345,41,25,0,25
462345,42,25,0,25
462345,43,25,0,25
462345,44,21,0,21
462345,45,4,0,4
462345,60,4,0,4
462354,1,263,145,118
462354,2,140,74,66
462354,3,140,74,66
462354,4,49,26,23
462354,5,91,48,43
462354,12,123,71,52
462354,19,13,7,6
462354,20,78,41,37
462354,21,170,92,78
462354,22,129,69,60
462354,23,129,69,60
462354,24,47,25,22
462354,25,82,44,38
462354,32,41,23,18
462354,39,12,6,6
462354,40,70,38,32
462354,41,93,53,40
462354,42,11,5,6
462354,43,11,5,6
462354,44,2,1,1
462354,45,9,4,5
462354,52,82,48,34
462354,59,1,1,0
462354,60,8,3,5
462363,1,168,123,45
462363,2,168,123,45
462363,3,168,123,45
462363,4,40,26,14
462363,5,128,97,31
462363,19,3,3,0
462363,20,125,94,31
462363,21,111,88,23
462363,22,111,88,23
462363,23,111,88,23
462363,24,30,21,9
462363,25,81,67,14
462363,39,2,2,0
462363,40,79,65,14
462363,41,57,35,22
462363,42,57,35,22
462363,43,57,35,22
462363,44,10,5,5
462363,45,47,30,17
462363,59,1,1,0
462363,60,46,29,17
462372,1,313,257,56
462372,2,313,257,56
462372,3,313,257,56
462372,4,67,48,19
462372,5,246,209,37
462372,20,246,209,37
462372,21,264,216,48
462372,22,264,216,48
462372,23,264,216,48
462372,24,60,45,15
462372,25,204,171,33
462372,40,204,171,33
462372,41,49,41,8
462372,42,49,41,8
462372,43,49,41,8
462372,44,7,3,4
462372,45,42,38,4
462372,60,42,38,4
462390,1,66,15,51
462390,2,66,15,51
462390,3,66,15,51
462390,4,1,0,1
462390,5,65,15,50
462390,19,7,0,7
462390,20,58,15,43
462390,21,66,15,51
462390,22,66,15,51
462390,23,66,15,51
462390,24,1,0,1
462390,25,65,15,50
462390,39,7,0,7
462390,40,58,15,43
462406,1,31,11,20
462406,2,31,11,20
462406,3,31,11,20
462406,5,31,11,20
462406,20,31,11,20
462406,21,31,11,20
462406,22,31,11,20
462406,23,31,11,20
462406,25,31,11,20
462406,40,31,11,20
465812,1,1280,353,927
465812,2,1215,323,892
465812,3,1215,323,892
465812,4,340,138,202
465812,5,875,185,690
465812,12,65,30,35
465812,20,875,185,690
465812,21,1280,353,927
465812,22,1215,323,892
465812,23,1215,323,892
465812,24,340,138,202
465812,25,875,185,690
465812,32,65,30,35
465812,40,875,185,690
466152,1,251,48,203
466152,2,251,48,203
466152,3,251,48,203
466152,4,37,12,25
466152,5,214,36,178
466152,19,73,13,60
466152,20,141,23,118
466152,21,5,2,3
466152,22,5,2,3
466152,23,5,2,3
466152,25,5,2,3
466152,40,5,2,3
466152,41,246,46,200
466152,42,246,46,200
466152,43,246,46,200
466152,44,37,12,25
466152,45,209,34,175
466152,59,73,13,60
466152,60,136,21,115
466161,1,139,37,102
466161,2,139,37,102
466161,3,139,37,102
466161,4,12,6,6
466161,5,127,31,96
466161,19,31,7,24
466161,20,96,24,72
466161,21,8,3,5
466161,22,8,3,5
466161,23,8,3,5
466161,25,8,3,5
466161,39,1,0,1
466161,40,7,3,4
466161,41,131,34,97
466161,42,131,34,97
466161,43,131,34,97
466161,44,12,6,6
466161,45,119,28,91
466161,59,30,7,23
466161,60,89,21,68
466170,1,360,83,277
466170,2,360,83,277
466170,3,360,83,277
466170,4,37,13,24
466170,5,323,70,253
466170,19,73,18,55
466170,20,250,52,198
466170,21,7,1,6
466170,22,7,1,6
466170,23,7,1,6
466170,25,7,1,6
466170,39,3,0,3
466170,40,4,1,3
466170,41,353,82,271
466170,42,353,82,271
466170,43,353,82,271
466170,44,37,13,24
466170,45,316,69,247
466170,59,70,18,52
466170,60,246,51,195
466189,1,262,97,165
466189,2,262,97,165
466189,3,262,97,165
466189,4,17,8,9
466189,5,245,89,156
466189,19,91,37,54
466189,20,154,52,102
466189,21,63,33,30
466189,22,63,33,30
466189,23,63,33,30
466189,24,4,2,2
466189,25,59,31,28
466189,39,19,11,8
466189,40,40,20,20
466189,41,199,64,135
466189,42,199,64,135
466189,43,199,64,135
466189,44,13,6,7
466189,45,186,58,128
466189,59,72,26,46
466189,60,114,32,82
466514,1,269,37,232
466514,2,269,37,232
466514,3,261,36,225
466514,4,43,4,39
466514,5,218,32,186
466514,11,8,1,7
466514,19,39,6,33
466514,20,179,26,153
466514,21,189,31,158
466514,22,189,31,158
466514,23,189,31,158
466514,24,39,4,35
466514,25,150,27,123
466514,39,34,6,28
466514,40,116,21,95
466514,41,80,6,74
466514,42,80,6,74
466514,43,72,5,67
466514,44,4,0,4
466514,45,68,5,63
466514,51,8,1,7
466514,59,5,0,5
466514,60,63,5,58
466523,1,70,8,62
466523,2,70,8,62
466523,3,70,8,62
466523,4,36,7,29
466523,5,34,1,33
466523,20,34,1,33
466523,21,54,7,47
466523,22,54,7,47
466523,23,54,7,47
466523,24,28,6,22
466523,25,26,1,25
466523,40,26,1,25
466523,41,16,1,15
466523,42,16,1,15
466523,43,16,1,15
466523,44,8,1,7
466523,45,8,0,8
466523,60,8,0,8
466921,1,488,53,435
466921,2,488,53,435
466921,3,488,53,435
466921,4,2,0,2
466921,5,486,53,433
466921,19,139,21,118
466921,20,347,32,315
466921,21,278,32,246
466921,22,278,32,246
466921,23,278,32,246
466921,24,2,0,2
466921,25,276,32,244
466921,39,97,16,81
466921,40,179,16,163
466921,41,210,21,189
466921,42,210,21,189
466921,43,210,21,189
466921,45,210,21,189
466921,59,42,5,37
466921,60,168,16,152
466930,1,258,33,225
466930,2,258,33,225
466930,3,258,33,225
466930,5,258,33,225
466930,19,75,16,59
466930,20,183,17,166
466930,21,165,25,140
466930,22,165,25,140
466930,23,165,25,140
466930,25,165,25,140
466930,39,60,14,46
466930,40,105,11,94
466930,41,93,8,85
466930,42,93,8,85
466930,43,93,8,85
466930,45,93,8,85
466930,59,15,2,13
466930,60,78,6,72
467058,1,169,140,29
467058,2,169,140,29
467058,3,169,140,29
467058,4,54,47,7
467058,5,115,93,22
467058,19,6,6,0
467058,20,109,87,22
467058,21,132,112,20
467058,22,132,112,20
467058,23,132,112,20
467058,24,43,40,3
467058,25,89,72,17
467058,39,5,5,0
467058,40,84,67,17
467058,41,37,28,9
467058,42,37,28,9
467058,43,37,28,9
467058,44,11,7,4
467058,45,26,21,5
467058,59,1,1,0
467058,60,25,20,5
467094,1,272,9,263
467094,2,272,9,263
467094,3,272,9,263
467094,4,22,1,21
467094,5,250,8,242
467094,20,250,8,242
467094,21,136,5,131
467094,22,136,5,131
467094,23,136,5,131
467094,24,14,0,14
467094,25,122,5,117
467094,40,122,5,117
467094,41,136,4,132
467094,42,136,4,132
467094,43,136,4,132
467094,44,8,1,7
467094,45,128,3,125
467094,60,128,3,125
467155,1,705,83,622
467155,2,705,83,622
467155,3,705,83,622
467155,4,158,13,145
467155,5,547,70,477
467155,20,547,70,477
467155,21,705,83,622
467155,22,705,83,622
467155,23,705,83,622
467155,24,158,13,145
467155,25,547,70,477
467155,40,547,70,477
467340,1,144,140,4
467340,2,144,140,4
467340,3,144,140,4
467340,4,18,18,0
467340,5,126,122,4
467340,20,126,122,4
467340,21,144,140,4
467340,22,144,140,4
467340,23,144,140,4
467340,24,18,18,0
467340,25,126,122,4
467340,40,126,122,4
467368,1,301,34,267
467368,2,301,34,267
467368,3,301,34,267
467368,4,33,3,30
467368,5,268,31,237
467368,19,41,4,37
467368,20,227,27,200
467368,21,240,26,214
467368,22,240,26,214
467368,23,240,26,214
467368,24,29,2,27
467368,25,211,24,187
467368,39,34,2,32
467368,40,177,22,155
467368,41,61,8,53
467368,42,61,8,53
467368,43,61,8,53
467368,44,4,1,3
467368,45,57,7,50
467368,59,7,2,5
467368,60,50,5,45
467508,1,89,5,84
467508,2,89,5,84
467508,3,89,5,84
467508,4,28,3,25
467508,5,61,2,59
467508,20,61,2,59
467508,21,52,5,47
467508,22,52,5,47
467508,23,52,5,47
467508,24,20,3,17
467508,25,32,2,30
467508,40,32,2,30
467508,41,37,0,37
467508,42,37,0,37
467508,43,37,0,37
467508,44,8,0,8
467508,45,29,0,29
467508,60,29,0,29
467517,1,86,1,85
467517,2,86,1,85
467517,3,86,1,85
467517,4,30,1,29
467517,5,56,0,56
467517,20,56,0,56
467517,21,71,0,71
467517,22,71,0,71
467517,23,71,0,71
467517,24,23,0,23
467517,25,48,0,48
467517,40,48,0,48
467517,41,15,1,14
467517,42,15,1,14
467517,43,15,1,14
467517,44,7,1,6
467517,45,8,0,8
467517,60,8,0,8
467526,1,68,1,67
467526,2,68,1,67
467526,3,68,1,67
467526,4,29,0,29
467526,5,39,1,38
467526,20,39,1,38
467526,21,68,1,67
467526,22,68,1,67
467526,23,68,1,67
467526,24,29,0,29
467526,25,39,1,38
467526,40,39,1,38
467535,1,128,7,121
467535,2,128,7,121
467535,3,128,7,121
467535,4,38,0,38
467535,5,90,7,83
467535,20,90,7,83
467535,21,97,5,92
467535,22,97,5,92
467535,23,97,5,92
467535,24,33,0,33
467535,25,64,5,59
467535,40,64,5,59
467535,41,31,2,29
467535,42,31,2,29
467535,43,31,2,29
467535,44,5,0,5
467535,45,26,2,24
467535,60,26,2,24
467544,1,41,1,40
467544,2,41,1,40
467544,3,41,1,40
467544,4,13,0,13
467544,5,28,1,27
467544,20,28,1,27
467544,21,41,1,40
467544,22,41,1,40
467544,23,41,1,40
467544,24,13,0,13
467544,25,28,1,27
467544,40,28,1,27
467553,1,52,4,48
467553,2,52,4,48
467553,3,52,4,48
467553,4,18,1,17
467553,5,34,3,31
467553,20,34,3,31
467553,21,52,4,48
467553,22,52,4,48
467553,23,52,4,48
467553,24,18,1,17
467553,25,34,3,31
467553,40,34,3,31
467562,1,65,5,60
467562,2,65,5,60
467562,3,65,5,60
467562,4,20,2,18
467562,5,45,3,42
467562,20,45,3,42
467562,21,47,5,42
467562,22,47,5,42
467562,23,47,5,42
467562,24,14,2,12
467562,25,33,3,30
467562,40,33,3,30
467562,41,18,0,18
467562,42,18,0,18
467562,43,18,0,18
467562,44,6,0,6
467562,45,12,0,12
467562,60,12,0,12
467571,1,80,6,74
467571,2,80,6,74
467571,3,80,6,74
467571,4,28,2,26
467571,5,52,4,48
467571,20,52,4,48
467571,21,65,4,61
467571,22,65,4,61
467571,23,65,4,61
467571,24,21,1,20
467571,25,44,3,41
467571,40,44,3,41
467571,41,15,2,13
467571,42,15,2,13
467571,43,15,2,13
467571,44,7,1,6
467571,45,8,1,7
467571,60,8,1,7
467580,1,37,2,35
467580,2,37,2,35
467580,3,37,2,35
467580,4,16,2,14
467580,5,21,0,21
467580,20,21,0,21
467580,21,37,2,35
467580,22,37,2,35
467580,23,37,2,35
467580,24,16,2,14
467580,25,21,0,21
467580,40,21,0,21
467599,1,86,5,81
467599,2,86,5,81
467599,3,86,5,81
467599,4,27,1,26
467599,5,59,4,55
467599,20,59,4,55
467599,21,69,4,65
467599,22,69,4,65
467599,23,69,4,65
467599,24,26,1,25
467599,25,43,3,40
467599,40,43,3,40
467599,41,17,1,16
467599,42,17,1,16
467599,43,17,1,16
467599,44,1,0,1
467599,45,16,1,15
467599,60,16,1,15
467605,1,90,5,85
467605,2,90,5,85
467605,3,90,5,85
467605,4,26,0,26
467605,5,64,5,59
467605,20,64,5,59
467605,21,63,2,61
467605,22,63,2,61
467605,23,63,2,61
467605,24,21,0,21
467605,25,42,2,40
467605,40,42,2,40
467605,41,27,3,24
467605,42,27,3,24
467605,43,27,3,24
467605,44,5,0,5
467605,45,22,3,19
467605,60,22,3,19
467614,1,75,4,71
467614,2,75,4,71
467614,3,75,4,71
467614,4,34,1,33
467614,5,41,3,38
467614,20,41,3,38
467614,21,56,3,53
467614,22,56,3,53
467614,23,56,3,53
467614,24,26,1,25
467614,25,30,2,28
467614,40,30,2,28
467614,41,19,1,18
467614,42,19,1,18
467614,43,19,1,18
467614,44,8,0,8
467614,45,11,1,10
467614,60,11,1,10
467623,1,70,3,67
467623,2,70,3,67
467623,3,70,3,67
467623,4,21,2,19
467623,5,49,1,48
467623,20,49,1,48
467623,21,57,3,54
467623,22,57,3,54
467623,23,57,3,54
467623,24,16,2,14
467623,25,41,1,40
467623,40,41,1,40
467623,41,13,0,13
467623,42,13,0,13
467623,43,13,0,13
467623,44,5,0,5
467623,45,8,0,8
467623,60,8,0,8
467632,1,119,8,111
467632,2,119,8,111
467632,3,119,8,111
467632,4,39,2,37
467632,5,80,6,74
467632,20,80,6,74
467632,21,77,5,72
467632,22,77,5,72
467632,23,77,5,72
467632,24,25,0,25
467632,25,52,5,47
467632,40,52,5,47
467632,41,42,3,39
467632,42,42,3,39
467632,43,42,3,39
467632,44,14,2,12
467632,45,28,1,27
467632,60,28,1,27
467641,1,146,4,142
467641,2,146,4,142
467641,3,146,4,142
467641,4,44,2,42
467641,5,102,2,100
467641,20,102,2,100
467641,21,104,3,101
467641,22,104,3,101
467641,23,104,3,101
467641,24,34,1,33
467641,25,70,2,68
467641,40,70,2,68
467641,41,42,1,41
467641,42,42,1,41
467641,43,42,1,41
467641,44,10,1,9
467641,45,32,0,32
467641,60,32,0,32
467650,1,58,3,55
467650,2,58,3,55
467650,3,58,3,55
467650,4,19,1,18
467650,5,39,2,37
467650,20,39,2,37
467650,21,44,2,42
467650,22,44,2,42
467650,23,44,2,42
467650,24,12,0,12
467650,25,32,2,30
467650,40,32,2,30
467650,41,14,1,13
467650,42,14,1,13
467650,43,14,1,13
467650,44,7,1,6
467650,45,7,0,7
467650,60,7,0,7
467669,1,83,5,78
467669,2,83,5,78
467669,3,83,5,78
467669,4,31,0,31
467669,5,52,5,47
467669,20,52,5,47
467669,21,83,5,78
467669,22,83,5,78
467669,23,83,5,78
467669,24,31,0,31
467669,25,52,5,47
467669,40,52,5,47
467678,1,89,6,83
467678,2,89,6,83
467678,3,89,6,83
467678,4,29,3,26
467678,5,60,3,57
467678,20,60,3,57
467678,21,89,6,83
467678,22,89,6,83
467678,23,89,6,83
467678,24,29,3,26
467678,25,60,3,57
467678,40,60,3,57
467784,1,634,81,553
467784,2,634,81,553
467784,3,634,81,553
467784,4,119,18,101
467784,5,515,63,452
467784,20,515,63,452
467784,21,634,81,553
467784,22,634,81,553
467784,23,634,81,553
467784,24,119,18,101
467784,25,515,63,452
467784,40,515,63,452
467793,1,142,37,105
467793,2,142,37,105
467793,3,136,36,100
467793,4,20,4,16
467793,5,116,32,84
467793,11,6,1,5
467793,19,24,6,18
467793,20,92,26,66
467793,21,107,32,75
467793,22,107,32,75
467793,23,107,32,75
467793,24,18,4,14
467793,25,89,28,61
467793,39,20,5,15
467793,40,69,23,46
467793,41,35,5,30
467793,42,35,5,30
467793,43,29,4,25
467793,44,2,0,2
467793,45,27,4,23
467793,51,6,1,5
467793,59,4,1,3
467793,60,23,3,20
467809,1,98,5,93
467809,2,98,5,93
467809,3,98,5,93
467809,4,19,1,18
467809,5,79,4,75
467809,20,79,4,75
467809,21,98,5,93
467809,22,98,5,93
467809,23,98,5,93
467809,24,19,1,18
467809,25,79,4,75
467809,40,79,4,75
467863,1,179,9,170
467863,2,179,9,170
467863,3,179,9,170
467863,4,46,4,42
467863,5,133,5,128
467863,20,133,5,128
467863,21,141,7,134
467863,22,141,7,134
467863,23,141,7,134
467863,24,40,3,37
467863,25,101,4,97
467863,40,101,4,97
467863,41,38,2,36
467863,42,38,2,36
467863,43,38,2,36
467863,44,6,1,5
467863,45,32,1,31
467863,60,32,1,31
467872,1,196,7,189
467872,2,196,7,189
467872,3,196,7,189
467872,4,30,1,29
467872,5,166,6,160
467872,20,166,6,160
467872,21,147,6,141
467872,22,147,6,141
467872,23,147,6,141
467872,24,26,1,25
467872,25,121,5,116
467872,40,121,5,116
467872,41,49,1,48
467872,42,49,1,48
467872,43,49,1,48
467872,44,4,0,4
467872,45,45,1,44
467872,60,45,1,44
467881,1,545,69,476
467881,2,545,69,476
467881,3,545,69,476
467881,4,102,13,89
467881,5,443,56,387
467881,20,443,56,387
467881,21,545,69,476
467881,22,545,69,476
467881,23,545,69,476
467881,24,102,13,89
467881,25,443,56,387
467881,40,443,56,387
467906,1,175,9,166
467906,2,175,9,166
467906,3,175,9,166
467906,4,17,1,16
467906,5,158,8,150
467906,20,158,8,150
467906,21,132,6,126
467906,22,132,6,126
467906,23,132,6,126
467906,24,14,1,13
467906,25,118,5,113
467906,40,118,5,113
467906,41,43,3,40
467906,42,43,3,40
467906,43,43,3,40
467906,44,3,0,3
467906,45,40,3,37
467906,60,40,3,37
468006,1,80,28,52
468006,12,80,28,52
468006,21,57,18,39
468006,32,57,18,39
468006,41,23,10,13
468006,52,23,10,13
468015,1,346,191,155
468015,2,346,191,155
468015,3,346,191,155
468015,4,56,28,28
468015,5,290,163,127
468015,19,40,24,16
468015,20,250,139,111
468015,21,284,157,127
468015,22,284,157,127
468015,23,284,157,127
468015,24,52,26,26
468015,25,232,131,101
468015,39,33,18,15
468015,40,199,113,86
468015,41,62,34,28
468015,42,62,34,28
468015,43,62,34,28
468015,44,4,2,2
468015,45,58,32,26
468015,59,7,6,1
468015,60,51,26,25
468024,1,503,99,404
468024,2,354,74,280
468024,3,354,74,280
468024,4,12,4,8
468024,5,342,70,272
468024,12,149,25,124
468024,19,134,18,116
468024,20,208,52,156
468024,21,132,32,100
468024,22,117,30,87
468024,23,117,30,87
468024,24,2,1,1
468024,25,115,29,86
468024,32,15,2,13
468024,39,26,6,20
468024,40,89,23,66
468024,41,371,67,304
468024,42,237,44,193
468024,43,237,44,193
468024,44,10,3,7
468024,45,227,41,186
468024,52,134,23,111
468024,59,108,12,96
468024,60,119,29,90
468246,1,224,19,205
468246,2,224,19,205
468246,3,224,19,205
468246,4,35,3,32
468246,5,189,16,173
468246,20,189,16,173
468246,21,224,19,205
468246,22,224,19,205
468246,23,224,19,205
468246,24,35,3,32
468246,25,189,16,173
468246,40,189,16,173
468255,1,152,7,145
468255,2,152,7,145
468255,3,152,7,145
468255,4,38,2,36
468255,5,114,5,109
468255,20,114,5,109
468255,21,152,7,145
468255,22,152,7,145
468255,23,152,7,145
468255,24,38,2,36
468255,25,114,5,109
468255,40,114,5,109
468398,1,203,104,99
468398,2,203,104,99
468398,3,203,104,99
468398,4,20,11,9
468398,5,183,93,90
468398,19,30,17,13
468398,20,153,76,77
468398,21,161,87,74
468398,22,161,87,74
468398,23,161,87,74
468398,24,9,8,1
468398,25,152,79,73
468398,39,19,12,7
468398,40,133,67,66
468398,41,42,17,25
468398,42,42,17,25
468398,43,42,17,25
468398,44,11,3,8
468398,45,31,14,17
468398,59,11,5,6
468398,60,20,9,11
468705,1,194,8,186
468705,2,194,8,186
468705,3,194,8,186
468705,4,114,8,106
468705,5,80,0,80
468705,20,80,0,80
468705,21,149,7,142
468705,22,149,7,142
468705,23,149,7,142
468705,24,86,7,79
468705,25,63,0,63
468705,40,63,0,63
468705,41,45,1,44
468705,42,45,1,44
468705,43,45,1,44
468705,44,28,1,27
468705,45,17,0,17
468705,60,17,0,17
468723,1,920,276,644
468723,2,920,276,644
468723,3,920,276,644
468723,4,197,65,132
468723,5,723,211,512
468723,19,203,63,140
468723,20,520,148,372
468723,21,711,213,498
468723,22,711,213,498
468723,23,711,213,498
468723,24,180,58,122
468723,25,531,155,376
468723,39,157,51,106
468723,40,374,104,270
468723,41,209,63,146
468723,42,209,63,146
468723,43,209,63,146
468723,44,17,7,10
468723,45,192,56,136
468723,59,46,12,34
468723,60,146,44,102
468732,1,380,71,309
468732,2,380,71,309
468732,3,380,71,309
468732,4,127,31,96
468732,5,253,40,213
468732,20,253,40,213
468732,21,380,71,309
468732,22,380,71,309
468732,23,380,71,309
468732,24,127,31,96
468732,25,253,40,213
468732,40,253,40,213
468769,1,97,30,67
468769,2,97,30,67
468769,3,97,30,67
468769,4,40,13,27
468769,5,57,17,40
468769,20,57,17,40
468769,21,97,30,67
468769,22,97,30,67
468769,23,97,30,67
468769,24,40,13,27
468769,25,57,17,40
468769,40,57,17,40
468866,1,65,4,61
468866,2,65,4,61
468866,3,65,4,61
468866,4,7,0,7
468866,5,58,4,54
468866,20,58,4,54
468866,21,65,4,61
468866,22,65,4,61
468866,23,65,4,61
468866,24,7,0,7
468866,25,58,4,54
468866,40,58,4,54
468875,1,205,5,200
468875,2,205,5,200
468875,3,205,5,200
468875,4,111,3,108
468875,5,94,2,92
468875,20,94,2,92
468875,21,205,5,200
468875,22,205,5,200
468875,23,205,5,200
468875,24,111,3,108
468875,25,94,2,92
468875,40,94,2,92
468893,1,123,1,122
468893,2,123,1,122
468893,3,123,1,122
468893,4,25,0,25
468893,5,98,1,97
468893,20,98,1,97
468893,21,123,1,122
468893,22,123,1,122
468893,23,123,1,122
468893,24,25,0,25
468893,25,98,1,97
468893,40,98,1,97
468963,1,219,208,11
468963,2,219,208,11
468963,3,219,208,11
468963,4,203,192,11
468963,5,16,16,0
468963,20,16,16,0
468963,21,219,208,11
468963,22,219,208,11
468963,23,219,208,11
468963,24,203,192,11
468963,25,16,16,0
468963,40,16,16,0
469054,1,520,80,440
469054,2,520,80,440
469054,3,520,80,440
469054,4,134,22,112
469054,5,386,58,328
469054,20,386,58,328
469054,21,520,80,440
469054,22,520,80,440
469054,23,520,80,440
469054,24,134,22,112
469054,25,386,58,328
469054,40,386,58,328
469124,1,453,130,323
469124,2,453,130,323
469124,3,453,130,323
469124,4,190,57,133
469124,5,263,73,190
469124,20,263,73,190
469124,21,234,75,159
469124,22,234,75,159
469124,23,234,75,159
469124,24,112,34,78
469124,25,122,41,81
469124,40,122,41,81
469124,41,219,55,164
469124,42,219,55,164
469124,43,219,55,164
469124,44,78,23,55
469124,45,141,32,109
469124,60,141,32,109
469133,1,326,77,249
469133,2,326,77,249
469133,3,326,77,249
469133,4,147,36,111
469133,5,179,41,138
469133,20,179,41,138
469133,21,185,45,140
469133,22,185,45,140
469133,23,185,45,140
469133,24,96,23,73
469133,25,89,22,67
469133,40,89,22,67
469133,41,141,32,109
469133,42,141,32,109
469133,43,141,32,109
469133,44,51,13,38
469133,45,90,19,71
469133,60,90,19,71
469142,1,459,98,361
469142,2,459,98,361
469142,3,459,98,361
469142,4,169,34,135
469142,5,290,64,226
469142,20,290,64,226
469142,21,238,49,189
469142,22,238,49,189
469142,23,238,49,189
469142,24,98,24,74
469142,25,140,25,115
469142,40,140,25,115
469142,41,221,49,172
469142,42,221,49,172
469142,43,221,49,172
469142,44,71,10,61
469142,45,150,39,111
469142,60,150,39,111
469151,1,191,45,146
469151,2,191,45,146
469151,3,191,45,146
469151,4,82,21,61
469151,5,109,24,85
469151,20,109,24,85
469151,21,98,29,69
469151,22,98,29,69
469151,23,98,29,69
469151,24,47,14,33
469151,25,51,15,36
469151,40,51,15,36
469151,41,93,16,77
469151,42,93,16,77
469151,43,93,16,77
469151,44,35,7,28
469151,45,58,9,49
469151,60,58,9,49
469160,1,248,60,188
469160,2,248,60,188
469160,3,248,60,188
469160,4,111,24,87
469160,5,137,36,101
469160,20,137,36,101
469160,21,132,30,102
469160,22,132,30,102
469160,23,132,30,102
469160,24,57,9,48
469160,25,75,21,54
469160,40,75,21,54
469160,41,116,30,86
469160,42,116,30,86
469160,43,116,30,86
469160,44,54,15,39
469160,45,62,15,47
469160,60,62,15,47
469188,1,50,9,41
469188,2,50,9,41
469188,3,50,9,41
469188,5,50,9,41
469188,20,50,9,41
469188,21,36,5,31
469188,22,36,5,31
469188,23,36,5,31
469188,25,36,5,31
469188,40,36,5,31
469188,41,14,4,10
469188,42,14,4,10
469188,43,14,4,10
469188,45,14,4,10
469188,60,14,4,10
469197,1,140,4,136
469197,2,140,4,136
469197,3,140,4,136
469197,4,132,2,130
469197,5,8,2,6
469197,20,8,2,6
469197,21,140,4,136
469197,22,140,4,136
469197,23,140,4,136
469197,24,132,2,130
469197,25,8,2,6
469197,40,8,2,6
469391,1,2,0,2
469391,2,2,0,2
469391,3,2,0,2
469391,4,1,0,1
469391,5,1,0,1
469391,20,1,0,1
469391,21,2,0,2
469391,22,2,0,2
469391,23,2,0,2
469391,24,1,0,1
469391,25,1,0,1
469391,40,1,0,1
469407,1,270,100,170
469407,2,270,100,170
469407,3,270,100,170
469407,4,170,68,102
469407,5,100,32,68
469407,20,100,32,68
469407,21,270,100,170
469407,22,270,100,170
469407,23,270,100,170
469407,24,170,68,102
469407,25,100,32,68
469407,40,100,32,68
469416,1,274,96,178
469416,2,274,96,178
469416,3,274,96,178
469416,4,154,52,102
469416,5,120,44,76
469416,20,120,44,76
469416,21,274,96,178
469416,22,274,96,178
469416,23,274,96,178
469416,24,154,52,102
469416,25,120,44,76
469416,40,120,44,76
469568,1,105,12,93
469568,2,105,12,93
469568,3,105,12,93
469568,5,105,12,93
469568,20,105,12,93
469568,21,105,12,93
469568,22,105,12,93
469568,23,105,12,93
469568,25,105,12,93
469568,40,105,12,93
469586,1,45,9,36
469586,2,45,9,36
469586,3,45,9,36
469586,4,17,4,13
469586,5,28,5,23
469586,20,28,5,23
469586,21,32,6,26
469586,22,32,6,26
469586,23,32,6,26
469586,24,13,3,10
469586,25,19,3,16
469586,40,19,3,16
469586,41,13,3,10
469586,42,13,3,10
469586,43,13,3,10
469586,44,4,1,3
469586,45,9,2,7
469586,60,9,2,7
469610,1,823,56,767
469610,2,823,56,767
469610,3,823,56,767
469610,4,242,9,233
469610,5,581,47,534
469610,20,581,47,534
469610,21,823,56,767
469610,22,823,56,767
469610,23,823,56,767
469610,24,242,9,233
469610,25,581,47,534
469610,40,581,47,534
469629,1,182,159,23
469629,2,182,159,23
469629,3,182,159,23
469629,4,58,49,9
469629,5,124,110,14
469629,20,124,110,14
469629,21,182,159,23
469629,22,182,159,23
469629,23,182,159,23
469629,24,58,49,9
469629,25,124,110,14
469629,40,124,110,14
469638,1,313,177,136
469638,2,313,177,136
469638,3,313,177,136
469638,4,310,176,134
469638,5,3,1,2
469638,20,3,1,2
469638,21,313,177,136
469638,22,313,177,136
469638,23,313,177,136
469638,24,310,176,134
469638,25,3,1,2
469638,40,3,1,2
469647,1,229,27,202
469647,2,229,27,202
469647,3,229,27,202
469647,4,180,22,158
469647,5,49,5,44
469647,20,49,5,44
469647,21,120,13,107
469647,22,120,13,107
469647,23,120,13,107
469647,24,100,11,89
469647,25,20,2,18
469647,40,20,2,18
469647,41,109,14,95
469647,42,109,14,95
469647,43,109,14,95
469647,44,80,11,69
469647,45,29,3,26
469647,60,29,3,26
469911,1,78,6,72
469911,2,78,6,72
469911,3,78,6,72
469911,4,46,4,42
469911,5,32,2,30
469911,20,32,2,30
469911,21,78,6,72
469911,22,78,6,72
469911,23,78,6,72
469911,24,46,4,42
469911,25,32,2,30
469911,40,32,2,30
469920,1,92,9,83
469920,2,92,9,83
469920,3,92,9,83
469920,4,87,8,79
469920,5,5,1,4
469920,20,5,1,4
469920,21,92,9,83
469920,22,92,9,83
469920,23,92,9,83
469920,24,87,8,79
469920,25,5,1,4
469920,40,5,1,4
469957,1,175,15,160
469957,2,175,15,160
469957,3,175,15,160
469957,4,68,5,63
469957,5,107,10,97
469957,20,107,10,97
469957,21,175,15,160
469957,22,175,15,160
469957,23,175,15,160
469957,24,68,5,63
469957,25,107,10,97
469957,40,107,10,97
469975,1,99,22,77
469975,2,99,22,77
469975,3,99,22,77
469975,4,45,10,35
469975,5,54,12,42
469975,20,54,12,42
469975,21,99,22,77
469975,22,99,22,77
469975,23,99,22,77
469975,24,45,10,35
469975,25,54,12,42
469975,40,54,12,42
469993,1,19,0,19
469993,2,19,0,19
469993,3,19,0,19
469993,4,5,0,5
469993,5,14,0,14
469993,20,14,0,14
469993,21,13,0,13
469993,22,13,0,13
469993,23,13,0,13
469993,24,4,0,4
469993,25,9,0,9
469993,40,9,0,9
469993,41,6,0,6
469993,42,6,0,6
469993,43,6,0,6
469993,44,1,0,1
469993,45,5,0,5
469993,60,5,0,5
470047,1,28,13,15
470047,2,28,13,15
470047,3,28,13,15
470047,4,15,9,6
470047,5,13,4,9
470047,20,13,4,9
470047,21,28,13,15
470047,22,28,13,15
470047,23,28,13,15
470047,24,15,9,6
470047,25,13,4,9
470047,40,13,4,9
470092,1,535,283,252
470092,2,535,283,252
470092,3,535,283,252
470092,4,139,86,53
470092,5,396,197,199
470092,19,89,46,43
470092,20,307,151,156
470092,21,355,177,178
470092,22,355,177,178
470092,23,355,177,178
470092,24,97,61,36
470092,25,258,116,142
470092,39,58,25,33
470092,40,200,91,109
470092,41,180,106,74
470092,42,180,106,74
470092,43,180,106,74
470092,44,42,25,17
470092,45,138,81,57
470092,59,31,21,10
470092,60,107,60,47
470162,1,954,221,733
470162,2,954,221,733
470162,3,954,221,733
470162,4,233,63,170
470162,5,721,158,563
470162,19,108,19,89
470162,20,613,139,474
470162,21,954,221,733
470162,22,954,221,733
470162,23,954,221,733
470162,24,233,63,170
470162,25,721,158,563
470162,39,108,19,89
470162,40,613,139,474
470223,1,23,2,21
470223,2,23,2,21
470223,3,23,2,21
470223,4,15,1,14
470223,5,8,1,7
470223,20,8,1,7
470223,21,20,2,18
470223,22,20,2,18
470223,23,20,2,18
470223,24,13,1,12
470223,25,7,1,6
470223,40,7,1,6
470223,41,3,0,3
470223,42,3,0,3
470223,43,3,0,3
470223,44,2,0,2
470223,45,1,0,1
470223,60,1,0,1
470296,1,23,3,20
470296,2,23,3,20
470296,3,23,3,20
470296,4,20,2,18
470296,5,3,1,2
470296,20,3,1,2
470296,21,23,3,20
470296,22,23,3,20
470296,23,23,3,20
470296,24,20,2,18
470296,25,3,1,2
470296,40,3,1,2
470302,1,92,42,50
470302,2,92,42,50
470302,3,92,42,50
470302,4,28,10,18
470302,5,64,32,32
470302,20,64,32,32
470302,21,92,42,50
470302,22,92,42,50
470302,23,92,42,50
470302,24,28,10,18
470302,25,64,32,32
470302,40,64,32,32
470393,1,84,5,79
470393,2,84,5,79
470393,3,84,5,79
470393,4,7,1,6
470393,5,77,4,73
470393,20,77,4,73
470393,21,64,5,59
470393,22,64,5,59
470393,23,64,5,59
470393,24,7,1,6
470393,25,57,4,53
470393,40,57,4,53
470393,41,20,0,20
470393,42,20,0,20
470393,43,20,0,20
470393,45,20,0,20
470393,60,20,0,20
470852,1,66,57,9
470852,2,66,57,9
470852,3,66,57,9
470852,5,66,57,9
470852,20,66,57,9
470852,21,47,40,7
470852,22,47,40,7
470852,23,47,40,7
470852,25,47,40,7
470852,40,47,40,7
470852,41,19,17,2
470852,42,19,17,2
470852,43,19,17,2
470852,45,19,17,2
470852,60,19,17,2
470861,1,262,214,48
470861,2,262,214,48
470861,3,262,214,48
470861,4,54,46,8
470861,5,208,168,40
470861,19,5,3,2
470861,20,203,165,38
470861,21,214,179,35
470861,22,214,179,35
470861,23,214,179,35
470861,24,50,45,5
470861,25,164,134,30
470861,39,3,2,1
470861,40,161,132,29
470861,41,48,35,13
470861,42,48,35,13
470861,43,48,35,13
470861,44,4,1,3
470861,45,44,34,10
470861,59,2,1,1
470861,60,42,33,9
470870,1,159,141,18
470870,2,159,141,18
470870,3,159,141,18
470870,4,51,48,3
470870,5,108,93,15
470870,19,6,4,2
470870,20,102,89,13
470870,21,132,118,14
470870,22,132,118,14
470870,23,132,118,14
470870,24,47,44,3
470870,25,85,74,11
470870,39,6,4,2
470870,40,79,70,9
470870,41,27,23,4
470870,42,27,23,4
470870,43,27,23,4
470870,44,4,4,0
470870,45,23,19,4
470870,60,23,19,4
470889,1,377,282,95
470889,2,377,282,95
470889,3,377,282,95
470889,4,72,53,19
470889,5,305,229,76
470889,19,8,7,1
470889,20,297,222,75
470889,21,280,221,59
470889,22,280,221,59
470889,23,280,221,59
470889,24,56,40,16
470889,25,224,181,43
470889,39,6,6,0
470889,40,218,175,43
470889,41,97,61,36
470889,42,97,61,36
470889,43,97,61,36
470889,44,16,13,3
470889,45,81,48,33
470889,59,2,1,1
470889,60,79,47,32
470898,1,231,167,64
470898,2,231,167,64
470898,3,231,167,64
470898,4,43,33,10
470898,5,188,134,54
470898,19,7,5,2
470898,20,181,129,52
470898,21,198,141,57
470898,22,198,141,57
470898,23,198,141,57
470898,24,37,29,8
470898,25,161,112,49
470898,39,7,5,2
470898,40,154,107,47
470898,41,33,26,7
470898,42,33,26,7
470898,43,33,26,7
470898,44,6,4,2
470898,45,27,22,5
470898,60,27,22,5
470904,1,216,168,48
470904,2,216,168,48
470904,3,216,168,48
470904,4,58,37,21
470904,5,158,131,27
470904,20,158,131,27
470904,21,179,136,43
470904,22,179,136,43
470904,23,179,136,43
470904,24,47,29,18
470904,25,132,107,25
470904,40,132,107,25
470904,41,37,32,5
470904,42,37,32,5
470904,43,37,32,5
470904,44,11,8,3
470904,45,26,24,2
470904,60,26,24,2
474702,1,98,38,60
474702,2,88,31,57
474702,3,88,31,57
474702,5,88,31,57
474702,12,10,7,3
474702,20,88,31,57
474702,21,98,38,60
474702,22,88,31,57
474702,23,88,31,57
474702,25,88,31,57
474702,32,10,7,3
474702,40,88,31,57
474863,1,726,188,538
474863,2,726,188,538
474863,3,650,162,488
474863,4,31,7,24
474863,5,619,155,464
474863,11,76,26,50
474863,19,130,33,97
474863,20,489,122,367
474863,21,210,68,142
474863,22,210,68,142
474863,23,191,57,134
474863,24,4,1,3
474863,25,187,56,131
474863,31,19,11,8
474863,39,41,9,32
474863,40,146,47,99
474863,41,516,120,396
474863,42,516,120,396
474863,43,459,105,354
474863,44,27,6,21
474863,45,432,99,333
474863,51,57,15,42
474863,59,89,24,65
474863,60,343,75,268
474881,1,147,117,30
474881,2,147,117,30
474881,3,147,117,30
474881,4,30,28,2
474881,5,117,89,28
474881,19,18,15,3
474881,20,99,74,25
474881,21,103,84,19
474881,22,103,84,19
474881,23,103,84,19
474881,24,22,21,1
474881,25,81,63,18
474881,39,12,11,1
474881,40,69,52,17
474881,41,44,33,11
474881,42,44,33,11
474881,43,44,33,11
474881,44,8,7,1
474881,45,36,26,10
474881,59,6,4,2
474881,60,30,22,8
474890,1,451,146,305
474890,2,451,146,305
474890,3,451,146,305
474890,4,236,83,153
474890,5,215,63,152
474890,20,215,63,152
474890,21,451,146,305
474890,22,451,146,305
474890,23,451,146,305
474890,24,236,83,153
474890,25,215,63,152
474890,40,215,63,152
474906,1,95,27,68
474906,2,95,27,68
474906,3,95,27,68
474906,4,46,14,32
474906,5,49,13,36
474906,19,14,3,11
474906,20,35,10,25
474906,21,95,27,68
474906,22,95,27,68
474906,23,95,27,68
474906,24,46,14,32
474906,25,49,13,36
474906,39,14,3,11
474906,40,35,10,25
474915,1,233,14,219
474915,2,233,14,219
474915,3,233,14,219
474915,4,188,12,176
474915,5,45,2,43
474915,20,45,2,43
474915,21,138,10,128
474915,22,138,10,128
474915,23,138,10,128
474915,24,113,8,105
474915,25,25,2,23
474915,40,25,2,23
474915,41,95,4,91
474915,42,95,4,91
474915,43,95,4,91
474915,44,75,4,71
474915,45,20,0,20
474915,60,20,0,20
474924,1,172,7,165
474924,2,172,7,165
474924,3,172,7,165
474924,4,91,5,86
474924,5,81,2,79
474924,20,81,2,79
474924,21,72,4,68
474924,22,72,4,68
474924,23,72,4,68
474924,24,57,3,54
474924,25,15,1,14
474924,40,15,1,14
474924,41,100,3,97
474924,42,100,3,97
474924,43,100,3,97
474924,44,34,2,32
474924,45,66,1,65
474924,60,66,1,65
474933,1,67,7,60
474933,2,67,7,60
474933,3,67,7,60
474933,4,15,0,15
474933,5,52,7,45
474933,20,52,7,45
474933,21,34,4,30
474933,22,34,4,30
474933,23,34,4,30
474933,24,11,0,11
474933,25,23,4,19
474933,40,23,4,19
474933,41,33,3,30
474933,42,33,3,30
474933,43,33,3,30
474933,44,4,0,4
474933,45,29,3,26
474933,60,29,3,26
474942,1,122,5,117
474942,2,122,5,117
474942,3,122,5,117
474942,4,20,0,20
474942,5,102,5,97
474942,20,102,5,97
474942,21,86,4,82
474942,22,86,4,82
474942,23,86,4,82
474942,24,15,0,15
474942,25,71,4,67
474942,40,71,4,67
474942,41,36,1,35
474942,42,36,1,35
474942,43,36,1,35
474942,44,5,0,5
474942,45,31,1,30
474942,60,31,1,30
474951,1,1094,280,814
474951,2,893,233,660
474951,3,892,233,659
474951,4,46,10,36
474951,5,846,223,623
474951,11,1,0,1
474951,12,201,47,154
474951,19,46,19,27
474951,20,800,204,596
474951,21,1094,280,814
474951,22,893,233,660
474951,23,892,233,659
474951,24,46,10,36
474951,25,846,223,623
474951,31,1,0,1
474951,32,201,47,154
474951,39,46,19,27
474951,40,800,204,596
474960,1,91,21,70
474960,2,85,19,66
474960,3,85,19,66
474960,5,85,19,66
474960,12,6,2,4
474960,20,85,19,66
474960,21,91,21,70
474960,22,85,19,66
474960,23,85,19,66
474960,25,85,19,66
474960,32,6,2,4
474960,40,85,19,66
474979,1,136,36,100
474979,2,131,35,96
474979,3,131,35,96
474979,5,131,35,96
474979,12,5,1,4
474979,20,131,35,96
474979,21,136,36,100
474979,22,131,35,96
474979,23,131,35,96
474979,25,131,35,96
474979,32,5,1,4
474979,40,131,35,96
474997,1,350,169,181
474997,2,350,169,181
474997,3,350,169,181
474997,4,60,34,26
474997,5,290,135,155
474997,19,9,2,7
474997,20,281,133,148
474997,21,350,169,181
474997,22,350,169,181
474997,23,350,169,181
474997,24,60,34,26
474997,25,290,135,155
474997,39,9,2,7
474997,40,281,133,148
475015,1,213,6,207
475015,2,213,6,207
475015,3,213,6,207
475015,4,20,0,20
475015,5,193,6,187
475015,20,193,6,187
475015,21,213,6,207
475015,22,213,6,207
475015,23,213,6,207
475015,24,20,0,20
475015,25,193,6,187
475015,40,193,6,187
475024,1,270,118,152
475024,2,270,118,152
475024,3,270,118,152
475024,4,77,36,41
475024,5,193,82,111
475024,20,193,82,111
475024,21,270,118,152
475024,22,270,118,152
475024,23,270,118,152
475024,24,77,36,41
475024,25,193,82,111
475024,40,193,82,111
475033,1,721,219,502
475033,12,721,219,502
475033,41,721,219,502
475033,52,721,219,502
475042,1,355,75,280
475042,2,355,75,280
475042,3,355,75,280
475042,4,39,5,34
475042,5,316,70,246
475042,19,92,24,68
475042,20,224,46,178
475042,21,355,75,280
475042,22,355,75,280
475042,23,355,75,280
475042,24,39,5,34
475042,25,316,70,246
475042,39,92,24,68
475042,40,224,46,178
475051,1,17,1,16
475051,2,17,1,16
475051,3,17,1,16
475051,5,17,1,16
475051,20,17,1,16
475051,21,17,1,16
475051,22,17,1,16
475051,23,17,1,16
475051,25,17,1,16
475051,40,17,1,16
475060,1,350,76,274
475060,2,350,76,274
475060,3,350,76,274
475060,4,82,18,64
475060,5,268,58,210
475060,19,56,12,44
475060,20,212,46,166
475060,21,184,42,142
475060,22,184,42,142
475060,23,184,42,142
475060,24,49,11,38
475060,25,135,31,104
475060,39,31,8,23
475060,40,104,23,81
475060,41,166,34,132
475060,42,166,34,132
475060,43,166,34,132
475060,44,33,7,26
475060,45,133,27,106
475060,59,25,4,21
475060,60,108,23,85
475079,1,237,28,209
475079,2,237,28,209
475079,3,237,28,209
475079,4,66,9,57
475079,5,171,19,152
475079,19,26,5,21
475079,20,145,14,131
475079,21,143,14,129
475079,22,143,14,129
475079,23,143,14,129
475079,24,48,6,42
475079,25,95,8,87
475079,39,13,1,12
475079,40,82,7,75
475079,41,94,14,80
475079,42,94,14,80
475079,43,94,14,80
475079,44,18,3,15
475079,45,76,11,65
475079,59,13,4,9
475079,60,63,7,56
475097,1,124,64,60
475097,2,124,64,60
475097,3,124,64,60
475097,4,63,40,23
475097,5,61,24,37
475097,20,61,24,37
475097,21,78,38,40
475097,22,78,38,40
475097,23,78,38,40
475097,24,36,24,12
475097,25,42,14,28
475097,40,42,14,28
475097,41,46,26,20
475097,42,46,26,20
475097,43,46,26,20
475097,44,27,16,11
475097,45,19,10,9
475097,60,19,10,9
475121,1,11143,2425,8718
475121,2,9610,2138,7472
475121,3,9592,2131,7461
475121,4,826,192,634
475121,5,8766,1939,6827
475121,11,18,7,11
475121,12,1533,287,1246
475121,19,1120,210,910
475121,20,7646,1729,5917
475121,21,11140,2425,8715
475121,22,9610,2138,7472
475121,23,9592,2131,7461
475121,24,826,192,634
475121,25,8766,1939,6827
475121,31,18,7,11
475121,32,1530,287,1243
475121,39,1120,210,910
475121,40,7646,1729,5917
475121,41,3,0,3
475121,52,3,0,3
475130,1,192,17,175
475130,2,192,17,175
475130,3,192,17,175
475130,4,11,1,10
475130,5,181,16,165
475130,19,35,1,34
475130,20,146,15,131
475130,21,192,17,175
475130,22,192,17,175
475130,23,192,17,175
475130,24,11,1,10
475130,25,181,16,165
475130,39,35,1,34
475130,40,146,15,131
475176,1,393,101,292
475176,2,393,101,292
475176,3,393,101,292
475176,4,32,5,27
475176,5,361,96,265
475176,19,47,10,37
475176,20,314,86,228
475176,21,393,101,292
475176,22,393,101,292
475176,23,393,101,292
475176,24,32,5,27
475176,25,361,96,265
475176,39,47,10,37
475176,40,314,86,228
475185,1,108,58,50
475185,2,108,58,50
475185,3,108,58,50
475185,4,4,2,2
475185,5,104,56,48
475185,19,20,12,8
475185,20,84,44,40
475185,21,97,53,44
475185,22,97,53,44
475185,23,97,53,44
475185,24,4,2,2
475185,25,93,51,42
475185,39,18,10,8
475185,40,75,41,34
475185,41,11,5,6
475185,42,11,5,6
475185,43,11,5,6
475185,45,11,5,6
475185,59,2,2,0
475185,60,9,3,6
475194,1,297,19,278
475194,2,297,19,278
475194,3,297,19,278
475194,4,80,6,74
475194,5,217,13,204
475194,19,12,0,12
475194,20,205,13,192
475194,21,196,13,183
475194,22,196,13,183
475194,23,196,13,183
475194,24,49,4,45
475194,25,147,9,138
475194,39,9,0,9
475194,40,138,9,129
475194,41,101,6,95
475194,42,101,6,95
475194,43,101,6,95
475194,44,31,2,29
475194,45,70,4,66
475194,59,3,0,3
475194,60,67,4,63
475200,1,313,93,220
475200,2,310,93,217
475200,3,310,93,217
475200,5,310,93,217
475200,12,3,0,3
475200,19,50,11,39
475200,20,260,82,178
475200,21,28,6,22
475200,22,26,6,20
475200,23,26,6,20
475200,25,26,6,20
475200,32,2,0,2
475200,40,26,6,20
475200,41,285,87,198
475200,42,284,87,197
475200,43,284,87,197
475200,45,284,87,197
475200,52,1,0,1
475200,59,50,11,39
475200,60,234,76,158
475228,1,107,53,54
475228,12,107,53,54
475228,41,107,53,54
475228,52,107,53,54
475255,1,81,51,30
475255,2,81,51,30
475255,3,81,51,30
475255,4,25,20,5
475255,5,56,31,25
475255,20,56,31,25
475255,21,81,51,30
475255,22,81,51,30
475255,23,81,51,30
475255,24,25,20,5
475255,25,56,31,25
475255,40,56,31,25
475273,1,1763,404,1359
475273,2,1319,284,1035
475273,3,1319,284,1035
475273,5,1319,284,1035
475273,12,444,120,324
475273,20,1319,284,1035
475273,21,1268,290,978
475273,22,938,196,742
475273,23,938,196,742
475273,25,938,196,742
475273,32,330,94,236
475273,40,938,196,742
475273,41,495,114,381
475273,42,381,88,293
475273,43,381,88,293
475273,45,381,88,293
475273,52,114,26,88
475273,60,381,88,293
475282,1,94,16,78
475282,2,94,16,78
475282,3,94,16,78
475282,4,20,2,18
475282,5,74,14,60
475282,20,74,14,60
475282,21,94,16,78
475282,22,94,16,78
475282,23,94,16,78
475282,24,20,2,18
475282,25,74,14,60
475282,40,74,14,60
475291,1,144,38,106
475291,2,144,38,106
475291,3,144,38,106
475291,4,13,5,8
475291,5,131,33,98
475291,19,15,2,13
475291,20,116,31,85
475291,21,37,16,21
475291,22,37,16,21
475291,23,37,16,21
475291,24,6,4,2
475291,25,31,12,19
475291,39,5,1,4
475291,40,26,11,15
475291,41,107,22,85
475291,42,107,22,85
475291,43,107,22,85
475291,44,7,1,6
475291,45,100,21,79
475291,59,10,1,9
475291,60,90,20,70
475325,1,402,68,334
475325,2,402,68,334
475325,3,402,68,334
475325,4,162,24,138
475325,5,240,44,196
475325,20,240,44,196
475325,21,402,68,334
475325,22,402,68,334
475325,23,402,68,334
475325,24,162,24,138
475325,25,240,44,196
475325,40,240,44,196
475352,1,620,89,531
475352,2,620,89,531
475352,3,620,89,531
475352,4,283,50,233
475352,5,337,39,298
475352,20,337,39,298
475352,21,453,78,375
475352,22,453,78,375
475352,23,453,78,375
475352,24,214,42,172
475352,25,239,36,203
475352,40,239,36,203
475352,41,167,11,156
475352,42,167,11,156
475352,43,167,11,156
475352,44,69,8,61
475352,45,98,3,95
475352,60,98,3,95
475370,1,741,143,598
475370,2,741,143,598
475370,3,741,143,598
475370,4,243,52,191
475370,5,498,91,407
475370,20,498,91,407
475370,21,566,109,457
475370,22,566,109,457
475370,23,566,109,457
475370,24,185,37,148
475370,25,381,72,309
475370,40,381,72,309
475370,41,175,34,141
475370,42,175,34,141
475370,43,175,34,141
475370,44,58,15,43
475370,45,117,19,98
475370,60,117,19,98
475389,1,42,0,42
475389,2,42,0,42
475389,3,42,0,42
475389,4,15,0,15
475389,5,27,0,27
475389,20,27,0,27
475389,21,42,0,42
475389,22,42,0,42
475389,23,42,0,42
475389,24,15,0,15
475389,25,27,0,27
475389,40,27,0,27
475404,1,80,2,78
475404,2,80,2,78
475404,3,80,2,78
475404,4,8,0,8
475404,5,72,2,70
475404,20,72,2,70
475404,21,43,1,42
475404,22,43,1,42
475404,23,43,1,42
475404,24,5,0,5
475404,25,38,1,37
475404,40,38,1,37
475404,41,37,1,36
475404,42,37,1,36
475404,43,37,1,36
475404,44,3,0,3
475404,45,34,1,33
475404,60,34,1,33
475413,1,45,1,44
475413,2,45,1,44
475413,3,45,1,44
475413,4,29,1,28
475413,5,16,0,16
475413,20,16,0,16
475413,21,39,1,38
475413,22,39,1,38
475413,23,39,1,38
475413,24,28,1,27
475413,25,11,0,11
475413,40,11,0,11
475413,41,6,0,6
475413,42,6,0,6
475413,43,6,0,6
475413,44,1,0,1
475413,45,5,0,5
475413,60,5,0,5
475422,1,119,11,108
475422,2,119,11,108
475422,3,119,11,108
475422,4,3,1,2
475422,5,116,10,106
475422,19,50,6,44
475422,20,66,4,62
475422,21,21,2,19
475422,22,21,2,19
475422,23,21,2,19
475422,24,2,1,1
475422,25,19,1,18
475422,39,7,0,7
475422,40,12,1,11
475422,41,98,9,89
475422,42,98,9,89
475422,43,98,9,89
475422,44,1,0,1
475422,45,97,9,88
475422,59,43,6,37
475422,60,54,3,51
475431,1,11,1,10
475431,2,11,1,10
475431,3,11,1,10
475431,4,11,1,10
475431,21,11,1,10
475431,22,11,1,10
475431,23,11,1,10
475431,24,11,1,10
475440,1,9,8,1
475440,2,9,8,1
475440,3,9,8,1
475440,4,5,4,1
475440,5,4,4,0
475440,20,4,4,0
475440,21,9,8,1
475440,22,9,8,1
475440,23,9,8,1
475440,24,5,4,1
475440,25,4,4,0
475440,40,4,4,0
475459,1,428,167,261
475459,2,428,167,261
475459,3,428,167,261
475459,4,281,119,162
475459,5,147,48,99
475459,20,147,48,99
475459,21,428,167,261
475459,22,428,167,261
475459,23,428,167,261
475459,24,281,119,162
475459,25,147,48,99
475459,40,147,48,99
475468,1,135,12,123
475468,2,135,12,123
475468,3,135,12,123
475468,4,20,2,18
475468,5,115,10,105
475468,20,115,10,105
475468,21,100,6,94
475468,22,100,6,94
475468,23,100,6,94
475468,24,19,2,17
475468,25,81,4,77
475468,40,81,4,77
475468,41,35,6,29
475468,42,35,6,29
475468,43,35,6,29
475468,44,1,0,1
475468,45,34,6,28
475468,60,34,6,28
475477,1,126,36,90
475477,2,126,36,90
475477,3,126,36,90
475477,4,20,8,12
475477,5,106,28,78
475477,19,11,1,10
475477,20,95,27,68
475477,21,68,23,45
475477,22,68,23,45
475477,23,68,23,45
475477,24,13,7,6
475477,25,55,16,39
475477,39,3,0,3
475477,40,52,16,36
475477,41,58,13,45
475477,42,58,13,45
475477,43,58,13,45
475477,44,7,1,6
475477,45,51,12,39
475477,59,8,1,7
475477,60,43,11,32
475486,1,237,14,223
475486,2,237,14,223
475486,3,237,14,223
475486,4,208,6,202
475486,5,29,8,21
475486,20,29,8,21
475486,21,237,14,223
475486,22,237,14,223
475486,23,237,14,223
475486,24,208,6,202
475486,25,29,8,21
475486,40,29,8,21
475495,1,461,173,288
475495,12,461,173,288
475495,21,458,173,285
475495,32,458,173,285
475495,41,3,0,3
475495,52,3,0,3
475501,1,51,42,9
475501,2,51,42,9
475501,3,51,42,9
475501,4,48,40,8
475501,5,3,2,1
475501,20,3,2,1
475501,21,51,42,9
475501,22,51,42,9
475501,23,51,42,9
475501,24,48,40,8
475501,25,3,2,1
475501,40,3,2,1
475510,1,73,5,68
475510,12,73,5,68
475510,21,28,3,25
475510,32,28,3,25
475510,41,45,2,43
475510,52,45,2,43
475529,1,57,5,52
475529,2,57,5,52
475529,3,57,5,52
475529,4,31,2,29
475529,5,26,3,23
475529,20,26,3,23
475529,21,54,4,50
475529,22,54,4,50
475529,23,54,4,50
475529,24,30,2,28
475529,25,24,2,22
475529,40,24,2,22
475529,41,3,1,2
475529,42,3,1,2
475529,43,3,1,2
475529,44,1,0,1
475529,45,2,1,1
475529,60,2,1,1
475538,1,65,3,62
475538,2,65,3,62
475538,3,65,3,62
475538,4,52,3,49
475538,5,13,0,13
475538,20,13,0,13
475538,21,60,3,57
475538,22,60,3,57
475538,23,60,3,57
475538,24,48,3,45
475538,25,12,0,12
475538,40,12,0,12
475538,41,5,0,5
475538,42,5,0,5
475538,43,5,0,5
475538,44,4,0,4
475538,45,1,0,1
475538,60,1,0,1
475547,1,110,5,105
475547,2,110,5,105
475547,3,110,5,105
475547,4,13,1,12
475547,5,97,4,93
475547,20,97,4,93
475547,21,70,4,66
475547,22,70,4,66
475547,23,70,4,66
475547,24,11,1,10
475547,25,59,3,56
475547,40,59,3,56
475547,41,40,1,39
475547,42,40,1,39
475547,43,40,1,39
475547,44,2,0,2
475547,45,38,1,37
475547,60,38,1,37
475556,1,147,8,139
475556,2,147,8,139
475556,3,147,8,139
475556,4,24,0,24
475556,5,123,8,115
475556,20,123,8,115
475556,21,102,4,98
475556,22,102,4,98
475556,23,102,4,98
475556,24,18,0,18
475556,25,84,4,80
475556,40,84,4,80
475556,41,45,4,41
475556,42,45,4,41
475556,43,45,4,41
475556,44,6,0,6
475556,45,39,4,35
475556,60,39,4,35
475565,1,493,205,288
475565,2,493,205,288
475565,3,493,205,288
475565,4,278,109,169
475565,5,215,96,119
475565,20,215,96,119
475565,21,480,196,284
475565,22,480,196,284
475565,23,480,196,284
475565,24,278,109,169
475565,25,202,87,115
475565,40,202,87,115
475565,41,13,9,4
475565,42,13,9,4
475565,43,13,9,4
475565,45,13,9,4
475565,60,13,9,4
475574,1,62,49,13
475574,2,62,49,13
475574,3,62,49,13
475574,4,6,4,2
475574,5,56,45,11
475574,20,56,45,11
475574,21,47,38,9
475574,22,47,38,9
475574,23,47,38,9
475574,24,2,1,1
475574,25,45,37,8
475574,40,45,37,8
475574,41,15,11,4
475574,42,15,11,4
475574,43,15,11,4
475574,44,4,3,1
475574,45,11,8,3
475574,60,11,8,3
475583,1,111,22,89
475583,2,111,22,89
475583,3,111,22,89
475583,4,51,15,36
475583,5,60,7,53
475583,20,60,7,53
475583,21,111,22,89
475583,22,111,22,89
475583,23,111,22,89
475583,24,51,15,36
475583,25,60,7,53
475583,40,60,7,53
475592,1,121,22,99
475592,2,121,22,99
475592,3,121,22,99
475592,4,57,13,44
475592,5,64,9,55
475592,20,64,9,55
475592,21,90,19,71
475592,22,90,19,71
475592,23,90,19,71
475592,24,39,10,29
475592,25,51,9,42
475592,40,51,9,42
475592,41,31,3,28
475592,42,31,3,28
475592,43,31,3,28
475592,44,18,3,15
475592,45,13,0,13
475592,60,13,0,13
475608,1,323,238,85
475608,2,235,177,58
475608,3,225,170,55
475608,4,20,15,5
475608,5,205,155,50
475608,11,10,7,3
475608,12,88,61,27
475608,19,33,25,8
475608,20,172,130,42
475608,21,173,129,44
475608,22,138,104,34
475608,23,138,104,34
475608,24,14,11,3
475608,25,124,93,31
475608,32,35,25,10
475608,39,25,17,8
475608,40,99,76,23
475608,41,150,109,41
475608,42,97,73,24
475608,43,87,66,21
475608,44,6,4,2
475608,45,81,62,19
475608,51,10,7,3
475608,52,53,36,17
475608,59,8,8,0
475608,60,73,54,19
475617,1,602,85,517
475617,2,602,85,517
475617,3,602,85,517
475617,4,365,60,305
475617,5,237,25,212
475617,20,237,25,212
475617,21,393,59,334
475617,22,393,59,334
475617,23,393,59,334
475617,24,243,43,200
475617,25,150,16,134
475617,40,150,16,134
475617,41,209,26,183
475617,42,209,26,183
475617,43,209,26,183
475617,44,122,17,105
475617,45,87,9,78
475617,60,87,9,78
475626,1,37,2,35
475626,2,37,2,35
475626,3,37,2,35
475626,4,2,0,2
475626,5,35,2,33
475626,20,35,2,33
475626,21,34,1,33
475626,22,34,1,33
475626,23,34,1,33
475626,24,1,0,1
475626,25,33,1,32
475626,40,33,1,32
475626,41,3,1,2
475626,42,3,1,2
475626,43,3,1,2
475626,44,1,0,1
475626,45,2,1,1
475626,60,2,1,1
475635,1,21,4,17
475635,2,21,4,17
475635,3,21,4,17
475635,4,5,2,3
475635,5,16,2,14
475635,20,16,2,14
475635,21,14,1,13
475635,22,14,1,13
475635,23,14,1,13
475635,24,3,1,2
475635,25,11,0,11
475635,40,11,0,11
475635,41,7,3,4
475635,42,7,3,4
475635,43,7,3,4
475635,44,2,1,1
475635,45,5,2,3
475635,60,5,2,3
475644,1,24,3,21
475644,2,24,3,21
475644,3,24,3,21
475644,4,23,2,21
475644,5,1,1,0
475644,20,1,1,0
475644,21,24,3,21
475644,22,24,3,21
475644,23,24,3,21
475644,24,23,2,21
475644,25,1,1,0
475644,40,1,1,0
475653,1,21,1,20
475653,2,21,1,20
475653,3,21,1,20
475653,4,4,0,4
475653,5,17,1,16
475653,20,17,1,16
475653,21,21,1,20
475653,22,21,1,20
475653,23,21,1,20
475653,24,4,0,4
475653,25,17,1,16
475653,40,17,1,16
475662,1,103,3,100
475662,2,103,3,100
475662,3,103,3,100
475662,4,18,0,18
475662,5,85,3,82
475662,20,85,3,82
475662,21,50,1,49
475662,22,50,1,49
475662,23,50,1,49
475662,24,13,0,13
475662,25,37,1,36
475662,40,37,1,36
475662,41,53,2,51
475662,42,53,2,51
475662,43,53,2,51
475662,44,5,0,5
475662,45,48,2,46
475662,60,48,2,46
475680,1,18,4,14
475680,2,18,4,14
475680,3,18,4,14
475680,4,5,2,3
475680,5,13,2,11
475680,20,13,2,11
475680,21,18,4,14
475680,22,18,4,14
475680,23,18,4,14
475680,24,5,2,3
475680,25,13,2,11
475680,40,13,2,11
475699,1,313,32,281
475699,2,313,32,281
475699,3,313,32,281
475699,4,17,2,15
475699,5,296,30,266
475699,19,109,6,103
475699,20,187,24,163
475699,21,129,15,114
475699,22,129,15,114
475699,23,129,15,114
475699,24,15,2,13
475699,25,114,13,101
475699,39,45,3,42
475699,40,69,10,59
475699,41,184,17,167
475699,42,184,17,167
475699,43,184,17,167
475699,44,2,0,2
475699,45,182,17,165
475699,59,64,3,61
475699,60,118,14,104
475705,1,12,3,9
475705,2,12,3,9
475705,3,12,3,9
475705,4,1,1,0
475705,5,11,2,9
475705,20,11,2,9
475705,21,12,3,9
475705,22,12,3,9
475705,23,12,3,9
475705,24,1,1,0
475705,25,11,2,9
475705,40,11,2,9
475714,1,343,269,74
475714,2,343,269,74
475714,3,343,269,74
475714,4,56,40,16
475714,5,287,229,58
475714,19,50,39,11
475714,20,237,190,47
475714,21,253,204,49
475714,22,253,204,49
475714,23,253,204,49
475714,24,56,40,16
475714,25,197,164,33
475714,39,31,27,4
475714,40,166,137,29
475714,41,90,65,25
475714,42,90,65,25
475714,43,90,65,25
475714,45,90,65,25
475714,59,19,12,7
475714,60,71,53,18
475732,1,613,50,563
475732,2,613,50,563
475732,3,610,50,560
475732,4,2,0,2
475732,5,608,50,558
475732,11,3,0,3
475732,19,308,33,275
475732,20,300,17,283
475732,21,405,33,372
475732,22,405,33,372
475732,23,405,33,372
475732,24,2,0,2
475732,25,403,33,370
475732,39,236,24,212
475732,40,167,9,158
475732,41,208,17,191
475732,42,208,17,191
475732,43,205,17,188
475732,45,205,17,188
475732,51,3,0,3
475732,59,72,9,63
475732,60,133,8,125
475741,1,159,19,140
475741,2,159,19,140
475741,3,159,19,140
475741,4,4,1,3
475741,5,155,18,137
475741,19,72,6,66
475741,20,83,12,71
475741,21,114,12,102
475741,22,114,12,102
475741,23,114,12,102
475741,24,4,1,3
475741,25,110,11,99
475741,39,58,6,52
475741,40,52,5,47
475741,41,45,7,38
475741,42,45,7,38
475741,43,45,7,38
475741,45,45,7,38
475741,59,14,0,14
475741,60,31,7,24
475750,1,308,18,290
475750,2,308,18,290
475750,3,308,18,290
475750,4,51,3,48
475750,5,257,15,242
475750,20,257,15,242
475750,21,308,18,290
475750,22,308,18,290
475750,23,308,18,290
475750,24,51,3,48
475750,25,257,15,242
475750,40,257,15,242
475811,1,104,58,46
475811,12,104,58,46
475811,21,104,58,46
475811,32,104,58,46
475839,1,70,26,44
475839,2,70,26,44
475839,3,70,26,44
475839,4,12,6,6
475839,5,58,20,38
475839,19,18,3,15
475839,20,40,17,23
475839,21,59,22,37
475839,22,59,22,37
475839,23,59,22,37
475839,24,10,4,6
475839,25,49,18,31
475839,39,16,3,13
475839,40,33,15,18
475839,41,11,4,7
475839,42,11,4,7
475839,43,11,4,7
475839,44,2,2,0
475839,45,9,2,7
475839,59,2,0,2
475839,60,7,2,5
475866,1,264,25,239
475866,2,264,25,239
475866,3,264,25,239
475866,4,117,12,105
475866,5,147,13,134
475866,20,147,13,134
475866,21,211,20,191
475866,22,211,20,191
475866,23,211,20,191
475866,24,99,11,88
475866,25,112,9,103
475866,40,112,9,103
475866,41,53,5,48
475866,42,53,5,48
475866,43,53,5,48
475866,44,18,1,17
475866,45,35,4,31
475866,60,35,4,31
475875,1,154,47,107
475875,2,128,42,86
475875,3,128,42,86
475875,4,28,9,19
475875,5,100,33,67
475875,12,26,5,21
475875,19,16,3,13
475875,20,84,30,54
475875,21,9,2,7
475875,22,5,1,4
475875,23,5,1,4
475875,25,5,1,4
475875,32,4,1,3
475875,40,5,1,4
475875,41,145,45,100
475875,42,123,41,82
475875,43,123,41,82
475875,44,28,9,19
475875,45,95,32,63
475875,52,22,4,18
475875,59,16,3,13
475875,60,79,29,50
475884,1,142,64,78
475884,2,97,43,54
475884,3,96,43,53
475884,4,21,7,14
475884,5,75,36,39
475884,11,1,0,1
475884,12,45,21,24
475884,19,7,4,3
475884,20,68,32,36
475884,21,18,14,4
475884,22,9,8,1
475884,23,9,8,1
475884,25,9,8,1
475884,32,9,6,3
475884,40,9,8,1
475884,41,124,50,74
475884,42,88,35,53
475884,43,87,35,52
475884,44,21,7,14
475884,45,66,28,38
475884,51,1,0,1
475884,52,36,15,21
475884,59,7,4,3
475884,60,59,24,35
476063,1,176,174,2
476063,2,176,174,2
476063,3,176,174,2
476063,4,43,42,1
476063,5,133,132,1
476063,20,133,132,1
476063,21,176,174,2
476063,22,176,174,2
476063,23,176,174,2
476063,24,43,42,1
476063,25,133,132,1
476063,40,133,132,1
476090,1,53,1,52
476090,2,53,1,52
476090,3,53,1,52
476090,4,19,0,19
476090,5,34,1,33
476090,20,34,1,33
476090,21,53,1,52
476090,22,53,1,52
476090,23,53,1,52
476090,24,19,0,19
476090,25,34,1,33
476090,40,34,1,33
476106,1,29,1,28
476106,2,29,1,28
476106,3,29,1,28
476106,4,7,0,7
476106,5,22,1,21
476106,20,22,1,21
476106,21,29,1,28
476106,22,29,1,28
476106,23,29,1,28
476106,24,7,0,7
476106,25,22,1,21
476106,40,22,1,21
476115,1,17,0,17
476115,2,17,0,17
476115,3,17,0,17
476115,4,6,0,6
476115,5,11,0,11
476115,20,11,0,11
476115,21,17,0,17
476115,22,17,0,17
476115,23,17,0,17
476115,24,6,0,6
476115,25,11,0,11
476115,40,11,0,11
476124,1,12,1,11
476124,2,12,1,11
476124,3,12,1,11
476124,4,1,0,1
476124,5,11,1,10
476124,20,11,1,10
476124,21,12,1,11
476124,22,12,1,11
476124,23,12,1,11
476124,24,1,0,1
476124,25,11,1,10
476124,40,11,1,10
476133,1,138,8,130
476133,2,138,8,130
476133,3,138,8,130
476133,4,43,1,42
476133,5,95,7,88
476133,20,95,7,88
476133,21,138,8,130
476133,22,138,8,130
476133,23,138,8,130
476133,24,43,1,42
476133,25,95,7,88
476133,40,95,7,88
476142,1,29,0,29
476142,2,29,0,29
476142,3,29,0,29
476142,4,13,0,13
476142,5,16,0,16
476142,20,16,0,16
476142,21,29,0,29
476142,22,29,0,29
476142,23,29,0,29
476142,24,13,0,13
476142,25,16,0,16
476142,40,16,0,16
476151,1,23,3,20
476151,2,23,3,20
476151,3,23,3,20
476151,4,11,2,9
476151,5,12,1,11
476151,20,12,1,11
476151,21,23,3,20
476151,22,23,3,20
476151,23,23,3,20
476151,24,11,2,9
476151,25,12,1,11
476151,40,12,1,11
476160,1,46,4,42
476160,2,46,4,42
476160,3,46,4,42
476160,4,17,1,16
476160,5,29,3,26
476160,20,29,3,26
476160,21,46,4,42
476160,22,46,4,42
476160,23,46,4,42
476160,24,17,1,16
476160,25,29,3,26
476160,40,29,3,26
476179,1,181,6,175
476179,2,181,6,175
476179,3,181,6,175
476179,4,80,3,77
476179,5,101,3,98
476179,20,101,3,98
476179,21,136,6,130
476179,22,136,6,130
476179,23,136,6,130
476179,24,66,3,63
476179,25,70,3,67
476179,40,70,3,67
476179,41,45,0,45
476179,42,45,0,45
476179,43,45,0,45
476179,44,14,0,14
476179,45,31,0,31
476179,60,31,0,31
476203,1,31,7,24
476203,2,31,7,24
476203,3,31,7,24
476203,5,31,7,24
476203,20,31,7,24
476203,21,31,7,24
476203,22,31,7,24
476203,23,31,7,24
476203,25,31,7,24
476203,40,31,7,24
476230,1,84,11,73
476230,2,84,11,73
476230,3,84,11,73
476230,4,33,3,30
476230,5,51,8,43
476230,20,51,8,43
476230,21,84,11,73
476230,22,84,11,73
476230,23,84,11,73
476230,24,33,3,30
476230,25,51,8,43
476230,40,51,8,43
476294,1,107,7,100
476294,2,107,7,100
476294,3,107,7,100
476294,4,16,0,16
476294,5,91,7,84
476294,20,91,7,84
476294,21,69,4,65
476294,22,69,4,65
476294,23,69,4,65
476294,24,10,0,10
476294,25,59,4,55
476294,40,59,4,55
476294,41,38,3,35
476294,42,38,3,35
476294,43,38,3,35
476294,44,6,0,6
476294,45,32,3,29
476294,60,32,3,29
476319,1,31,6,25
476319,2,31,6,25
476319,3,31,6,25
476319,4,3,0,3
476319,5,28,6,22
476319,19,5,1,4
476319,20,23,5,18
476319,21,31,6,25
476319,22,31,6,25
476319,23,31,6,25
476319,24,3,0,3
476319,25,28,6,22
476319,39,5,1,4
476319,40,23,5,18
476328,1,514,98,416
476328,2,514,98,416
476328,3,514,98,416
476328,4,105,22,83
476328,5,409,76,333
476328,20,409,76,333
476328,21,514,98,416
476328,22,514,98,416
476328,23,514,98,416
476328,24,105,22,83
476328,25,409,76,333
476328,40,409,76,333
476337,1,134,133,1
476337,2,134,133,1
476337,3,134,133,1
476337,4,52,52,0
476337,5,82,81,1
476337,20,82,81,1
476337,21,126,125,1
476337,22,126,125,1
476337,23,126,125,1
476337,24,49,49,0
476337,25,77,76,1
476337,40,77,76,1
476337,41,8,8,0
476337,42,8,8,0
476337,43,8,8,0
476337,44,3,3,0
476337,45,5,5,0
476337,60,5,5,0
476346,1,310,80,230
476346,2,310,80,230
476346,3,310,80,230
476346,4,130,29,101
476346,5,180,51,129
476346,20,180,51,129
476346,21,183,47,136
476346,22,183,47,136
476346,23,183,47,136
476346,24,74,17,57
476346,25,109,30,79
476346,40,109,30,79
476346,41,127,33,94
476346,42,127,33,94
476346,43,127,33,94
476346,44,56,12,44
476346,45,71,21,50
476346,60,71,21,50
476355,1,97,59,38
476355,2,97,59,38
476355,3,97,59,38
476355,5,97,59,38
476355,20,97,59,38
476355,21,97,59,38
476355,22,97,59,38
476355,23,97,59,38
476355,25,97,59,38
476355,40,97,59,38
476373,1,9,3,6
476373,2,9,3,6
476373,3,9,3,6
476373,5,9,3,6
476373,20,9,3,6
476373,21,9,3,6
476373,22,9,3,6
476373,23,9,3,6
476373,25,9,3,6
476373,40,9,3,6
476382,1,259,35,224
476382,2,259,35,224
476382,3,259,35,224
476382,4,79,10,69
476382,5,180,25,155
476382,19,2,1,1
476382,20,178,24,154
476382,21,259,35,224
476382,22,259,35,224
476382,23,259,35,224
476382,24,79,10,69
476382,25,180,25,155
476382,39,2,1,1
476382,40,178,24,154
476391,1,191,18,173
476391,2,191,18,173
476391,3,191,18,173
476391,4,34,4,30
476391,5,157,14,143
476391,19,73,8,65
476391,20,84,6,78
476391,21,191,18,173
476391,22,191,18,173
476391,23,191,18,173
476391,24,34,4,30
476391,25,157,14,143
476391,39,73,8,65
476391,40,84,6,78
476470,1,356,160,196
476470,2,356,160,196
476470,3,356,160,196
476470,4,102,31,71
476470,5,254,129,125
476470,20,254,129,125
476470,21,356,160,196
476470,22,356,160,196
476470,23,356,160,196
476470,24,102,31,71
476470,25,254,129,125
476470,40,254,129,125
476489,1,16,14,2
476489,2,16,14,2
476489,3,16,14,2
476489,4,13,12,1
476489,5,3,2,1
476489,20,3,2,1
476489,21,16,14,2
476489,22,16,14,2
476489,23,16,14,2
476489,24,13,12,1
476489,25,3,2,1
476489,40,3,2,1
476498,1,100,68,32
476498,2,100,68,32
476498,3,100,68,32
476498,4,27,23,4
476498,5,73,45,28
476498,20,73,45,28
476498,21,100,68,32
476498,22,100,68,32
476498,23,100,68,32
476498,24,27,23,4
476498,25,73,45,28
476498,40,73,45,28
476504,1,301,49,252
476504,2,301,49,252
476504,3,301,49,252
476504,4,185,36,149
476504,5,116,13,103
476504,20,116,13,103
476504,21,91,13,78
476504,22,91,13,78
476504,23,91,13,78
476504,24,20,7,13
476504,25,71,6,65
476504,40,71,6,65
476504,41,210,36,174
476504,42,210,36,174
476504,43,210,36,174
476504,44,165,29,136
476504,45,45,7,38
476504,60,45,7,38
476513,1,60,2,58
476513,2,60,2,58
476513,3,60,2,58
476513,4,15,1,14
476513,5,45,1,44
476513,20,45,1,44
476513,21,60,2,58
476513,22,60,2,58
476513,23,60,2,58
476513,24,15,1,14
476513,25,45,1,44
476513,40,45,1,44
476522,1,205,19,186
476522,2,205,19,186
476522,3,205,19,186
476522,4,41,7,34
476522,5,164,12,152
476522,20,164,12,152
476522,21,45,3,42
476522,22,45,3,42
476522,23,45,3,42
476522,24,19,3,16
476522,25,26,0,26
476522,40,26,0,26
476522,41,160,16,144
476522,42,160,16,144
476522,43,160,16,144
476522,44,22,4,18
476522,45,138,12,126
476522,60,138,12,126
476531,1,39,23,16
476531,2,39,23,16
476531,3,39,23,16
476531,4,8,6,2
476531,5,31,17,14
476531,20,31,17,14
476531,21,32,19,13
476531,22,32,19,13
476531,23,32,19,13
476531,24,7,5,2
476531,25,25,14,11
476531,40,25,14,11
476531,41,7,4,3
476531,42,7,4,3
476531,43,7,4,3
476531,44,1,1,0
476531,45,6,3,3
476531,60,6,3,3
476540,1,118,18,100
476540,2,118,18,100
476540,3,118,18,100
476540,4,39,6,33
476540,5,79,12,67
476540,20,79,12,67
476540,21,100,12,88
476540,22,100,12,88
476540,23,100,12,88
476540,24,28,3,25
476540,25,72,9,63
476540,40,72,9,63
476540,41,18,6,12
476540,42,18,6,12
476540,43,18,6,12
476540,44,11,3,8
476540,45,7,3,4
476540,60,7,3,4
476559,1,137,11,126
476559,2,137,11,126
476559,3,137,11,126
476559,4,105,4,101
476559,5,32,7,25
476559,20,32,7,25
476559,21,104,7,97
476559,22,104,7,97
476559,23,104,7,97
476559,24,78,3,75
476559,25,26,4,22
476559,40,26,4,22
476559,41,33,4,29
476559,42,33,4,29
476559,43,33,4,29
476559,44,27,1,26
476559,45,6,3,3
476559,60,6,3,3
476568,1,18,14,4
476568,2,18,14,4
476568,3,18,14,4
476568,4,12,9,3
476568,5,6,5,1
476568,20,6,5,1
476568,21,18,14,4
476568,22,18,14,4
476568,23,18,14,4
476568,24,12,9,3
476568,25,6,5,1
476568,40,6,5,1
476577,1,80,31,49
476577,2,80,31,49
476577,3,80,31,49
476577,4,35,11,24
476577,5,45,20,25
476577,20,45,20,25
476577,21,80,31,49
476577,22,80,31,49
476577,23,80,31,49
476577,24,35,11,24
476577,25,45,20,25
476577,40,45,20,25
476586,1,75,0,75
476586,2,75,0,75
476586,3,75,0,75
476586,4,10,0,10
476586,5,65,0,65
476586,20,65,0,65
476586,21,48,0,48
476586,22,48,0,48
476586,23,48,0,48
476586,24,6,0,6
476586,25,42,0,42
476586,40,42,0,42
476586,41,27,0,27
476586,42,27,0,27
476586,43,27,0,27
476586,44,4,0,4
476586,45,23,0,23
476586,60,23,0,23
476595,1,65,16,49
476595,2,65,16,49
476595,3,65,16,49
476595,4,59,15,44
476595,5,6,1,5
476595,20,6,1,5
476595,21,25,9,16
476595,22,25,9,16
476595,23,25,9,16
476595,24,23,8,15
476595,25,2,1,1
476595,40,2,1,1
476595,41,40,7,33
476595,42,40,7,33
476595,43,40,7,33
476595,44,36,7,29
476595,45,4,0,4
476595,60,4,0,4
476601,1,49,49,0
476601,2,49,49,0
476601,3,49,49,0
476601,4,24,24,0
476601,5,25,25,0
476601,19,1,1,0
476601,20,24,24,0
476601,21,49,49,0
476601,22,49,49,0
476601,23,49,49,0
476601,24,24,24,0
476601,25,25,25,0
476601,39,1,1,0
476601,40,24,24,0
476610,1,75,65,10
476610,2,75,65,10
476610,3,75,65,10
476610,4,23,19,4
476610,5,52,46,6
476610,20,52,46,6
476610,21,75,65,10
476610,22,75,65,10
476610,23,75,65,10
476610,24,23,19,4
476610,25,52,46,6
476610,40,52,46,6
476629,1,116,4,112
476629,2,116,4,112
476629,3,116,4,112
476629,4,62,3,59
476629,5,54,1,53
476629,20,54,1,53
476629,21,116,4,112
476629,22,116,4,112
476629,23,116,4,112
476629,24,62,3,59
476629,25,54,1,53
476629,40,54,1,53
476638,1,21,1,20
476638,2,21,1,20
476638,3,21,1,20
476638,4,10,0,10
476638,5,11,1,10
476638,20,11,1,10
476638,21,21,1,20
476638,22,21,1,20
476638,23,21,1,20
476638,24,10,0,10
476638,25,11,1,10
476638,40,11,1,10
476656,1,9,2,7
476656,2,9,2,7
476656,3,9,2,7
476656,4,8,2,6
476656,5,1,0,1
476656,20,1,0,1
476656,21,9,2,7
476656,22,9,2,7
476656,23,9,2,7
476656,24,8,2,6
476656,25,1,0,1
476656,40,1,0,1
476674,1,65,5,60
476674,2,65,5,60
476674,3,65,5,60
476674,4,16,2,14
476674,5,49,3,46
476674,20,49,3,46
476674,21,65,5,60
476674,22,65,5,60
476674,23,65,5,60
476674,24,16,2,14
476674,25,49,3,46
476674,40,49,3,46
476683,1,188,9,179
476683,2,188,9,179
476683,3,188,9,179
476683,4,58,2,56
476683,5,130,7,123
476683,20,130,7,123
476683,21,188,9,179
476683,22,188,9,179
476683,23,188,9,179
476683,24,58,2,56
476683,25,130,7,123
476683,40,130,7,123
476692,1,23,23,0
476692,2,23,23,0
476692,3,23,23,0
476692,4,3,3,0
476692,5,20,20,0
476692,19,3,3,0
476692,20,17,17,0
476692,21,23,23,0
476692,22,23,23,0
476692,23,23,23,0
476692,24,3,3,0
476692,25,20,20,0
476692,39,3,3,0
476692,40,17,17,0
476708,1,101,74,27
476708,2,101,74,27
476708,3,101,74,27
476708,4,23,15,8
476708,5,78,59,19
476708,20,78,59,19
476708,21,63,47,16
476708,22,63,47,16
476708,23,63,47,16
476708,24,15,9,6
476708,25,48,38,10
476708,40,48,38,10
476708,41,38,27,11
476708,42,38,27,11
476708,43,38,27,11
476708,44,8,6,2
476708,45,30,21,9
476708,60,30,21,9
476717,1,298,298,0
476717,2,298,298,0
476717,3,298,298,0
476717,4,101,101,0
476717,5,197,197,0
476717,20,197,197,0
476717,21,298,298,0
476717,22,298,298,0
476717,23,298,298,0
476717,24,101,101,0
476717,25,197,197,0
476717,40,197,197,0
476726,1,223,47,176
476726,2,223,47,176
476726,3,223,47,176
476726,4,103,17,86
476726,5,120,30,90
476726,20,120,30,90
476726,21,223,47,176
476726,22,223,47,176
476726,23,223,47,176
476726,24,103,17,86
476726,25,120,30,90
476726,40,120,30,90
476735,1,29,1,28
476735,2,29,1,28
476735,3,29,1,28
476735,4,17,1,16
476735,5,12,0,12
476735,20,12,0,12
476735,21,29,1,28
476735,22,29,1,28
476735,23,29,1,28
476735,24,17,1,16
476735,25,12,0,12
476735,40,12,0,12
476744,1,48,2,46
476744,2,48,2,46
476744,3,48,2,46
476744,4,10,1,9
476744,5,38,1,37
476744,20,38,1,37
476744,21,17,1,16
476744,22,17,1,16
476744,23,17,1,16
476744,24,5,1,4
476744,25,12,0,12
476744,40,12,0,12
476744,41,31,1,30
476744,42,31,1,30
476744,43,31,1,30
476744,44,5,0,5
476744,45,26,1,25
476744,60,26,1,25
476753,1,118,6,112
476753,2,118,6,112
476753,3,118,6,112
476753,4,11,0,11
476753,5,107,6,101
476753,20,107,6,101
476753,21,99,5,94
476753,22,99,5,94
476753,23,99,5,94
476753,24,11,0,11
476753,25,88,5,83
476753,40,88,5,83
476753,41,19,1,18
476753,42,19,1,18
476753,43,19,1,18
476753,45,19,1,18
476753,60,19,1,18
476762,1,61,3,58
476762,2,61,3,58
476762,3,61,3,58
476762,4,13,0,13
476762,5,48,3,45
476762,20,48,3,45
476762,21,61,3,58
476762,22,61,3,58
476762,23,61,3,58
476762,24,13,0,13
476762,25,48,3,45
476762,40,48,3,45
476771,1,24,19,5
476771,2,24,19,5
476771,3,24,19,5
476771,4,9,4,5
476771,5,15,15,0
476771,20,15,15,0
476771,21,17,14,3
476771,22,17,14,3
476771,23,17,14,3
476771,24,5,2,3
476771,25,12,12,0
476771,40,12,12,0
476771,41,7,5,2
476771,42,7,5,2
476771,43,7,5,2
476771,44,4,2,2
476771,45,3,3,0
476771,60,3,3,0
476780,1,122,24,98
476780,2,122,24,98
476780,3,122,24,98
476780,4,73,16,57
476780,5,49,8,41
476780,20,49,8,41
476780,21,62,16,46
476780,22,62,16,46
476780,23,62,16,46
476780,24,47,12,35
476780,25,15,4,11
476780,40,15,4,11
476780,41,60,8,52
476780,42,60,8,52
476780,43,60,8,52
476780,44,26,4,22
476780,45,34,4,30
476780,60,34,4,30
476799,1,73,13,60
476799,2,73,13,60
476799,3,73,13,60
476799,5,73,13,60
476799,20,73,13,60
476799,21,73,13,60
476799,22,73,13,60
476799,23,73,13,60
476799,25,73,13,60
476799,40,73,13,60
476805,1,65,0,65
476805,2,65,0,65
476805,3,65,0,65
476805,4,7,0,7
476805,5,58,0,58
476805,20,58,0,58
476805,21,65,0,65
476805,22,65,0,65
476805,23,65,0,65
476805,24,7,0,7
476805,25,58,0,58
476805,40,58,0,58
476814,1,152,133,19
476814,2,152,133,19
476814,3,152,133,19
476814,4,10,9,1
476814,5,142,124,18
476814,20,142,124,18
476814,41,152,133,19
476814,42,152,133,19
476814,43,152,133,19
476814,44,10,9,1
476814,45,142,124,18
476814,60,142,124,18
476823,1,46,2,44
476823,2,46,2,44
476823,3,46,2,44
476823,4,5,1,4
476823,5,41,1,40
476823,20,41,1,40
476823,21,42,1,41
476823,22,42,1,41
476823,23,42,1,41
476823,24,5,1,4
476823,25,37,0,37
476823,40,37,0,37
476823,41,4,1,3
476823,42,4,1,3
476823,43,4,1,3
476823,45,4,1,3
476823,60,4,1,3
476832,1,41,1,40
476832,2,41,1,40
476832,3,41,1,40
476832,4,6,1,5
476832,5,35,0,35
476832,20,35,0,35
476832,21,34,0,34
476832,22,34,0,34
476832,23,34,0,34
476832,24,4,0,4
476832,25,30,0,30
476832,40,30,0,30
476832,41,7,1,6
476832,42,7,1,6
476832,43,7,1,6
476832,44,2,1,1
476832,45,5,0,5
476832,60,5,0,5
476841,1,211,24,187
476841,2,211,24,187
476841,3,211,24,187
476841,4,25,5,20
476841,5,186,19,167
476841,20,186,19,167
476841,21,154,20,134
476841,22,154,20,134
476841,23,154,20,134
476841,24,21,5,16
476841,25,133,15,118
476841,40,133,15,118
476841,41,57,4,53
476841,42,57,4,53
476841,43,57,4,53
476841,44,4,0,4
476841,45,53,4,49
476841,60,53,4,49
476850,1,91,64,27
476850,2,91,64,27
476850,3,91,64,27
476850,4,90,63,27
476850,5,1,1,0
476850,20,1,1,0
476850,21,91,64,27
476850,22,91,64,27
476850,23,91,64,27
476850,24,90,63,27
476850,25,1,1,0
476850,40,1,1,0
476869,1,193,6,187
476869,2,193,6,187
476869,3,193,6,187
476869,4,155,5,150
476869,5,38,1,37
476869,20,38,1,37
476869,21,193,6,187
476869,22,193,6,187
476869,23,193,6,187
476869,24,155,5,150
476869,25,38,1,37
476869,40,38,1,37
476878,1,79,1,78
476878,2,79,1,78
476878,3,79,1,78
476878,4,55,1,54
476878,5,24,0,24
476878,20,24,0,24
476878,21,27,0,27
476878,22,27,0,27
476878,23,27,0,27
476878,24,16,0,16
476878,25,11,0,11
476878,40,11,0,11
476878,41,52,1,51
476878,42,52,1,51
476878,43,52,1,51
476878,44,39,1,38
476878,45,13,0,13
476878,60,13,0,13
476887,1,133,0,133
476887,2,133,0,133
476887,3,133,0,133
476887,4,29,0,29
476887,5,104,0,104
476887,20,104,0,104
476887,21,62,0,62
476887,22,62,0,62
476887,23,62,0,62
476887,24,19,0,19
476887,25,43,0,43
476887,40,43,0,43
476887,41,71,0,71
476887,42,71,0,71
476887,43,71,0,71
476887,44,10,0,10
476887,45,61,0,61
476887,60,61,0,61
476896,1,99,8,91
476896,2,99,8,91
476896,3,99,8,91
476896,4,20,0,20
476896,5,79,8,71
476896,20,79,8,71
476896,21,99,8,91
476896,22,99,8,91
476896,23,99,8,91
476896,24,20,0,20
476896,25,79,8,71
476896,40,79,8,71
476902,1,36,4,32
476902,2,36,4,32
476902,3,36,4,32
476902,4,10,1,9
476902,5,26,3,23
476902,20,26,3,23
476902,21,27,2,25
476902,22,27,2,25
476902,23,27,2,25
476902,24,9,1,8
476902,25,18,1,17
476902,40,18,1,17
476902,41,9,2,7
476902,42,9,2,7
476902,43,9,2,7
476902,44,1,0,1
476902,45,8,2,6
476902,60,8,2,6
476911,1,225,204,21
476911,2,225,204,21
476911,3,225,204,21
476911,4,196,178,18
476911,5,29,26,3
476911,20,29,26,3
476911,21,143,128,15
476911,22,143,128,15
476911,23,143,128,15
476911,24,121,108,13
476911,25,22,20,2
476911,40,22,20,2
476911,41,82,76,6
476911,42,82,76,6
476911,43,82,76,6
476911,44,75,70,5
476911,45,7,6,1
476911,60,7,6,1
476939,1,87,9,78
476939,2,87,9,78
476939,3,87,9,78
476939,4,32,2,30
476939,5,55,7,48
476939,20,55,7,48
476939,41,87,9,78
476939,42,87,9,78
476939,43,87,9,78
476939,44,32,2,30
476939,45,55,7,48
476939,60,55,7,48
476948,1,218,194,24
476948,2,218,194,24
476948,3,218,194,24
476948,4,77,66,11
476948,5,141,128,13
476948,19,60,51,9
476948,20,81,77,4
476948,21,210,187,23
476948,22,210,187,23
476948,23,210,187,23
476948,24,77,66,11
476948,25,133,121,12
476948,39,60,51,9
476948,40,73,70,3
476948,41,8,7,1
476948,42,8,7,1
476948,43,8,7,1
476948,45,8,7,1
476948,60,8,7,1
476957,1,20,0,20
476957,2,20,0,20
476957,3,20,0,20
476957,4,8,0,8
476957,5,12,0,12
476957,20,12,0,12
476957,21,20,0,20
476957,22,20,0,20
476957,23,20,0,20
476957,24,8,0,8
476957,25,12,0,12
476957,40,12,0,12
476966,1,233,219,14
476966,2,233,219,14
476966,3,233,219,14
476966,4,193,184,9
476966,5,40,35,5
476966,20,40,35,5
476966,21,233,219,14
476966,22,233,219,14
476966,23,233,219,14
476966,24,193,184,9
476966,25,40,35,5
476966,40,40,35,5
476975,1,7402,3552,3850
476975,2,5578,2798,2780
476975,3,5282,2638,2644
476975,5,5282,2638,2644
476975,11,296,160,136
476975,12,1824,754,1070
476975,19,1930,942,988
476975,20,3352,1696,1656
476975,21,3092,1411,1681
476975,22,2377,1125,1252
476975,23,2358,1114,1244
476975,25,2358,1114,1244
476975,31,19,11,8
476975,32,715,286,429
476975,39,764,334,430
476975,40,1594,780,814
476975,41,4310,2141,2169
476975,42,3201,1673,1528
476975,43,2924,1524,1400
476975,45,2924,1524,1400
476975,51,277,149,128
476975,52,1109,468,641
476975,59,1166,608,558
476975,60,1758,916,842
476984,1,157,9,148
476984,2,157,9,148
476984,3,157,9,148
476984,4,8,0,8
476984,5,149,9,140
476984,20,149,9,140
476984,21,121,7,114
476984,22,121,7,114
476984,23,121,7,114
476984,24,7,0,7
476984,25,114,7,107
476984,40,114,7,107
476984,41,36,2,34
476984,42,36,2,34
476984,43,36,2,34
476984,44,1,0,1
476984,45,35,2,33
476984,60,35,2,33
476993,1,130,0,130
476993,2,130,0,130
476993,3,130,0,130
476993,4,21,0,21
476993,5,109,0,109
476993,20,109,0,109
476993,21,118,0,118
476993,22,118,0,118
476993,23,118,0,118
476993,24,20,0,20
476993,25,98,0,98
476993,40,98,0,98
476993,41,12,0,12
476993,42,12,0,12
476993,43,12,0,12
476993,44,1,0,1
476993,45,11,0,11
476993,60,11,0,11
477002,1,55,1,54
477002,2,55,1,54
477002,3,55,1,54
477002,4,25,1,24
477002,5,30,0,30
477002,20,30,0,30
477002,21,35,1,34
477002,22,35,1,34
477002,23,35,1,34
477002,24,13,1,12
477002,25,22,0,22
477002,40,22,0,22
477002,41,20,0,20
477002,42,20,0,20
477002,43,20,0,20
477002,44,12,0,12
477002,45,8,0,8
477002,60,8,0,8
477011,1,135,61,74
477011,2,110,51,59
477011,3,110,51,59
477011,4,21,7,14
477011,5,89,44,45
477011,12,25,10,15
477011,19,12,7,5
477011,20,77,37,40
477011,21,18,7,11
477011,22,9,4,5
477011,23,9,4,5
477011,24,2,2,0
477011,25,7,2,5
477011,32,9,3,6
477011,40,7,2,5
477011,41,117,54,63
477011,42,101,47,54
477011,43,101,47,54
477011,44,19,5,14
477011,45,82,42,40
477011,52,16,7,9
477011,59,12,7,5
477011,60,70,35,35
477020,1,222,92,130
477020,2,160,74,86
477020,3,160,74,86
477020,4,30,17,13
477020,5,130,57,73
477020,12,62,18,44
477020,19,20,8,12
477020,20,110,49,61
477020,21,26,13,13
477020,22,13,8,5
477020,23,13,8,5
477020,24,2,2,0
477020,25,11,6,5
477020,32,13,5,8
477020,39,2,2,0
477020,40,9,4,5
477020,41,196,79,117
477020,42,147,66,81
477020,43,147,66,81
477020,44,28,15,13
477020,45,119,51,68
477020,52,49,13,36
477020,59,18,6,12
477020,60,101,45,56
477039,1,320,42,278
477039,2,320,42,278
477039,3,320,42,278
477039,5,320,42,278
477039,19,48,6,42
477039,20,272,36,236
477039,21,294,40,254
477039,22,294,40,254
477039,23,294,40,254
477039,25,294,40,254
477039,39,43,5,38
477039,40,251,35,216
477039,41,26,2,24
477039,42,26,2,24
477039,43,26,2,24
477039,45,26,2,24
477039,59,5,1,4
477039,60,21,1,20
477950,1,168,63,105
477950,2,168,63,105
477950,3,168,63,105
477950,4,8,2,6
477950,5,160,61,99
477950,19,25,8,17
477950,20,135,53,82
477950,21,168,63,105
477950,22,168,63,105
477950,23,168,63,105
477950,24,8,2,6
477950,25,160,61,99
477950,39,25,8,17
477950,40,135,53,82
477996,1,227,75,152
477996,2,227,75,152
477996,3,217,67,150
477996,4,30,12,18
477996,5,187,55,132
477996,11,10,8,2
477996,19,55,14,41
477996,20,132,41,91
477996,21,7,3,4
477996,22,7,3,4
477996,23,6,3,3
477996,25,6,3,3
477996,31,1,0,1
477996,40,6,3,3
477996,41,220,72,148
477996,42,220,72,148
477996,43,211,64,147
477996,44,30,12,18
477996,45,181,52,129
477996,51,9,8,1
477996,59,55,14,41
477996,60,126,38,88
478005,1,161,49,112
478005,2,161,49,112
478005,3,161,49,112
478005,4,17,4,13
478005,5,144,45,99
478005,19,36,10,26
478005,20,108,35,73
478005,21,8,5,3
478005,22,8,5,3
478005,23,8,5,3
478005,25,8,5,3
478005,39,3,3,0
478005,40,5,2,3
478005,41,153,44,109
478005,42,153,44,109
478005,43,153,44,109
478005,44,17,4,13
478005,45,136,40,96
478005,59,33,7,26
478005,60,103,33,70
478014,1,189,47,142
478014,2,189,47,142
478014,3,189,47,142
478014,4,30,8,22
478014,5,159,39,120
478014,19,101,26,75
478014,20,58,13,45
478014,21,12,7,5
478014,22,12,7,5
478014,23,12,7,5
478014,25,12,7,5
478014,39,9,5,4
478014,40,3,2,1
478014,41,177,40,137
478014,42,177,40,137
478014,43,177,40,137
478014,44,30,8,22
478014,45,147,32,115
478014,59,92,21,71
478014,60,55,11,44
478582,1,164,10,154
478582,2,164,10,154
478582,3,164,10,154
478582,4,42,5,37
478582,5,122,5,117
478582,20,122,5,117
478582,21,120,7,113
478582,22,120,7,113
478582,23,120,7,113
478582,24,31,4,27
478582,25,89,3,86
478582,40,89,3,86
478582,41,44,3,41
478582,42,44,3,41
478582,43,44,3,41
478582,44,11,1,10
478582,45,33,2,31
478582,60,33,2,31
478591,1,151,4,147
478591,2,151,4,147
478591,3,151,4,147
478591,4,56,1,55
478591,5,95,3,92
478591,20,95,3,92
478591,21,90,3,87
478591,22,90,3,87
478591,23,90,3,87
478591,24,37,1,36
478591,25,53,2,51
478591,40,53,2,51
478591,41,61,1,60
478591,42,61,1,60
478591,43,61,1,60
478591,44,19,0,19
478591,45,42,1,41
478591,60,42,1,41
478616,1,111,5,106
478616,2,111,5,106
478616,3,111,5,106
478616,4,36,3,33
478616,5,75,2,73
478616,20,75,2,73
478616,21,96,5,91
478616,22,96,5,91
478616,23,96,5,91
478616,24,32,3,29
478616,25,64,2,62
478616,40,64,2,62
478616,41,15,0,15
478616,42,15,0,15
478616,43,15,0,15
478616,44,4,0,4
478616,45,11,0,11
478616,60,11,0,11
478625,1,203,77,126
478625,2,203,77,126
478625,3,203,77,126
478625,4,54,20,34
478625,5,149,57,92
478625,20,149,57,92
478625,21,203,77,126
478625,22,203,77,126
478625,23,203,77,126
478625,24,54,20,34
478625,25,149,57,92
478625,40,149,57,92
478634,1,269,115,154
478634,2,269,115,154
478634,3,269,115,154
478634,4,51,22,29
478634,5,218,93,125
478634,20,218,93,125
478634,21,269,115,154
478634,22,269,115,154
478634,23,269,115,154
478634,24,51,22,29
478634,25,218,93,125
478634,40,218,93,125
478643,1,28,24,4
478643,2,28,24,4
478643,3,28,24,4
478643,4,25,21,4
478643,5,3,3,0
478643,20,3,3,0
478643,21,28,24,4
478643,22,28,24,4
478643,23,28,24,4
478643,24,25,21,4
478643,25,3,3,0
478643,40,3,3,0
478661,1,214,23,191
478661,2,214,23,191
478661,3,214,23,191
478661,4,171,18,153
478661,5,43,5,38
478661,20,43,5,38
478661,21,133,18,115
478661,22,133,18,115
478661,23,133,18,115
478661,24,106,15,91
478661,25,27,3,24
478661,40,27,3,24
478661,41,81,5,76
478661,42,81,5,76
478661,43,81,5,76
478661,44,65,3,62
478661,45,16,2,14
478661,60,16,2,14
478917,1,63,0,63
478917,2,63,0,63
478917,3,63,0,63
478917,4,41,0,41
478917,5,22,0,22
478917,20,22,0,22
478917,21,63,0,63
478917,22,63,0,63
478917,23,63,0,63
478917,24,41,0,41
478917,25,22,0,22
478917,40,22,0,22
478953,1,216,11,205
478953,2,216,11,205
478953,3,216,11,205
478953,4,32,1,31
478953,5,184,10,174
478953,20,184,10,174
478953,21,184,8,176
478953,22,184,8,176
478953,23,184,8,176
478953,24,30,1,29
478953,25,154,7,147
478953,40,154,7,147
478953,41,32,3,29
478953,42,32,3,29
478953,43,32,3,29
478953,44,2,0,2
478953,45,30,3,27
478953,60,30,3,27
479053,1,102,14,88
479053,2,102,14,88
479053,3,102,14,88
479053,4,34,6,28
479053,5,68,8,60
479053,20,68,8,60
479053,21,46,8,38
479053,22,46,8,38
479053,23,46,8,38
479053,24,18,4,14
479053,25,28,4,24
479053,40,28,4,24
479053,41,56,6,50
479053,42,56,6,50
479053,43,56,6,50
479053,44,16,2,14
479053,45,40,4,36
479053,60,40,4,36
479062,1,10,10,0
479062,2,10,10,0
479062,3,10,10,0
479062,4,8,8,0
479062,5,2,2,0
479062,20,2,2,0
479062,21,10,10,0
479062,22,10,10,0
479062,23,10,10,0
479062,24,8,8,0
479062,25,2,2,0
479062,40,2,2,0
479123,1,19,1,18
479123,2,19,1,18
479123,3,19,1,18
479123,4,11,0,11
479123,5,8,1,7
479123,20,8,1,7
479123,21,19,1,18
479123,22,19,1,18
479123,23,19,1,18
479123,24,11,0,11
479123,25,8,1,7
479123,40,8,1,7
479248,1,147,55,92
479248,2,147,55,92
479248,3,147,55,92
479248,4,105,41,64
479248,5,42,14,28
479248,20,42,14,28
479248,21,127,49,78
479248,22,127,49,78
479248,23,127,49,78
479248,24,89,36,53
479248,25,38,13,25
479248,40,38,13,25
479248,41,20,6,14
479248,42,20,6,14
479248,43,20,6,14
479248,44,16,5,11
479248,45,4,1,3
479248,60,4,1,3
479424,1,88,12,76
479424,2,88,12,76
479424,3,88,12,76
479424,5,88,12,76
479424,20,88,12,76
479424,21,88,12,76
479424,22,88,12,76
479424,23,88,12,76
479424,25,88,12,76
479424,40,88,12,76
479549,1,559,458,101
479549,2,559,458,101
479549,3,559,458,101
479549,4,181,146,35
479549,5,378,312,66
479549,19,11,8,3
479549,20,367,304,63
479549,21,499,411,88
479549,22,499,411,88
479549,23,499,411,88
479549,24,160,131,29
479549,25,339,280,59
479549,39,8,7,1
479549,40,331,273,58
479549,41,60,47,13
479549,42,60,47,13
479549,43,60,47,13
479549,44,21,15,6
479549,45,39,32,7
479549,59,3,1,2
479549,60,36,31,5
479558,1,312,270,42
479558,2,312,270,42
479558,3,312,270,42
479558,4,79,68,11
479558,5,233,202,31
479558,19,19,17,2
479558,20,214,185,29
479558,21,269,238,31
479558,22,269,238,31
479558,23,269,238,31
479558,24,70,61,9
479558,25,199,177,22
479558,39,19,17,2
479558,40,180,160,20
479558,41,43,32,11
479558,42,43,32,11
479558,43,43,32,11
479558,44,9,7,2
479558,45,34,25,9
479558,60,34,25,9
479567,1,50,40,10
479567,2,50,40,10
479567,3,50,40,10
479567,5,50,40,10
479567,20,50,40,10
479567,21,44,36,8
479567,22,44,36,8
479567,23,44,36,8
479567,25,44,36,8
479567,40,44,36,8
479567,41,6,4,2
479567,42,6,4,2
479567,43,6,4,2
479567,45,6,4,2
479567,60,6,4,2
479576,1,51,48,3
479576,2,51,48,3
479576,3,51,48,3
479576,5,51,48,3
479576,20,51,48,3
479576,21,44,41,3
479576,22,44,41,3
479576,23,44,41,3
479576,25,44,41,3
479576,40,44,41,3
479576,41,7,7,0
479576,42,7,7,0
479576,43,7,7,0
479576,45,7,7,0
479576,60,7,7,0
479585,1,143,116,27
479585,2,143,116,27
479585,3,143,116,27
479585,4,49,40,9
479585,5,94,76,18
479585,19,2,2,0
479585,20,92,74,18
479585,21,117,96,21
479585,22,117,96,21
479585,23,117,96,21
479585,24,42,35,7
479585,25,75,61,14
479585,39,2,2,0
479585,40,73,59,14
479585,41,26,20,6
479585,42,26,20,6
479585,43,26,20,6
479585,44,7,5,2
479585,45,19,15,4
479585,60,19,15,4
479594,1,274,183,91
479594,2,274,183,91
479594,3,274,183,91
479594,4,51,36,15
479594,5,223,147,76
479594,19,6,2,4
479594,20,217,145,72
479594,21,220,156,64
479594,22,220,156,64
479594,23,220,156,64
479594,24,48,33,15
479594,25,172,123,49
479594,39,4,1,3
479594,40,168,122,46
479594,41,54,27,27
479594,42,54,27,27
479594,43,54,27,27
479594,44,3,3,0
479594,45,51,24,27
479594,59,2,1,1
479594,60,49,23,26
479600,1,191,164,27
479600,2,191,164,27
479600,3,191,164,27
479600,4,49,39,10
479600,5,142,125,17
479600,19,3,3,0
479600,20,139,122,17
479600,21,163,140,23
479600,22,163,140,23
479600,23,163,140,23
479600,24,42,32,10
479600,25,121,108,13
479600,39,3,3,0
479600,40,118,105,13
479600,41,28,24,4
479600,42,28,24,4
479600,43,28,24,4
479600,44,7,7,0
479600,45,21,17,4
479600,60,21,17,4
479619,1,72,42,30
479619,2,72,42,30
479619,3,72,42,30
479619,5,72,42,30
479619,19,2,1,1
479619,20,70,41,29
479619,21,54,38,16
479619,22,54,38,16
479619,23,54,38,16
479619,25,54,38,16
479619,39,1,1,0
479619,40,53,37,16
479619,41,18,4,14
479619,42,18,4,14
479619,43,18,4,14
479619,45,18,4,14
479619,59,1,0,1
479619,60,17,4,13
479628,1,337,250,87
479628,2,337,250,87
479628,3,337,250,87
479628,4,90,67,23
479628,5,247,183,64
479628,19,3,3,0
479628,20,244,180,64
479628,21,260,202,58
479628,22,260,202,58
479628,23,260,202,58
479628,24,77,58,19
479628,25,183,144,39
479628,39,3,3,0
479628,40,180,141,39
479628,41,77,48,29
479628,42,77,48,29
479628,43,77,48,29
479628,44,13,9,4
479628,45,64,39,25
479628,60,64,39,25
479637,1,155,115,40
479637,2,155,115,40
479637,3,155,115,40
479637,4,44,37,7
479637,5,111,78,33
479637,19,5,3,2
479637,20,106,75,31
479637,21,133,98,35
479637,22,133,98,35
479637,23,133,98,35
479637,24,41,34,7
479637,25,92,64,28
479637,39,3,2,1
479637,40,89,62,27
479637,41,22,17,5
479637,42,22,17,5
479637,43,22,17,5
479637,44,3,3,0
479637,45,19,14,5
479637,59,2,1,1
479637,60,17,13,4
479646,1,171,137,34
479646,2,171,137,34
479646,3,171,137,34
479646,4,47,36,11
479646,5,124,101,23
479646,19,4,2,2
479646,20,120,99,21
479646,21,123,107,16
479646,22,123,107,16
479646,23,123,107,16
479646,24,37,30,7
479646,25,86,77,9
479646,39,3,2,1
479646,40,83,75,8
479646,41,48,30,18
479646,42,48,30,18
479646,43,48,30,18
479646,44,10,6,4
479646,45,38,24,14
479646,59,1,0,1
479646,60,37,24,13
479655,1,202,132,70
479655,2,202,132,70
479655,3,202,132,70
479655,4,56,34,22
479655,5,146,98,48
479655,19,4,2,2
479655,20,142,96,46
479655,21,174,115,59
479655,22,174,115,59
479655,23,174,115,59
479655,24,49,31,18
479655,25,125,84,41
479655,39,4,2,2
479655,40,121,82,39
479655,41,28,17,11
479655,42,28,17,11
479655,43,28,17,11
479655,44,7,3,4
479655,45,21,14,7
479655,60,21,14,7
479664,1,61,56,5
479664,2,61,56,5
479664,3,61,56,5
479664,4,14,12,2
479664,5,47,44,3
479664,20,47,44,3
479664,21,46,42,4
479664,22,46,42,4
479664,23,46,42,4
479664,24,14,12,2
479664,25,32,30,2
479664,40,32,30,2
479664,41,15,14,1
479664,42,15,14,1
479664,43,15,14,1
479664,45,15,14,1
479664,60,15,14,1
479770,1,139,66,73
479770,2,128,62,66
479770,3,128,62,66
479770,4,6,2,4
479770,5,122,60,62
479770,12,11,4,7
479770,19,19,12,7
479770,20,103,48,55
479770,21,139,66,73
479770,22,128,62,66
479770,23,128,62,66
479770,24,6,2,4
479770,25,122,60,62
479770,32,11,4,7
479770,39,19,12,7
479770,40,103,48,55
479956,1,9631,4937,4694
479956,2,5389,2555,2834
479956,3,4881,2223,2658
479956,4,251,128,123
479956,5,4630,2095,2535
479956,11,508,332,176
479956,12,4242,2382,1860
479956,19,908,433,475
479956,20,3722,1662,2060
479956,21,1544,660,884
479956,22,1498,645,853
479956,23,1440,611,829
479956,24,88,33,55
479956,25,1352,578,774
479956,31,58,34,24
479956,32,46,15,31
479956,39,300,125,175
479956,40,1052,453,599
479956,41,8087,4277,3810
479956,42,3891,1910,1981
479956,43,3441,1612,1829
479956,44,163,95,68
479956,45,3278,1517,1761
479956,51,450,298,152
479956,52,4196,2367,1829
479956,59,608,308,300
479956,60,2670,1209,1461
479965,1,77,20,57
479965,2,77,20,57
479965,3,77,20,57
479965,4,25,1,24
479965,5,52,19,33
479965,20,52,19,33
479965,21,77,20,57
479965,22,77,20,57
479965,23,77,20,57
479965,24,25,1,24
479965,25,52,19,33
479965,40,52,19,33
479974,1,61,24,37
479974,2,61,24,37
479974,3,61,24,37
479974,4,20,5,15
479974,5,41,19,22
479974,20,41,19,22
479974,21,46,20,26
479974,22,46,20,26
479974,23,46,20,26
479974,24,11,4,7
479974,25,35,16,19
479974,40,35,16,19
479974,41,15,4,11
479974,42,15,4,11
479974,43,15,4,11
479974,44,9,1,8
479974,45,6,3,3
479974,60,6,3,3
479983,1,49,2,47
479983,2,49,2,47
479983,3,49,2,47
479983,4,5,0,5
479983,5,44,2,42
479983,20,44,2,42
479983,21,35,2,33
479983,22,35,2,33
479983,23,35,2,33
479983,24,5,0,5
479983,25,30,2,28
479983,40,30,2,28
479983,41,14,0,14
479983,42,14,0,14
479983,43,14,0,14
479983,45,14,0,14
479983,60,14,0,14
479992,1,14,12,2
479992,2,14,12,2
479992,3,14,12,2
479992,4,2,2,0
479992,5,12,10,2
479992,20,12,10,2
479992,21,3,2,1
479992,22,3,2,1
479992,23,3,2,1
479992,24,1,1,0
479992,25,2,1,1
479992,40,2,1,1
479992,41,11,10,1
479992,42,11,10,1
479992,43,11,10,1
479992,44,1,1,0
479992,45,10,9,1
479992,60,10,9,1
480000,1,56,49,7
480000,2,56,49,7
480000,3,56,49,7
480000,4,18,15,3
480000,5,38,34,4
480000,20,38,34,4
480000,21,44,39,5
480000,22,44,39,5
480000,23,44,39,5
480000,24,9,8,1
480000,25,35,31,4
480000,40,35,31,4
480000,41,12,10,2
480000,42,12,10,2
480000,43,12,10,2
480000,44,9,7,2
480000,45,3,3,0
480000,60,3,3,0
480019,1,241,229,12
480019,2,241,229,12
480019,3,241,229,12
480019,4,207,196,11
480019,5,34,33,1
480019,20,34,33,1
480019,21,212,203,9
480019,22,212,203,9
480019,23,212,203,9
480019,24,182,174,8
480019,25,30,29,1
480019,40,30,29,1
480019,41,29,26,3
480019,42,29,26,3
480019,43,29,26,3
480019,44,25,22,3
480019,45,4,4,0
480019,60,4,4,0
480028,1,38,31,7
480028,2,38,31,7
480028,3,38,31,7
480028,4,2,2,0
480028,5,36,29,7
480028,20,36,29,7
480028,21,38,31,7
480028,22,38,31,7
480028,23,38,31,7
480028,24,2,2,0
480028,25,36,29,7
480028,40,36,29,7
480037,1,496,451,45
480037,2,496,451,45
480037,3,496,451,45
480037,4,164,158,6
480037,5,332,293,39
480037,20,332,293,39
480037,21,496,451,45
480037,22,496,451,45
480037,23,496,451,45
480037,24,164,158,6
480037,25,332,293,39
480037,40,332,293,39
480064,1,396,72,324
480064,2,384,69,315
480064,3,379,66,313
480064,4,72,14,58
480064,5,307,52,255
480064,11,5,3,2
480064,12,12,3,9
480064,19,132,25,107
480064,20,175,27,148
480064,21,213,36,177
480064,22,203,34,169
480064,23,203,34,169
480064,24,36,5,31
480064,25,167,29,138
480064,32,10,2,8
480064,39,77,17,60
480064,40,90,12,78
480064,41,183,36,147
480064,42,181,35,146
480064,43,176,32,144
480064,44,36,9,27
480064,45,140,23,117
480064,51,5,3,2
480064,52,2,1,1
480064,59,55,8,47
480064,60,85,15,70
480073,1,156,66,90
480073,2,141,60,81
480073,3,141,60,81
480073,4,5,4,1
480073,5,136,56,80
480073,12,15,6,9
480073,19,43,15,28
480073,20,93,41,52
480073,21,55,23,32
480073,22,50,21,29
480073,23,50,21,29
480073,24,2,2,0
480073,25,48,19,29
480073,32,5,2,3
480073,39,13,4,9
480073,40,35,15,20
480073,41,101,43,58
480073,42,91,39,52
480073,43,91,39,52
480073,44,3,2,1
480073,45,88,37,51
480073,52,10,4,6
480073,59,30,11,19
480073,60,58,26,32
480082,1,254,48,206
480082,2,238,48,190
480082,3,238,48,190
480082,4,21,8,13
480082,5,217,40,177
480082,12,16,0,16
480082,19,117,16,101
480082,20,100,24,76
480082,21,107,20,87
480082,22,100,20,80
480082,23,100,20,80
480082,24,11,4,7
480082,25,89,16,73
480082,32,7,0,7
480082,39,50,4,46
480082,40,39,12,27
480082,41,147,28,119
480082,42,138,28,110
480082,43,138,28,110
480082,44,10,4,6
480082,45,128,24,104
480082,52,9,0,9
480082,59,67,12,55
480082,60,61,12,49
480091,1,2140,281,1859
480091,2,2140,281,1859
480091,3,2132,279,1853
480091,4,180,36,144
480091,5,1952,243,1709
480091,11,8,2,6
480091,19,591,81,510
480091,20,1361,162,1199
480091,21,1251,177,1074
480091,22,1251,177,1074
480091,23,1250,177,1073
480091,24,146,30,116
480091,25,1104,147,957
480091,31,1,0,1
480091,39,455,61,394
480091,40,649,86,563
480091,41,889,104,785
480091,42,889,104,785
480091,43,882,102,780
480091,44,34,6,28
480091,45,848,96,752
480091,51,7,2,5
480091,59,136,20,116
480091,60,712,76,636
480107,1,458,29,429
480107,2,458,29,429
480107,3,458,29,429
480107,4,158,12,146
480107,5,300,17,283
480107,20,300,17,283
480107,21,337,20,317
480107,22,337,20,317
480107,23,337,20,317
480107,24,119,9,110
480107,25,218,11,207
480107,40,218,11,207
480107,41,121,9,112
480107,42,121,9,112
480107,43,121,9,112
480107,44,39,3,36
480107,45,82,6,76
480107,60,82,6,76
480125,1,170,7,163
480125,2,170,7,163
480125,3,170,7,163
480125,4,78,1,77
480125,5,92,6,86
480125,20,92,6,86
480125,21,127,3,124
480125,22,127,3,124
480125,23,127,3,124
480125,24,60,0,60
480125,25,67,3,64
480125,40,67,3,64
480125,41,43,4,39
480125,42,43,4,39
480125,43,43,4,39
480125,44,18,1,17
480125,45,25,3,22
480125,60,25,3,22
480134,1,440,149,291
480134,2,372,119,253
480134,3,365,116,249
480134,5,365,116,249
480134,11,7,3,4
480134,12,68,30,38
480134,19,51,11,40
480134,20,314,105,209
480134,41,440,149,291
480134,42,372,119,253
480134,43,365,116,249
480134,45,365,116,249
480134,51,7,3,4
480134,52,68,30,38
480134,59,51,11,40
480134,60,314,105,209
480143,1,203,28,175
480143,2,203,28,175
480143,3,203,28,175
480143,4,27,3,24
480143,5,176,25,151
480143,19,32,3,29
480143,20,144,22,122
480143,21,203,28,175
480143,22,203,28,175
480143,23,203,28,175
480143,24,27,3,24
480143,25,176,25,151
480143,39,32,3,29
480143,40,144,22,122
480152,1,269,46,223
480152,2,269,46,223
480152,3,269,46,223
480152,4,138,27,111
480152,5,131,19,112
480152,20,131,19,112
480152,21,263,46,217
480152,22,263,46,217
480152,23,263,46,217
480152,24,138,27,111
480152,25,125,19,106
480152,40,125,19,106
480152,41,6,0,6
480152,42,6,0,6
480152,43,6,0,6
480152,45,6,0,6
480152,60,6,0,6
480161,1,9,1,8
480161,2,9,1,8
480161,3,9,1,8
480161,4,2,1,1
480161,5,7,0,7
480161,20,7,0,7
480161,21,7,1,6
480161,22,7,1,6
480161,23,7,1,6
480161,24,2,1,1
480161,25,5,0,5
480161,40,5,0,5
480161,41,2,0,2
480161,42,2,0,2
480161,43,2,0,2
480161,45,2,0,2
480161,60,2,0,2
480170,1,86,1,85
480170,2,86,1,85
480170,3,86,1,85
480170,4,20,0,20
480170,5,66,1,65
480170,20,66,1,65
480170,21,86,1,85
480170,22,86,1,85
480170,23,86,1,85
480170,24,20,0,20
480170,25,66,1,65
480170,40,66,1,65
480189,1,1032,356,676
480189,2,1032,356,676
480189,3,1032,356,676
480189,4,271,127,144
480189,5,761,229,532
480189,19,154,50,104
480189,20,607,179,428
480189,21,728,288,440
480189,22,728,288,440
480189,23,728,288,440
480189,24,239,122,117
480189,25,489,166,323
480189,39,101,27,74
480189,40,388,139,249
480189,41,304,68,236
480189,42,304,68,236
480189,43,304,68,236
480189,44,32,5,27
480189,45,272,63,209
480189,59,53,23,30
480189,60,219,40,179
480198,1,918,290,628
480198,2,857,268,589
480198,3,856,268,588
480198,4,17,5,12
480198,5,839,263,576
480198,11,1,0,1
480198,12,61,22,39
480198,19,8,2,6
480198,20,831,261,570
480198,21,918,290,628
480198,22,857,268,589
480198,23,856,268,588
480198,24,17,5,12
480198,25,839,263,576
480198,31,1,0,1
480198,32,61,22,39
480198,39,8,2,6
480198,40,831,261,570
480204,1,334,70,264
480204,2,334,70,264
480204,3,334,70,264
480204,4,55,14,41
480204,5,279,56,223
480204,19,26,4,22
480204,20,253,52,201
480204,21,334,70,264
480204,22,334,70,264
480204,23,334,70,264
480204,24,55,14,41
480204,25,279,56,223
480204,39,26,4,22
480204,40,253,52,201
480301,1,84,35,49
480301,12,84,35,49
480301,21,58,25,33
480301,32,58,25,33
480301,41,26,10,16
480301,52,26,10,16
480310,1,194,6,188
480310,2,194,6,188
480310,3,194,6,188
480310,4,78,1,77
480310,5,116,5,111
480310,20,116,5,111
480310,21,159,3,156
480310,22,159,3,156
480310,23,159,3,156
480310,24,66,0,66
480310,25,93,3,90
480310,40,93,3,90
480310,41,35,3,32
480310,42,35,3,32
480310,43,35,3,32
480310,44,12,1,11
480310,45,23,2,21
480310,60,23,2,21
480329,1,570,59,511
480329,2,570,59,511
480329,3,570,59,511
480329,4,106,9,97
480329,5,464,50,414
480329,20,464,50,414
480329,21,570,59,511
480329,22,570,59,511
480329,23,570,59,511
480329,24,106,9,97
480329,25,464,50,414
480329,40,464,50,414
480338,1,406,54,352
480338,2,406,54,352
480338,3,406,54,352
480338,4,61,7,54
480338,5,345,47,298
480338,20,345,47,298
480338,21,406,54,352
480338,22,406,54,352
480338,23,406,54,352
480338,24,61,7,54
480338,25,345,47,298
480338,40,345,47,298
480347,1,70,4,66
480347,2,70,4,66
480347,3,70,4,66
480347,4,19,1,18
480347,5,51,3,48
480347,20,51,3,48
480347,21,70,4,66
480347,22,70,4,66
480347,23,70,4,66
480347,24,19,1,18
480347,25,51,3,48
480347,40,51,3,48
480356,1,34,19,15
480356,2,34,19,15
480356,3,34,19,15
480356,4,16,13,3
480356,5,18,6,12
480356,20,18,6,12
480356,21,34,19,15
480356,22,34,19,15
480356,23,34,19,15
480356,24,16,13,3
480356,25,18,6,12
480356,40,18,6,12
480444,1,144,84,60
480444,2,19,11,8
480444,3,19,11,8
480444,4,1,1,0
480444,5,18,10,8
480444,12,125,73,52
480444,20,18,10,8
480444,41,144,84,60
480444,42,19,11,8
480444,43,19,11,8
480444,44,1,1,0
480444,45,18,10,8
480444,52,125,73,52
480444,60,18,10,8
480480,1,89,18,71
480480,2,89,18,71
480480,3,89,18,71
480480,4,7,2,5
480480,5,82,16,66
480480,19,26,7,19
480480,20,56,9,47
480480,21,83,16,67
480480,22,83,16,67
480480,23,83,16,67
480480,24,7,2,5
480480,25,76,14,62
480480,39,24,5,19
480480,40,52,9,43
480480,41,6,2,4
480480,42,6,2,4
480480,43,6,2,4
480480,45,6,2,4
480480,59,2,2,0
480480,60,4,0,4
480514,1,493,207,286
480514,2,493,207,286
480514,3,493,207,286
480514,4,53,20,33
480514,5,440,187,253
480514,20,440,187,253
480514,21,493,207,286
480514,22,493,207,286
480514,23,493,207,286
480514,24,53,20,33
480514,25,440,187,253
480514,40,440,187,253
480523,1,94,2,92
480523,2,94,2,92
480523,3,94,2,92
480523,4,21,0,21
480523,5,73,2,71
480523,20,73,2,71
480523,21,94,2,92
480523,22,94,2,92
480523,23,94,2,92
480523,24,21,0,21
480523,25,73,2,71
480523,40,73,2,71
480532,1,136,5,131
480532,2,136,5,131
480532,3,136,5,131
480532,4,46,2,44
480532,5,90,3,87
480532,20,90,3,87
480532,21,136,5,131
480532,22,136,5,131
480532,23,136,5,131
480532,24,46,2,44
480532,25,90,3,87
480532,40,90,3,87
480550,1,128,10,118
480550,2,128,10,118
480550,3,128,10,118
480550,4,53,5,48
480550,5,75,5,70
480550,20,75,5,70
480550,21,128,10,118
480550,22,128,10,118
480550,23,128,10,118
480550,24,53,5,48
480550,25,75,5,70
480550,40,75,5,70
480569,1,3466,1446,2020
480569,2,2308,824,1484
480569,3,2304,822,1482
480569,5,2304,822,1482
480569,11,4,2,2
480569,12,1158,622,536
480569,19,491,165,326
480569,20,1813,657,1156
480569,21,1365,466,899
480569,22,1359,461,898
480569,23,1359,461,898
480569,25,1359,461,898
480569,32,6,5,1
480569,39,320,112,208
480569,40,1039,349,690
480569,41,2101,980,1121
480569,42,949,363,586
480569,43,945,361,584
480569,45,945,361,584
480569,51,4,2,2
480569,52,1152,617,535
480569,59,171,53,118
480569,60,774,308,466
480657,1,135,31,104
480657,2,135,31,104
480657,3,135,31,104
480657,4,32,5,27
480657,5,103,26,77
480657,19,71,17,54
480657,20,32,9,23
480657,21,103,25,78
480657,22,103,25,78
480657,23,103,25,78
480657,24,19,3,16
480657,25,84,22,62
480657,39,60,16,44
480657,40,24,6,18
480657,41,32,6,26
480657,42,32,6,26
480657,43,32,6,26
480657,44,13,2,11
480657,45,19,4,15
480657,59,11,1,10
480657,60,8,3,5
480693,1,45,20,25
480693,2,45,20,25
480693,3,45,20,25
480693,4,26,15,11
480693,5,19,5,14
480693,20,19,5,14
480693,21,42,19,23
480693,22,42,19,23
480693,23,42,19,23
480693,24,24,14,10
480693,25,18,5,13
480693,40,18,5,13
480693,41,3,1,2
480693,42,3,1,2
480693,43,3,1,2
480693,44,2,1,1
480693,45,1,0,1
480693,60,1,0,1
480718,1,103,80,23
480718,2,103,80,23
480718,3,103,80,23
480718,4,46,35,11
480718,5,57,45,12
480718,20,57,45,12
480718,41,103,80,23
480718,42,103,80,23
480718,43,103,80,23
480718,44,46,35,11
480718,45,57,45,12
480718,60,57,45,12
480727,1,66,58,8
480727,2,66,58,8
480727,3,66,58,8
480727,4,47,41,6
480727,5,19,17,2
480727,20,19,17,2
480727,21,66,58,8
480727,22,66,58,8
480727,23,66,58,8
480727,24,47,41,6
480727,25,19,17,2
480727,40,19,17,2
480736,1,16,7,9
480736,2,16,7,9
480736,3,16,7,9
480736,4,12,6,6
480736,5,4,1,3
480736,20,4,1,3
480736,21,12,5,7
480736,22,12,5,7
480736,23,12,5,7
480736,24,9,4,5
480736,25,3,1,2
480736,40,3,1,2
480736,41,4,2,2
480736,42,4,2,2
480736,43,4,2,2
480736,44,3,2,1
480736,45,1,0,1
480736,60,1,0,1
480754,1,28,26,2
480754,2,28,26,2
480754,3,28,26,2
480754,4,12,11,1
480754,5,16,15,1
480754,19,4,4,0
480754,20,12,11,1
480754,21,18,17,1
480754,22,18,17,1
480754,23,18,17,1
480754,24,5,4,1
480754,25,13,13,0
480754,39,3,3,0
480754,40,10,10,0
480754,41,10,9,1
480754,42,10,9,1
480754,43,10,9,1
480754,44,7,7,0
480754,45,3,2,1
480754,59,1,1,0
480754,60,2,1,1
480781,1,317,228,89
480781,2,66,52,14
480781,3,66,52,14
480781,4,53,43,10
480781,5,13,9,4
480781,12,251,176,75
480781,19,1,1,0
480781,20,12,8,4
480781,21,308,223,85
480781,22,57,47,10
480781,23,57,47,10
480781,24,52,43,9
480781,25,5,4,1
480781,32,251,176,75
480781,40,5,4,1
480781,41,9,5,4
480781,42,9,5,4
480781,43,9,5,4
480781,44,1,0,1
480781,45,8,5,3
480781,59,1,1,0
480781,60,7,4,3
480790,1,624,349,275
480790,12,624,349,275
480790,21,624,349,275
480790,32,624,349,275
480815,1,468,84,384
480815,2,468,84,384
480815,3,468,84,384
480815,4,146,33,113
480815,5,322,51,271
480815,20,322,51,271
480815,21,370,72,298
480815,22,370,72,298
480815,23,370,72,298
480815,24,113,29,84
480815,25,257,43,214
480815,40,257,43,214
480815,41,98,12,86
480815,42,98,12,86
480815,43,98,12,86
480815,44,33,4,29
480815,45,65,8,57
480815,60,65,8,57
480824,1,134,31,103
480824,2,134,31,103
480824,3,134,31,103
480824,4,132,31,101
480824,5,2,0,2
480824,19,1,0,1
480824,20,1,0,1
480824,21,134,31,103
480824,22,134,31,103
480824,23,134,31,103
480824,24,132,31,101
480824,25,2,0,2
480824,39,1,0,1
480824,40,1,0,1
480833,1,208,37,171
480833,2,208,37,171
480833,3,208,37,171
480833,4,207,37,170
480833,5,1,0,1
480833,19,1,0,1
480833,21,208,37,171
480833,22,208,37,171
480833,23,208,37,171
480833,24,207,37,170
480833,25,1,0,1
480833,39,1,0,1
480842,1,23,3,20
480842,2,23,3,20
480842,3,23,3,20
480842,4,4,1,3
480842,5,19,2,17
480842,20,19,2,17
480842,21,21,3,18
480842,22,21,3,18
480842,23,21,3,18
480842,24,3,1,2
480842,25,18,2,16
480842,40,18,2,16
480842,41,2,0,2
480842,42,2,0,2
480842,43,2,0,2
480842,44,1,0,1
480842,45,1,0,1
480842,60,1,0,1
480879,1,26,6,20
480879,2,26,6,20
480879,3,26,6,20
480879,4,11,3,8
480879,5,15,3,12
480879,20,15,3,12
480879,21,26,6,20
480879,22,26,6,20
480879,23,26,6,20
480879,24,11,3,8
480879,25,15,3,12
480879,40,15,3,12
480888,1,217,93,124
480888,2,217,93,124
480888,3,217,93,124
480888,4,58,21,37
480888,5,159,72,87
480888,20,159,72,87
480888,21,217,93,124
480888,22,217,93,124
480888,23,217,93,124
480888,24,58,21,37
480888,25,159,72,87
480888,40,159,72,87
480897,1,131,90,41
480897,2,131,90,41
480897,3,131,90,41
480897,4,124,83,41
480897,5,7,7,0
480897,20,7,7,0
480897,21,131,90,41
480897,22,131,90,41
480897,23,131,90,41
480897,24,124,83,41
480897,25,7,7,0
480897,40,7,7,0
480903,1,259,246,13
480903,2,259,246,13
480903,3,259,246,13
480903,4,254,243,11
480903,5,5,3,2
480903,20,5,3,2
480903,21,236,225,11
480903,22,236,225,11
480903,23,236,225,11
480903,24,232,223,9
480903,25,4,2,2
480903,40,4,2,2
480903,41,23,21,2
480903,42,23,21,2
480903,43,23,21,2
480903,44,22,20,2
480903,45,1,1,0
480903,60,1,1,0
480912,1,10,4,6
480912,2,10,4,6
480912,3,10,4,6
480912,5,10,4,6
480912,20,10,4,6
480912,21,10,4,6
480912,22,10,4,6
480912,23,10,4,6
480912,25,10,4,6
480912,40,10,4,6
480930,1,121,8,113
480930,2,121,8,113
480930,3,121,8,113
480930,4,3,0,3
480930,5,118,8,110
480930,20,118,8,110
480930,21,113,8,105
480930,22,113,8,105
480930,23,113,8,105
480930,24,2,0,2
480930,25,111,8,103
480930,40,111,8,103
480930,41,8,0,8
480930,42,8,0,8
480930,43,8,0,8
480930,44,1,0,1
480930,45,7,0,7
480930,60,7,0,7
480967,1,191,76,115
480967,2,191,76,115
480967,3,182,72,110
480967,4,48,33,15
480967,5,134,39,95
480967,11,9,4,5
480967,19,25,8,17
480967,20,109,31,78
480967,21,103,38,65
480967,22,103,38,65
480967,23,103,38,65
480967,24,33,24,9
480967,25,70,14,56
480967,39,15,3,12
480967,40,55,11,44
480967,41,88,38,50
480967,42,88,38,50
480967,43,79,34,45
480967,44,15,9,6
480967,45,64,25,39
480967,51,9,4,5
480967,59,10,5,5
480967,60,54,20,34
480976,1,48,4,44
480976,2,48,4,44
480976,3,48,4,44
480976,4,10,0,10
480976,5,38,4,34
480976,20,38,4,34
480976,21,48,4,44
480976,22,48,4,44
480976,23,48,4,44
480976,24,10,0,10
480976,25,38,4,34
480976,40,38,4,34
480985,1,157,1,156
480985,2,151,1,150
480985,3,151,1,150
480985,4,11,0,11
480985,5,140,1,139
480985,12,6,0,6
480985,19,31,1,30
480985,20,109,0,109
480985,21,157,1,156
480985,22,151,1,150
480985,23,151,1,150
480985,24,11,0,11
480985,25,140,1,139
480985,32,6,0,6
480985,39,31,1,30
480985,40,109,0,109
480994,1,59,2,57
480994,2,59,2,57
480994,3,59,2,57
480994,4,16,0,16
480994,5,43,2,41
480994,20,43,2,41
480994,21,52,2,50
480994,22,52,2,50
480994,23,52,2,50
480994,24,13,0,13
480994,25,39,2,37
480994,40,39,2,37
480994,41,7,0,7
480994,42,7,0,7
480994,43,7,0,7
480994,44,3,0,3
480994,45,4,0,4
480994,60,4,0,4
481003,1,62,51,11
481003,2,62,51,11
481003,3,62,51,11
481003,4,60,50,10
481003,5,2,1,1
481003,20,2,1,1
481003,21,62,51,11
481003,22,62,51,11
481003,23,62,51,11
481003,24,60,50,10
481003,25,2,1,1
481003,40,2,1,1
481021,1,59,37,22
481021,2,59,37,22
481021,3,59,37,22
481021,4,49,31,18
481021,5,10,6,4
481021,20,10,6,4
481021,21,37,25,12
481021,22,37,25,12
481021,23,37,25,12
481021,24,29,20,9
481021,25,8,5,3
481021,40,8,5,3
481021,41,22,12,10
481021,42,22,12,10
481021,43,22,12,10
481021,44,20,11,9
481021,45,2,1,1
481021,60,2,1,1
481030,1,29,19,10
481030,12,29,19,10
481030,21,29,19,10
481030,32,29,19,10
481049,1,11,1,10
481049,2,11,1,10
481049,3,11,1,10
481049,4,4,0,4
481049,5,7,1,6
481049,20,7,1,6
481049,21,11,1,10
481049,22,11,1,10
481049,23,11,1,10
481049,24,4,0,4
481049,25,7,1,6
481049,40,7,1,6
481058,1,136,56,80
481058,2,109,47,62
481058,3,109,47,62
481058,4,76,32,44
481058,5,33,15,18
481058,12,27,9,18
481058,20,33,15,18
481058,21,101,43,58
481058,22,76,35,41
481058,23,76,35,41
481058,24,50,24,26
481058,25,26,11,15
481058,32,25,8,17
481058,40,26,11,15
481058,41,35,13,22
481058,42,33,12,21
481058,43,33,12,21
481058,44,26,8,18
481058,45,7,4,3
481058,52,2,1,1
481058,60,7,4,3
481067,1,31,21,10
481067,2,31,21,10
481067,3,31,21,10
481067,4,7,4,3
481067,5,24,17,7
481067,20,24,17,7
481067,21,22,17,5
481067,22,22,17,5
481067,23,22,17,5
481067,24,4,3,1
481067,25,18,14,4
481067,40,18,14,4
481067,41,9,4,5
481067,42,9,4,5
481067,43,9,4,5
481067,44,3,1,2
481067,45,6,3,3
481067,60,6,3,3
481076,1,9,4,5
481076,2,9,4,5
481076,3,9,4,5
481076,4,1,0,1
481076,5,8,4,4
481076,20,8,4,4
481076,41,9,4,5
481076,42,9,4,5
481076,43,9,4,5
481076,44,1,0,1
481076,45,8,4,4
481076,60,8,4,4
481085,1,233,27,206
481085,2,233,27,206
481085,3,233,27,206
481085,4,24,3,21
481085,5,209,24,185
481085,20,209,24,185
481085,21,191,21,170
481085,22,191,21,170
481085,23,191,21,170
481085,25,191,21,170
481085,40,191,21,170
481085,41,42,6,36
481085,42,42,6,36
481085,43,42,6,36
481085,44,24,3,21
481085,45,18,3,15
481085,60,18,3,15
481094,1,136,16,120
481094,12,136,16,120
481094,21,134,16,118
481094,32,134,16,118
481094,41,2,0,2
481094,52,2,0,2
481100,1,40,7,33
481100,2,40,7,33
481100,3,40,7,33
481100,4,38,7,31
481100,5,2,0,2
481100,20,2,0,2
481100,21,15,1,14
481100,22,15,1,14
481100,23,15,1,14
481100,24,14,1,13
481100,25,1,0,1
481100,40,1,0,1
481100,41,25,6,19
481100,42,25,6,19
481100,43,25,6,19
481100,44,24,6,18
481100,45,1,0,1
481100,60,1,0,1
481119,1,180,26,154
481119,2,180,26,154
481119,3,180,26,154
481119,4,87,14,73
481119,5,93,12,81
481119,20,93,12,81
481119,21,180,26,154
481119,22,180,26,154
481119,23,180,26,154
481119,24,87,14,73
481119,25,93,12,81
481119,40,93,12,81
481128,1,114,16,98
481128,2,114,16,98
481128,3,114,16,98
481128,4,88,7,81
481128,5,26,9,17
481128,20,26,9,17
481128,21,11,2,9
481128,22,11,2,9
481128,23,11,2,9
481128,24,5,1,4
481128,25,6,1,5
481128,40,6,1,5
481128,41,103,14,89
481128,42,103,14,89
481128,43,103,14,89
481128,44,83,6,77
481128,45,20,8,12
481128,60,20,8,12
481137,1,59,33,26
481137,2,59,33,26
481137,3,59,33,26
481137,4,23,15,8
481137,5,36,18,18
481137,20,36,18,18
481137,21,59,33,26
481137,22,59,33,26
481137,23,59,33,26
481137,24,23,15,8
481137,25,36,18,18
481137,40,36,18,18
481146,1,100,9,91
481146,2,100,9,91
481146,3,100,9,91
481146,4,32,3,29
481146,5,68,6,62
481146,20,68,6,62
481146,21,100,9,91
481146,22,100,9,91
481146,23,100,9,91
481146,24,32,3,29
481146,25,68,6,62
481146,40,68,6,62
481155,1,127,75,52
481155,2,127,75,52
481155,3,127,75,52
481155,4,111,65,46
481155,5,16,10,6
481155,20,16,10,6
481155,21,127,75,52
481155,22,127,75,52
481155,23,127,75,52
481155,24,111,65,46
481155,25,16,10,6
481155,40,16,10,6
481164,1,106,73,33
481164,2,106,73,33
481164,3,106,73,33
481164,4,106,73,33
481164,21,80,55,25
481164,22,80,55,25
481164,23,80,55,25
481164,24,80,55,25
481164,41,26,18,8
481164,42,26,18,8
481164,43,26,18,8
481164,44,26,18,8
481173,1,35,24,11
481173,2,35,24,11
481173,3,35,24,11
481173,4,23,17,6
481173,5,12,7,5
481173,20,12,7,5
481173,21,35,24,11
481173,22,35,24,11
481173,23,35,24,11
481173,24,23,17,6
481173,25,12,7,5
481173,40,12,7,5
481182,1,59,11,48
481182,2,59,11,48
481182,3,59,11,48
481182,5,59,11,48
481182,20,59,11,48
481182,21,59,11,48
481182,22,59,11,48
481182,23,59,11,48
481182,25,59,11,48
481182,40,59,11,48
481191,1,386,101,285
481191,2,386,101,285
481191,3,386,101,285
481191,4,353,74,279
481191,5,33,27,6
481191,20,33,27,6
481191,21,386,101,285
481191,22,386,101,285
481191,23,386,101,285
481191,24,353,74,279
481191,25,33,27,6
481191,40,33,27,6
481207,1,55,22,33
481207,2,55,22,33
481207,3,55,22,33
481207,4,28,16,12
481207,5,27,6,21
481207,20,27,6,21
481207,21,55,22,33
481207,22,55,22,33
481207,23,55,22,33
481207,24,28,16,12
481207,25,27,6,21
481207,40,27,6,21
481225,1,29,19,10
481225,2,29,19,10
481225,3,27,17,10
481225,4,7,3,4
481225,5,20,14,6
481225,11,2,2,0
481225,19,1,1,0
481225,20,19,13,6
481225,21,18,12,6
481225,22,18,12,6
481225,23,18,12,6
481225,24,2,1,1
481225,25,16,11,5
481225,39,1,1,0
481225,40,15,10,5
481225,41,11,7,4
481225,42,11,7,4
481225,43,9,5,4
481225,44,5,2,3
481225,45,4,3,1
481225,51,2,2,0
481225,60,4,3,1
481234,1,211,97,114
481234,2,211,97,114
481234,3,211,97,114
481234,4,93,43,50
481234,5,118,54,64
481234,20,118,54,64
481234,21,211,97,114
481234,22,211,97,114
481234,23,211,97,114
481234,24,93,43,50
481234,25,118,54,64
481234,40,118,54,64
481243,1,80,1,79
481243,2,80,1,79
481243,3,80,1,79
481243,4,6,0,6
481243,5,74,1,73
481243,20,74,1,73
481243,21,28,0,28
481243,22,28,0,28
481243,23,28,0,28
481243,24,3,0,3
481243,25,25,0,25
481243,40,25,0,25
481243,41,52,1,51
481243,42,52,1,51
481243,43,52,1,51
481243,44,3,0,3
481243,45,49,1,48
481243,60,49,1,48
481252,1,8,1,7
481252,2,8,1,7
481252,3,8,1,7
481252,4,1,1,0
481252,5,7,0,7
481252,19,7,0,7
481252,21,8,1,7
481252,22,8,1,7
481252,23,8,1,7
481252,24,1,1,0
481252,25,7,0,7
481252,39,7,0,7
481261,1,17,0,17
481261,2,17,0,17
481261,3,17,0,17
481261,4,11,0,11
481261,5,6,0,6
481261,20,6,0,6
481261,21,15,0,15
481261,22,15,0,15
481261,23,15,0,15
481261,24,9,0,9
481261,25,6,0,6
481261,40,6,0,6
481261,41,2,0,2
481261,42,2,0,2
481261,43,2,0,2
481261,44,2,0,2
481270,1,13,2,11
481270,2,13,2,11
481270,3,13,2,11
481270,4,7,0,7
481270,5,6,2,4
481270,20,6,2,4
481270,21,11,1,10
481270,22,11,1,10
481270,23,11,1,10
481270,24,7,0,7
481270,25,4,1,3
481270,40,4,1,3
481270,41,2,1,1
481270,42,2,1,1
481270,43,2,1,1
481270,45,2,1,1
481270,60,2,1,1
481289,1,52,8,44
481289,2,52,8,44
481289,3,52,8,44
481289,4,6,2,4
481289,5,46,6,40
481289,20,46,6,40
481289,21,52,8,44
481289,22,52,8,44
481289,23,52,8,44
481289,24,6,2,4
481289,25,46,6,40
481289,40,46,6,40
481298,1,57,0,57
481298,2,57,0,57
481298,3,57,0,57
481298,4,37,0,37
481298,5,20,0,20
481298,20,20,0,20
481298,21,57,0,57
481298,22,57,0,57
481298,23,57,0,57
481298,24,37,0,37
481298,25,20,0,20
481298,40,20,0,20
481304,1,97,3,94
481304,2,97,3,94
481304,3,97,3,94
481304,4,17,0,17
481304,5,80,3,77
481304,20,80,3,77
481304,21,65,1,64
481304,22,65,1,64
481304,23,65,1,64
481304,24,12,0,12
481304,25,53,1,52
481304,40,53,1,52
481304,41,32,2,30
481304,42,32,2,30
481304,43,32,2,30
481304,44,5,0,5
481304,45,27,2,25
481304,60,27,2,25
481313,1,34,4,30
481313,2,34,4,30
481313,3,34,4,30
481313,4,29,4,25
481313,5,5,0,5
481313,20,5,0,5
481313,21,33,4,29
481313,22,33,4,29
481313,23,33,4,29
481313,24,28,4,24
481313,25,5,0,5
481313,40,5,0,5
481313,41,1,0,1
481313,42,1,0,1
481313,43,1,0,1
481313,44,1,0,1
481322,1,35,2,33
481322,2,35,2,33
481322,3,35,2,33
481322,4,4,0,4
481322,5,31,2,29
481322,20,31,2,29
481322,21,8,1,7
481322,22,8,1,7
481322,23,8,1,7
481322,24,2,0,2
481322,25,6,1,5
481322,40,6,1,5
481322,41,27,1,26
481322,42,27,1,26
481322,43,27,1,26
481322,44,2,0,2
481322,45,25,1,24
481322,60,25,1,24
481331,1,56,48,8
481331,2,56,48,8
481331,3,56,48,8
481331,4,23,21,2
481331,5,33,27,6
481331,20,33,27,6
481331,21,48,41,7
481331,22,48,41,7
481331,23,48,41,7
481331,24,21,19,2
481331,25,27,22,5
481331,40,27,22,5
481331,41,8,7,1
481331,42,8,7,1
481331,43,8,7,1
481331,44,2,2,0
481331,45,6,5,1
481331,60,6,5,1
481340,1,69,1,68
481340,2,69,1,68
481340,3,69,1,68
481340,4,62,1,61
481340,5,7,0,7
481340,20,7,0,7
481340,21,69,1,68
481340,22,69,1,68
481340,23,69,1,68
481340,24,62,1,61
481340,25,7,0,7
481340,40,7,0,7
481359,1,45,2,43
481359,2,45,2,43
481359,3,45,2,43
481359,4,36,2,34
481359,5,9,0,9
481359,20,9,0,9
481359,21,39,2,37
481359,22,39,2,37
481359,23,39,2,37
481359,24,32,2,30
481359,25,7,0,7
481359,40,7,0,7
481359,41,6,0,6
481359,42,6,0,6
481359,43,6,0,6
481359,44,4,0,4
481359,45,2,0,2
481359,60,2,0,2
481368,1,17,1,16
481368,2,17,1,16
481368,3,17,1,16
481368,4,11,1,10
481368,5,6,0,6
481368,20,6,0,6
481368,21,17,1,16
481368,22,17,1,16
481368,23,17,1,16
481368,24,11,1,10
481368,25,6,0,6
481368,40,6,0,6
481377,1,25,21,4
481377,2,25,21,4
481377,3,25,21,4
481377,4,12,9,3
481377,5,13,12,1
481377,20,13,12,1
481377,21,25,21,4
481377,22,25,21,4
481377,23,25,21,4
481377,24,12,9,3
481377,25,13,12,1
481377,40,13,12,1
481386,1,45,5,40
481386,2,45,5,40
481386,3,45,5,40
481386,4,27,5,22
481386,5,18,0,18
481386,20,18,0,18
481386,21,14,2,12
481386,22,14,2,12
481386,23,14,2,12
481386,24,9,2,7
481386,25,5,0,5
481386,40,5,0,5
481386,41,31,3,28
481386,42,31,3,28
481386,43,31,3,28
481386,44,18,3,15
481386,45,13,0,13
481386,60,13,0,13
481395,1,30,0,30
481395,2,30,0,30
481395,3,30,0,30
481395,4,11,0,11
481395,5,19,0,19
481395,20,19,0,19
481395,21,27,0,27
481395,22,27,0,27
481395,23,27,0,27
481395,24,10,0,10
481395,25,17,0,17
481395,40,17,0,17
481395,41,3,0,3
481395,42,3,0,3
481395,43,3,0,3
481395,44,1,0,1
481395,45,2,0,2
481395,60,2,0,2
481401,1,114,86,28
481401,2,16,13,3
481401,3,16,13,3
481401,4,2,1,1
481401,5,14,12,2
481401,12,98,73,25
481401,19,2,2,0
481401,20,12,10,2
481401,21,20,15,5
481401,22,2,1,1
481401,23,2,1,1
481401,25,2,1,1
481401,32,18,14,4
481401,39,1,1,0
481401,40,1,0,1
481401,41,94,71,23
481401,42,14,12,2
481401,43,14,12,2
481401,44,2,1,1
481401,45,12,11,1
481401,52,80,59,21
481401,59,1,1,0
481401,60,11,10,1
481410,1,70,70,0
481410,2,70,70,0
481410,3,70,70,0
481410,4,12,12,0
481410,5,58,58,0
481410,19,9,9,0
481410,20,49,49,0
481410,21,70,70,0
481410,22,70,70,0
481410,23,70,70,0
481410,24,12,12,0
481410,25,58,58,0
481410,39,9,9,0
481410,40,49,49,0
481429,1,165,21,144
481429,2,165,21,144
481429,3,165,21,144
481429,4,86,11,75
481429,5,79,10,69
481429,20,79,10,69
481429,21,165,21,144
481429,22,165,21,144
481429,23,165,21,144
481429,24,86,11,75
481429,25,79,10,69
481429,40,79,10,69
481438,1,64,64,0
481438,2,64,64,0
481438,3,64,64,0
481438,4,23,23,0
481438,5,41,41,0
481438,20,41,41,0
481438,21,64,64,0
481438,22,64,64,0
481438,23,64,64,0
481438,24,23,23,0
481438,25,41,41,0
481438,40,41,41,0
481447,1,53,7,46
481447,2,53,7,46
481447,3,53,7,46
481447,4,29,5,24
481447,5,24,2,22
481447,20,24,2,22
481447,21,27,5,22
481447,22,27,5,22
481447,23,27,5,22
481447,24,15,5,10
481447,25,12,0,12
481447,40,12,0,12
481447,41,26,2,24
481447,42,26,2,24
481447,43,26,2,24
481447,44,14,0,14
481447,45,12,2,10
481447,60,12,2,10
481456,1,28,3,25
481456,2,28,3,25
481456,3,28,3,25
481456,4,22,3,19
481456,5,6,0,6
481456,20,6,0,6
481456,21,11,1,10
481456,22,11,1,10
481456,23,11,1,10
481456,24,10,1,9
481456,25,1,0,1
481456,40,1,0,1
481456,41,17,2,15
481456,42,17,2,15
481456,43,17,2,15
481456,44,12,2,10
481456,45,5,0,5
481456,60,5,0,5
481465,1,31,2,29
481465,2,31,2,29
481465,3,31,2,29
481465,4,4,1,3
481465,5,27,1,26
481465,20,27,1,26
481465,21,23,2,21
481465,22,23,2,21
481465,23,23,2,21
481465,24,3,1,2
481465,25,20,1,19
481465,40,20,1,19
481465,41,8,0,8
481465,42,8,0,8
481465,43,8,0,8
481465,44,1,0,1
481465,45,7,0,7
481465,60,7,0,7
481474,1,36,0,36
481474,2,36,0,36
481474,3,36,0,36
481474,4,4,0,4
481474,5,32,0,32
481474,20,32,0,32
481474,21,23,0,23
481474,22,23,0,23
481474,23,23,0,23
481474,24,3,0,3
481474,25,20,0,20
481474,40,20,0,20
481474,41,13,0,13
481474,42,13,0,13
481474,43,13,0,13
481474,44,1,0,1
481474,45,12,0,12
481474,60,12,0,12
481483,1,200,3,197
481483,2,200,3,197
481483,3,200,3,197
481483,4,170,3,167
481483,5,30,0,30
481483,20,30,0,30
481483,21,152,2,150
481483,22,152,2,150
481483,23,152,2,150
481483,24,129,2,127
481483,25,23,0,23
481483,40,23,0,23
481483,41,48,1,47
481483,42,48,1,47
481483,43,48,1,47
481483,44,41,1,40
481483,45,7,0,7
481483,60,7,0,7
481492,1,22,2,20
481492,2,22,2,20
481492,3,22,2,20
481492,4,13,1,12
481492,5,9,1,8
481492,20,9,1,8
481492,21,22,2,20
481492,22,22,2,20
481492,23,22,2,20
481492,24,13,1,12
481492,25,9,1,8
481492,40,9,1,8
481508,1,131,6,125
481508,2,131,6,125
481508,3,131,6,125
481508,4,43,0,43
481508,5,88,6,82
481508,20,88,6,82
481508,21,127,6,121
481508,22,127,6,121
481508,23,127,6,121
481508,24,43,0,43
481508,25,84,6,78
481508,40,84,6,78
481508,41,4,0,4
481508,42,4,0,4
481508,43,4,0,4
481508,45,4,0,4
481508,60,4,0,4
481517,1,49,2,47
481517,2,49,2,47
481517,3,49,2,47
481517,4,16,0,16
481517,5,33,2,31
481517,20,33,2,31
481517,21,49,2,47
481517,22,49,2,47
481517,23,49,2,47
481517,24,16,0,16
481517,25,33,2,31
481517,40,33,2,31
481526,1,96,1,95
481526,2,96,1,95
481526,3,96,1,95
481526,4,5,0,5
481526,5,91,1,90
481526,20,91,1,90
481526,21,51,0,51
481526,22,51,0,51
481526,23,51,0,51
481526,24,3,0,3
481526,25,48,0,48
481526,40,48,0,48
481526,41,45,1,44
481526,42,45,1,44
481526,43,45,1,44
481526,44,2,0,2
481526,45,43,1,42
481526,60,43,1,42
481535,1,32,14,18
481535,12,32,14,18
481535,21,32,14,18
481535,32,32,14,18
481544,1,75,41,34
481544,2,75,41,34
481544,3,75,41,34
481544,4,38,22,16
481544,5,37,19,18
481544,20,37,19,18
481544,41,75,41,34
481544,42,75,41,34
481544,43,75,41,34
481544,44,38,22,16
481544,45,37,19,18
481544,60,37,19,18
481553,1,96,46,50
481553,2,96,46,50
481553,3,96,46,50
481553,4,26,15,11
481553,5,70,31,39
481553,20,70,31,39
481553,21,64,30,34
481553,22,64,30,34
481553,23,64,30,34
481553,24,19,11,8
481553,25,45,19,26
481553,40,45,19,26
481553,41,32,16,16
481553,42,32,16,16
481553,43,32,16,16
481553,44,7,4,3
481553,45,25,12,13
481553,60,25,12,13
481562,1,54,3,51
481562,2,54,3,51
481562,3,54,3,51
481562,4,19,1,18
481562,5,35,2,33
481562,20,35,2,33
481562,21,52,3,49
481562,22,52,3,49
481562,23,52,3,49
481562,24,18,1,17
481562,25,34,2,32
481562,40,34,2,32
481562,41,2,0,2
481562,42,2,0,2
481562,43,2,0,2
481562,44,1,0,1
481562,45,1,0,1
481562,60,1,0,1
481571,1,6,1,5
481571,2,6,1,5
481571,3,6,1,5
481571,4,5,1,4
481571,5,1,0,1
481571,20,1,0,1
481571,21,5,1,4
481571,22,5,1,4
481571,23,5,1,4
481571,24,4,1,3
481571,25,1,0,1
481571,40,1,0,1
481571,41,1,0,1
481571,42,1,0,1
481571,43,1,0,1
481571,44,1,0,1
481580,1,94,33,61
481580,2,71,25,46
481580,3,71,25,46
481580,4,26,7,19
481580,5,45,18,27
481580,12,23,8,15
481580,19,17,7,10
481580,20,28,11,17
481580,21,9,2,7
481580,22,5,1,4
481580,23,5,1,4
481580,24,1,0,1
481580,25,4,1,3
481580,32,4,1,3
481580,40,4,1,3
481580,41,85,31,54
481580,42,66,24,42
481580,43,66,24,42
481580,44,25,7,18
481580,45,41,17,24
481580,52,19,7,12
481580,59,17,7,10
481580,60,24,10,14
481599,1,156,14,142
481599,2,156,14,142
481599,3,156,14,142
481599,4,97,8,89
481599,5,59,6,53
481599,20,59,6,53
481599,21,156,14,142
481599,22,156,14,142
481599,23,156,14,142
481599,24,97,8,89
481599,25,59,6,53
481599,40,59,6,53
481614,1,165,129,36
481614,2,165,129,36
481614,3,165,129,36
481614,4,50,38,12
481614,5,115,91,24
481614,19,5,4,1
481614,20,110,87,23
481614,21,150,117,33
481614,22,150,117,33
481614,23,150,117,33
481614,24,47,36,11
481614,25,103,81,22
481614,39,5,4,1
481614,40,98,77,21
481614,41,15,12,3
481614,42,15,12,3
481614,43,15,12,3
481614,44,3,2,1
481614,45,12,10,2
481614,60,12,10,2
481623,1,170,146,24
481623,2,170,146,24
481623,3,170,146,24
481623,4,52,46,6
481623,5,118,100,18
481623,19,4,4,0
481623,20,114,96,18
481623,21,158,135,23
481623,22,158,135,23
481623,23,158,135,23
481623,24,49,44,5
481623,25,109,91,18
481623,39,4,4,0
481623,40,105,87,18
481623,41,12,11,1
481623,42,12,11,1
481623,43,12,11,1
481623,44,3,2,1
481623,45,9,9,0
481623,60,9,9,0
481632,1,376,32,344
481632,2,376,32,344
481632,3,376,32,344
481632,4,119,10,109
481632,5,257,22,235
481632,20,257,22,235
481632,21,376,32,344
481632,22,376,32,344
481632,23,376,32,344
481632,24,119,10,109
481632,25,257,22,235
481632,40,257,22,235
481669,1,125,118,7
481669,2,125,118,7
481669,3,125,118,7
481669,4,48,46,2
481669,5,77,72,5
481669,20,77,72,5
481669,21,125,118,7
481669,22,125,118,7
481669,23,125,118,7
481669,24,48,46,2
481669,25,77,72,5
481669,40,77,72,5
481678,1,79,3,76
481678,2,79,3,76
481678,3,79,3,76
481678,4,23,0,23
481678,5,56,3,53
481678,20,56,3,53
481678,21,79,3,76
481678,22,79,3,76
481678,23,79,3,76
481678,24,23,0,23
481678,25,56,3,53
481678,40,56,3,53
481720,1,249,60,189
481720,2,203,51,152
481720,3,203,51,152
481720,4,33,13,20
481720,5,170,38,132
481720,12,46,9,37
481720,19,108,20,88
481720,20,62,18,44
481720,21,85,26,59
481720,22,66,21,45
481720,23,66,21,45
481720,24,16,7,9
481720,25,50,14,36
481720,32,19,5,14
481720,39,24,5,19
481720,40,26,9,17
481720,41,164,34,130
481720,42,137,30,107
481720,43,137,30,107
481720,44,17,6,11
481720,45,120,24,96
481720,52,27,4,23
481720,59,84,15,69
481720,60,36,9,27
481739,1,68,1,67
481739,2,68,1,67
481739,3,68,1,67
481739,4,23,0,23
481739,5,45,1,44
481739,20,45,1,44
481739,21,68,1,67
481739,22,68,1,67
481739,23,68,1,67
481739,24,23,0,23
481739,25,45,1,44
481739,40,45,1,44
481748,1,196,9,187
481748,2,196,9,187
481748,3,196,9,187
481748,4,66,4,62
481748,5,130,5,125
481748,20,130,5,125
481748,21,169,9,160
481748,22,169,9,160
481748,23,169,9,160
481748,24,59,4,55
481748,25,110,5,105
481748,40,110,5,105
481748,41,27,0,27
481748,42,27,0,27
481748,43,27,0,27
481748,44,7,0,7
481748,45,20,0,20
481748,60,20,0,20
481766,1,161,5,156
481766,2,161,5,156
481766,3,161,5,156
481766,4,45,2,43
481766,5,116,3,113
481766,20,116,3,113
481766,21,52,2,50
481766,22,52,2,50
481766,23,52,2,50
481766,24,23,1,22
481766,25,29,1,28
481766,40,29,1,28
481766,41,109,3,106
481766,42,109,3,106
481766,43,109,3,106
481766,44,22,1,21
481766,45,87,2,85
481766,60,87,2,85
481775,1,167,33,134
481775,2,167,33,134
481775,3,167,33,134
481775,4,22,1,21
481775,5,145,32,113
481775,19,27,5,22
481775,20,118,27,91
481775,21,167,33,134
481775,22,167,33,134
481775,23,167,33,134
481775,24,22,1,21
481775,25,145,32,113
481775,39,27,5,22
481775,40,118,27,91
481784,1,9,0,9
481784,2,9,0,9
481784,3,9,0,9
481784,5,9,0,9
481784,20,9,0,9
481784,21,9,0,9
481784,22,9,0,9
481784,23,9,0,9
481784,25,9,0,9
481784,40,9,0,9
481827,1,54,30,24
481827,2,54,30,24
481827,3,54,30,24
481827,4,28,25,3
481827,5,26,5,21
481827,20,26,5,21
481827,21,24,4,20
481827,22,24,4,20
481827,23,24,4,20
481827,24,3,1,2
481827,25,21,3,18
481827,40,21,3,18
481827,41,30,26,4
481827,42,30,26,4
481827,43,30,26,4
481827,44,25,24,1
481827,45,5,2,3
481827,60,5,2,3
481845,1,133,7,126
481845,2,133,7,126
481845,3,133,7,126
481845,4,50,0,50
481845,5,83,7,76
481845,20,83,7,76
481845,21,107,6,101
481845,22,107,6,101
481845,23,107,6,101
481845,24,39,0,39
481845,25,68,6,62
481845,40,68,6,62
481845,41,26,1,25
481845,42,26,1,25
481845,43,26,1,25
481845,44,11,0,11
481845,45,15,1,14
481845,60,15,1,14
481854,1,401,53,348
481854,2,401,53,348
481854,3,401,53,348
481854,4,56,10,46
481854,5,345,43,302
481854,20,345,43,302
481854,21,401,53,348
481854,22,401,53,348
481854,23,401,53,348
481854,24,56,10,46
481854,25,345,43,302
481854,40,345,43,302
481863,1,115,2,113
481863,2,115,2,113
481863,3,115,2,113
481863,4,28,0,28
481863,5,87,2,85
481863,20,87,2,85
481863,21,115,2,113
481863,22,115,2,113
481863,23,115,2,113
481863,24,28,0,28
481863,25,87,2,85
481863,40,87,2,85
481890,1,25,2,23
481890,2,25,2,23
481890,3,25,2,23
481890,4,6,0,6
481890,5,19,2,17
481890,20,19,2,17
481890,21,25,2,23
481890,22,25,2,23
481890,23,25,2,23
481890,24,6,0,6
481890,25,19,2,17
481890,40,19,2,17
481906,1,66,7,59
481906,2,66,7,59
481906,3,66,7,59
481906,4,40,6,34
481906,5,26,1,25
481906,20,26,1,25
481906,21,66,7,59
481906,22,66,7,59
481906,23,66,7,59
481906,24,40,6,34
481906,25,26,1,25
481906,40,26,1,25
481915,1,73,33,40
481915,2,73,33,40
481915,3,73,33,40
481915,4,22,7,15
481915,5,51,26,25
481915,19,23,11,12
481915,20,28,15,13
481915,21,73,33,40
481915,22,73,33,40
481915,23,73,33,40
481915,24,22,7,15
481915,25,51,26,25
481915,39,23,11,12
481915,40,28,15,13
481942,1,350,84,266
481942,2,350,84,266
481942,3,350,84,266
481942,4,113,29,84
481942,5,237,55,182
481942,20,237,55,182
481942,21,208,52,156
481942,22,208,52,156
481942,23,208,52,156
481942,24,68,17,51
481942,25,140,35,105
481942,40,140,35,105
481942,41,142,32,110
481942,42,142,32,110
481942,43,142,32,110
481942,44,45,12,33
481942,45,97,20,77
481942,60,97,20,77
481960,1,118,22,96
481960,2,118,22,96
481960,3,7,3,4
481960,4,7,3,4
481960,11,111,19,92
481960,21,118,22,96
481960,22,118,22,96
481960,23,7,3,4
481960,24,7,3,4
481960,31,111,19,92
481988,1,402,331,71
481988,2,402,331,71
481988,3,402,331,71
481988,4,53,43,10
481988,5,349,288,61
481988,19,76,64,12
481988,20,273,224,49
481988,21,402,331,71
481988,22,402,331,71
481988,23,402,331,71
481988,24,53,43,10
481988,25,349,288,61
481988,39,76,64,12
481988,40,273,224,49
482015,1,279,94,185
482015,2,279,94,185
482015,3,279,94,185
482015,4,276,93,183
482015,5,3,1,2
482015,20,3,1,2
482015,21,279,94,185
482015,22,279,94,185
482015,23,279,94,185
482015,24,276,93,183
482015,25,3,1,2
482015,40,3,1,2
482024,1,54,16,38
482024,2,54,16,38
482024,3,50,16,34
482024,4,10,1,9
482024,5,40,15,25
482024,11,4,0,4
482024,20,40,15,25
482024,21,54,16,38
482024,22,54,16,38
482024,23,50,16,34
482024,24,10,1,9
482024,25,40,15,25
482024,31,4,0,4
482024,40,40,15,25
482033,1,112,3,109
482033,2,112,3,109
482033,3,112,3,109
482033,4,111,3,108
482033,5,1,0,1
482033,20,1,0,1
482033,21,112,3,109
482033,22,112,3,109
482033,23,112,3,109
482033,24,111,3,108
482033,25,1,0,1
482033,40,1,0,1
482060,1,148,7,141
482060,2,148,7,141
482060,3,148,7,141
482060,4,75,5,70
482060,5,73,2,71
482060,20,73,2,71
482060,21,148,7,141
482060,22,148,7,141
482060,23,148,7,141
482060,24,75,5,70
482060,25,73,2,71
482060,40,73,2,71
482097,1,228,137,91
482097,2,228,137,91
482097,3,228,137,91
482097,4,227,136,91
482097,5,1,1,0
482097,20,1,1,0
482097,21,228,137,91
482097,22,228,137,91
482097,23,228,137,91
482097,24,227,136,91
482097,25,1,1,0
482097,40,1,1,0
482103,1,57,13,44
482103,2,57,13,44
482103,3,57,13,44
482103,4,13,5,8
482103,5,44,8,36
482103,20,44,8,36
482103,41,57,13,44
482103,42,57,13,44
482103,43,57,13,44
482103,44,13,5,8
482103,45,44,8,36
482103,60,44,8,36
482149,1,8468,3120,5348
482149,2,5654,2023,3631
482149,3,5456,1945,3511
482149,4,744,291,453
482149,5,4712,1654,3058
482149,11,198,78,120
482149,12,2814,1097,1717
482149,19,591,168,423
482149,20,4121,1486,2635
482149,21,6628,2466,4162
482149,22,4333,1506,2827
482149,23,4302,1493,2809
482149,24,726,284,442
482149,25,3576,1209,2367
482149,31,31,13,18
482149,32,2295,960,1335
482149,39,508,147,361
482149,40,3068,1062,2006
482149,41,1840,654,1186
482149,42,1321,517,804
482149,43,1154,452,702
482149,44,18,7,11
482149,45,1136,445,691
482149,51,167,65,102
482149,52,519,137,382
482149,59,83,21,62
482149,60,1053,424,629
482158,1,7989,3251,4738
482158,2,7989,3251,4738
482158,3,7164,2897,4267
482158,4,1141,506,635
482158,5,6023,2391,3632
482158,11,825,354,471
482158,19,732,294,438
482158,20,5291,2097,3194
482158,21,4960,2161,2799
482158,22,4960,2161,2799
482158,23,4515,1960,2555
482158,24,1008,442,566
482158,25,3507,1518,1989
482158,31,445,201,244
482158,39,462,208,254
482158,40,3045,1310,1735
482158,41,3029,1090,1939
482158,42,3029,1090,1939
482158,43,2649,937,1712
482158,44,133,64,69
482158,45,2516,873,1643
482158,51,380,153,227
482158,59,270,86,184
482158,60,2246,787,1459
482167,1,34,0,34
482167,2,34,0,34
482167,3,34,0,34
482167,4,17,0,17
482167,5,17,0,17
482167,20,17,0,17
482167,21,12,0,12
482167,22,12,0,12
482167,23,12,0,12
482167,24,11,0,11
482167,25,1,0,1
482167,40,1,0,1
482167,41,22,0,22
482167,42,22,0,22
482167,43,22,0,22
482167,44,6,0,6
482167,45,16,0,16
482167,60,16,0,16
482176,1,111,10,101
482176,2,111,10,101
482176,3,111,10,101
482176,4,30,2,28
482176,5,81,8,73
482176,20,81,8,73
482176,21,94,9,85
482176,22,94,9,85
482176,23,94,9,85
482176,24,26,2,24
482176,25,68,7,61
482176,40,68,7,61
482176,41,17,1,16
482176,42,17,1,16
482176,43,17,1,16
482176,44,4,0,4
482176,45,13,1,12
482176,60,13,1,12
482185,1,43,32,11
482185,2,43,32,11
482185,3,43,32,11
482185,4,23,19,4
482185,5,20,13,7
482185,20,20,13,7
482185,21,43,32,11
482185,22,43,32,11
482185,23,43,32,11
482185,24,23,19,4
482185,25,20,13,7
482185,40,20,13,7
482194,1,85,5,80
482194,2,85,5,80
482194,3,85,5,80
482194,4,37,0,37
482194,5,48,5,43
482194,20,48,5,43
482194,21,74,5,69
482194,22,74,5,69
482194,23,74,5,69
482194,24,30,0,30
482194,25,44,5,39
482194,40,44,5,39
482194,41,11,0,11
482194,42,11,0,11
482194,43,11,0,11
482194,44,7,0,7
482194,45,4,0,4
482194,60,4,0,4
482200,1,20,0,20
482200,2,20,0,20
482200,3,20,0,20
482200,4,10,0,10
482200,5,10,0,10
482200,20,10,0,10
482200,21,20,0,20
482200,22,20,0,20
482200,23,20,0,20
482200,24,10,0,10
482200,25,10,0,10
482200,40,10,0,10
482228,1,108,68,40
482228,2,91,56,35
482228,3,66,38,28
482228,4,18,9,9
482228,5,48,29,19
482228,11,25,18,7
482228,12,17,12,5
482228,20,48,29,19
482228,21,28,14,14
482228,22,24,10,14
482228,23,24,10,14
482228,24,7,3,4
482228,25,17,7,10
482228,32,4,4,0
482228,40,17,7,10
482228,41,80,54,26
482228,42,67,46,21
482228,43,42,28,14
482228,44,11,6,5
482228,45,31,22,9
482228,51,25,18,7
482228,52,13,8,5
482228,60,31,22,9
482246,1,25,22,3
482246,2,25,22,3
482246,3,25,22,3
482246,4,23,20,3
482246,5,2,2,0
482246,20,2,2,0
482246,21,25,22,3
482246,22,25,22,3
482246,23,25,22,3
482246,24,23,20,3
482246,25,2,2,0
482246,40,2,2,0
482255,1,42,39,3
482255,2,42,39,3
482255,3,42,39,3
482255,4,21,20,1
482255,5,21,19,2
482255,20,21,19,2
482255,21,40,37,3
482255,22,40,37,3
482255,23,40,37,3
482255,24,21,20,1
482255,25,19,17,2
482255,40,19,17,2
482255,41,2,2,0
482255,42,2,2,0
482255,43,2,2,0
482255,45,2,2,0
482255,60,2,2,0
482264,1,323,118,205
482264,2,323,118,205
482264,3,323,118,205
482264,4,23,11,12
482264,5,300,107,193
482264,20,300,107,193
482264,21,5,2,3
482264,22,5,2,3
482264,23,5,2,3
482264,24,2,1,1
482264,25,3,1,2
482264,40,3,1,2
482264,41,318,116,202
482264,42,318,116,202
482264,43,318,116,202
482264,44,21,10,11
482264,45,297,106,191
482264,60,297,106,191
482273,1,196,123,73
482273,2,196,123,73
482273,3,196,123,73
482273,4,15,11,4
482273,5,181,112,69
482273,20,181,112,69
482273,21,5,5,0
482273,22,5,5,0
482273,23,5,5,0
482273,24,2,2,0
482273,25,3,3,0
482273,40,3,3,0
482273,41,191,118,73
482273,42,191,118,73
482273,43,191,118,73
482273,44,13,9,4
482273,45,178,109,69
482273,60,178,109,69
482307,1,120,46,74
482307,2,120,46,74
482307,3,120,46,74
482307,4,11,6,5
482307,5,109,40,69
482307,19,40,13,27
482307,20,69,27,42
482307,21,3,3,0
482307,22,3,3,0
482307,23,3,3,0
482307,25,3,3,0
482307,40,3,3,0
482307,41,117,43,74
482307,42,117,43,74
482307,43,117,43,74
482307,44,11,6,5
482307,45,106,37,69
482307,59,40,13,27
482307,60,66,24,42
482316,1,158,54,104
482316,2,158,54,104
482316,3,158,54,104
482316,4,24,10,14
482316,5,134,44,90
482316,19,73,25,48
482316,20,61,19,42
482316,21,4,4,0
482316,22,4,4,0
482316,23,4,4,0
482316,25,4,4,0
482316,39,3,3,0
482316,40,1,1,0
482316,41,154,50,104
482316,42,154,50,104
482316,43,154,50,104
482316,44,24,10,14
482316,45,130,40,90
482316,59,70,22,48
482316,60,60,18,42
482325,1,173,35,138
482325,2,173,35,138
482325,3,173,35,138
482325,4,26,5,21
482325,5,147,30,117
482325,19,67,14,53
482325,20,80,16,64
482325,21,18,8,10
482325,22,18,8,10
482325,23,18,8,10
482325,24,2,1,1
482325,25,16,7,9
482325,39,7,3,4
482325,40,9,4,5
482325,41,155,27,128
482325,42,155,27,128
482325,43,155,27,128
482325,44,24,4,20
482325,45,131,23,108
482325,59,60,11,49
482325,60,71,12,59
482334,1,197,58,139
482334,2,197,58,139
482334,3,197,58,139
482334,4,42,14,28
482334,5,155,44,111
482334,19,78,16,62
482334,20,77,28,49
482334,21,3,1,2
482334,22,3,1,2
482334,23,3,1,2
482334,25,3,1,2
482334,39,1,0,1
482334,40,2,1,1
482334,41,194,57,137
482334,42,194,57,137
482334,43,194,57,137
482334,44,42,14,28
482334,45,152,43,109
482334,59,77,16,61
482334,60,75,27,48
482343,1,149,44,105
482343,2,149,44,105
482343,3,149,44,105
482343,4,22,9,13
482343,5,127,35,92
482343,19,33,8,25
482343,20,94,27,67
482343,21,2,1,1
482343,22,2,1,1
482343,23,2,1,1
482343,25,2,1,1
482343,39,1,1,0
482343,40,1,0,1
482343,41,147,43,104
482343,42,147,43,104
482343,43,147,43,104
482343,44,22,9,13
482343,45,125,34,91
482343,59,32,7,25
482343,60,93,27,66
482352,1,90,25,65
482352,2,90,25,65
482352,3,90,25,65
482352,4,13,7,6
482352,5,77,18,59
482352,19,28,10,18
482352,20,49,8,41
482352,21,1,0,1
482352,22,1,0,1
482352,23,1,0,1
482352,25,1,0,1
482352,40,1,0,1
482352,41,89,25,64
482352,42,89,25,64
482352,43,89,25,64
482352,44,13,7,6
482352,45,76,18,58
482352,59,28,10,18
482352,60,48,8,40
482361,1,282,63,219
482361,2,282,63,219
482361,3,281,63,218
482361,4,24,8,16
482361,5,257,55,202
482361,11,1,0,1
482361,19,73,19,54
482361,20,184,36,148
482361,21,42,10,32
482361,22,42,10,32
482361,23,42,10,32
482361,25,42,10,32
482361,39,7,3,4
482361,40,35,7,28
482361,41,240,53,187
482361,42,240,53,187
482361,43,239,53,186
482361,44,24,8,16
482361,45,215,45,170
482361,51,1,0,1
482361,59,66,16,50
482361,60,149,29,120
482370,1,198,37,161
482370,2,198,37,161
482370,3,198,37,161
482370,4,19,3,16
482370,5,179,34,145
482370,19,59,16,43
482370,20,120,18,102
482370,21,3,1,2
482370,22,3,1,2
482370,23,3,1,2
482370,25,3,1,2
482370,39,1,1,0
482370,40,2,0,2
482370,41,195,36,159
482370,42,195,36,159
482370,43,195,36,159
482370,44,19,3,16
482370,45,176,33,143
482370,59,58,15,43
482370,60,118,18,100
482389,1,46,18,28
482389,2,46,18,28
482389,3,46,18,28
482389,4,12,5,7
482389,5,34,13,21
482389,19,23,9,14
482389,20,11,4,7
482389,41,46,18,28
482389,42,46,18,28
482389,43,46,18,28
482389,44,12,5,7
482389,45,34,13,21
482389,59,23,9,14
482389,60,11,4,7
482398,1,415,181,234
482398,2,415,181,234
482398,3,415,181,234
482398,4,134,67,67
482398,5,281,114,167
482398,19,110,36,74
482398,20,171,78,93
482398,21,326,148,178
482398,22,326,148,178
482398,23,326,148,178
482398,24,104,53,51
482398,25,222,95,127
482398,39,79,28,51
482398,40,143,67,76
482398,41,89,33,56
482398,42,89,33,56
482398,43,89,33,56
482398,44,30,14,16
482398,45,59,19,40
482398,59,31,8,23
482398,60,28,11,17
482413,1,2127,1336,791
482413,2,1402,962,440
482413,3,1398,959,439
482413,4,114,72,42
482413,5,1284,887,397
482413,11,4,3,1
482413,12,725,374,351
482413,19,362,232,130
482413,20,922,655,267
482413,21,1162,770,392
482413,22,931,641,290
482413,23,931,641,290
482413,24,88,54,34
482413,25,843,587,256
482413,32,231,129,102
482413,39,269,175,94
482413,40,574,412,162
482413,41,965,566,399
482413,42,471,321,150
482413,43,467,318,149
482413,44,26,18,8
482413,45,441,300,141
482413,51,4,3,1
482413,52,494,245,249
482413,59,93,57,36
482413,60,348,243,105
482422,1,1565,1022,543
482422,2,1221,831,390
482422,3,1203,827,376
482422,4,116,91,25
482422,5,1087,736,351
482422,11,18,4,14
482422,12,344,191,153
482422,19,292,195,97
482422,20,795,541,254
482422,21,626,437,189
482422,22,592,418,174
482422,23,592,418,174
482422,24,76,59,17
482422,25,516,359,157
482422,32,34,19,15
482422,39,166,113,53
482422,40,350,246,104
482422,41,939,585,354
482422,42,629,413,216
482422,43,611,409,202
482422,44,40,32,8
482422,45,571,377,194
482422,51,18,4,14
482422,52,310,172,138
482422,59,126,82,44
482422,60,445,295,150
482431,1,9156,5503,3653
482431,2,7469,4592,2877
482431,3,7436,4577,2859
482431,4,549,327,222
482431,5,6887,4250,2637
482431,11,33,15,18
482431,12,1687,911,776
482431,19,1744,1043,701
482431,20,5143,3207,1936
482431,21,4109,2572,1537
482431,22,3714,2354,1360
482431,23,3709,2350,1359
482431,24,311,178,133
482431,25,3398,2172,1226
482431,31,5,4,1
482431,32,395,218,177
482431,39,1019,624,395
482431,40,2379,1548,831
482431,41,5047,2931,2116
482431,42,3755,2238,1517
482431,43,3727,2227,1500
482431,44,238,149,89
482431,45,3489,2078,1411
482431,51,28,11,17
482431,52,1292,693,599
482431,59,725,419,306
482431,60,2764,1659,1105
482440,1,1116,679,437
482440,2,869,552,317
482440,3,865,551,314
482440,4,25,18,7
482440,5,840,533,307
482440,11,4,1,3
482440,12,247,127,120
482440,19,262,160,102
482440,20,578,373,205
482440,21,351,217,134
482440,22,317,198,119
482440,23,317,198,119
482440,24,12,7,5
482440,25,305,191,114
482440,32,34,19,15
482440,39,119,73,46
482440,40,186,118,68
482440,41,765,462,303
482440,42,552,354,198
482440,43,548,353,195
482440,44,13,11,2
482440,45,535,342,193
482440,51,4,1,3
482440,52,213,108,105
482440,59,143,87,56
482440,60,392,255,137
482459,1,3252,1872,1380
482459,2,2390,1431,959
482459,3,2383,1428,955
482459,4,130,79,51
482459,5,2253,1349,904
482459,11,7,3,4
482459,12,862,441,421
482459,19,593,351,242
482459,20,1660,998,662
482459,21,1330,845,485
482459,22,1132,739,393
482459,23,1131,739,392
482459,24,63,41,22
482459,25,1068,698,370
482459,31,1,0,1
482459,32,198,106,92
482459,39,316,208,108
482459,40,752,490,262
482459,41,1922,1027,895
482459,42,1258,692,566
482459,43,1252,689,563
482459,44,67,38,29
482459,45,1185,651,534
482459,51,6,3,3
482459,52,664,335,329
482459,59,277,143,134
482459,60,908,508,400
482468,1,3731,1616,2115
482468,2,2729,1226,1503
482468,3,2692,1214,1478
482468,4,147,69,78
482468,5,2545,1145,1400
482468,11,37,12,25
482468,12,1002,390,612
482468,19,745,323,422
482468,20,1800,822,978
482468,21,1272,595,677
482468,22,1057,512,545
482468,23,1031,501,530
482468,24,58,28,30
482468,25,973,473,500
482468,31,26,11,15
482468,32,215,83,132
482468,39,331,153,178
482468,40,642,320,322
482468,41,2459,1021,1438
482468,42,1672,714,958
482468,43,1661,713,948
482468,44,89,41,48
482468,45,1572,672,900
482468,51,11,1,10
482468,52,787,307,480
482468,59,414,170,244
482468,60,1158,502,656
482477,1,26851,12381,14470
482477,2,20366,9822,10544
482477,3,20112,9690,10422
482477,4,1428,731,697
482477,5,18684,8959,9725
482477,11,254,132,122
482477,12,6485,2559,3926
482477,19,5627,2507,3120
482477,20,13057,6452,6605
482477,21,7571,3686,3885
482477,22,6370,3250,3120
482477,23,6269,3184,3085
482477,24,512,253,259
482477,25,5757,2931,2826
482477,31,101,66,35
482477,32,1201,436,765
482477,39,2057,1005,1052
482477,40,3700,1926,1774
482477,41,19280,8695,10585
482477,42,13996,6572,7424
482477,43,13843,6506,7337
482477,44,916,478,438
482477,45,12927,6028,6899
482477,51,153,66,87
482477,52,5284,2123,3161
482477,59,3570,1502,2068
482477,60,9357,4526,4831
482486,1,467,225,242
482486,2,263,151,112
482486,3,262,151,111
482486,4,21,16,5
482486,5,241,135,106
482486,11,1,0,1
482486,12,204,74,130
482486,19,64,32,32
482486,20,177,103,74
482486,21,127,73,54
482486,22,87,53,34
482486,23,87,53,34
482486,24,9,7,2
482486,25,78,46,32
482486,32,40,20,20
482486,39,31,17,14
482486,40,47,29,18
482486,41,340,152,188
482486,42,176,98,78
482486,43,175,98,77
482486,44,12,9,3
482486,45,163,89,74
482486,51,1,0,1
482486,52,164,54,110
482486,59,33,15,18
482486,60,130,74,56
482495,1,78,43,35
482495,2,66,38,28
482495,3,66,38,28
482495,4,8,4,4
482495,5,58,34,24
482495,12,12,5,7
482495,19,16,11,5
482495,20,42,23,19
482495,21,29,19,10
482495,22,27,17,10
482495,23,27,17,10
482495,24,3,2,1
482495,25,24,15,9
482495,32,2,2,0
482495,39,7,7,0
482495,40,17,8,9
482495,41,49,24,25
482495,42,39,21,18
482495,43,39,21,18
482495,44,5,2,3
482495,45,34,19,15
482495,52,10,3,7
482495,59,9,4,5
482495,60,25,15,10
482501,1,137,62,75
482501,2,63,32,31
482501,3,63,32,31
482501,4,1,0,1
482501,5,62,32,30
482501,12,74,30,44
482501,19,11,8,3
482501,20,51,24,27
482501,21,42,25,17
482501,22,29,22,7
482501,23,29,22,7
482501,24,1,0,1
482501,25,28,22,6
482501,32,13,3,10
482501,39,7,6,1
482501,40,21,16,5
482501,41,95,37,58
482501,42,34,10,24
482501,43,34,10,24
482501,45,34,10,24
482501,52,61,27,34
482501,59,4,2,2
482501,60,30,8,22
482510,1,304,136,168
482510,2,185,97,88
482510,3,184,97,87
482510,4,13,8,5
482510,5,171,89,82
482510,11,1,0,1
482510,12,119,39,80
482510,19,50,21,29
482510,20,121,68,53
482510,21,81,37,44
482510,22,52,29,23
482510,23,52,29,23
482510,24,6,4,2
482510,25,46,25,21
482510,32,29,8,21
482510,39,19,11,8
482510,40,27,14,13
482510,41,223,99,124
482510,42,133,68,65
482510,43,132,68,64
482510,44,7,4,3
482510,45,125,64,61
482510,51,1,0,1
482510,52,90,31,59
482510,59,31,10,21
482510,60,94,54,40
482529,1,466,250,216
482529,2,290,168,122
482529,3,284,163,121
482529,4,12,6,6
482529,5,272,157,115
482529,11,6,5,1
482529,12,176,82,94
482529,19,76,44,32
482529,20,196,113,83
482529,21,129,67,62
482529,22,91,50,41
482529,23,91,50,41
482529,24,5,3,2
482529,25,86,47,39
482529,32,38,17,21
482529,39,33,19,14
482529,40,53,28,25
482529,41,337,183,154
482529,42,199,118,81
482529,43,193,113,80
482529,44,7,3,4
482529,45,186,110,76
482529,51,6,5,1
482529,52,138,65,73
482529,59,43,25,18
482529,60,143,85,58
482538,1,1130,629,501
482538,2,812,487,325
482538,3,807,482,325
482538,4,49,35,14
482538,5,758,447,311
482538,11,5,5,0
482538,12,318,142,176
482538,19,200,109,91
482538,20,558,338,220
482538,21,404,244,160
482538,22,347,224,123
482538,23,347,224,123
482538,24,28,21,7
482538,25,319,203,116
482538,32,57,20,37
482538,39,99,57,42
482538,40,220,146,74
482538,41,726,385,341
482538,42,465,263,202
482538,43,460,258,202
482538,44,21,14,7
482538,45,439,244,195
482538,51,5,5,0
482538,52,261,122,139
482538,59,101,52,49
482538,60,338,192,146
482547,1,440,243,197
482547,2,293,167,126
482547,3,292,167,125
482547,4,18,10,8
482547,5,274,157,117
482547,11,1,0,1
482547,12,147,76,71
482547,19,81,39,42
482547,20,193,118,75
482547,21,162,90,72
482547,22,128,72,56
482547,23,128,72,56
482547,24,8,4,4
482547,25,120,68,52
482547,32,34,18,16
482547,39,40,21,19
482547,40,80,47,33
482547,41,278,153,125
482547,42,165,95,70
482547,43,164,95,69
482547,44,10,6,4
482547,45,154,89,65
482547,51,1,0,1
482547,52,113,58,55
482547,59,41,18,23
482547,60,113,71,42
482556,1,1725,1178,547
482556,2,1458,1038,420
482556,3,1452,1035,417
482556,4,170,130,40
482556,5,1282,905,377
482556,11,6,3,3
482556,12,267,140,127
482556,19,265,177,88
482556,20,1017,728,289
482556,21,790,555,235
482556,22,718,512,206
482556,23,718,512,206
482556,24,103,75,28
482556,25,615,437,178
482556,32,72,43,29
482556,39,159,109,50
482556,40,456,328,128
482556,41,935,623,312
482556,42,740,526,214
482556,43,734,523,211
482556,44,67,55,12
482556,45,667,468,199
482556,51,6,3,3
482556,52,195,97,98
482556,59,106,68,38
482556,60,561,400,161
482565,1,737,310,427
482565,2,495,222,273
482565,3,495,222,273
482565,4,25,11,14
482565,5,470,211,259
482565,12,242,88,154
482565,19,146,57,89
482565,20,324,154,170
482565,21,250,110,140
482565,22,192,96,96
482565,23,192,96,96
482565,24,13,4,9
482565,25,179,92,87
482565,32,58,14,44
482565,39,69,32,37
482565,40,110,60,50
482565,41,487,200,287
482565,42,303,126,177
482565,43,303,126,177
482565,44,12,7,5
482565,45,291,119,172
482565,52,184,74,110
482565,59,77,25,52
482565,60,214,94,120
482574,1,3578,1870,1708
482574,2,2822,1542,1280
482574,3,2762,1511,1251
482574,4,213,146,67
482574,5,2549,1365,1184
482574,11,60,31,29
482574,12,756,328,428
482574,19,737,351,386
482574,20,1812,1014,798
482574,21,1310,753,557
482574,22,1150,686,464
482574,23,1113,665,448
482574,24,118,85,33
482574,25,995,580,415
482574,31,37,21,16
482574,32,160,67,93
482574,39,343,181,162
482574,40,652,399,253
482574,41,2268,1117,1151
482574,42,1672,856,816
482574,43,1649,846,803
482574,44,95,61,34
482574,45,1554,785,769
482574,51,23,10,13
482574,52,596,261,335
482574,59,394,170,224
482574,60,1160,615,545
482583,1,184,95,89
482583,2,130,68,62
482583,3,130,68,62
482583,4,7,3,4
482583,5,123,65,58
482583,12,54,27,27
482583,19,43,19,24
482583,20,80,46,34
482583,21,80,42,38
482583,22,66,33,33
482583,23,66,33,33
482583,24,4,1,3
482583,25,62,32,30
482583,32,14,9,5
482583,39,23,11,12
482583,40,39,21,18
482583,41,104,53,51
482583,42,64,35,29
482583,43,64,35,29
482583,44,3,2,1
482583,45,61,33,28
482583,52,40,18,22
482583,59,20,8,12
482583,60,41,25,16
482592,1,149,94,55
482592,2,88,57,31
482592,3,88,57,31
482592,4,1,0,1
482592,5,87,57,30
482592,12,61,37,24
482592,19,13,8,5
482592,20,74,49,25
482592,21,67,46,21
482592,22,48,36,12
482592,23,48,36,12
482592,25,48,36,12
482592,32,19,10,9
482592,39,9,6,3
482592,40,39,30,9
482592,41,82,48,34
482592,42,40,21,19
482592,43,40,21,19
482592,44,1,0,1
482592,45,39,21,18
482592,52,42,27,15
482592,59,4,2,2
482592,60,35,19,16
482608,1,1481,830,651
482608,2,1114,658,456
482608,3,1110,657,453
482608,4,112,65,47
482608,5,998,592,406
482608,11,4,1,3
482608,12,367,172,195
482608,19,255,139,116
482608,20,743,453,290
482608,21,502,322,180
482608,22,425,278,147
482608,23,425,278,147
482608,24,59,35,24
482608,25,366,243,123
482608,32,77,44,33
482608,39,118,64,54
482608,40,248,179,69
482608,41,979,508,471
482608,42,689,380,309
482608,43,685,379,306
482608,44,53,30,23
482608,45,632,349,283
482608,51,4,1,3
482608,52,290,128,162
482608,59,137,75,62
482608,60,495,274,221
482617,1,452,198,254
482617,2,281,137,144
482617,3,281,137,144
482617,4,24,13,11
482617,5,257,124,133
482617,12,171,61,110
482617,19,79,37,42
482617,20,178,87,91
482617,21,136,70,66
482617,22,85,48,37
482617,23,85,48,37
482617,24,3,1,2
482617,25,82,47,35
482617,32,51,22,29
482617,39,39,23,16
482617,40,43,24,19
482617,41,316,128,188
482617,42,196,89,107
482617,43,196,89,107
482617,44,21,12,9
482617,45,175,77,98
482617,52,120,39,81
482617,59,40,14,26
482617,60,135,63,72
482635,1,3382,1910,1472
482635,2,2486,1472,1014
482635,3,2485,1472,1013
482635,4,120,78,42
482635,5,2365,1394,971
482635,11,1,0,1
482635,12,896,438,458
482635,19,592,349,243
482635,20,1773,1045,728
482635,21,1347,833,514
482635,22,1122,715,407
482635,23,1122,715,407
482635,24,54,38,16
482635,25,1068,677,391
482635,32,225,118,107
482635,39,339,218,121
482635,40,729,459,270
482635,41,2035,1077,958
482635,42,1364,757,607
482635,43,1363,757,606
482635,44,66,40,26
482635,45,1297,717,580
482635,51,1,0,1
482635,52,671,320,351
482635,59,253,131,122
482635,60,1044,586,458
482644,1,150,106,44
482644,2,93,70,23
482644,3,92,69,23
482644,4,1,0,1
482644,5,91,69,22
482644,11,1,1,0
482644,12,57,36,21
482644,19,15,10,5
482644,20,76,59,17
482644,21,38,30,8
482644,22,36,29,7
482644,23,36,29,7
482644,25,36,29,7
482644,32,2,1,1
482644,39,6,5,1
482644,40,30,24,6
482644,41,112,76,36
482644,42,57,41,16
482644,43,56,40,16
482644,44,1,0,1
482644,45,55,40,15
482644,51,1,1,0
482644,52,55,35,20
482644,59,9,5,4
482644,60,46,35,11
482653,1,1328,824,504
482653,2,783,501,282
482653,3,783,501,282
482653,4,28,17,11
482653,5,755,484,271
482653,12,545,323,222
482653,19,197,115,82
482653,20,558,369,189
482653,21,516,329,187
482653,22,404,270,134
482653,23,404,270,134
482653,24,20,13,7
482653,25,384,257,127
482653,32,112,59,53
482653,39,124,74,50
482653,40,260,183,77
482653,41,812,495,317
482653,42,379,231,148
482653,43,379,231,148
482653,44,8,4,4
482653,45,371,227,144
482653,52,433,264,169
482653,59,73,41,32
482653,60,298,186,112
482662,1,673,406,267
482662,2,466,310,156
482662,3,466,310,156
482662,4,21,15,6
482662,5,445,295,150
482662,12,207,96,111
482662,19,136,79,57
482662,20,309,216,93
482662,21,275,183,92
482662,22,237,161,76
482662,23,237,161,76
482662,24,9,8,1
482662,25,228,153,75
482662,32,38,22,16
482662,39,79,48,31
482662,40,149,105,44
482662,41,398,223,175
482662,42,229,149,80
482662,43,229,149,80
482662,44,12,7,5
482662,45,217,142,75
482662,52,169,74,95
482662,59,57,31,26
482662,60,160,111,49
482671,1,304,151,153
482671,2,148,74,74
482671,3,148,74,74
482671,4,6,2,4
482671,5,142,72,70
482671,12,156,77,79
482671,19,55,29,26
482671,20,87,43,44
482671,21,83,38,45
482671,22,57,29,28
482671,23,57,29,28
482671,24,3,1,2
482671,25,54,28,26
482671,32,26,9,17
482671,39,28,15,13
482671,40,26,13,13
482671,41,221,113,108
482671,42,91,45,46
482671,43,91,45,46
482671,44,3,1,2
482671,45,88,44,44
482671,52,130,68,62
482671,59,27,14,13
482671,60,61,30,31
482680,1,15455,6775,8680
482680,2,14851,6591,8260
482680,3,14502,6463,8039
482680,4,3297,1468,1829
482680,5,11205,4995,6210
482680,11,349,128,221
482680,12,604,184,420
482680,19,1136,546,590
482680,20,10069,4449,5620
482680,21,10205,4646,5559
482680,22,10022,4589,5433
482680,23,9942,4567,5375
482680,24,2799,1239,1560
482680,25,7143,3328,3815
482680,31,80,22,58
482680,32,183,57,126
482680,39,732,367,365
482680,40,6411,2961,3450
482680,41,5250,2129,3121
482680,42,4829,2002,2827
482680,43,4560,1896,2664
482680,44,498,229,269
482680,45,4062,1667,2395
482680,51,269,106,163
482680,52,421,127,294
482680,59,404,179,225
482680,60,3658,1488,2170
482699,1,2579,995,1584
482699,2,2579,995,1584
482699,3,2459,945,1514
482699,4,974,416,558
482699,5,1485,529,956
482699,11,120,50,70
482699,19,119,45,74
482699,20,1366,484,882
482699,21,1877,773,1104
482699,22,1877,773,1104
482699,23,1836,751,1085
482699,24,878,382,496
482699,25,958,369,589
482699,31,41,22,19
482699,39,84,38,46
482699,40,874,331,543
482699,41,702,222,480
482699,42,702,222,480
482699,43,623,194,429
482699,44,96,34,62
482699,45,527,160,367
482699,51,79,28,51
482699,59,35,7,28
482699,60,492,153,339
482705,1,8479,3604,4875
482705,2,3519,1685,1834
482705,3,2124,981,1143
482705,5,2124,981,1143
482705,11,1395,704,691
482705,12,4960,1919,3041
482705,20,2124,981,1143
482705,21,1727,833,894
482705,22,1072,571,501
482705,31,1072,571,501
482705,32,655,262,393
482705,41,6752,2771,3981
482705,42,2447,1114,1333
482705,43,2124,981,1143
482705,45,2124,981,1143
482705,51,323,133,190
482705,52,4305,1657,2648
482705,60,2124,981,1143
482857,1,5418,2485,2933
482857,2,5418,2485,2933
482857,3,4888,2252,2636
482857,4,2161,1164,997
482857,5,2727,1088,1639
482857,11,530,233,297
482857,19,2295,925,1370
482857,20,432,163,269
482857,21,2452,1400,1052
482857,22,2452,1400,1052
482857,23,2387,1371,1016
482857,24,1313,815,498
482857,25,1074,556,518
482857,31,65,29,36
482857,39,967,519,448
482857,40,107,37,70
482857,41,2966,1085,1881
482857,42,2966,1085,1881
482857,43,2501,881,1620
482857,44,848,349,499
482857,45,1653,532,1121
482857,51,465,204,261
482857,59,1328,406,922
482857,60,325,126,199
482954,1,308,107,201
482954,2,308,107,201
482954,3,308,107,201
482954,4,64,23,41
482954,5,244,84,160
482954,19,78,16,62
482954,20,166,68,98
482954,21,308,107,201
482954,22,308,107,201
482954,23,308,107,201
482954,24,64,23,41
482954,25,244,84,160
482954,39,78,16,62
482954,40,166,68,98
482963,1,140,32,108
482963,2,140,32,108
482963,3,140,32,108
482963,4,31,7,24
482963,5,109,25,84
482963,20,109,25,84
482963,21,140,32,108
482963,22,140,32,108
482963,23,140,32,108
482963,24,31,7,24
482963,25,109,25,84
482963,40,109,25,84
482990,1,162,33,129
482990,2,162,33,129
482990,3,162,33,129
482990,4,73,15,58
482990,5,89,18,71
482990,20,89,18,71
482990,21,162,33,129
482990,22,162,33,129
482990,23,162,33,129
482990,24,73,15,58
482990,25,89,18,71
482990,40,89,18,71
483009,1,73,15,58
483009,2,73,15,58
483009,3,73,15,58
483009,4,43,10,33
483009,5,30,5,25
483009,20,30,5,25
483009,21,73,15,58
483009,22,73,15,58
483009,23,73,15,58
483009,24,43,10,33
483009,25,30,5,25
483009,40,30,5,25
483018,1,186,68,118
483018,2,186,68,118
483018,3,185,68,117
483018,4,91,35,56
483018,5,94,33,61
483018,11,1,0,1
483018,19,7,3,4
483018,20,87,30,57
483018,21,185,68,117
483018,22,185,68,117
483018,23,185,68,117
483018,24,91,35,56
483018,25,94,33,61
483018,39,7,3,4
483018,40,87,30,57
483018,41,1,0,1
483018,42,1,0,1
483018,51,1,0,1
483036,1,2404,893,1511
483036,2,1751,681,1070
483036,3,1747,681,1066
483036,5,1747,681,1066
483036,11,4,0,4
483036,12,653,212,441
483036,19,463,172,291
483036,20,1284,509,775
483036,21,557,214,343
483036,22,419,166,253
483036,23,419,166,253
483036,25,419,166,253
483036,32,138,48,90
483036,39,103,45,58
483036,40,316,121,195
483036,41,1847,679,1168
483036,42,1332,515,817
483036,43,1328,515,813
483036,45,1328,515,813
483036,51,4,0,4
483036,52,515,164,351
483036,59,360,127,233
483036,60,968,388,580
483045,1,7796,3028,4768
483045,2,7796,3028,4768
483045,3,7146,2754,4392
483045,4,1855,892,963
483045,5,5291,1862,3429
483045,11,650,274,376
483045,19,72,29,43
483045,20,5219,1833,3386
483045,21,3191,1253,1938
483045,22,3191,1253,1938
483045,23,3182,1247,1935
483045,24,848,396,452
483045,25,2334,851,1483
483045,31,9,6,3
483045,39,25,12,13
483045,40,2309,839,1470
483045,41,4605,1775,2830
483045,42,4605,1775,2830
483045,43,3964,1507,2457
483045,44,1007,496,511
483045,45,2957,1011,1946
483045,51,641,268,373
483045,59,47,17,30
483045,60,2910,994,1916
483054,1,35,31,4
483054,2,35,31,4
483054,3,35,31,4
483054,4,14,13,1
483054,5,21,18,3
483054,20,21,18,3
483054,21,25,21,4
483054,22,25,21,4
483054,23,25,21,4
483054,24,6,5,1
483054,25,19,16,3
483054,40,19,16,3
483054,41,10,10,0
483054,42,10,10,0
483054,43,10,10,0
483054,44,8,8,0
483054,45,2,2,0
483054,60,2,2,0
483106,1,101,3,98
483106,2,101,3,98
483106,3,101,3,98
483106,4,21,0,21
483106,5,80,3,77
483106,20,80,3,77
483106,21,61,2,59
483106,22,61,2,59
483106,23,61,2,59
483106,24,16,0,16
483106,25,45,2,43
483106,40,45,2,43
483106,41,40,1,39
483106,42,40,1,39
483106,43,40,1,39
483106,44,5,0,5
483106,45,35,1,34
483106,60,35,1,34
483124,1,10268,3679,6589
483124,2,8227,3159,5068
483124,3,8227,3159,5068
483124,4,1301,613,688
483124,5,6926,2546,4380
483124,12,2041,520,1521
483124,19,2265,908,1357
483124,20,4661,1638,3023
483124,21,4632,1732,2900
483124,22,4240,1624,2616
483124,23,4240,1624,2616
483124,24,1135,524,611
483124,25,3105,1100,2005
483124,32,392,108,284
483124,39,1021,377,644
483124,40,2084,723,1361
483124,41,5636,1947,3689
483124,42,3987,1535,2452
483124,43,3987,1535,2452
483124,44,166,89,77
483124,45,3821,1446,2375
483124,52,1649,412,1237
483124,59,1244,531,713
483124,60,2577,915,1662
483212,1,3949,1519,2430
483212,2,3949,1519,2430
483212,3,3050,1091,1959
483212,4,787,335,452
483212,5,2263,756,1507
483212,11,899,428,471
483212,19,385,121,264
483212,20,1878,635,1243
483212,21,1871,762,1109
483212,22,1871,762,1109
483212,23,1818,742,1076
483212,24,605,275,330
483212,25,1213,467,746
483212,31,53,20,33
483212,39,214,72,142
483212,40,999,395,604
483212,41,2078,757,1321
483212,42,2078,757,1321
483212,43,1232,349,883
483212,44,182,60,122
483212,45,1050,289,761
483212,51,846,408,438
483212,59,171,49,122
483212,60,879,240,639
